0.000000000000000000e+00
0.000000000000000000e+00
0.000000000000000000e+00
0.000000000000000000e+00
0.000000000000000000e+00
0.000000000000000000e+00
0.000000000000000000e+00
0.000000000000000000e+00
0.000000000000000000e+00
0.000000000000000000e+00
0.000000000000000000e+00
0.000000000000000000e+00
0.000000000000000000e+00
0.000000000000000000e+00
0.000000000000000000e+00
0.000000000000000000e+00
0.000000000000000000e+00
0.000000000000000000e+00
0.000000000000000000e+00
0.000000000000000000e+00
0.000000000000000000e+00
0.000000000000000000e+00
0.000000000000000000e+00
0.000000000000000000e+00
1.426017500672139453e-04
4.581002647418055268e-02
8.806673266579754245e-01
3.067986780284208681e+00
3.599775967341591887e+00
2.369662653514180040e+00
1.192477577390529841e+00
5.764560544179945234e-01
3.173649871653652643e-01
2.504184566060781991e-01
2.494899280987623591e-01
2.767278796939096619e-01
3.384933852531161746e-01
3.857560534740122060e-01
4.131620033473152320e-01
4.346450771891634535e-01
4.684029918802478654e-01
5.280659546890024147e-01
6.284861220819385474e-01
7.707486937867047416e-01
9.475880291219422880e-01
1.126295255106059878e+00
1.284999757742985471e+00
1.392451631506526066e+00
1.457323282970727218e+00
1.488198847326804852e+00
1.515476698434503389e+00
1.510065703316226138e+00
1.457002400051149227e+00
1.382618010655060514e+00
1.267787136494650024e+00
1.144863112496065538e+00
1.035508988487921389e+00
9.516715908882583674e-01
9.062069263692021925e-01
8.721097417363141702e-01
8.673043763440696496e-01
8.642264637077998746e-01
8.772268278773329708e-01
9.012148748594107639e-01
9.383883312695815437e-01
9.646679336652955739e-01
9.953231972715771425e-01
1.015541143363114296e+00
1.034199372775621795e+00
1.045557822502305001e+00
1.044130769510780432e+00
1.048502812000654760e+00
1.045674460849076448e+00
1.057649235338411708e+00
1.054032875239450773e+00
1.060823566409194951e+00
1.060069977022922716e+00
1.044591960090880178e+00
1.028039295949030985e+00
1.007947277331592284e+00
9.843027594342026454e-01
9.500503574759243675e-01
9.123420705087714744e-01
8.896629693107501735e-01
8.645583757724468743e-01
8.515616341620220187e-01
8.633930987523223965e-01
8.870546115715182145e-01
9.183184744839824054e-01
9.660008347601298784e-01
1.002959383858485376e+00
1.036883997630455578e+00
1.041110305687568571e+00
1.038897230621257384e+00
1.021819661208582142e+00
9.963461225139839117e-01
9.746820888562260921e-01
9.624009003368828585e-01
9.598737844176393752e-01
9.754726463275132931e-01
9.958238205778635610e-01
1.015029683139772043e+00
1.041179534513512195e+00
1.055617213504655760e+00
1.060048075264966583e+00
1.057722756777435213e+00
1.040519038622018000e+00
1.000730739118768087e+00
9.712939483650643302e-01
9.298732943810839036e-01
9.039627048193793479e-01
8.793098965312443616e-01
8.673728519036240092e-01
8.824260903485801055e-01
9.112870624664638486e-01
9.620264889556487953e-01
1.033194287594421112e+00
1.135752810720034756e+00
1.258529705729166226e+00
1.403306555092912911e+00
1.371179842350966682e+00
1.188820175978635429e+00
1.037817009587732153e+00
9.450583729547051837e-01
8.887692053255101809e-01
8.557742128016257999e-01
8.522322317644132061e-01
8.691073178820764022e-01
8.885236763562802675e-01
9.213944810373396743e-01
9.555701488750637518e-01
9.836331738921615386e-01
1.009017173891076924e+00
1.029719139924617055e+00
1.041400479703699977e+00
1.057190864812391107e+00
1.063200812364046843e+00
1.063889549473983065e+00
1.053477839095306123e+00
1.047609402897735409e+00
1.045556322855889952e+00
1.048531633152883114e+00
1.049575376484598088e+00
1.047515818167747303e+00
1.040525386593483370e+00
1.043130438839781293e+00
1.040817003280546604e+00
1.030498130904509368e+00
1.019049738011926776e+00
1.013050444171025299e+00
9.934455942708544374e-01
9.780541696361229054e-01
9.671356421166070749e-01
9.628195318209713527e-01
9.654447654784820143e-01
9.670839697872599672e-01
9.795184646500015857e-01
9.865009157553285002e-01
9.920540845158747345e-01
1.000742484698629919e+00
1.003561555233761338e+00
1.007156593372694475e+00
1.012467745229421956e+00
1.014605349140771384e+00
1.014559950259768195e+00
1.012153691797182731e+00
1.010330959288639585e+00
1.007402360527454910e+00
1.002150203063896905e+00
1.005679120055967601e+00
1.000760822420242446e+00
1.002670298551619377e+00
1.003884333361836800e+00
1.000635583305630849e+00
9.981682933963502702e-01
9.957393529972743407e-01
9.950270040203040844e-01
9.955662690310539409e-01
9.942845879842423518e-01
9.944123278676965105e-01
9.957059329070169218e-01
9.949486851755843242e-01
9.955001969286565444e-01
9.946534900215285857e-01
9.998979662278655312e-01
1.006116269944770325e+00
1.007908229246747833e+00
1.009614565746916437e+00
1.009770422173494664e+00
1.011268532661875774e+00
1.004088173192592581e+00
1.005006973633825851e+00
1.000474328117850975e+00
1.002822398856864750e+00
1.001760962199841343e+00
9.996630097684336969e-01
1.004723749932178167e+00
1.006042604828438991e+00
1.006173713644201717e+00
1.008518748633030260e+00
1.007025440885935152e+00
1.009836486442739600e+00
1.005866588555306418e+00
1.002328870082700218e+00
1.002658494633431152e+00
1.000519875030262851e+00
1.000842890310678968e+00
9.969517227153079642e-01
9.959936488193459336e-01
9.892368321417435162e-01
9.881389688763944079e-01
9.811288387964234303e-01
9.798618392846966119e-01
9.825176236796765439e-01
9.838812937285120741e-01
9.901140501967301555e-01
9.933388944552650202e-01
1.001062874717396189e+00
1.005925218283818978e+00
1.002837743112742652e+00
1.002803836962067763e+00
9.998331371036172088e-01
9.945493761899779628e-01
9.949737803990686968e-01
9.947804535918958191e-01
9.967922071540692430e-01
9.965153557073737067e-01
9.991623192812559839e-01
9.951516245514688830e-01
9.945811334585308305e-01
9.961180246325439525e-01
9.968692748940810588e-01
9.909509407609027321e-01
9.901986444864068204e-01
9.889031432919921372e-01
9.863142466570631317e-01
9.883621397743765913e-01
9.920177150215048201e-01
9.964608002781305540e-01
1.003726456892897190e+00
1.010465565599426352e+00
1.014413794505896638e+00
1.019018211890192926e+00
1.020890918433595473e+00
1.021719434254721781e+00
1.021859996377780577e+00
1.022215437937229465e+00
1.019000182786562014e+00
1.013288684000240414e+00
1.012681552210136227e+00
1.008963085877381483e+00
1.004088710799034834e+00
1.004418581418615508e+00
1.007075283538046095e+00
1.006662946235897582e+00
1.006682564765789323e+00
1.002654491103448287e+00
1.001962446592690181e+00
9.888624826851803995e-01
9.797481448697179518e-01
9.721005020914191830e-01
9.612759781860255037e-01
9.474943171911606177e-01
9.358048955545913428e-01
9.234364038156416266e-01
9.097262640257778310e-01
8.927553726975084869e-01
8.784517695490809963e-01
8.689126596348699660e-01
8.560064745024867916e-01
8.471233234870917395e-01
8.396053635411248051e-01
8.296176540504834884e-01
8.192646150828082341e-01
8.081107816978956304e-01
7.982023591776433724e-01
7.897349598937499771e-01
7.808406008745282234e-01
7.727476470471557057e-01
7.597959536752005860e-01
