0.000000000000000000e+00
0.000000000000000000e+00
0.000000000000000000e+00
0.000000000000000000e+00
0.000000000000000000e+00
0.000000000000000000e+00
0.000000000000000000e+00
0.000000000000000000e+00
0.000000000000000000e+00
0.000000000000000000e+00
0.000000000000000000e+00
0.000000000000000000e+00
0.000000000000000000e+00
0.000000000000000000e+00
0.000000000000000000e+00
0.000000000000000000e+00
0.000000000000000000e+00
0.000000000000000000e+00
0.000000000000000000e+00
0.000000000000000000e+00
0.000000000000000000e+00
0.000000000000000000e+00
0.000000000000000000e+00
0.000000000000000000e+00
1.427424213673409857e-04
4.374693054485749577e-02
8.495689508521183653e-01
3.033057527821372723e+00
3.580119214506808589e+00
2.333994671168742485e+00
1.171547504165371345e+00
5.539678979381107427e-01
2.995064816845980360e-01
2.270725411419057538e-01
2.528316444412279096e-01
2.899874015509690262e-01
3.579940644264318350e-01
3.759606666142509268e-01
3.905613684647448181e-01
3.955865762993440726e-01
4.509985527167908459e-01
5.196311456585431809e-01
6.214207681234414915e-01
7.442478462225163849e-01
8.988032325251783528e-01
1.071487149339460876e+00
1.206096093149448878e+00
1.329602931422416034e+00
1.441129266106689899e+00
1.539152266214566245e+00
1.567473540213357053e+00
1.570163029256326226e+00
1.522981486870845114e+00
1.404579375452098988e+00
1.258449944966787859e+00
1.117227214743476749e+00
1.008613358730511944e+00
9.417508024669395406e-01
9.162151924023096417e-01
8.913172781188386518e-01
8.929992918737063023e-01
8.909296345383480586e-01
8.794303332436023135e-01
8.765383644707721578e-01
8.909507658581917733e-01
9.082556098542153844e-01
9.413509249171461146e-01
9.753358031070161749e-01
1.006785092885968069e+00
1.035678754428558834e+00
1.061194805071688174e+00
1.065276657650821468e+00
1.056764816938920326e+00
1.058882913519880065e+00
1.061186585848443942e+00
1.058698069098635175e+00
1.051524831786799119e+00
1.037247615981210291e+00
1.026522537353342646e+00
1.007911148173100679e+00
9.878523302470260115e-01
9.680556276873706345e-01
9.421113688203445191e-01
9.227046660018185520e-01
9.124321871948499751e-01
8.972155570449480422e-01
9.053027882329675036e-01
9.242491180583304322e-01
9.622988142752890717e-01
9.953029581754230248e-01
1.024434740332757388e+00
1.046524936415231144e+00
1.055337300884376939e+00
1.040480782383998770e+00
1.023412987437193111e+00
9.854714526870007596e-01
9.642145666563535222e-01
9.471425438771958749e-01
9.566606937196105998e-01
9.681601882132010450e-01
9.900782098179754520e-01
1.009834190369517160e+00
1.027818867912010159e+00
1.020844894670618341e+00
1.006564220518618269e+00
9.847012645258101937e-01
9.715545589677468952e-01
9.541491311247864981e-01
9.376031562216988746e-01
9.250516644724013915e-01
9.089670221427289531e-01
8.945280197962175439e-01
8.867262073793429344e-01
8.882123845174962895e-01
9.142907007794006669e-01
9.565711578403933713e-01
1.025664606434007142e+00
1.131851894049706653e+00
1.257092210328509152e+00
1.424307390371008175e+00
1.396888316191182922e+00
1.214030759312755503e+00
1.074885187103873374e+00
9.871338563906669750e-01
9.264876265329194949e-01
8.919014219123894138e-01
8.736898066176951305e-01
8.809870797679494325e-01
8.979786434991170463e-01
9.206631567772495250e-01
9.510482609386182729e-01
9.831961148949753815e-01
1.011032667438402033e+00
1.031523461347086723e+00
1.044559410604571692e+00
1.049911962793661058e+00
1.049380544397311432e+00
1.041696355676964059e+00
1.032663076079003206e+00
1.029505340979812944e+00
1.022234645026829369e+00
1.023133477944422554e+00
1.025218912434805674e+00
1.032677555702246508e+00
1.031985385765424867e+00
1.029360732985507898e+00
1.026922945127100695e+00
1.023952254489009173e+00
1.010530665895009728e+00
1.002167957302537937e+00
9.909449541253425586e-01
9.801614411708862162e-01
9.715164731872656390e-01
9.683299464737631368e-01
9.651514319473379899e-01
9.661242481783429703e-01
9.722591154763668975e-01
9.808794557976252548e-01
9.976137221572510816e-01
1.006842899932016477e+00
1.015529145811186362e+00
1.016485383270412379e+00
1.017458065611982265e+00
1.016612776245983785e+00
1.013255389206796586e+00
1.011553435785882638e+00
1.014604199272472584e+00
1.007617273605039721e+00
1.006295797967320826e+00
9.995187481020236797e-01
1.000875491832077913e+00
1.000093263008210442e+00
1.005709777020248552e+00
1.002206251346162924e+00
1.002257001069782216e+00
1.001253834788812025e+00
9.997853739193288680e-01
1.005387925441897146e+00
1.003462940493971001e+00
1.010467862277668161e+00
1.015699298662012584e+00
1.020673771472355496e+00
1.021212695551496186e+00
1.016263713173459093e+00
1.011175447234266667e+00
1.003348370037975279e+00
9.936743990883138977e-01
9.891898950077591124e-01
9.888852441221724909e-01
9.941516646219692444e-01
9.941622934811354950e-01
9.976562793433570997e-01
9.990932514118980867e-01
9.989207642651767305e-01
9.966920339554563579e-01
9.997590343468951701e-01
1.001083156407816199e+00
1.005738856980012086e+00
1.012872997510655404e+00
1.013890812656604856e+00
1.016816152709321130e+00
1.016315847177923670e+00
1.014883482920695190e+00
1.007180945201390454e+00
1.003510291708480162e+00
9.977569221204826144e-01
9.940149411888129505e-01
9.942472379494914358e-01
9.959905550951428932e-01
9.951581957982403859e-01
9.949271212956681820e-01
9.887575204462969447e-01
9.880282984159753923e-01
9.866921750452932738e-01
9.858892537009159573e-01
9.856676337203075233e-01
9.877298738817736901e-01
9.890351212309719253e-01
9.882415218012998714e-01
9.901567664070212160e-01
9.882901704656962272e-01
9.890210472036210509e-01
9.915423510639813642e-01
9.960564991408108471e-01
9.955968433595515643e-01
9.956925969738941173e-01
9.948024302860624113e-01
9.930731435016726394e-01
9.909453409646944433e-01
9.935122688429696147e-01
9.928861934865633732e-01
9.966885922423091015e-01
9.994695314477184400e-01
1.002078357285479893e+00
1.004470852483727583e+00
1.001286022712578827e+00
1.001668866317774409e+00
1.002924337083012318e+00
1.004308875992969030e+00
1.007147239825425311e+00
1.006558439505417457e+00
1.009081790662466060e+00
1.011001863278484070e+00
1.008436806771684457e+00
1.011243831773080970e+00
1.009582619450685614e+00
1.008618762985299622e+00
1.006585498137651635e+00
1.007571840684662101e+00
1.009059320343397292e+00
1.011009916736154146e+00
1.007093765549528008e+00
1.009067963878623742e+00
1.001670651514708021e+00
1.003143129487706231e+00
1.004683992272279447e+00
1.006314953654702693e+00
1.008624396933896383e+00
1.002109254694693696e+00
9.912626850579837612e-01
9.824267845282119715e-01
9.712356124624318410e-01
9.549704062497218482e-01
9.376425705723550053e-01
9.271216932015611256e-01
9.115451534048597537e-01
8.990330060095256259e-01
8.841085711461322827e-01
8.695938883301554956e-01
8.581534493665747831e-01
8.442511355099975301e-01
8.345907110854783317e-01
8.197821605845754256e-01
8.094737620725959149e-01
7.947012820568761793e-01
7.899993656095289918e-01
7.814641094007888089e-01
7.755549860911797877e-01
7.695093517361054625e-01
7.635971409414807898e-01
