0.000000000000000000e+00
0.000000000000000000e+00
0.000000000000000000e+00
0.000000000000000000e+00
0.000000000000000000e+00
0.000000000000000000e+00
0.000000000000000000e+00
0.000000000000000000e+00
0.000000000000000000e+00
0.000000000000000000e+00
0.000000000000000000e+00
0.000000000000000000e+00
0.000000000000000000e+00
0.000000000000000000e+00
0.000000000000000000e+00
0.000000000000000000e+00
0.000000000000000000e+00
0.000000000000000000e+00
0.000000000000000000e+00
0.000000000000000000e+00
1.097478034937831468e-05
3.530142941367160614e-02
9.620930289478406561e-01
3.082073753977889297e+00
3.051170481078390839e+00
1.688268664317187362e+00
7.668176797850116966e-01
3.488953919658159819e-01
1.815393854417138297e-01
2.374236063321461254e-01
8.756528174990592106e-01
1.708845762703383286e+00
1.796274624995676472e+00
1.374248393401301671e+00
9.746771608430043754e-01
7.639046977202489375e-01
7.046149595134567623e-01
7.245454884035785748e-01
7.789131350945555088e-01
8.468105044726879083e-01
9.205611791217278572e-01
9.880924905281812665e-01
1.047399233249070249e+00
1.092655511146397362e+00
1.120029287368865534e+00
1.138390459361347196e+00
1.136331066697144676e+00
1.125834808271980902e+00
1.107131919525959907e+00
1.081347604060500345e+00
1.056699010171554542e+00
1.036644111624729137e+00
1.013078164930344860e+00
9.898854242245020973e-01
9.711417653498135572e-01
9.572274202776089869e-01
9.499250376094202641e-01
9.507106288137796568e-01
9.527924570006024441e-01
9.571445260871052074e-01
9.589690850214872553e-01
9.664985134572593450e-01
9.720740550071576003e-01
9.756148396417781976e-01
9.813079150227529412e-01
9.845313639286233931e-01
9.870612140620007580e-01
9.886354938567747386e-01
9.874671353120100248e-01
9.911113900325200232e-01
9.942718033319035698e-01
9.992601187166294530e-01
1.005589881459626467e+00
1.011130728259072464e+00
1.016819927159493320e+00
1.023464573196512406e+00
1.027936248302775191e+00
1.032087435264260389e+00
1.032107580661385526e+00
1.031270965285715047e+00
1.028787515296869959e+00
1.024188854362381829e+00
1.016542942707084674e+00
1.008244162640753894e+00
1.000810926177531091e+00
9.938053611152740663e-01
9.893278728581911263e-01
9.857119268606303608e-01
9.852540712073531992e-01
9.862238322073051400e-01
9.872573301196094775e-01
9.885502734810807102e-01
9.931626138938428605e-01
9.970449079426536576e-01
1.001012422596300411e+00
1.005460906237299890e+00
1.006152347594933438e+00
1.004876498790558514e+00
1.001335655369385513e+00
9.998497899085941887e-01
1.002121261239721006e+00
1.004715388051137914e+00
1.009235776813039331e+00
1.009847188192737999e+00
1.009381958224714104e+00
1.006547903518322906e+00
1.003852483731603629e+00
1.001149755307557898e+00
9.994211357108222504e-01
9.989876510589392744e-01
9.994646822482931015e-01
9.971699311277301137e-01
9.925073051264894364e-01
9.858305996793150783e-01
9.808817927131061598e-01
9.757601111044987841e-01
9.784116205696372637e-01
9.901660672362476712e-01
1.017425959729735485e+00
1.065842111737742792e+00
1.062262096717224269e+00
1.009322113724955949e+00
9.821271734861667380e-01
9.716268134585905880e-01
9.697423455444549312e-01
9.749076658531288242e-01
9.815386406373353134e-01
9.893600638508265321e-01
9.943250198696677034e-01
9.984696258667383750e-01
9.992084623082088113e-01
9.991705162082757941e-01
1.000210438723271533e+00
1.001519778677324668e+00
1.002853910711295260e+00
1.002349788929006724e+00
1.000939425985054143e+00
1.000147341424048708e+00
1.000419120411953466e+00
1.002330483983635778e+00
1.005550085019704332e+00
1.008203788603999174e+00
1.009239173600882111e+00
1.006780654250954754e+00
1.003260223316776667e+00
9.976902314267156457e-01
9.942034549093221596e-01
9.925766104737696605e-01
9.910277377994740622e-01
9.936433136596453108e-01
9.950874411597766533e-01
9.956177160444907859e-01
9.952918186107796439e-01
9.945220034596805592e-01
9.948265493066439369e-01
9.962673460680009363e-01
9.992553782753601510e-01
1.002805631501550554e+00
1.005349877905627132e+00
1.006997899127919593e+00
1.007598590443077313e+00
1.007493509777890317e+00
1.005808992835161897e+00
1.003294659954274026e+00
1.001788417977550916e+00
1.000079318315096000e+00
9.988414172535621249e-01
9.989055162542261890e-01
9.979570035331092326e-01
9.976767463964777427e-01
9.969825790939748078e-01
9.960811278447152528e-01
9.954077539930205054e-01
9.959113348922415954e-01
9.965489071019369982e-01
9.963329926240958034e-01
9.960960352262391293e-01
9.975673856319060562e-01
9.978392308246930575e-01
9.981260103536244710e-01
9.992568994873998189e-01
9.984981301821086452e-01
9.987286288959853486e-01
9.982376272994055721e-01
9.985528659871227841e-01
9.988030376499577034e-01
9.986840731826142070e-01
9.990764904549980230e-01
1.000086242832457950e+00
1.000739435710574776e+00
1.001235869467811845e+00
1.002112936914431707e+00
1.003308058019673821e+00
1.003308036840754758e+00
1.003834192993562580e+00
1.003935744333112279e+00
1.003633784634576420e+00
1.003409326410193314e+00
1.001720647132962938e+00
1.000088107473589005e+00
9.995607228820355683e-01
9.979847017670431253e-01
9.972127698771118265e-01
9.963697911280162689e-01
9.971863524958763936e-01
9.959439137299356259e-01
9.971725969514882992e-01
9.968380687629883052e-01
9.975196986573704461e-01
9.980575764348086354e-01
9.987765587651759036e-01
9.986634945469977653e-01
9.997983643109868979e-01
1.001160578989242378e+00
1.001385303037316765e+00
1.003236910985970676e+00
1.003518959094853003e+00
1.003645663743270244e+00
1.003714101321804497e+00
1.003586726451350275e+00
1.002350414640833742e+00
1.001485199831714912e+00
1.001131362378892886e+00
9.999533276043494068e-01
9.987230089350830342e-01
9.980356860180387146e-01
9.979838846453815693e-01
9.977635818340314655e-01
9.977896819575235998e-01
9.984887087916970438e-01
1.000118070311752261e+00
9.999668212883433549e-01
1.000826899345903076e+00
1.001187252584443632e+00
1.001841213991481627e+00
1.001360104894179148e+00
1.002553511203079006e+00
1.001050589604104646e+00
1.000709686393952857e+00
9.991694928198417980e-01
9.985651993241616564e-01
9.990715004723106363e-01
9.983259620565658743e-01
9.985107761294097495e-01
1.000122489911038137e+00
9.999142992840469590e-01
1.000515930625095917e+00
1.001046067368538406e+00
1.001635609480698630e+00
1.001552922778171650e+00
1.001192767267930606e+00
1.000848449546771990e+00
9.997868202021163997e-01
9.997143135904700273e-01
9.997996710565706380e-01
9.996483485813650871e-01
9.995379123100873731e-01
9.977249241125475399e-01
9.869326656820965882e-01
9.758811311460613425e-01
9.639136257332059365e-01
9.533304864346804353e-01
9.415849064631479637e-01
9.298563508300956570e-01
9.187987581712456775e-01
9.080452571106056858e-01
8.967579739215502110e-01
8.852889246877987395e-01
8.748540816721023239e-01
8.640999594539480189e-01
8.540940265705196932e-01
8.436861675950945161e-01
8.342558484915764128e-01
8.236785616948610889e-01
8.143911107885865031e-01
8.043029418000721131e-01
7.939184005240258468e-01
7.840949613496918102e-01
7.739762721911944698e-01
7.644449600912097686e-01
