0.000000000000000000e+00
0.000000000000000000e+00
0.000000000000000000e+00
0.000000000000000000e+00
0.000000000000000000e+00
0.000000000000000000e+00
0.000000000000000000e+00
0.000000000000000000e+00
0.000000000000000000e+00
0.000000000000000000e+00
0.000000000000000000e+00
0.000000000000000000e+00
0.000000000000000000e+00
0.000000000000000000e+00
0.000000000000000000e+00
0.000000000000000000e+00
0.000000000000000000e+00
0.000000000000000000e+00
0.000000000000000000e+00
0.000000000000000000e+00
2.206727010311204055e-05
3.393588960738349453e-02
9.377402751926516844e-01
3.025743465656590470e+00
2.992195132160289095e+00
1.680199824885622251e+00
7.667367361874724008e-01
3.577936455781863812e-01
1.900890900580242959e-01
2.386595418847726746e-01
8.700145885415659919e-01
1.690379293531597327e+00
1.777773386634806885e+00
1.357535131620485114e+00
9.609138911384991211e-01
7.568955984387463198e-01
7.022114216819217436e-01
7.195665412437628472e-01
7.742891433324478045e-01
8.477373773371591481e-01
9.218421233511787660e-01
9.942072581767158468e-01
1.053357625469746761e+00
1.101894826681634632e+00
1.135035735648249000e+00
1.148814291761264261e+00
1.147505961276347630e+00
1.132651367621170468e+00
1.107674928149410709e+00
1.082549144763747861e+00
1.061154666673773450e+00
1.041505664837880873e+00
1.024127538600528187e+00
1.003893231858633550e+00
9.812633767444031152e-01
9.666051018497965330e-01
9.547678885752481914e-01
9.476032119837958234e-01
9.439072952867053612e-01
9.426524523217509888e-01
9.410325576773672651e-01
9.465511092424909734e-01
9.517563374967547007e-01
9.608720655972792235e-01
9.711531618917056408e-01
9.789028690518637443e-01
9.855724550551552277e-01
9.924430225865836785e-01
9.984092578855270350e-01
1.006390796311152469e+00
1.012159564395485933e+00
1.016846747569141396e+00
1.022465184034526464e+00
1.024891575111619657e+00
1.027914755912897826e+00
1.030738173310736139e+00
1.031248885644823199e+00
1.034773763694822657e+00
1.033281892280444980e+00
1.032364884126711013e+00
1.028884104166692737e+00
1.022193592443994881e+00
1.014490172331531603e+00
1.004956626225000926e+00
9.961532727733689585e-01
9.891795815549786486e-01
9.856203575665367644e-01
9.823055501536509526e-01
9.807580013381600459e-01
9.826201580659863488e-01
9.836394540480573045e-01
9.867300890671422131e-01
9.909788191167039351e-01
9.963186233984645535e-01
1.000364117521354013e+00
1.005277581755662730e+00
1.008255101035959500e+00
1.006636147048241892e+00
1.005332220246069497e+00
1.001417267293097879e+00
1.004160842159688816e+00
1.005553976767373570e+00
1.007243932668046682e+00
1.006930775603984918e+00
1.007204855001216703e+00
1.004015040634278932e+00
1.000926744459963880e+00
9.996436057046376167e-01
9.967278590176791297e-01
9.975880175464351129e-01
9.960338363063436784e-01
9.935095886990829017e-01
9.884603060958389031e-01
9.828363217762920989e-01
9.791129404799849834e-01
9.754728102747642904e-01
9.758747542263292996e-01
9.890825138295792351e-01
1.015604895959170806e+00
1.066821501262590788e+00
1.063407573084623969e+00
1.011463116602316692e+00
9.834823211338055149e-01
9.719503363648980265e-01
9.707658782532879727e-01
9.741601036225621124e-01
9.813180863116763852e-01
9.887296532211666822e-01
9.937893913458601958e-01
9.959378179609272852e-01
9.957729850028195218e-01
9.959171551919996368e-01
9.968908550551285330e-01
9.993995738450698330e-01
1.000932593644172641e+00
1.002507424706277961e+00
1.003563184535082087e+00
1.003533701590372251e+00
1.004314583429702035e+00
1.005406860660990054e+00
1.006822653813167490e+00
1.008256110325140842e+00
1.009749236851404941e+00
1.006903061010717915e+00
1.000684544923828634e+00
9.952926857776217551e-01
9.921653284711501319e-01
9.898393403798494417e-01
9.889792155270930030e-01
9.911774389756844439e-01
9.922079615929445540e-01
9.934634518459984909e-01
9.933360624202570710e-01
9.945680667792665686e-01
9.969759234634341105e-01
1.000078522937405623e+00
1.003766733263959265e+00
1.006981430800762523e+00
1.008964245765657797e+00
1.010751239975901994e+00
1.010681929585546035e+00
1.010680677421057716e+00
1.007699179005959289e+00
1.006617454098362119e+00
1.004307299781376006e+00
1.001546520732453205e+00
1.000075446070804341e+00
9.981737528034944074e-01
9.965643326943529612e-01
9.956524535303336032e-01
9.947632197062494797e-01
9.939797566025901920e-01
9.926025070833778274e-01
9.932453741053481888e-01
9.938968428069223648e-01
9.933920870951820081e-01
9.942534106465372723e-01
9.953203938754473512e-01
9.974433152700810101e-01
9.983496583476069164e-01
9.997263477233701012e-01
9.996569668095047767e-01
1.001387738191320542e+00
1.003098501876995563e+00
1.003727167902578321e+00
1.005383407881524027e+00
1.005454454313329915e+00
1.006301184724756714e+00
1.006319628080902806e+00
1.005451981018417928e+00
1.004526341878138274e+00
1.005338332630650200e+00
1.004405323479182321e+00
1.003361425965051179e+00
1.001805391742200735e+00
1.001362203763884517e+00
1.000196890650555614e+00
9.990562097974775568e-01
9.979046379476906869e-01
9.960252184177182944e-01
9.950668749707280991e-01
9.942183717217144556e-01
9.937521133173160548e-01
9.939247505363647539e-01
9.944771125877431839e-01
9.948907390925708638e-01
9.955365317922336699e-01
9.966539720437644911e-01
9.977394308550326940e-01
9.992588198374168229e-01
1.000031575448221632e+00
1.000583126989703642e+00
1.001145965800549487e+00
1.001806695356274535e+00
1.001959630454472450e+00
1.002385061901926999e+00
1.003505056903171377e+00
1.002911854433592209e+00
1.003119084304790132e+00
1.002178360910790600e+00
1.001685285985788099e+00
1.000571327399512711e+00
1.000207315884380277e+00
9.988641211965501032e-01
9.987825271185517551e-01
9.980730856019778274e-01
9.988439287901291763e-01
9.989827344853808855e-01
9.992244861906507403e-01
9.992117152095769672e-01
9.992514611034708505e-01
1.000170195202838119e+00
1.000115855198389747e+00
1.000853243372259005e+00
1.001041662869470050e+00
1.000800774787125702e+00
1.001088435380306896e+00
9.999736971626372872e-01
9.994540798205284737e-01
9.983965322271164400e-01
9.977348397765002375e-01
9.970966050219262078e-01
9.969267499380917164e-01
9.975541538012074883e-01
9.977070001862052839e-01
9.984939548224912587e-01
9.991344977468296085e-01
1.000093630955466661e+00
1.000840070208479649e+00
1.001519488381523049e+00
1.002727569388383477e+00
1.002752638019458020e+00
1.002401491613599038e+00
1.002735323709178505e+00
1.002727075156020442e+00
1.002048692553356934e+00
1.001195939782282274e+00
1.000502584690533991e+00
9.932972721074661004e-01
9.811740844287863972e-01
9.687374879774182101e-01
9.568448511406365542e-01
9.442124959340547630e-01
9.319574573206744761e-01
9.204993945316296555e-01
9.101965283227893000e-01
8.998494351172976469e-01
8.907668002351060155e-01
8.808912380775975048e-01
8.710942213060043349e-01
8.618195205778262924e-01
8.516919172889105827e-01
8.422407962916695912e-01
8.315070673844610072e-01
8.214413624526902824e-01
8.116987636971116915e-01
8.015071352274192318e-01
7.910862739229087559e-01
7.812994712918300833e-01
7.705459210015630500e-01
