0.000000000000000000e+00
0.000000000000000000e+00
0.000000000000000000e+00
0.000000000000000000e+00
0.000000000000000000e+00
0.000000000000000000e+00
0.000000000000000000e+00
0.000000000000000000e+00
0.000000000000000000e+00
0.000000000000000000e+00
0.000000000000000000e+00
0.000000000000000000e+00
0.000000000000000000e+00
0.000000000000000000e+00
0.000000000000000000e+00
0.000000000000000000e+00
0.000000000000000000e+00
0.000000000000000000e+00
0.000000000000000000e+00
0.000000000000000000e+00
2.201526656867034082e-05
3.285515050568672130e-02
9.331179720953978185e-01
3.033389985720170934e+00
3.025768280821237166e+00
1.690704305264577378e+00
7.759974595745691150e-01
3.576295156071456760e-01
1.881773112978084306e-01
2.367627500782839012e-01
8.710776382052366484e-01
1.695320019000064349e+00
1.781060779987062137e+00
1.350959607898966741e+00
9.546690793191142665e-01
7.560553909897320679e-01
7.050989677683534573e-01
7.305209723943529854e-01
7.910052554733975061e-01
8.602755664255696821e-01
9.337224061058306823e-01
9.984379373762960475e-01
1.050204186073833146e+00
1.092266108366745536e+00
1.121019975042977901e+00
1.134698119697531205e+00
1.136610756104138975e+00
1.130111360242863405e+00
1.109582629558635958e+00
1.083621596788815644e+00
1.059963828444285605e+00
1.044113669123352572e+00
1.022996565130376068e+00
9.991124601302237007e-01
9.820336197201003925e-01
9.677579358416583677e-01
9.564123507129315138e-01
9.533592599429603354e-01
9.528595870579271709e-01
9.521696160470907166e-01
9.519345910362588814e-01
9.569080875640176842e-01
9.623422666177524620e-01
9.687935400355631721e-01
9.750269214070832469e-01
9.795800438798336618e-01
9.851184697953976332e-01
9.905591761024328257e-01
9.961343133669642302e-01
1.004337160471479917e+00
1.006957419614377569e+00
1.009556894645259106e+00
1.012317394281487148e+00
1.016655831566736001e+00
1.023706764571072458e+00
1.029482841348958289e+00
1.033785224759277810e+00
1.035423488892562194e+00
1.035073300889349568e+00
1.032295117923592631e+00
1.028480742769079415e+00
1.020254887320247494e+00
1.013847852792131743e+00
1.002839860578548237e+00
9.954030457482516692e-01
9.887890303578861229e-01
9.861557747239512173e-01
9.847956056865050378e-01
9.856567414140827710e-01
9.877649776284966876e-01
9.862751929752989755e-01
9.875719418664929972e-01
9.917614772238999565e-01
9.961485692276997872e-01
1.000005009962215086e+00
1.002997840767526849e+00
1.003812141012454751e+00
1.004172901458481260e+00
1.002302103725549065e+00
1.001353871447755894e+00
1.003741333737743213e+00
1.006599325327451444e+00
1.009670071813728587e+00
1.011154571518928957e+00
1.008366160495642427e+00
1.005092643171958677e+00
1.001447545404939854e+00
9.981999102571732507e-01
9.957423985231235175e-01
9.949368928237271037e-01
9.951352453789212849e-01
9.920008251086163131e-01
9.891469265437091707e-01
9.850614527014072141e-01
9.818007756925600793e-01
9.782988321978036694e-01
9.810118571720023439e-01
9.928915126111045319e-01
1.020115104523396710e+00
1.070844205775077107e+00
1.066448899209682999e+00
1.010484906452229215e+00
9.810172744926063393e-01
9.685647343544557808e-01
9.659215132355766231e-01
9.705921161908558359e-01
9.765021679839447355e-01
9.850143768046799586e-01
9.916816892602747791e-01
9.951145756813215559e-01
9.953860144327578707e-01
9.969733830910518790e-01
9.989106316586271461e-01
1.000564723842140236e+00
1.002903139877048710e+00
1.005674645617407270e+00
1.006507386035186746e+00
1.005867770749783396e+00
1.005556010492937524e+00
1.005598195343436307e+00
1.008618555117564597e+00
1.010513793585733344e+00
1.010473950845211411e+00
1.006798664426314716e+00
1.002653552044839413e+00
9.971148067767768852e-01
9.911715646447796235e-01
9.888607506541419179e-01
9.873871390077787469e-01
9.879326319714158977e-01
9.899336708219979020e-01
9.903205560389904960e-01
9.913598529322015240e-01
9.921675262378577553e-01
9.942593377391962806e-01
9.968396292182770679e-01
1.000788248691604432e+00
1.005054542863772493e+00
1.008286269358803500e+00
1.010639979950069600e+00
1.012969189681233395e+00
1.012163288638241676e+00
1.011415911292082637e+00
1.008265953980205465e+00
1.005491375981475421e+00
1.002438234282301277e+00
1.000553818260199401e+00
9.975065540411394149e-01
9.967846100585586733e-01
9.951041746280159250e-01
9.943819071081968497e-01
9.933437019864069795e-01
9.934049114360609112e-01
9.945636451991847204e-01
9.954753552307665787e-01
9.956830006995648352e-01
9.970002859309902155e-01
9.988462563535928096e-01
9.993052787383943647e-01
9.999317699726625319e-01
1.000993329754829242e+00
1.000820253423901907e+00
1.000814650011278450e+00
1.000456218533604780e+00
1.000529670718032893e+00
1.001364687353365479e+00
1.002118192839057675e+00
1.002546669620565156e+00
1.004094897437968870e+00
1.003752665778069098e+00
1.003885380848887676e+00
1.003082712372963758e+00
1.002845699232738585e+00
1.002585325319087506e+00
1.000954290731630891e+00
1.000227750977576768e+00
1.000129287298566538e+00
9.994763309074436997e-01
9.988087497586949359e-01
9.973219184839041684e-01
9.962018198655945289e-01
9.956109936189663223e-01
9.946754125404472235e-01
9.947081503829090510e-01
9.951468452419197641e-01
9.955848040987519409e-01
9.966253787979060252e-01
9.967862173996713260e-01
9.980124764935588422e-01
9.990662244750225796e-01
9.998393230100237616e-01
1.000257963634428204e+00
1.000480292941426486e+00
1.000817800090881171e+00
1.000977925971190174e+00
1.002205755081339467e+00
1.002796104324814586e+00
1.003743451853755353e+00
1.003581236401771770e+00
1.003574577829956294e+00
1.003220331327742798e+00
1.002503938175404397e+00
1.001371164813312120e+00
1.001084161782080040e+00
1.000338488686852934e+00
9.991736534132699132e-01
9.980792717198262443e-01
9.971004687859048587e-01
9.971658789678472523e-01
9.976999513642689221e-01
9.980567853207485962e-01
9.984395607918358229e-01
9.987208060581941327e-01
9.990339395500470454e-01
1.000222627506991868e+00
1.000527464603804706e+00
1.000936900626377302e+00
1.000998098841263895e+00
1.000110269041109889e+00
9.983327835766127034e-01
9.985310275449381656e-01
9.977476992022330515e-01
9.981195692884007320e-01
9.988444379586836064e-01
9.996890142262110368e-01
1.000365033755662214e+00
1.000604814785795993e+00
1.001348278879606424e+00
1.001737647397209052e+00
1.001450071871297753e+00
1.001652695130845094e+00
1.001396096803770952e+00
1.001088112993909540e+00
1.001250828041307050e+00
1.000878818684094673e+00
1.000696774756900664e+00
1.000330734998186477e+00
9.998343992777014577e-01
9.914137470308295175e-01
9.792460779702162332e-01
9.672189617693158770e-01
9.548478859613825920e-01
9.432721026349861759e-01
9.310644661615632423e-01
9.197174160779384433e-01
9.081938056871421416e-01
8.973927005585048411e-01
8.871023233181214440e-01
8.774673039571636579e-01
8.681382066895809713e-01
8.586333367612796197e-01
8.487746092824550725e-01
8.382827617198659320e-01
8.289941930873376830e-01
8.189660580424851233e-01
8.090954289793312881e-01
7.997921837766848174e-01
7.890030596171129229e-01
7.788406737442069572e-01
7.682731187947319240e-01
