0.000000000000000000e+00
0.000000000000000000e+00
0.000000000000000000e+00
0.000000000000000000e+00
0.000000000000000000e+00
0.000000000000000000e+00
0.000000000000000000e+00
0.000000000000000000e+00
0.000000000000000000e+00
0.000000000000000000e+00
0.000000000000000000e+00
0.000000000000000000e+00
0.000000000000000000e+00
0.000000000000000000e+00
0.000000000000000000e+00
0.000000000000000000e+00
0.000000000000000000e+00
0.000000000000000000e+00
0.000000000000000000e+00
0.000000000000000000e+00
0.000000000000000000e+00
3.609710753380750842e-02
1.044742041312994862e+00
3.394313306183583734e+00
3.341703124419051374e+00
1.843050811191726535e+00
8.226305112875734737e-01
3.666751572067411535e-01
1.892263503589624585e-01
2.246318160626721017e-01
8.398373588202716622e-01
1.750074419857601260e+00
1.915417902908687742e+00
1.455767999917922939e+00
9.606430130461712791e-01
6.688913155343619854e-01
5.480241666182463778e-01
5.354405196988489823e-01
5.907294116690999797e-01
6.826866048503046347e-01
7.864257562020801062e-01
9.006037867114673467e-01
1.004096524235847943e+00
1.097006665636282685e+00
1.168487896653800817e+00
1.225052922321839599e+00
1.251717069765841517e+00
1.255998741920999695e+00
1.244061599412237262e+00
1.199444418899821008e+00
1.148445095714709652e+00
1.099135903437584938e+00
1.056022869835263167e+00
1.014691275512954460e+00
9.805681945322805015e-01
9.538513881343906320e-01
9.401554156586986455e-01
9.295823336836326334e-01
9.175208210483074556e-01
9.150920756700346992e-01
9.156485769555215981e-01
9.178605408120377174e-01
9.306816304973942744e-01
9.433519591850900721e-01
9.584431450934017827e-01
9.733597348310991659e-01
9.878642762096727648e-01
9.977685335469959060e-01
1.009188253526603685e+00
1.014464234763072348e+00
1.023109057403540634e+00
1.024409560685012766e+00
1.030462034701420171e+00
1.029519603802088623e+00
1.026155048981032047e+00
1.020868801316374253e+00
1.016225477182969961e+00
1.009882543922155262e+00
1.006034222945317635e+00
1.004581879400198385e+00
1.001530518463813024e+00
9.983201270161916607e-01
9.974548497932449465e-01
9.980093741434500343e-01
9.995297104598288573e-01
9.963345535333052450e-01
9.982235595139762330e-01
9.971655405399152405e-01
9.990553052634207898e-01
9.981348097749236370e-01
9.994123823293884490e-01
9.978320561662915589e-01
9.989983469204529731e-01
9.985389239068392930e-01
9.963642243997431480e-01
9.972512512094098280e-01
9.969963407312602000e-01
9.969381362189109197e-01
9.978499574249356519e-01
9.983078678490739932e-01
9.989264035346250292e-01
9.977896005372033361e-01
9.997593572789027494e-01
9.985292648771862956e-01
1.000367006385495916e+00
1.001378636827078950e+00
1.001163061874554394e+00
1.002181773052680747e+00
1.004498560962492348e+00
1.001115288913725587e+00
1.001827918462928180e+00
1.001415789264897604e+00
1.000589213694213164e+00
1.002101753008323159e+00
1.000468603612042040e+00
1.001680521576785887e+00
1.000315759928895432e+00
9.990489649114757675e-01
9.983328662317659807e-01
9.989719606969230670e-01
1.001850413685897445e+00
9.999803198230358126e-01
1.000409585297011628e+00
9.993504188084371131e-01
9.991415621520796098e-01
9.988531303171842568e-01
9.988827929838868247e-01
1.000335550020883701e+00
9.981131024500830007e-01
9.992329394088047545e-01
9.987242981018255028e-01
9.985528499873053132e-01
1.000869544720849769e+00
1.000031886824515270e+00
9.990708879584886404e-01
9.996501852350999640e-01
1.000872196347393439e+00
9.995826299708860940e-01
9.995261308472860318e-01
9.990488360530825895e-01
1.001429668617546120e+00
1.001081460160201164e+00
1.000754926722137839e+00
9.998288425316191885e-01
9.999381003989809003e-01
9.990375023312686453e-01
1.000917645584369575e+00
9.998260776444112263e-01
1.000417595567240303e+00
1.000442780300125456e+00
1.000243328716824198e+00
1.000949579542923740e+00
9.995365045618895827e-01
1.000211776951774878e+00
1.000129902976488072e+00
1.000700851677208680e+00
1.001116274720694088e+00
1.000468584874820710e+00
9.999475368553590870e-01
9.995472171009327500e-01
9.993173782041633313e-01
9.990465163942888749e-01
9.995058200317631369e-01
1.000423903042198859e+00
1.001438440195798751e+00
9.995695145075680355e-01
1.000072591867052552e+00
9.983092435562136435e-01
1.000068582114203908e+00
1.000370350127866459e+00
9.998604752791152572e-01
9.988784793112294169e-01
9.999076038946578260e-01
9.991620810558287102e-01
1.000642175507059362e+00
1.000594850494119781e+00
1.000211539348639045e+00
1.000411668202625615e+00
1.000515064708673574e+00
1.000103803354924326e+00
1.000193134032930864e+00
9.996154860436232692e-01
1.001428154922896496e+00
1.000102273923912044e+00
9.998770997130994598e-01
9.998256226904993493e-01
1.000591451448583413e+00
9.998484293409837242e-01
1.000134650740866160e+00
1.000058092323857117e+00
9.998370766903292850e-01
1.000098312578970861e+00
1.001136317743078319e+00
9.991703338013578906e-01
9.991049611048433698e-01
9.995183345454691226e-01
9.999848048937344247e-01
1.000384325646553885e+00
1.000375498722728906e+00
1.000775748007877164e+00
9.999251217406276426e-01
1.000307297127002171e+00
1.000856059814838162e+00
1.000333457535770743e+00
1.000534610180528583e+00
9.997870361887464252e-01
1.000270861359729313e+00
1.000108817130146655e+00
1.000273709409279288e+00
9.998932509615646724e-01
1.000273074874904689e+00
9.998410215880517704e-01
9.993649830022953706e-01
1.000835037161920793e+00
1.000719034453528833e+00
9.999107700108625929e-01
1.000292375859538119e+00
1.000387773952231329e+00
1.000251841883193160e+00
1.000887374920963468e+00
9.990948877773939696e-01
9.993994073104539577e-01
1.000252256308440169e+00
1.000085567061084646e+00
1.000362956565223005e+00
1.000013489076801987e+00
9.999441986668895499e-01
1.000524857454980321e+00
9.997562553085042047e-01
9.995413999796153304e-01
1.000751674409428693e+00
1.000481389193378590e+00
1.000014996090005548e+00
1.000802559957280069e+00
1.000384824770715886e+00
9.998352330256797815e-01
9.999951351673481703e-01
1.000726997766547166e+00
1.001038034558897172e+00
9.995931246063551878e-01
1.000290297952331153e+00
9.995355900533459126e-01
9.994220015365736787e-01
9.999689275224422635e-01
9.996818563581931771e-01
9.999897478989541177e-01
1.000361143901617345e+00
9.991870196324810216e-01
9.995103431967263807e-01
9.998094938711118429e-01
1.000740955946997968e+00
1.000187847722176171e+00
1.000022228319697337e+00
1.000274166236480911e+00
9.998781692621048212e-01
1.000070251618023320e+00
1.000129414191412103e+00
9.998838129362624949e-01
1.000692917564696804e+00
9.999977271064692808e-01
1.000347677203853314e+00
1.000893976715819367e+00
1.000505606173759166e+00
9.998662652119238992e-01
9.999255347258960702e-01
1.000340494384335699e+00
1.000247832542783488e+00
1.000318470530226600e+00
9.997940631528655642e-01
1.000407890503643982e+00
1.000325079949059504e+00
9.997046894848384824e-01
1.000061225851478275e+00
1.000074874032776062e+00
9.993918225867340910e-01
1.000104263230899404e+00
1.000118488525372440e+00
1.000233653356473962e+00
1.000309668777194183e+00
1.000078297153735196e+00
