0.000000000000000000e+00
0.000000000000000000e+00
0.000000000000000000e+00
0.000000000000000000e+00
0.000000000000000000e+00
0.000000000000000000e+00
0.000000000000000000e+00
0.000000000000000000e+00
0.000000000000000000e+00
0.000000000000000000e+00
0.000000000000000000e+00
0.000000000000000000e+00
0.000000000000000000e+00
0.000000000000000000e+00
0.000000000000000000e+00
0.000000000000000000e+00
0.000000000000000000e+00
0.000000000000000000e+00
0.000000000000000000e+00
0.000000000000000000e+00
0.000000000000000000e+00
3.447660193363836362e-02
1.035590408818370722e+00
3.386622564673511526e+00
3.323378436893497323e+00
1.822825688153359991e+00
8.251649482455963858e-01
3.775509212282106009e-01
1.884755833492882116e-01
2.196297285676850897e-01
8.326837543434714162e-01
1.743219911774240405e+00
1.911162980111644316e+00
1.450187594111731704e+00
9.623581794587902083e-01
6.739883411656697465e-01
5.501448634485085476e-01
5.386739621671868816e-01
5.923391103166465443e-01
6.842595935308235511e-01
7.893584307274902345e-01
9.006958006870894318e-01
1.006002084279050246e+00
1.096750670498272573e+00
1.167056947835185099e+00
1.221525844643372771e+00
1.251161405671757265e+00
1.254578521931794866e+00
1.235554729560500498e+00
1.197426265008243007e+00
1.149209037095432651e+00
1.096566704042425844e+00
1.053690510442843786e+00
1.013459379238604186e+00
9.857167129075813383e-01
9.578549410954607657e-01
9.440387037046695795e-01
9.266544699496366277e-01
9.157312478170339665e-01
9.146765657359737789e-01
9.153408974872822013e-01
9.209539193146603075e-01
9.313004113397541639e-01
9.387756930953733425e-01
9.578992178491408938e-01
9.738390787740901500e-01
9.850787185179802341e-01
9.980434505902266995e-01
1.009643744906944640e+00
1.014341415236247324e+00
1.022960156482435323e+00
1.024673265164074865e+00
1.028993284646107620e+00
1.027816103125033464e+00
1.023748012807394803e+00
1.019927861958852100e+00
1.016167864368085594e+00
1.010661380745245586e+00
1.007491140985018685e+00
1.003394728277679615e+00
1.001417590123032442e+00
9.995330937536435201e-01
9.988720463307360076e-01
9.961395077902920336e-01
9.960066930214475089e-01
9.967119049511399265e-01
9.988149551635625567e-01
9.973070233117070638e-01
9.993658377807614901e-01
9.986467216369475652e-01
9.983640756196744404e-01
9.983585019544625183e-01
9.991439038217597712e-01
9.983948232340117412e-01
9.970802672992714610e-01
9.974450931197754722e-01
9.980030801793933204e-01
9.962906042878190149e-01
9.978568752560598165e-01
9.972279201041528429e-01
9.982471161458302822e-01
9.981624299666282951e-01
9.981964994203467167e-01
9.988040477833213249e-01
9.999471193990115969e-01
1.000823886940965357e+00
9.997950377393556298e-01
1.001607018150537209e+00
1.001176983322227487e+00
1.001768567715436875e+00
1.001383886106312682e+00
1.001548614009838856e+00
1.002245979736580139e+00
1.000801380508556049e+00
1.001436318182957974e+00
1.001740760621141479e+00
1.000216236940557391e+00
9.998468579395947131e-01
1.001175069157926201e+00
9.993174592494988850e-01
9.993018047868045262e-01
9.999447067460841554e-01
9.987598896252660730e-01
9.986369907878416274e-01
1.000373104615297715e+00
9.991696343683017512e-01
9.977920182695809714e-01
9.984449139603035484e-01
9.991757697592980048e-01
1.000267445675783629e+00
9.990251812775892137e-01
1.000389014531212872e+00
9.989756892061857352e-01
9.998346117000772582e-01
1.000110844553243616e+00
1.000065760083135524e+00
9.996410111316972325e-01
9.992235484219383901e-01
9.985964277205340300e-01
1.000301039832652839e+00
1.000975813283623506e+00
9.999095474185979437e-01
9.991402979458361422e-01
1.002132633420340646e+00
9.998697605514822451e-01
1.000556057854382397e+00
1.000186529235007615e+00
1.001067052061223928e+00
1.000794400408908658e+00
9.994279636864095151e-01
9.979383651771409625e-01
1.000346061587602087e+00
9.991547157743978502e-01
1.000001082579266676e+00
1.001036313232561037e+00
1.001543213132431998e+00
9.991907888090709733e-01
1.000820346794180749e+00
9.999001566468879165e-01
1.000999317077627015e+00
9.996601394143549424e-01
1.000220264197505315e+00
9.990303735433868626e-01
9.998559153431075819e-01
1.000494883221699105e+00
9.995809220831711750e-01
9.985111360135474623e-01
9.991125463918014704e-01
9.996090948729537962e-01
9.999676431209867378e-01
9.989126290150123211e-01
9.996960758711801454e-01
9.996351996696033471e-01
9.989057508994930723e-01
1.000127143120151718e+00
1.000338172559657179e+00
9.995091664864517167e-01
1.000617915927630941e+00
1.000141167491626293e+00
9.995504171022706608e-01
1.000759094035274632e+00
1.001192620311230685e+00
9.997536487848588393e-01
1.000050081826971526e+00
1.000187170495002720e+00
9.998905366775023840e-01
1.000000162969619355e+00
9.991573810901225317e-01
9.993153794116570454e-01
1.000253902237457249e+00
9.996428549393598928e-01
1.000386503433048579e+00
9.994840367265502845e-01
9.997730662832662318e-01
9.986094970155130479e-01
9.998918819030030436e-01
1.000382497877764454e+00
9.998792377065510717e-01
1.000374397753699851e+00
9.998263873311460381e-01
9.986563595479761579e-01
9.989648002776541080e-01
1.000251377235534589e+00
1.000537319696596095e+00
9.998787574105212350e-01
9.999923490538800142e-01
1.000680403727923773e+00
1.000236118680213115e+00
9.994950559490395348e-01
9.997416346884974159e-01
1.000250735704610872e+00
9.997631620264459951e-01
1.001017084828389470e+00
1.000126221315584152e+00
9.999967968129767071e-01
9.993802480191890103e-01
9.990321626044222914e-01
9.997683198516096326e-01
9.995658030417533535e-01
1.000872969522304423e+00
9.996686618462133911e-01
9.998789180076189664e-01
9.990440470027971420e-01
1.000258047882520707e+00
1.000524327349418430e+00
1.000229858252591253e+00
9.999054195273761048e-01
9.993070579005858267e-01
9.997032894484711996e-01
1.000253339856601364e+00
9.998369778249299733e-01
1.000330426622654922e+00
9.997193903177915564e-01
9.997857262492206853e-01
9.994595451004614217e-01
9.998866526840981539e-01
9.994522317174354686e-01
9.996900843886944443e-01
9.995016411164314718e-01
1.000283224809940030e+00
9.997481357142773417e-01
9.991683292145040474e-01
1.000048774196483636e+00
1.000237284214289923e+00
9.998146246281469640e-01
1.000070349745452392e+00
9.990636556499197241e-01
1.000085966357635137e+00
9.992347151634072278e-01
9.996563441832292396e-01
1.000018337629728471e+00
1.000675082933575544e+00
9.996444566307771673e-01
1.000680171119798345e+00
9.996637598786944912e-01
9.999120386751965128e-01
9.999890581637858045e-01
9.999007466739663341e-01
9.999566527766101665e-01
1.000260104775927639e+00
1.000098399742857636e+00
1.000283578923512495e+00
1.000112779923100659e+00
9.998378621975632097e-01
1.000275562068431601e+00
9.999394479827211635e-01
9.997792384540753474e-01
9.998380806953848232e-01
1.000019106421746962e+00
9.996702571050228858e-01
1.000056630006419978e+00
9.999007999370040922e-01
9.999690071840736660e-01
1.000379652735204683e+00
1.000310766163094112e+00
1.000156759091299197e+00
1.000194775407347247e+00
9.998273098122328895e-01
1.000148869088236303e+00
1.000160575943024543e+00
