0.000000000000000000e+00
0.000000000000000000e+00
0.000000000000000000e+00
0.000000000000000000e+00
0.000000000000000000e+00
0.000000000000000000e+00
0.000000000000000000e+00
0.000000000000000000e+00
0.000000000000000000e+00
0.000000000000000000e+00
0.000000000000000000e+00
0.000000000000000000e+00
0.000000000000000000e+00
0.000000000000000000e+00
0.000000000000000000e+00
0.000000000000000000e+00
0.000000000000000000e+00
0.000000000000000000e+00
0.000000000000000000e+00
0.000000000000000000e+00
0.000000000000000000e+00
3.577224653144615157e-02
1.035609808782009145e+00
3.378673743965797005e+00
3.335094151189931466e+00
1.827573655224385973e+00
8.346927864585960144e-01
3.736871606042975191e-01
1.888035269838466423e-01
2.201133005537632137e-01
8.412545925102625777e-01
1.738103119196068080e+00
1.909716765268401950e+00
1.453147513094582344e+00
9.664700842466326103e-01
6.736797134520490227e-01
5.504836764796495752e-01
5.363814528954016225e-01
5.902468936952420808e-01
6.836823535634980464e-01
7.900171533476454400e-01
9.014712073748148979e-01
1.004378029818923990e+00
1.094981688355351590e+00
1.167350995296574823e+00
1.225595311526588960e+00
1.250178525646013838e+00
1.255474195857772646e+00
1.238752270146704859e+00
1.198570225561735869e+00
1.148539234496913419e+00
1.101047925434854857e+00
1.052977319944564893e+00
1.015794376457947346e+00
9.837297110350502471e-01
9.599603294805917342e-01
9.448358749406473578e-01
9.305389280579994260e-01
9.169412904998129887e-01
9.138738655086926510e-01
9.144899320590728076e-01
9.177857801795389348e-01
9.282603524732826461e-01
9.426549929518110993e-01
9.555150162608929687e-01
9.715829658304013794e-01
9.836390920685361694e-01
9.979501387539773116e-01
1.009913393412355198e+00
1.016160252253589524e+00
1.022509101459761371e+00
1.023262472303652304e+00
1.030561193520080021e+00
1.027053698690031602e+00
1.025872791793219774e+00
1.020948223843616942e+00
1.015675477923756453e+00
1.012781976261049932e+00
1.006965478881559184e+00
1.003034077917524192e+00
9.986266262212717404e-01
9.989682697896103969e-01
9.984914057593887726e-01
9.969296701813827877e-01
9.970789245997412342e-01
9.959376315918267997e-01
9.984466593423095837e-01
9.986236334190022879e-01
9.989191493110787246e-01
9.988344648169876772e-01
9.985107905404750905e-01
9.978537483920882911e-01
1.000200131041533380e+00
9.987301020278334107e-01
9.978682977719071090e-01
9.975134252508908173e-01
9.980445366050832989e-01
9.981165542303003235e-01
9.972273763181280781e-01
9.970039553914454844e-01
9.973473625171388468e-01
9.991553121841145746e-01
9.993610697614042637e-01
9.981334210748221691e-01
9.993285881881476262e-01
9.996587569267856299e-01
1.000291699943571366e+00
1.001091743749203067e+00
1.000286946256314202e+00
1.001993022235935671e+00
1.001568013635870003e+00
1.002685668305603572e+00
1.003086745601043273e+00
1.001959177136803270e+00
1.000724348059726321e+00
1.002021297228836483e+00
9.998012219006694457e-01
9.998426670692528440e-01
9.995601547197900949e-01
1.000789428876585951e+00
9.999169558006764102e-01
9.994613345312208796e-01
9.980160624254347246e-01
9.986532139803021568e-01
1.000618968632432271e+00
9.991623495416133149e-01
9.987757522801237187e-01
9.988989479688413775e-01
1.000323940433747172e+00
9.992980435456337851e-01
9.977382387416140475e-01
1.000094477352188926e+00
9.979731550590050793e-01
1.001362075901623960e+00
9.987078446759902750e-01
1.000248039262747746e+00
1.001593748932944061e+00
1.002425926574069814e+00
1.001248810911295140e+00
1.000518569853951378e+00
1.001299432615306406e+00
9.994362556277129883e-01
1.000796805632108821e+00
9.992415163260462974e-01
9.994574524286892192e-01
1.000748623680295601e+00
1.000612672281068649e+00
9.998149050538475135e-01
9.999333682405791013e-01
1.000598726621830137e+00
9.997759178080032338e-01
1.000046424521629840e+00
1.000806866855514343e+00
1.001079873277709753e+00
9.997229048029596665e-01
1.001305596861691960e+00
1.000273062563261428e+00
1.001069759662794878e+00
1.000410947979039511e+00
1.001124858891364600e+00
1.000555553722044966e+00
1.000026728653964581e+00
1.001429487625273396e+00
9.990478110785940835e-01
9.997379766139414814e-01
1.000192133653011073e+00
1.000168364125295195e+00
1.001488554734259573e+00
9.997951868510757123e-01
9.992723469243119938e-01
9.988809695313515258e-01
9.989384069861260151e-01
9.993292418642599761e-01
9.999126354715048848e-01
9.999275011026067528e-01
9.997516662696455114e-01
1.000453845528957553e+00
9.990766919541237412e-01
1.001307722267647193e+00
1.000727907531468119e+00
1.001195314284501592e+00
9.992825458370625524e-01
1.000795128385794097e+00
1.000075072320229630e+00
1.000938329420644202e+00
9.997858742917380415e-01
9.991898049698262341e-01
9.998500672279203583e-01
9.995244955002535736e-01
1.001955153860546899e+00
9.999951584219016754e-01
9.993181880881284451e-01
9.998925514443418594e-01
1.000229406178587244e+00
9.998516012494860217e-01
1.000076964428049831e+00
1.000008146719033597e+00
1.000037706785208869e+00
9.994943853761578678e-01
1.000794271674235736e+00
9.990308364329930635e-01
9.993740633284866615e-01
1.000230201989633416e+00
1.000128241677943119e+00
1.000998632597734250e+00
9.994540246623019319e-01
1.000336010518405150e+00
1.000092475587267771e+00
1.000648564361163562e+00
9.992672821462201815e-01
1.000712279000522287e+00
9.993749641266406192e-01
9.996400904474356253e-01
9.995996803660036623e-01
9.998353005493965107e-01
1.000061205541695086e+00
1.000059614003559139e+00
1.000456060327681751e+00
1.000046774572677544e+00
1.000146929646814842e+00
1.000370470018973501e+00
1.000224115471684438e+00
1.000500305564199222e+00
9.990802532900290300e-01
1.000603775435122689e+00
1.000660072480907381e+00
1.000167707046944132e+00
9.993650651810199737e-01
9.997274213177371749e-01
9.997065500672179805e-01
1.000158736965806927e+00
9.996508907573619096e-01
9.999101435742118182e-01
1.000123081989653606e+00
1.000719014850707467e+00
1.000281548420247635e+00
1.000161120245762092e+00
1.000404734631538783e+00
9.994386237613404056e-01
1.000022430180628197e+00
1.000001763834340585e+00
1.000627109497516543e+00
1.000753795796998080e+00
9.992017161334689757e-01
1.000093672907102604e+00
1.000146890519542975e+00
9.998640926289420472e-01
9.999700215178882745e-01
1.001262758838944666e+00
9.993155871587506844e-01
1.000763682080278993e+00
1.000525902324821637e+00
9.993207288123795440e-01
1.000235224368503761e+00
1.000790015354020124e+00
1.000594128881427070e+00
1.000531610860161180e+00
9.996092707878241335e-01
9.998657318163092222e-01
9.995877502052411545e-01
1.000428383921863507e+00
1.000143555739743118e+00
1.000281959649172547e+00
1.000214282233292673e+00
1.000159761284882487e+00
1.000824879438068971e+00
1.000590547442267164e+00
1.000192713283426516e+00
1.000079247476030719e+00
9.996590563688527720e-01
9.999082091465053557e-01
9.997457992284476402e-01
9.997534589028966856e-01
1.000046523137987142e+00
9.999483242191146148e-01
9.999946981131779822e-01
9.995075924324325900e-01
1.000081109746197239e+00
9.996108057169322825e-01
1.000267427594667913e+00
