0.000000000000000000e+00
0.000000000000000000e+00
0.000000000000000000e+00
0.000000000000000000e+00
0.000000000000000000e+00
0.000000000000000000e+00
0.000000000000000000e+00
0.000000000000000000e+00
0.000000000000000000e+00
0.000000000000000000e+00
0.000000000000000000e+00
0.000000000000000000e+00
0.000000000000000000e+00
0.000000000000000000e+00
0.000000000000000000e+00
0.000000000000000000e+00
0.000000000000000000e+00
0.000000000000000000e+00
0.000000000000000000e+00
0.000000000000000000e+00
0.000000000000000000e+00
0.000000000000000000e+00
0.000000000000000000e+00
0.000000000000000000e+00
0.000000000000000000e+00
0.000000000000000000e+00
2.993635560098640083e-02
4.146682210951525005e-01
1.420187961880414296e+00
1.883633929234629578e+00
1.369377422762203533e+00
7.556960512693731147e-01
4.471037026389953484e-01
3.018184893058561968e-01
2.574272912699835936e-01
2.539421808288568894e-01
2.649130574054793241e-01
2.738145178228745258e-01
2.663425358285497757e-01
2.380561679354657734e-01
2.298878215127276858e-01
2.673205787068827499e-01
3.281767842060213658e-01
4.455628760614412931e-01
5.571985765774636334e-01
7.437033801981566272e-01
9.242661994153880123e-01
1.099133722416516079e+00
1.253149350981762389e+00
1.375198101994659305e+00
1.469135958361894811e+00
1.531617666497269381e+00
1.585563782612825268e+00
1.586290263149251922e+00
1.523239089619733422e+00
1.412089502155563503e+00
1.287233421519133225e+00
1.165952545785517547e+00
1.050832696462653315e+00
9.736868114674868124e-01
9.271925805461405101e-01
9.078887078745726535e-01
8.829067283642300090e-01
8.836099130032963878e-01
8.765455212211079594e-01
8.909602415628941063e-01
9.116017207213314988e-01
9.252543885437137794e-01
9.481822510561683792e-01
9.418897375908790170e-01
9.605594442372692443e-01
9.860107794871192377e-01
9.905169678108428633e-01
1.013405555777480593e+00
1.012899834919498865e+00
1.020056775201135579e+00
1.031252710584404708e+00
1.031973256593067267e+00
1.032385809142421840e+00
1.009934939665096731e+00
1.015581768627930481e+00
9.988433312347307913e-01
9.979440874136356054e-01
9.888434902383368419e-01
9.837904586749742775e-01
9.815780149783185360e-01
9.674179673952280067e-01
9.768346782903686298e-01
9.801128820780897755e-01
9.781651144900220807e-01
9.834321167419552978e-01
9.903524506027361340e-01
9.933323871092186730e-01
1.002149602689369035e+00
1.002743218686032778e+00
1.010157723420716858e+00
1.008019965071586199e+00
1.011982504267193050e+00
1.004661719292259114e+00
1.008441079976906574e+00
1.009289050820326938e+00
1.005901927828901421e+00
1.000805070687173171e+00
9.982425299071051583e-01
9.952021168328565315e-01
9.886513671146871518e-01
9.898251141685876497e-01
9.932269681298467878e-01
9.888611158624397435e-01
9.870374460258867222e-01
9.907456707267910945e-01
9.898877522667268725e-01
9.917339138446538138e-01
9.881781784655574441e-01
9.958654132535603720e-01
9.901806301001758737e-01
9.974958873344351717e-01
9.957478180664794953e-01
9.964673571574319544e-01
9.992046780672327877e-01
9.990327964611858125e-01
9.938517920567141450e-01
9.971386406348117237e-01
9.936412806721971469e-01
1.002787297227490049e+00
9.969316524994360496e-01
9.977045518858216333e-01
9.969295065750564122e-01
9.996771479823819417e-01
9.940257428877090629e-01
9.963628132233689483e-01
9.963525434163302830e-01
9.964841202613470283e-01
9.988593930421354461e-01
9.930368206613687798e-01
9.957274597453207310e-01
9.889338421945746971e-01
9.939600995754623858e-01
9.947095149665580172e-01
9.912137706649293278e-01
9.994225816896006309e-01
9.951764734427547276e-01
9.965974987540942021e-01
9.937226626241026928e-01
9.997915988756499450e-01
9.965333020174652612e-01
9.974430266999894101e-01
1.000079872789688240e+00
1.004268108921059222e+00
9.951548376330638934e-01
9.995164860643628302e-01
9.993339235831177891e-01
1.000978764834551615e+00
1.000066947122492111e+00
9.994862642979769340e-01
1.003821394990249249e+00
9.979174856927067738e-01
1.002920118033607144e+00
1.001471576641623340e+00
1.003638233726040552e+00
9.987205875024829371e-01
9.969151105573769156e-01
9.987792539968809447e-01
9.974574059044634122e-01
1.000604576060799555e+00
9.955004492727425047e-01
9.970896259004364826e-01
9.970573315897817146e-01
9.986834623292736302e-01
1.000195147555311692e+00
9.953211495335183567e-01
9.967540119571938195e-01
9.995916056233112856e-01
9.955459556801946608e-01
9.941355971461257601e-01
9.937039537430610858e-01
9.961928835628308665e-01
9.976050530521289872e-01
9.933141592381828922e-01
9.985548861862170167e-01
1.000027638948351560e+00
9.996049464805487617e-01
9.962848811683677752e-01
9.988805935472723219e-01
9.972553623561281055e-01
9.996408690747881076e-01
9.958899762101756092e-01
1.001271231941000428e+00
1.002997953052427560e+00
9.964790052346993443e-01
1.005147673355291982e+00
9.976662214289134800e-01
1.002337305233358400e+00
1.000172323967025045e+00
9.995425912170206040e-01
1.000386169088163468e+00
9.972130542378794260e-01
9.980904281949906087e-01
9.986031022087182851e-01
1.000004296416484806e+00
9.980929922645686014e-01
9.953120137415520929e-01
9.964870955674431929e-01
9.944038013653460073e-01
1.000343584400648300e+00
9.962603069538962242e-01
9.977559588139396363e-01
9.955729451206284386e-01
9.983745462177194829e-01
1.000722571789085524e+00
9.997385985771902739e-01
9.942240449330996821e-01
9.970549284053293881e-01
9.987984208350023652e-01
1.000601534203469756e+00
9.952395403267678686e-01
9.984605829167091384e-01
1.001020770054988462e+00
9.993861294820429730e-01
9.968951655209254969e-01
1.000033880366912875e+00
1.000964435116881157e+00
1.002549662582675971e+00
9.990234131198854062e-01
9.988882970463056621e-01
1.001545515127073127e+00
9.995481093315424781e-01
9.990666677906449022e-01
9.983129890863448042e-01
9.972535719444327595e-01
9.993371006857764138e-01
9.974533593161076794e-01
9.997858284993820233e-01
9.970786716301759389e-01
9.960840845854953551e-01
9.970080471539105593e-01
9.978529531510265116e-01
9.974196231308779526e-01
9.998367672004793150e-01
9.997861062630188922e-01
9.973826810742293381e-01
9.966169684427930164e-01
9.957604185138171360e-01
9.977638093157906729e-01
1.003009850765790301e+00
9.971034881041207498e-01
9.958253710019114857e-01
9.975990011501043586e-01
9.983125216859275453e-01
9.954517942880086734e-01
9.941281319961947638e-01
9.978570031124275319e-01
9.977033122899745532e-01
9.961516804023426985e-01
9.987233806302331374e-01
9.944130448339421058e-01
9.978505578094523099e-01
1.000321030727262528e+00
9.977969620449326227e-01
9.958052806761577003e-01
9.952491228850168792e-01
9.990822030966853839e-01
9.987738423427050538e-01
9.992124372676153277e-01
9.994015913512622751e-01
1.000578647060405224e+00
9.989277179765633230e-01
9.973714062119383161e-01
9.969500962095163565e-01
9.999465230831032780e-01
9.970580100141728241e-01
9.965380284468520200e-01
9.841303216769117235e-01
9.779411044597716707e-01
9.669171945213786978e-01
9.553706606539574819e-01
9.431405327094973812e-01
9.347374027335980662e-01
9.240434513785183990e-01
9.117040095423046830e-01
