0.000000000000000000e+00
0.000000000000000000e+00
0.000000000000000000e+00
0.000000000000000000e+00
0.000000000000000000e+00
0.000000000000000000e+00
0.000000000000000000e+00
0.000000000000000000e+00
0.000000000000000000e+00
0.000000000000000000e+00
0.000000000000000000e+00
0.000000000000000000e+00
0.000000000000000000e+00
0.000000000000000000e+00
0.000000000000000000e+00
0.000000000000000000e+00
0.000000000000000000e+00
0.000000000000000000e+00
0.000000000000000000e+00
0.000000000000000000e+00
3.335668056998027168e-05
3.648270898420346436e-02
1.066785611994437666e+00
3.487364446612251090e+00
3.432857209447766511e+00
1.889224386205855755e+00
8.609493267594567900e-01
3.906054137305664531e-01
2.008035761297504440e-01
1.189791722883305064e-01
1.868711460685554826e-01
7.139368214606587326e-01
1.506561414532772369e+00
1.755018345867683127e+00
1.462850468189144104e+00
1.069352307773890676e+00
8.027602055112998958e-01
6.845694068695477030e-01
6.763480324867013893e-01
7.252166814507595705e-01
8.062658545941728816e-01
8.985738492029596847e-01
9.883393570680929496e-01
1.068088459262459988e+00
1.131347732290867381e+00
1.177639162261612471e+00
1.207490813234404881e+00
1.218586966658210979e+00
1.201405694659023471e+00
1.170150214866282568e+00
1.135994527100765428e+00
1.095413598930470078e+00
1.059024064799108045e+00
1.030148543093567071e+00
1.001191736560350432e+00
9.830859149505298822e-01
9.616660495012331333e-01
9.505830756290930550e-01
9.396832769158588450e-01
9.310027354111931608e-01
9.288744528322059324e-01
9.298312271750337477e-01
9.349913300016338136e-01
9.412228112638061361e-01
9.532588681365158356e-01
9.640940790011145456e-01
9.760215434818666491e-01
9.846748040198063379e-01
9.923208135038331656e-01
9.993892804131274676e-01
1.006221616612259728e+00
1.012679732608434247e+00
1.014238609524309442e+00
1.015270844451954924e+00
1.017770851131490017e+00
1.018692209110046099e+00
1.018427281329715939e+00
1.013465649810396441e+00
1.011838724630629960e+00
1.010032337717564399e+00
1.007906589950482878e+00
1.004750850842153875e+00
1.003435813564641066e+00
1.002830269141081754e+00
1.001513652224246709e+00
9.990431516220397157e-01
9.992415174179525295e-01
9.983146854102367129e-01
9.991121687860049505e-01
9.954241018960910958e-01
9.976055427075429805e-01
9.967748755166292440e-01
9.974681620293318618e-01
9.956794481296817878e-01
9.953864822384131950e-01
9.967137232173602923e-01
9.968013253710824584e-01
9.968673948413374619e-01
9.961646161981270176e-01
9.970043023743211386e-01
9.981166905913105847e-01
9.979841270295075617e-01
9.975699557557449193e-01
9.987471123907262216e-01
9.996960848249257792e-01
1.000827220636032466e+00
1.001441881005791457e+00
1.001818710663721523e+00
1.002419496989557013e+00
1.002213914697470010e+00
1.002081205285835441e+00
1.001299168934303374e+00
1.001436120393309759e+00
1.001988568691899895e+00
1.002145515075899107e+00
1.001579806251349236e+00
1.001886789957932899e+00
1.000548984019110632e+00
1.000508320246246585e+00
1.000353919042081818e+00
1.000427950733453475e+00
1.001763523740611062e+00
1.000706090528473258e+00
9.996428753881334561e-01
9.986908006555919037e-01
9.996445155445737862e-01
9.993810063738977068e-01
9.995439589246554180e-01
9.996771871020234679e-01
9.999078307832854895e-01
1.000689131284284716e+00
9.997025821920075828e-01
1.000836708991378998e+00
1.000617597178664164e+00
1.000489253902579811e+00
9.995916912651626740e-01
1.001096208194740544e+00
1.000513946909371787e+00
1.000340730448364246e+00
1.001213410690326100e+00
1.001237997229687204e+00
1.001765859475449494e+00
1.000452440713931912e+00
1.001716282908295286e+00
1.000794340163219998e+00
1.000783212686265911e+00
9.998481546102242490e-01
1.000371787945110169e+00
1.000007058280899752e+00
9.997259553872188675e-01
1.001116434318912951e+00
9.994482772049582131e-01
9.998426148391837964e-01
9.992293561997829254e-01
9.994074855444756711e-01
9.998695023289586592e-01
9.990425518958260254e-01
9.998857647010782612e-01
9.994308142673332673e-01
1.001196921855798116e+00
1.000621968838960818e+00
1.000399439421491898e+00
1.000382156790550869e+00
1.001286200206804144e+00
1.000772108220192580e+00
1.000218023137344314e+00
1.000660536640346709e+00
1.000007986879068778e+00
1.000436197860219423e+00
1.001595562204737444e+00
1.000699351311943319e+00
1.001806886436907851e+00
9.999515284382860525e-01
1.000666397584687228e+00
9.995394009722474715e-01
9.999296644638561160e-01
1.000737520548580006e+00
1.000148716045843322e+00
1.000600909243058556e+00
9.996150120884906842e-01
9.992494195822508862e-01
1.000878406702500056e+00
1.000846201640749999e+00
9.997877593716452127e-01
9.999500796038854888e-01
1.000118641899394145e+00
9.999364702515801673e-01
1.000987661577779519e+00
1.000777914891252562e+00
1.001378151026753205e+00
9.999555172087214450e-01
9.996279441978546121e-01
1.000363511145021755e+00
1.000229531013363538e+00
9.999855561389284775e-01
1.000481835581339629e+00
1.000532787087606179e+00
9.997030525213875807e-01
1.000512192010885038e+00
9.999652100293856538e-01
9.996775406202599301e-01
1.000227057686088994e+00
9.994438470078439440e-01
1.000002615489567370e+00
9.995501942802444972e-01
1.000508757376245672e+00
9.999417031331077066e-01
9.996673258215732494e-01
1.000358958656124564e+00
9.997205990926710806e-01
1.000545248975994284e+00
1.000606594615283562e+00
1.000301108683602003e+00
1.000247030712428709e+00
1.000501531114671883e+00
9.996530571695116940e-01
1.000776918134308469e+00
9.999333199195168387e-01
1.000323529484729024e+00
9.998827579504490082e-01
9.997013729561732287e-01
1.000111493342503932e+00
1.000271938421696483e+00
9.996601130113198508e-01
9.995586057303179617e-01
1.000311561438744556e+00
1.000335317960709069e+00
1.000230605196252620e+00
1.000471128332323545e+00
1.000724591409517528e+00
1.000304895341301625e+00
9.999249425862419827e-01
1.000421541332772168e+00
1.000553451378784819e+00
1.000231256017014125e+00
1.000397964263239681e+00
9.995906935514173863e-01
9.996582356446238604e-01
1.000655495621485702e+00
1.000349156410470952e+00
1.000501509525900667e+00
1.000163758445197226e+00
9.997485435990832725e-01
1.000160059577132499e+00
1.000344949655100013e+00
9.999577720074500631e-01
1.000411789686185493e+00
1.000549223405525989e+00
1.000306022971325204e+00
1.000127364363115001e+00
1.000181877452215318e+00
9.996243547232100957e-01
1.000053237870109246e+00
9.995840712385855031e-01
9.999831379997737857e-01
1.000289287380155434e+00
1.000392024255769785e+00
1.000168965889137507e+00
1.000858372671994845e+00
1.000506082786673634e+00
9.997569619081028147e-01
9.999365702196743033e-01
1.000502474610965198e+00
1.000050599665865958e+00
1.000436312214448398e+00
9.997958086112221920e-01
1.000440362755427026e+00
1.000271518221713674e+00
9.999640448208747534e-01
1.000491184916628917e+00
9.998483403721940554e-01
9.993186689827917579e-01
9.902676419710909617e-01
9.783332079643931589e-01
9.682045802563511439e-01
9.575232607931681850e-01
9.470646614196619462e-01
9.362268733355331163e-01
9.251232546881930086e-01
9.156154245838875605e-01
