0.000000000000000000e+00
0.000000000000000000e+00
0.000000000000000000e+00
0.000000000000000000e+00
0.000000000000000000e+00
0.000000000000000000e+00
0.000000000000000000e+00
0.000000000000000000e+00
0.000000000000000000e+00
0.000000000000000000e+00
0.000000000000000000e+00
0.000000000000000000e+00
0.000000000000000000e+00
0.000000000000000000e+00
0.000000000000000000e+00
0.000000000000000000e+00
0.000000000000000000e+00
0.000000000000000000e+00
0.000000000000000000e+00
0.000000000000000000e+00
0.000000000000000000e+00
0.000000000000000000e+00
0.000000000000000000e+00
0.000000000000000000e+00
0.000000000000000000e+00
2.170159930580919938e-02
5.669107956616864508e-01
2.036148771307664251e+00
2.481379795708303693e+00
1.690654862986037399e+00
8.739777003514171971e-01
4.733519787978330284e-01
2.804159386639344387e-01
2.480961531540655796e-01
2.381078727635915215e-01
2.582138173263920367e-01
2.730475684945579684e-01
2.813484980978070982e-01
2.936943840105074033e-01
2.990182964681519229e-01
3.272520861473257048e-01
4.020015037154194282e-01
5.376412158021592891e-01
7.036090282766108706e-01
9.029968495014198959e-01
1.077793372822549944e+00
1.219450095341650275e+00
1.339959481116767437e+00
1.451078236227255847e+00
1.550656487714487719e+00
1.649816455895196876e+00
1.660239038855102711e+00
1.579825607708438495e+00
1.423924766671330611e+00
1.249453302435724389e+00
1.087434557802396951e+00
9.530093869021336594e-01
8.469319943810995621e-01
7.898432712447258641e-01
7.713497937825054551e-01
7.862069397915365521e-01
8.151939221679940228e-01
8.274013953223318119e-01
8.477475885777283615e-01
8.577836019355626895e-01
8.906171039434465087e-01
8.987255217232792415e-01
9.348639890017256260e-01
9.645614331894963867e-01
9.899062244993958037e-01
9.974336773831770087e-01
1.003571099179669135e+00
1.001127247462350267e+00
1.005789522710494044e+00
1.011457826115457648e+00
1.006454943431158711e+00
1.006841943972105913e+00
1.004828319198063147e+00
9.927822201105511724e-01
9.880609295603837161e-01
9.773477176916621767e-01
9.631850098180466668e-01
9.472220972495095648e-01
9.318382549582073793e-01
9.244936845951939874e-01
9.015639022013879345e-01
8.848335516992452687e-01
8.844809083947787753e-01
9.100566747318452610e-01
9.342956807024723753e-01
9.805198791595869379e-01
1.002557411491878714e+00
1.014045161710662057e+00
1.018642180175491241e+00
9.950225427264084432e-01
9.960854221098889294e-01
9.776700784870279159e-01
9.638663925825725620e-01
9.629457823574106845e-01
9.660432608880267225e-01
9.764714900073711012e-01
1.002290903479304163e+00
1.015163848247851996e+00
1.027943557340146530e+00
1.049188434616466381e+00
1.047413550642102731e+00
1.038171317932679250e+00
1.019133258450349633e+00
9.868659227890556052e-01
9.538017189921773609e-01
9.181366226821570109e-01
8.995381280703561577e-01
8.858871065797954136e-01
8.995259946401855666e-01
9.208634021301194128e-01
9.700688285546449352e-01
1.038681660105919002e+00
1.131718874229392213e+00
1.266873797739869634e+00
1.434943869271645189e+00
1.408001692416545492e+00
1.215736172838014495e+00
1.080410254939460302e+00
9.826778631757047133e-01
9.249110238714645105e-01
9.024713654583603750e-01
9.003681820457213325e-01
9.083619689811234243e-01
9.340382679605333527e-01
9.591429370763348006e-01
9.877879327213453520e-01
1.017067094155632123e+00
1.037021136387620057e+00
1.047713033509175107e+00
1.044472210662315881e+00
1.041284923137424601e+00
1.026208713683817164e+00
1.009114498476915145e+00
9.975467467570361402e-01
9.913506739884563324e-01
9.973413337688949998e-01
1.005361289203417163e+00
1.013017800889280950e+00
1.016509818245089791e+00
1.017939776200713409e+00
1.009375899862201775e+00
1.007185629868474486e+00
9.925373061935846009e-01
9.876401396465123161e-01
9.802217735842204682e-01
9.692108021778194082e-01
9.649003593676812596e-01
9.570994842086328891e-01
9.689529904800510129e-01
9.719412287008782902e-01
9.860134509492900490e-01
9.929160341133959067e-01
1.017127834135730380e+00
1.016184237636677423e+00
1.019048007527457056e+00
1.025654822123838850e+00
1.024101140138529598e+00
1.016496737744790879e+00
1.015752706535187233e+00
1.007938292102569466e+00
1.006354501569277415e+00
1.003298487115900084e+00
1.000598578329559896e+00
1.004821784127787998e+00
1.006691427210222534e+00
1.012868994974253978e+00
1.014933612950380315e+00
1.015615771043410831e+00
1.013644451555165915e+00
1.013581762721210922e+00
1.007842852966670311e+00
9.996688436708869308e-01
9.989767368206816656e-01
1.000545873737712199e+00
9.941079373925006957e-01
9.901308170901790273e-01
9.943611215462514474e-01
1.003763691724193885e+00
1.004613776472565556e+00
1.015717473388259684e+00
1.029284037026796828e+00
1.035379727050602217e+00
1.036672931911067685e+00
1.037291705918880647e+00
1.034492159643528586e+00
1.024950110044608120e+00
1.016306546303501701e+00
1.013221899264674430e+00
9.989494210205749347e-01
1.002428376562774615e+00
9.967784395350781645e-01
9.979769221971329651e-01
9.929576573415851426e-01
9.916252436551026284e-01
9.914001353278059092e-01
9.897382692135533455e-01
1.001813073039386603e+00
1.007827670692522659e+00
1.011971959665156184e+00
1.021287513414804282e+00
1.027221005684977984e+00
1.030717992848140474e+00
1.027258924019072817e+00
1.022634621461556037e+00
1.016712396801415563e+00
1.004879541245575325e+00
1.004330262733358570e+00
1.004066688984636579e+00
9.967155312883004825e-01
1.007223232387142620e+00
9.989626001697595736e-01
1.003981740443755211e+00
1.002527749789385858e+00
9.985855383781367944e-01
9.957037977622793523e-01
9.952133941592156141e-01
9.937910305050832172e-01
9.978945911823937642e-01
9.972083026800748762e-01
9.991663688622721695e-01
1.003434182670239538e+00
1.006422711579704643e+00
1.010378701912897581e+00
1.011104219378699431e+00
1.018219127698753113e+00
1.020650729260543121e+00
1.023058175410063164e+00
1.020164838799755724e+00
1.015791220771422143e+00
1.008704258461066150e+00
9.982039950206175183e-01
9.915793304295911215e-01
9.876622022737023832e-01
9.864583126523482903e-01
9.870347381864081893e-01
9.893300570037365516e-01
9.933386027056734235e-01
1.001965552646395530e+00
1.004184021487621203e+00
1.011787714205952371e+00
1.015038740790038974e+00
1.016752811340877916e+00
1.016915291142972411e+00
1.013702764613890750e+00
1.013165568378694203e+00
1.007349632189649569e+00
1.002998360894071572e+00
9.909522155268353227e-01
9.900248706762359019e-01
9.838006709757521895e-01
9.808430765392464057e-01
9.776593353631661820e-01
9.744953690668507473e-01
9.699098355047580666e-01
9.694835616484577256e-01
9.660648585341015115e-01
9.652316300469619970e-01
9.701564987672469664e-01
9.689096439559438112e-01
9.688334168652138478e-01
9.666226916298453764e-01
9.624961026845626488e-01
9.536496106751459756e-01
9.445463701586415128e-01
9.373760206632471004e-01
9.322394741548251096e-01
9.207040664161687538e-01
9.152961508261673318e-01
9.036608232153535702e-01
8.962337947134297877e-01
8.856310888362032285e-01
8.752840082941243383e-01
8.631524405347413831e-01
8.540985829124699835e-01
8.407863550721174084e-01
