0.000000000000000000e+00
0.000000000000000000e+00
0.000000000000000000e+00
0.000000000000000000e+00
0.000000000000000000e+00
0.000000000000000000e+00
0.000000000000000000e+00
0.000000000000000000e+00
0.000000000000000000e+00
0.000000000000000000e+00
0.000000000000000000e+00
0.000000000000000000e+00
0.000000000000000000e+00
0.000000000000000000e+00
0.000000000000000000e+00
0.000000000000000000e+00
0.000000000000000000e+00
0.000000000000000000e+00
0.000000000000000000e+00
0.000000000000000000e+00
0.000000000000000000e+00
0.000000000000000000e+00
0.000000000000000000e+00
0.000000000000000000e+00
0.000000000000000000e+00
3.669311827669881343e-02
7.776556334343673882e-01
2.775348172849198658e+00
3.472480435943894772e+00
2.394565088963733324e+00
1.246969352450307378e+00
6.253932599942313431e-01
3.476991716983026115e-01
2.588579499760081393e-01
2.479955200059880405e-01
3.025417953526626791e-01
3.693571215332276947e-01
4.103187058455311509e-01
4.018897588151466027e-01
3.930289625820483912e-01
4.006159161725501572e-01
4.538206751584103471e-01
5.563235605486891444e-01
6.692240060164784676e-01
8.170317002459021039e-01
9.969627067144766208e-01
1.157431516955454542e+00
1.285748521674854761e+00
1.397571405372628250e+00
1.453022812078524240e+00
1.461546021159860764e+00
1.476559933438328365e+00
1.451844654427352443e+00
1.356569690295513997e+00
1.263706152377735981e+00
1.174914833983260687e+00
1.058787030527711837e+00
9.884655510666465750e-01
9.211709372571222909e-01
8.908452077215850418e-01
8.935980036257212822e-01
8.637159480600973271e-01
8.335647542880378902e-01
8.383901678564854576e-01
8.407931913918020861e-01
8.753704398590704816e-01
8.908248432147853890e-01
9.111388663887666217e-01
9.309981012058407002e-01
9.509344953719968130e-01
9.623226907253309426e-01
9.798546455537049393e-01
9.863135421088462529e-01
1.007783056541339706e+00
1.006465960093717360e+00
1.001351694625738808e+00
9.924808524518616837e-01
9.717293218285870671e-01
9.445302855695744126e-01
9.276509045182845803e-01
9.166953977321145031e-01
9.059195966353015272e-01
8.884063101413705033e-01
8.708926842389363987e-01
8.699163307453193772e-01
8.721255084500590948e-01
8.784833344251450349e-01
9.114595684238090412e-01
9.395549333472261733e-01
9.778400981247771240e-01
1.014233411115225802e+00
1.045781305949717632e+00
1.072244282287727613e+00
1.067698525839491985e+00
1.048940020144615737e+00
1.031222966604664393e+00
1.007596023402690832e+00
9.749565343835714382e-01
9.580817892988594542e-01
9.538713910420602016e-01
9.649369112714998309e-01
9.826074296079235770e-01
1.008286664408477362e+00
1.023931159752147657e+00
1.027487170268144290e+00
1.019840392030078702e+00
9.922159244792330135e-01
9.717049785688067765e-01
9.302463647693518523e-01
9.005989835136274380e-01
8.817484511632186495e-01
8.743923995613129829e-01
8.791820199375888212e-01
8.961421420168503849e-01
9.229681981849600092e-01
9.749659808379681492e-01
1.036435308453415693e+00
1.127395137064425734e+00
1.257170097066726555e+00
1.408648573638821899e+00
1.372471268652597498e+00
1.199279511385481722e+00
1.074015873073236982e+00
9.943309654380849683e-01
9.347992664669275698e-01
9.122802300099325246e-01
9.121272840782456148e-01
9.027104364365923228e-01
9.267741288861333082e-01
9.348650687960831096e-01
9.610703751813973739e-01
9.811238273209063054e-01
9.952084466215485037e-01
1.011618284857787264e+00
1.025937535616313179e+00
1.030800293508666199e+00
1.027099720639585323e+00
1.018913620030968081e+00
1.014153024498328781e+00
1.005342024849650517e+00
1.006213635669250150e+00
1.009568913010096214e+00
1.002048155565236076e+00
1.004030346723345568e+00
9.999638943106163858e-01
1.001920364335902702e+00
9.998039740811720533e-01
1.000390891154113504e+00
9.945301385151003037e-01
9.881463200567885963e-01
9.746532789021900012e-01
9.666348082159416100e-01
9.682853707469820659e-01
9.699455741882950788e-01
9.766340160452552377e-01
9.890402421668648136e-01
9.962541109807876438e-01
1.007988515266764695e+00
1.023041577095900045e+00
1.025635435950207563e+00
1.027515370544014095e+00
1.028144209365778661e+00
1.031472972337886151e+00
1.031572392108383251e+00
1.026425488323982504e+00
1.025007081013299848e+00
1.024716364618978748e+00
1.023847994521383642e+00
1.018578736093212811e+00
1.019576993740541226e+00
1.018731032261662506e+00
1.017279405990119567e+00
1.019634326450934658e+00
1.015974777599773171e+00
1.012863479014576074e+00
1.010412482499096765e+00
1.005552065328238154e+00
1.006313915289183125e+00
9.995481890829114313e-01
1.005087850827873774e+00
1.000230710281870605e+00
9.995224277843332006e-01
1.001404945875173258e+00
1.004827533277879326e+00
1.007254496398740651e+00
1.006559333743336282e+00
1.013871530224270012e+00
1.022831547925718398e+00
1.026914264334088722e+00
1.033047409820727180e+00
1.033574169283323796e+00
1.037100560097300006e+00
1.037507950686424651e+00
1.034968004371519479e+00
1.028239198416302624e+00
1.020646119901312376e+00
1.013828145922193169e+00
1.008870980810470552e+00
1.001996914235154579e+00
1.001687413886756195e+00
9.966726257925229149e-01
9.937956387466793107e-01
9.947642031506036542e-01
9.935623639968780285e-01
1.003856174162502946e+00
1.003281466067736938e+00
1.007511538357465097e+00
1.008834800253359809e+00
1.009084513103095437e+00
1.008671371764904734e+00
1.005128635423439665e+00
1.003163248753440318e+00
9.984334559597198844e-01
1.001743463321840721e+00
1.005507023613459561e+00
1.005999267648616913e+00
1.011922161617979654e+00
1.013912383034350384e+00
1.015418411115192043e+00
1.014517108452955396e+00
1.016754794816288276e+00
1.013907592611082986e+00
1.013008554377114567e+00
1.008480431850274028e+00
1.003045681685521773e+00
1.000988475092652763e+00
1.001182554395915192e+00
1.004923075364337448e+00
1.003206551467758390e+00
1.009649452332995967e+00
1.014027128699504177e+00
1.010314255200922995e+00
1.008538463296991372e+00
1.002976093809410107e+00
9.996019952702388522e-01
9.929963366437010164e-01
9.865260913989724045e-01
9.885341916470371526e-01
9.868245458413579252e-01
9.866798921062469585e-01
9.860678738637796981e-01
9.849028123451717409e-01
9.865780794430598633e-01
9.862901259455475467e-01
9.895999305220930520e-01
9.854777411355690742e-01
9.779513498318056497e-01
9.756737465266234199e-01
9.799811228033197263e-01
9.825128175861859159e-01
9.836778497977002322e-01
9.902253810197551021e-01
9.939243484881621349e-01
9.969759479452484641e-01
9.966409278431446195e-01
1.000155863220872243e+00
1.000072949375186759e+00
9.995911999640023637e-01
9.972240058334785884e-01
9.967964179090703647e-01
9.957804094126507799e-01
9.953974345181200167e-01
9.953643280666151227e-01
9.942503693818690591e-01
9.932559583770406153e-01
9.888038560325264070e-01
9.719917640514255108e-01
9.610278478421105941e-01
9.439711286640934951e-01
9.321332313426015093e-01
9.274981633389671742e-01
9.198995960958010754e-01
9.090681956661531560e-01
9.066021408074871335e-01
8.958518561827304438e-01
8.891293543970203439e-01
8.806884965651302632e-01
8.670520252720587129e-01
8.587324951884219848e-01
8.459597353766196148e-01
