0.000000000000000000e+00
0.000000000000000000e+00
0.000000000000000000e+00
0.000000000000000000e+00
0.000000000000000000e+00
0.000000000000000000e+00
0.000000000000000000e+00
0.000000000000000000e+00
0.000000000000000000e+00
0.000000000000000000e+00
0.000000000000000000e+00
0.000000000000000000e+00
0.000000000000000000e+00
0.000000000000000000e+00
0.000000000000000000e+00
0.000000000000000000e+00
0.000000000000000000e+00
0.000000000000000000e+00
0.000000000000000000e+00
0.000000000000000000e+00
1.419480208836752927e-05
3.875460363128655633e-02
1.022648340549644264e+00
3.249784871999183089e+00
3.142674838577551366e+00
1.711650154096716392e+00
7.549963402752324360e-01
3.436668812966083841e-01
1.769912827285181345e-01
2.399279168438267773e-01
9.192503685257811252e-01
1.777608556992547495e+00
1.841590532381185863e+00
1.371430748961438351e+00
9.262853480456318955e-01
6.909566119930238282e-01
6.250814133709753362e-01
6.471916123827419209e-01
7.203289064810998177e-01
8.148525835584395915e-01
9.062472994926109582e-01
9.941214342444290031e-01
1.065185801823599121e+00
1.118675814902188925e+00
1.157511408995594238e+00
1.175704967272872992e+00
1.175096408533018444e+00
1.162858173880473966e+00
1.146196198696921575e+00
1.111587217873567068e+00
1.080681442535326164e+00
1.052545042244450668e+00
1.023741094947826946e+00
1.002624031370761060e+00
9.819173804936381922e-01
9.667958583444917764e-01
9.562787916292618817e-01
9.472736342811716170e-01
9.419603417844772952e-01
9.407417267895945567e-01
9.415562329978597322e-01
9.430653854863604302e-01
9.487346671057612646e-01
9.582014459414993635e-01
9.675503398497341534e-01
9.745245077224227170e-01
9.821652963390063995e-01
9.874399837081080378e-01
9.930304182742838437e-01
9.985138900311388843e-01
1.004670569024834315e+00
1.013845627530813198e+00
1.020788321708519852e+00
1.027232234205091688e+00
1.031907948053641055e+00
1.034450037052397908e+00
1.036668512171980527e+00
1.039765856902558960e+00
1.038726484399034256e+00
1.036435822190568734e+00
1.031483986263354469e+00
1.024452211697774340e+00
1.016647088266919186e+00
1.006018777555287569e+00
9.945086788885187934e-01
9.846102714721630678e-01
9.790317405526920425e-01
9.758233016982330588e-01
9.759020459627867350e-01
9.736942325359705386e-01
9.767964216732946126e-01
9.794392084061102066e-01
9.824143237084411728e-01
9.906529315721679385e-01
9.950575316802237058e-01
1.000084546310623823e+00
1.003588532119362942e+00
1.004638390503426404e+00
1.001455859148767225e+00
1.000781283650129971e+00
1.003891816912137802e+00
1.005835325449750517e+00
1.009838945094609697e+00
1.011656635378787028e+00
1.010889319144116616e+00
1.007002070627376789e+00
1.004065584186599525e+00
1.000533334969454513e+00
9.972591538862415339e-01
9.970243330964831951e-01
9.999329977478899067e-01
9.968912780142211716e-01
9.923514588365262012e-01
9.864401179509214579e-01
9.797064712117483642e-01
9.755367140824356964e-01
9.773904509091033699e-01
9.905605614091140820e-01
1.017930108046632531e+00
1.066948140031974690e+00
1.065885855851121278e+00
1.009518257894663096e+00
9.813211531710319679e-01
9.689279887638320155e-01
9.667933349493298412e-01
9.713009563047138029e-01
9.789812618420846713e-01
9.863659276683416355e-01
9.935222823072620280e-01
9.955178604551048194e-01
9.964792277108212026e-01
9.964164711285381504e-01
9.997262429034222686e-01
9.998475387827195915e-01
1.002842881324049085e+00
1.004972426032158195e+00
1.006992992769721429e+00
1.007332614093323420e+00
1.007481264836362911e+00
1.007963646490147580e+00
1.009922834395462932e+00
1.011795285655440857e+00
1.010381346603083319e+00
1.006924522260370214e+00
9.997332450264561077e-01
9.927315107848386777e-01
9.864779354709478643e-01
9.842314850947849747e-01
9.832951617369256603e-01
9.862712375535452880e-01
9.904221980395719882e-01
9.915234297495650884e-01
9.940466969965964239e-01
9.949287746211039618e-01
9.974759948620924854e-01
1.000764658151862108e+00
1.004220365315534380e+00
1.007693346110724919e+00
1.010370824153371760e+00
1.012609685746587607e+00
1.013395417593194292e+00
1.011699754672029661e+00
1.009124568167213187e+00
1.006737821958882950e+00
1.003156491589514587e+00
1.000528990131487550e+00
9.980138679016534731e-01
9.971358707701736268e-01
9.943264911546322304e-01
9.942862506971680281e-01
9.931783829838237709e-01
9.940345362717539768e-01
9.943305272054844268e-01
9.937834305983688221e-01
9.952487763008156518e-01
9.951018087755230113e-01
9.960754209408030357e-01
9.965015294587918904e-01
9.982969345399139716e-01
9.988050668910232188e-01
1.001333719803340960e+00
1.002343738950413288e+00
1.002388026500755647e+00
1.001547685040089286e+00
1.002556299457284528e+00
1.003039908789349566e+00
1.003602192573184393e+00
1.003806087638762223e+00
1.003112774205696445e+00
1.002161821467211444e+00
1.001464372165133287e+00
1.001667360369296045e+00
1.001107659156157625e+00
1.000212624644766679e+00
1.000922350942810901e+00
1.000929264682252517e+00
1.000531877664518232e+00
1.000029246976272601e+00
1.000005780314049852e+00
9.996859253985352911e-01
9.987502272037442896e-01
9.984859460406562137e-01
9.981521152928342078e-01
9.970968550906652572e-01
9.964554459522809715e-01
9.962418392978225068e-01
9.966001568323881177e-01
9.971505859464798727e-01
9.964027988473354025e-01
9.972072716727595765e-01
9.968340293997085544e-01
9.978253696329123512e-01
9.989251846224078690e-01
9.991661220707648283e-01
1.000614701922767802e+00
1.001815484661027211e+00
1.002421641988751944e+00
1.002935602233992807e+00
1.003031383580081259e+00
1.002975680451412499e+00
1.001174448326155764e+00
1.000524959431857486e+00
9.982795407384316144e-01
9.973159219329338354e-01
9.959006812163269107e-01
9.952821688330670824e-01
9.954130910537447585e-01
9.957142212746535881e-01
9.962110248513308397e-01
9.965970355074157405e-01
9.986990551412787687e-01
9.992790991979331183e-01
1.001228917453995448e+00
1.001091678840071886e+00
1.002395009014575677e+00
1.001907212619367549e+00
1.002115485068930445e+00
1.001596223599517721e+00
1.001381354818962288e+00
9.998108818771086481e-01
9.985821650905463143e-01
9.991699790749921650e-01
9.982702641709519931e-01
9.985289587317017768e-01
9.988617168025685222e-01
9.994608382333588503e-01
9.999168281533615810e-01
1.000441046049471039e+00
1.001101177179915647e+00
1.000928914926649149e+00
1.001260055543756522e+00
1.001968019550038891e+00
1.001299908545302708e+00
1.000774452663673930e+00
1.001041661900340607e+00
1.001179345962803779e+00
1.000734345798586444e+00
1.000863363957391616e+00
1.000390947541713427e+00
9.994170862604330186e-01
9.994316146470640927e-01
9.989093160577552366e-01
9.989919930806336890e-01
9.989836311886207687e-01
9.987401917891104430e-01
9.934006540089187487e-01
9.825227421838909070e-01
9.726959617665071889e-01
9.615799236933531002e-01
9.514890792511268014e-01
9.406777357117562799e-01
9.299521325165073238e-01
9.192958315054876595e-01
9.092687582514477063e-01
8.986163468472017080e-01
8.880715610040524899e-01
8.779062891649753730e-01
8.672738074254146001e-01
8.564195734682387151e-01
8.455055745614872276e-01
