0.000000000000000000e+00
0.000000000000000000e+00
0.000000000000000000e+00
0.000000000000000000e+00
0.000000000000000000e+00
0.000000000000000000e+00
0.000000000000000000e+00
0.000000000000000000e+00
0.000000000000000000e+00
0.000000000000000000e+00
0.000000000000000000e+00
0.000000000000000000e+00
0.000000000000000000e+00
0.000000000000000000e+00
0.000000000000000000e+00
0.000000000000000000e+00
0.000000000000000000e+00
0.000000000000000000e+00
0.000000000000000000e+00
0.000000000000000000e+00
0.000000000000000000e+00
0.000000000000000000e+00
0.000000000000000000e+00
0.000000000000000000e+00
0.000000000000000000e+00
2.332202655901603056e-02
8.647081039380868361e-01
2.843413633335049262e+00
3.345223940220781955e+00
2.088300051121710244e+00
1.023682952354711961e+00
5.037443635095331107e-01
2.710109045823493878e-01
2.387452024821132834e-01
2.436885507079759872e-01
2.381760420436327685e-01
2.679947730775565362e-01
2.696211625005004442e-01
3.035464757201846164e-01
3.041670722059278686e-01
3.371062563183905292e-01
4.094851843563421800e-01
5.265357767880798345e-01
7.253605315506695961e-01
9.790555651258601166e-01
1.164513326118779446e+00
1.366019318181533659e+00
1.492005404027052951e+00
1.600900707427889813e+00
1.682337074183955394e+00
1.763316695512762822e+00
1.850852833896847738e+00
1.791335036287070137e+00
1.632036660766126968e+00
1.502072403312993965e+00
1.339697462256092875e+00
1.176290746017206290e+00
1.046475889103612111e+00
9.737015608005629153e-01
9.116131813949303053e-01
9.176423864976613887e-01
9.271407233245796409e-01
9.358905990876728032e-01
9.756061423283417522e-01
9.671573698574319478e-01
9.695171113822508291e-01
1.015322075534128787e+00
1.011534820017031100e+00
1.056158828835822572e+00
1.058299352173221353e+00
1.079732147358038574e+00
1.075940008738633491e+00
1.078930778151452108e+00
1.103818500240384415e+00
1.108998888433199381e+00
1.104427247050157046e+00
1.079091520497291956e+00
1.066152713135237962e+00
1.062026005029184317e+00
1.052081346609939461e+00
1.036249189189767383e+00
1.013921478258607900e+00
1.005000747849051468e+00
1.004636574412751893e+00
9.935607129523837955e-01
1.001323906644816519e+00
1.030083107089571515e+00
1.026069586754417173e+00
1.016079734479423236e+00
1.021905294694200883e+00
1.031850472717807499e+00
1.015763681604681778e+00
1.027892844626469904e+00
1.034291992754448719e+00
1.051367172474935829e+00
1.047064541889360267e+00
1.022213799969603709e+00
1.046696025562104726e+00
1.035321613472415914e+00
1.030892443275536641e+00
1.029062910761100902e+00
1.017782377954323580e+00
1.033323954576892856e+00
1.020359672228006387e+00
1.019036365831368141e+00
1.015763854411394274e+00
1.008245932863494954e+00
1.004895628053042334e+00
1.022427391576536282e+00
1.028294408140981941e+00
1.016600527091133133e+00
1.015014800878848877e+00
1.026411216381795111e+00
1.025229067956668461e+00
1.027743765966847356e+00
1.028597918895296282e+00
1.022930917804063311e+00
1.025870385811496144e+00
1.026307614205648422e+00
1.029923627669285802e+00
1.022518400604076172e+00
1.032683460713835544e+00
1.020944279505140218e+00
1.018774511874361188e+00
1.026896598089626744e+00
1.033265469822063576e+00
1.019718316024446958e+00
1.025482998944396096e+00
1.024812787890589716e+00
1.009797462379576460e+00
1.021695179268628628e+00
1.016547065405456030e+00
1.020527517745192458e+00
1.017888783115362239e+00
1.023975573332142286e+00
1.021787699460607657e+00
1.015018327671788123e+00
1.028647868822242906e+00
1.015729036843134203e+00
1.014237098892797118e+00
1.022265615146215501e+00
1.018280945158414053e+00
1.016672959658168063e+00
1.012180205705883962e+00
1.017176846604449514e+00
1.010403830667315983e+00
1.015889175739320693e+00
1.024292875835244976e+00
1.012265646299224775e+00
1.019182719443862073e+00
1.012742086635644467e+00
1.021691661394177331e+00
1.013255528164539676e+00
1.014527517507800791e+00
1.007895285816734043e+00
1.014286767283600010e+00
1.022690905132360495e+00
1.013252272035654267e+00
1.019097628247869869e+00
1.014228493381063245e+00
1.002170957150827491e+00
1.004123396819851299e+00
1.009981953938543064e+00
1.009160604467558509e+00
1.009934161599856495e+00
1.006079370586816513e+00
1.011348569433635491e+00
1.006090857752043100e+00
1.016586736123009649e+00
1.011520394659781719e+00
1.008891559357317114e+00
1.012580357116132035e+00
1.005404761046312823e+00
1.004554545121615794e+00
1.011396651484544718e+00
1.005941134557631678e+00
1.016801148529466792e+00
1.013801885443221362e+00
1.002855254632776694e+00
1.011499540514764872e+00
1.012062625076651345e+00
1.006396400916094169e+00
1.007679275896465665e+00
1.011804947348080574e+00
1.008270603792424946e+00
1.009985616043574508e+00
1.009546605879195980e+00
1.010095690307288407e+00
1.002535318157584454e+00
1.003879689665852393e+00
1.002683312504544455e+00
1.006198767802926941e+00
9.996599089113135106e-01
1.003318752070753161e+00
1.008689911677955076e+00
1.009792472253224549e+00
9.961170573294705344e-01
1.003718429855131822e+00
1.007518005716236731e+00
1.000364492653174286e+00
1.005331565036305497e+00
1.016153449748805171e+00
9.952608222357112178e-01
9.959809127082641655e-01
9.953191929960963913e-01
1.002556547307038359e+00
9.973165813610139763e-01
1.001144708854052823e+00
9.989320790434639274e-01
1.001728653717750772e+00
9.958719631865978750e-01
9.927461676180718841e-01
1.001812345553709349e+00
9.969147633215452720e-01
9.993461529870050208e-01
9.964456164101571645e-01
9.982701161177639504e-01
9.985648632747566866e-01
9.981192727695193945e-01
9.948288767754394080e-01
9.947302143082431547e-01
9.909237642216814912e-01
1.001661244616580015e+00
9.932682970881822060e-01
1.000183542034550399e+00
9.984945660773288933e-01
1.001325004101339955e+00
1.002890698618053023e+00
9.931723534722514124e-01
9.965750300466283962e-01
9.890591174303965394e-01
9.946380033784704144e-01
1.002026730289830914e+00
9.891559438434995855e-01
9.929321316835245659e-01
9.997437370009536473e-01
9.973564503737919473e-01
9.930483199406225925e-01
9.983611571566592957e-01
9.979942741214274937e-01
9.928640664863022103e-01
9.985294691461943373e-01
9.937261305641151843e-01
9.937069378615458470e-01
9.973458225239196784e-01
9.984457055829288885e-01
9.958459133915933403e-01
9.965788842218656907e-01
9.943424933527015286e-01
9.965933164229200392e-01
9.954899700567598764e-01
9.945688683065619928e-01
9.869219956829177187e-01
1.000411091510754247e+00
9.927307373768589072e-01
9.882002629923007930e-01
9.936723579718713673e-01
9.933222391971253673e-01
9.873881528445085376e-01
9.990289637165946646e-01
9.929370895302785938e-01
9.892022333169123716e-01
9.868543124287872947e-01
9.940986329416727774e-01
9.866183029328945420e-01
9.864407008057926030e-01
9.878852986801035518e-01
9.909424432480987699e-01
9.901937446468582760e-01
9.912920282941616312e-01
9.844456812317027294e-01
9.897799042255261970e-01
9.931638759544919592e-01
9.863097441079669014e-01
9.891920389051153117e-01
9.921492937230991238e-01
9.897323785813195718e-01
9.902800132015319168e-01
9.900132809482912188e-01
9.827530078524280288e-01
