0.000000000000000000e+00
0.000000000000000000e+00
0.000000000000000000e+00
0.000000000000000000e+00
0.000000000000000000e+00
0.000000000000000000e+00
0.000000000000000000e+00
0.000000000000000000e+00
0.000000000000000000e+00
0.000000000000000000e+00
0.000000000000000000e+00
0.000000000000000000e+00
0.000000000000000000e+00
0.000000000000000000e+00
0.000000000000000000e+00
0.000000000000000000e+00
0.000000000000000000e+00
0.000000000000000000e+00
0.000000000000000000e+00
0.000000000000000000e+00
2.697198106356210788e-05
3.445302140679402936e-02
1.030648004294133502e+00
3.380824184811368927e+00
3.320013464308627427e+00
1.823625080635863815e+00
8.242835684225433557e-01
3.708758052000765137e-01
1.913417967798081154e-01
2.213291546182258041e-01
8.387143762266516811e-01
1.739657280403810180e+00
1.896543781680505969e+00
1.449146335294359433e+00
9.690039245776872479e-01
6.739797801849354286e-01
5.527041738618951872e-01
5.413489965830378114e-01
5.930742539645759148e-01
6.819459693636649167e-01
7.897186628127671471e-01
9.019974437344392415e-01
1.005289000346375916e+00
1.095372731029957025e+00
1.170649778459915025e+00
1.217375605411170403e+00
1.251237584524686142e+00
1.252552703960767788e+00
1.232826901352735316e+00
1.195622145251773016e+00
1.148871519909347327e+00
1.097977299299781384e+00
1.052740428617325197e+00
1.012045368310716897e+00
9.805337347356970490e-01
9.591914265040935028e-01
9.414010434412029005e-01
9.254247956374364037e-01
9.209638585148820500e-01
9.152555500905397157e-01
9.150531412712052948e-01
9.191416945480711531e-01
9.317582730931562862e-01
9.431425109416683439e-01
9.594514430532384841e-01
9.728615509777912562e-01
9.887229908528869515e-01
9.997005572465573753e-01
1.006900054053078586e+00
1.017939086613119715e+00
1.023369007639932216e+00
1.024273315776806248e+00
1.026704899813235539e+00
1.027212538590903668e+00
1.025140452540146185e+00
1.017791927477870173e+00
1.014041485842190449e+00
1.009222420479849003e+00
1.005384602559436846e+00
1.002032004662007258e+00
9.993263392601846595e-01
9.996816800466300501e-01
9.968789130705457691e-01
9.997537583358088176e-01
9.980980612847801803e-01
9.971330640932416500e-01
9.995620119570262085e-01
9.989186707905993723e-01
1.002020418411979863e+00
9.995883175598394565e-01
9.999030184281424427e-01
9.990032763998245580e-01
9.978157274250427644e-01
9.941801938552106144e-01
9.979682155502167529e-01
9.979136609601945151e-01
9.964160984223482398e-01
9.968938821583375187e-01
9.979274380573903702e-01
9.969013378676838677e-01
9.979870783803322931e-01
9.961924297580322385e-01
9.959264670653513729e-01
9.985625823062355133e-01
9.997159941984175013e-01
1.000647566634046415e+00
1.001538539579349241e+00
1.002122965205542116e+00
1.002525693006655727e+00
1.001896144514034193e+00
1.001446597524628279e+00
1.001702769685182570e+00
1.002071813074379980e+00
1.001346157971423345e+00
1.002007635999692559e+00
1.001072933561829137e+00
1.000936913156722730e+00
9.991836647550413897e-01
1.000220709939203312e+00
1.000468999118567570e+00
1.000135758481464743e+00
9.993315669087317055e-01
9.986769401336659246e-01
9.989303755504217452e-01
9.994006026156253553e-01
9.994179453678430081e-01
9.992121789204017057e-01
9.991632870075506379e-01
9.989978342336975903e-01
1.000142726102356328e+00
9.991064541173592106e-01
9.985551078711012440e-01
9.995829189362148703e-01
9.998479658272980686e-01
1.000523059628562583e+00
9.999627966829460757e-01
1.000167329901549218e+00
9.995537098970415091e-01
1.001671049486897891e+00
1.000291071376425256e+00
1.000357082912584739e+00
9.999205156249789672e-01
1.000670598508994757e+00
1.000425781331453434e+00
9.997423645289438277e-01
1.000272246184988889e+00
1.001465796701346722e+00
1.000998035585616064e+00
9.996470020526320166e-01
9.991849115751115784e-01
1.000449790543011419e+00
1.001799445989947301e+00
1.000372503160914528e+00
1.000670315339311056e+00
9.993900450169812544e-01
9.997369690678437060e-01
9.998069782232553715e-01
9.992238484752958838e-01
9.991977339340043507e-01
9.982574420238227164e-01
9.999567598398595436e-01
9.991044662261189258e-01
9.995995378209211468e-01
1.000249265853218050e+00
9.996207362283836551e-01
1.000593761673708393e+00
1.000360698724958697e+00
1.000978902776265222e+00
1.001285949331480074e+00
1.000646859309136216e+00
1.000085798680416360e+00
9.995518105034378875e-01
9.995273658236150105e-01
1.000494600586722571e+00
1.001562153133451316e+00
1.000785870092544938e+00
1.000339999055608775e+00
9.993671338721016317e-01
1.000008005936490862e+00
1.000137579121189502e+00
1.000754417063187907e+00
1.000216814702927781e+00
1.000035570853480937e+00
1.000681804867110447e+00
9.994019205984024934e-01
9.996164148735482424e-01
1.000412487400066386e+00
1.000471466748533711e+00
9.993676080011946183e-01
9.991894954058383460e-01
9.998682440002402139e-01
9.995720599759064795e-01
9.996166500538158362e-01
1.000118920150531165e+00
1.000783752667107951e+00
1.000993631017246255e+00
1.000221606721400036e+00
1.000079856435712955e+00
9.992545648462046737e-01
1.000353074302984480e+00
1.000470265871543640e+00
9.992331075284324182e-01
1.000709225299402538e+00
1.000440421208303565e+00
9.999627248487950038e-01
1.001410564272018355e+00
1.000883545417245335e+00
9.997149646457418326e-01
1.000336356060958165e+00
9.995579062138651993e-01
9.997676793340277701e-01
1.000272833662072758e+00
1.000452475481496517e+00
9.993233606231698429e-01
9.990823850203051082e-01
1.000423859693835960e+00
1.000372850711566786e+00
9.995076287585545893e-01
9.998373349335459848e-01
9.995043232588869397e-01
9.997279968007853901e-01
1.000582203117137858e+00
1.000380605428276226e+00
1.000754078748971487e+00
1.001096708648117284e+00
1.000219943122463206e+00
9.998559155187605185e-01
1.000251139519557908e+00
9.997184809697804431e-01
1.000183391213494533e+00
1.000125684141029980e+00
9.998509654719047735e-01
1.000192111716738497e+00
1.000438124345386814e+00
1.000178541571013158e+00
9.994820019174515124e-01
9.998867948354527302e-01
1.000185411799606960e+00
9.999131012085907821e-01
9.999352695991547968e-01
1.000032243430253986e+00
1.000754423857133313e+00
1.000054173614288056e+00
1.000335572266395801e+00
9.990928211687577498e-01
1.000669375456803900e+00
1.000424477757085651e+00
1.000033221493806801e+00
1.000724548213024256e+00
1.000410504171607595e+00
1.000128999270991415e+00
1.000106377992463491e+00
9.994826297771057799e-01
9.998582460279117345e-01
1.000121826920703727e+00
1.000059742395652762e+00
1.000129323985360363e+00
1.000309907967165346e+00
1.000042584936164269e+00
9.999238183617614739e-01
1.000062232437066490e+00
9.996686653130880673e-01
9.999486676879383307e-01
1.000662039979572926e+00
1.000099905126591526e+00
9.994101445013284790e-01
1.000023864609287161e+00
9.996269575125282802e-01
9.999738164093113779e-01
9.998922160053690389e-01
9.996746203400402875e-01
1.000355668850076096e+00
1.000538801165117508e+00
1.000516296376399605e+00
1.000342295970913176e+00
9.998055207897827978e-01
9.998152289322427277e-01
1.000266330012182792e+00
1.000298988751489260e+00
1.000416797762527343e+00
