0.000000000000000000e+00
0.000000000000000000e+00
0.000000000000000000e+00
0.000000000000000000e+00
0.000000000000000000e+00
0.000000000000000000e+00
0.000000000000000000e+00
0.000000000000000000e+00
0.000000000000000000e+00
0.000000000000000000e+00
0.000000000000000000e+00
0.000000000000000000e+00
0.000000000000000000e+00
0.000000000000000000e+00
0.000000000000000000e+00
0.000000000000000000e+00
0.000000000000000000e+00
0.000000000000000000e+00
0.000000000000000000e+00
0.000000000000000000e+00
0.000000000000000000e+00
0.000000000000000000e+00
0.000000000000000000e+00
0.000000000000000000e+00
0.000000000000000000e+00
0.000000000000000000e+00
1.869553749881989330e-02
4.392283909327072688e-01
1.425663902664670468e+00
1.780237093969613271e+00
1.323874619756227000e+00
7.793648407448742210e-01
4.418958791237067030e-01
2.632346940068059915e-01
2.217227658898126841e-01
2.239931570228937407e-01
2.473679341353328121e-01
2.385533235143143249e-01
2.316374318478702787e-01
2.406745188776351352e-01
2.189313108622419624e-01
2.572998702897790757e-01
3.194788209058800343e-01
4.208396884717765518e-01
5.466816061436278185e-01
7.033528926201386700e-01
8.987143293684586309e-01
1.082411682111939388e+00
1.201785180961683075e+00
1.356012728309470727e+00
1.449835934908213053e+00
1.555713953843133268e+00
1.627303911550509019e+00
1.667723002067362348e+00
1.575490025616381295e+00
1.469781036539166585e+00
1.322169932741972032e+00
1.195968695369922452e+00
1.094231995536861568e+00
9.800574694575404644e-01
9.515188179579456840e-01
8.980885633506497934e-01
9.137825211489587485e-01
9.130719263302009558e-01
9.116464789248039935e-01
9.343642413336936681e-01
9.336479160705303260e-01
9.210287837320115800e-01
9.463849339953612771e-01
9.817324224812812306e-01
9.855187610196926018e-01
1.013871952323330383e+00
1.039684126951668119e+00
1.035164013507548164e+00
1.028853157221694126e+00
1.043816986569591876e+00
1.044304694954764079e+00
1.053161311142123635e+00
1.053555207062189414e+00
1.030444218614363638e+00
1.025671553502857991e+00
1.018740176421149002e+00
1.005965419244108094e+00
1.014403960545595451e+00
9.895190636718271815e-01
9.957020386349860752e-01
9.926461081541831932e-01
9.832916910971515323e-01
9.941342947944190600e-01
9.890116889801946476e-01
1.010398239460253533e+00
1.005845587790491269e+00
1.017206864564201174e+00
1.009461877545775099e+00
1.021585895691211610e+00
1.029961488129630398e+00
1.011117912167819988e+00
1.013762388227053890e+00
1.017913863614860581e+00
1.008431003118376523e+00
1.039553852450775251e+00
1.023060320017477265e+00
1.025562047059735082e+00
1.019940704129922437e+00
1.024559960131489200e+00
1.011009140914859605e+00
1.013055776119146323e+00
1.020948956353299408e+00
1.029434397215263308e+00
1.013127597777839339e+00
1.016059768087957726e+00
1.011167342724237139e+00
9.972658246753832723e-01
1.015035332375577193e+00
1.006950154462199265e+00
1.021335643294948081e+00
1.007500726188737872e+00
1.015531976561251604e+00
1.026882426393773473e+00
1.039293447153608385e+00
1.025370304001784971e+00
1.024616496443693903e+00
1.026811125221744447e+00
1.017397502660448483e+00
1.010819251953485320e+00
1.009654399053063090e+00
1.016277984130842471e+00
1.004886943703648505e+00
9.953473865296906808e-01
1.000858526219233768e+00
1.009212630026343094e+00
1.003896453611756723e+00
1.001486128306181778e+00
1.005625362312715598e+00
1.010539254529372766e+00
1.009836034777376046e+00
1.009089551035419863e+00
1.005502500420500711e+00
1.001169501300886111e+00
9.984689107068305258e-01
9.910626979033033690e-01
1.003268065158862354e+00
1.005174030954221198e+00
9.957956953948351453e-01
9.974470097076918451e-01
1.002821215059716220e+00
1.003283904377981983e+00
1.013080399643835783e+00
1.004753800249134077e+00
9.952336154244201261e-01
9.995585603158968491e-01
1.001051980599380276e+00
9.962950441527586021e-01
9.906857177542264248e-01
9.915708168278067891e-01
9.927589813129348295e-01
9.930194243287964184e-01
1.004470456936704892e+00
1.004772298068128622e+00
9.960529943699005795e-01
1.002464565749794367e+00
9.984758050177734434e-01
9.980995531192978776e-01
9.934489798406264116e-01
1.006879562560313746e+00
9.928858115765502035e-01
9.949368913866692976e-01
1.000387363015357245e+00
9.952197664161143154e-01
9.949911091763561366e-01
1.000117244011026418e+00
9.988605165779494977e-01
9.938285073058450436e-01
9.947706783081761150e-01
9.938558894315807635e-01
9.986819165204876558e-01
9.966632537410786696e-01
9.994480411103017214e-01
1.004088983865029094e+00
9.906879865661186724e-01
1.005317440358175718e+00
9.939193169085509538e-01
9.867679408666953922e-01
9.979848061750185018e-01
9.961222154714060029e-01
9.887257776693704203e-01
9.969763956451981324e-01
9.946992561258365395e-01
1.003553822328030254e+00
9.875061960512566683e-01
1.008009890246134521e+00
9.997492023398748540e-01
1.003367532141091090e+00
9.888926060782868843e-01
9.992891888002769507e-01
9.991268851262536943e-01
9.957136228210787809e-01
9.910117608548615342e-01
9.934461685522949503e-01
9.956854976762700149e-01
1.001703629829914455e+00
9.944020784620613007e-01
9.946266297069418227e-01
1.002117139596243156e+00
9.938828790674901770e-01
1.001977497932611039e+00
9.896181207551677517e-01
1.002733229900087064e+00
9.992513746889793991e-01
9.954781524003248894e-01
9.929186563554449618e-01
9.957298438861104106e-01
9.949863803536173057e-01
9.951648518640325847e-01
9.896486455659969650e-01
9.992144937990737885e-01
9.948720125291469207e-01
9.911383596578319244e-01
9.994722449453095070e-01
9.878915029211492449e-01
1.000732717685439255e+00
9.935396866933904336e-01
9.941293217464374221e-01
9.924223991962266567e-01
9.906827945902317856e-01
9.856118508641581455e-01
9.941523332994292028e-01
9.925683165155468890e-01
9.899942390894074240e-01
9.919109505447539776e-01
9.819822435527887361e-01
9.921149563304744179e-01
9.927240811328180703e-01
9.894947227767464382e-01
9.894199921430484324e-01
9.907453975107698430e-01
9.940683151155740305e-01
9.908197571310677354e-01
9.917634924193888812e-01
9.910964385014461309e-01
9.881326339300487982e-01
9.893331909093621146e-01
9.968738282350344537e-01
9.925936739133566222e-01
9.893294756989169381e-01
9.902968239912076642e-01
9.869280139545736352e-01
9.908175675160103557e-01
9.889470339209117666e-01
9.913954723555584714e-01
9.954853392508087317e-01
9.948457290756334004e-01
9.865048899307379271e-01
9.943465859308947552e-01
9.889701132079180557e-01
9.915642289492461181e-01
9.956061124388346784e-01
9.956054631416135781e-01
9.923450803504747508e-01
9.890083699951884855e-01
9.889556900898535119e-01
9.900858648379016191e-01
9.946598055543858230e-01
9.914382521532333348e-01
9.877233757715192519e-01
9.927925051677892743e-01
9.916116352244707111e-01
9.938445154227246725e-01
9.933499791312991878e-01
9.972291254244467495e-01
9.930042602519002504e-01
9.946051005976432879e-01
9.928761264801863051e-01
9.897349125703781558e-01
9.820570189711231857e-01
9.923794860261747619e-01
9.922234128146473209e-01
9.879016081684374173e-01
9.920314105886952616e-01
9.908928632508521295e-01
