0.000000000000000000e+00
0.000000000000000000e+00
0.000000000000000000e+00
0.000000000000000000e+00
0.000000000000000000e+00
0.000000000000000000e+00
0.000000000000000000e+00
0.000000000000000000e+00
0.000000000000000000e+00
0.000000000000000000e+00
0.000000000000000000e+00
0.000000000000000000e+00
0.000000000000000000e+00
0.000000000000000000e+00
0.000000000000000000e+00
0.000000000000000000e+00
0.000000000000000000e+00
0.000000000000000000e+00
0.000000000000000000e+00
0.000000000000000000e+00
2.802857206359376461e-05
3.570074111766683572e-02
1.058713402455401242e+00
3.477791259082174680e+00
3.404953089834001023e+00
1.867255243159319678e+00
8.421811899000658519e-01
3.783947282322018268e-01
1.903820498892666579e-01
1.168474447394400456e-01
1.804557873922150169e-01
7.052188532513694597e-01
1.485994296104016454e+00
1.733094500676329863e+00
1.433575881735210666e+00
1.041407500230590699e+00
7.715728129369936461e-01
6.492527374125295347e-01
6.417799181745307280e-01
6.922982723264310412e-01
7.868478038374936423e-01
8.816652040094229426e-01
9.832696007599196486e-01
1.062383289849743173e+00
1.136730037937987214e+00
1.188964864545973388e+00
1.219016744576465028e+00
1.231333750288199802e+00
1.217645328456660181e+00
1.188339446824347778e+00
1.150979933034083746e+00
1.104903219860069896e+00
1.065521872614502152e+00
1.031744830235415744e+00
1.006708567739875493e+00
9.823395708998238218e-01
9.671854132788983982e-01
9.556408365135529159e-01
9.398736931338055323e-01
9.321113343003171181e-01
9.232090115803055497e-01
9.264882036430690526e-01
9.281855810193622158e-01
9.380247058990024422e-01
9.453529924355824621e-01
9.597947086540009609e-01
9.681608584123753136e-01
9.798205393902528204e-01
9.934220297859956972e-01
9.990127257238036185e-01
1.007283447652627340e+00
1.015217848599563988e+00
1.018919235245751231e+00
1.019777976683830856e+00
1.020840258163184577e+00
1.020908906719032005e+00
1.019526223630388140e+00
1.019743026995252322e+00
1.015187552765467682e+00
1.014232396141627746e+00
1.010041593974361884e+00
1.008562619126959214e+00
1.006521537344082784e+00
1.003350620282431382e+00
1.002315304646325123e+00
1.001262890029856800e+00
1.000699202082982575e+00
1.000066840438984972e+00
9.967310221224777722e-01
9.980260461890851920e-01
9.963496893824175249e-01
9.972988392475587993e-01
9.973423029926048455e-01
9.953209735656441959e-01
9.943172490673521935e-01
9.928620215821878370e-01
9.921009444565905833e-01
9.934136615865087894e-01
9.936481822280699427e-01
9.958519802829982615e-01
9.942224495790241701e-01
9.993753289529169193e-01
9.994855092102682415e-01
9.999711991445802139e-01
1.002101723413198808e+00
1.002113470901123682e+00
1.003765850064908705e+00
1.003889781206815934e+00
1.002899468818513329e+00
1.004126613849792182e+00
1.003395253399324005e+00
1.003502936487066011e+00
1.004030527238202852e+00
1.000707047924588533e+00
1.001921496111514598e+00
1.001414459009997815e+00
9.993232543037152693e-01
1.000526289628254295e+00
9.978718243194278914e-01
9.994840627147912882e-01
1.000744633053715527e+00
9.999115142681995749e-01
9.967329462512690696e-01
9.991076513154756311e-01
9.975616930423883977e-01
9.986948242051906233e-01
9.983387990412502244e-01
9.974462466166618135e-01
1.000442094652848724e+00
9.987133549401655541e-01
1.000729487950650753e+00
1.000407160194329848e+00
9.996127994932169081e-01
1.000774745414822586e+00
1.000506591262745770e+00
1.000507642347397974e+00
1.001726360004470351e+00
1.000120577838914837e+00
1.000961495055716632e+00
1.001070047066935809e+00
1.000264539251850771e+00
9.996780661550882519e-01
1.002036938151328771e+00
1.000583344412133258e+00
1.001419959740653676e+00
9.995326089595363284e-01
9.989746639833964048e-01
9.971014178833216279e-01
9.982062715584655299e-01
9.996775334086326348e-01
9.984511542743187418e-01
9.983260139485578000e-01
9.991588763682506258e-01
9.993444891840714828e-01
1.000352275471274810e+00
1.000216755458854356e+00
1.001453325732499788e+00
1.003463691555251280e+00
1.001432321266717329e+00
1.001868359930081720e+00
1.001832691051096180e+00
1.001316028102066991e+00
1.001495952718435722e+00
1.001330519806191033e+00
9.999493879589274048e-01
9.997949355423374485e-01
1.001637644010997530e+00
1.000022360601334315e+00
9.986408536045180417e-01
9.995134578222470978e-01
9.997005044008426822e-01
9.985420756720706503e-01
9.990685789206641410e-01
9.989421079018629968e-01
9.993871456113396778e-01
9.996746765843451676e-01
9.993418659749436772e-01
9.994083417180413820e-01
1.000105196192748291e+00
1.000359981008213772e+00
9.993907776629565864e-01
1.000798234442743295e+00
1.000572769644995086e+00
1.000102078437701270e+00
1.001711808432508066e+00
1.000160403264420461e+00
1.000651098174579534e+00
1.000857052520145007e+00
1.000895561483230223e+00
1.000838400068239986e+00
9.995749637152765432e-01
1.000235563805866201e+00
1.000012717226118619e+00
9.998180537986520733e-01
9.996322845592759965e-01
9.994578681062072922e-01
9.986751774261461989e-01
9.996920731721129494e-01
1.000127374365819222e+00
9.978206939279362642e-01
9.993480742694189622e-01
1.000382580723879977e+00
9.996968218003872142e-01
1.000124891324633225e+00
1.000547436194948681e+00
9.999320688088565445e-01
1.000691328827389759e+00
1.000010603045837776e+00
9.996410501498605994e-01
9.994342237648701222e-01
1.000546123071253568e+00
1.000243159549207395e+00
1.000077290564583166e+00
9.995323776917601766e-01
9.999011614806317949e-01
9.999643569957640254e-01
1.000142012964652549e+00
1.000562526239031858e+00
9.996410118124325894e-01
1.000147082431082968e+00
1.000485656533788736e+00
9.997482826579838777e-01
1.000992119444612971e+00
9.989344201398838718e-01
1.001102036107840876e+00
1.000504729829370776e+00
9.999381105767646272e-01
1.000091848612089995e+00
1.000177694460073319e+00
1.000471852842754084e+00
9.995414318944317866e-01
9.995304355166616528e-01
1.000589976544781878e+00
1.000741273345761684e+00
9.999159090536597905e-01
1.000449070631970194e+00
9.998365469963194085e-01
1.000176383806149483e+00
9.992490980322142891e-01
9.999824389215936637e-01
1.000311030143240965e+00
9.999593972040228262e-01
1.000050185390441770e+00
1.000210025509058465e+00
1.000777270436704169e+00
1.000206323709291745e+00
1.000875522868248213e+00
9.996394809256176073e-01
1.000318514871706421e+00
1.000479671677086069e+00
1.000624640226380091e+00
1.000183838423348126e+00
9.999537108855828249e-01
1.000613152707657161e+00
9.998992298541561352e-01
1.000358780392110125e+00
1.000494046904909951e+00
1.000055969751458829e+00
1.000537208427349167e+00
1.000485755247062070e+00
9.998333328993044278e-01
1.000346553984505116e+00
9.996524144628410324e-01
1.000669139777420114e+00
9.999895591836830411e-01
1.000037688613333975e+00
1.000302653070584968e+00
1.000287881221377129e+00
1.000503004298578746e+00
9.999472816214162174e-01
1.000024554384217446e+00
9.999994406028510641e-01
9.997198080478870708e-01
1.000402410874259962e+00
1.000079349561869169e+00
1.000733574132741888e+00
1.001253607492489150e+00
1.000192464332901432e+00
1.000215311151955611e+00
1.000889776721842317e+00
