0.000000000000000000e+00
0.000000000000000000e+00
0.000000000000000000e+00
0.000000000000000000e+00
0.000000000000000000e+00
0.000000000000000000e+00
0.000000000000000000e+00
0.000000000000000000e+00
0.000000000000000000e+00
0.000000000000000000e+00
0.000000000000000000e+00
0.000000000000000000e+00
0.000000000000000000e+00
0.000000000000000000e+00
0.000000000000000000e+00
0.000000000000000000e+00
0.000000000000000000e+00
0.000000000000000000e+00
0.000000000000000000e+00
0.000000000000000000e+00
5.606757369107949528e-05
3.476436258581849792e-02
1.061586819981078511e+00
3.445477555366141420e+00
3.402191268646205469e+00
1.867802138068490603e+00
8.377408704761335478e-01
3.756296441275248088e-01
1.893295424874524846e-01
1.153257318550651861e-01
1.801473956986136271e-01
7.062525604564588999e-01
1.476967568576142309e+00
1.721773516515830549e+00
1.435624632447681126e+00
1.039843611845863602e+00
7.722382494075714643e-01
6.541746784496772493e-01
6.482747219245196257e-01
6.932578079376948699e-01
7.851049448219461491e-01
8.867689388165163056e-01
9.806866744995382801e-01
1.066472903270311967e+00
1.134085490669839436e+00
1.187450231834942027e+00
1.220742242367023112e+00
1.228116137940916675e+00
1.220722246281566115e+00
1.188478959343338026e+00
1.147682648848504128e+00
1.101448064082092282e+00
1.065066150415921120e+00
1.033056643969969768e+00
1.008911234832977621e+00
9.837771487633043543e-01
9.659479493526976768e-01
9.527537017305462985e-01
9.384200471600412374e-01
9.347711539169613060e-01
9.273791417920883573e-01
9.270251688310019444e-01
9.308439121291365304e-01
9.359023824411275561e-01
9.471943806182311354e-01
9.573229979633722797e-01
9.708457148290926542e-01
9.790382616843533725e-01
9.933407597813500578e-01
9.989571960978291809e-01
1.005422632781453496e+00
1.018419318074021085e+00
1.017537409628425760e+00
1.018890230323176604e+00
1.020705409541016184e+00
1.021803810792901279e+00
1.022732169140224689e+00
1.017833652103419695e+00
1.015598330384201331e+00
1.009484242393804854e+00
1.007938488645956587e+00
1.007668231594542219e+00
1.008436662704237596e+00
1.003760550868627810e+00
1.003041543279204362e+00
1.001762008201750209e+00
1.000679154446808106e+00
9.983599401382959870e-01
9.990454146428429105e-01
9.951256126772133337e-01
9.974429671615910875e-01
9.974703956596046028e-01
9.970514840358725150e-01
9.949819549357363790e-01
9.946817740087126047e-01
9.952096422473328818e-01
9.947632194958148100e-01
9.946918788155244551e-01
9.912110065127074376e-01
9.946114506116588982e-01
9.946303570832226715e-01
9.964639470214695649e-01
9.983020957362288561e-01
9.985623017252379663e-01
1.000160373069032049e+00
1.002277762044533560e+00
1.002684160143698877e+00
1.003393485723353296e+00
1.004106093164491842e+00
1.003494918548128556e+00
1.003418925905740222e+00
1.003274573309674400e+00
1.003693194183527648e+00
1.001722042197294327e+00
1.001995667571194071e+00
1.000629243932334100e+00
9.991289767701816427e-01
9.998581079365458368e-01
9.995605028183411900e-01
9.984413793715203322e-01
1.000793767127491130e+00
9.991414188430277621e-01
9.995105034649032216e-01
9.975631119622289100e-01
9.983417872093922618e-01
9.987078608761651433e-01
9.985113509832695966e-01
9.984082054255839500e-01
9.988856819587164093e-01
9.993819405976143155e-01
9.985736184804798743e-01
1.001139170444736326e+00
1.000541141249276178e+00
9.997570205362276141e-01
1.000513687797183193e+00
1.001301632178561718e+00
1.000195103441188227e+00
1.000132208447457538e+00
1.000256466881525474e+00
9.998770049424333672e-01
1.001737658357623406e+00
1.000604483150721924e+00
9.998738599796449522e-01
1.000237472604816880e+00
9.992181113735590925e-01
1.001259873812241130e+00
9.992511862737111228e-01
9.978692248515826924e-01
9.980292699335121531e-01
9.987052804076883561e-01
9.992659464166896433e-01
1.000004299652953899e+00
9.990606137222345362e-01
9.987098011540962439e-01
1.001040547667579439e+00
1.001672903429497774e+00
1.001567557795950858e+00
1.001415447077135701e+00
1.001961086895239772e+00
1.001958449104698223e+00
1.001052658422805441e+00
1.000587997044428246e+00
1.000486063194908848e+00
1.000298089264345380e+00
1.001560338551988893e+00
1.001515199750822260e+00
9.996579371388562008e-01
1.000017009820546310e+00
9.993741492081410493e-01
9.994632274946463335e-01
9.997686482623640014e-01
9.996734859362580439e-01
9.978827759177789636e-01
9.984837189147208747e-01
9.994559130946936154e-01
9.982565846734778869e-01
9.991693541615129792e-01
9.983413842443004116e-01
9.978830179988311677e-01
1.000426608444579868e+00
9.990957165210087032e-01
1.000600307459721172e+00
1.001041030395434017e+00
1.001234792775456128e+00
1.001611652987564050e+00
1.000965338227941759e+00
1.001273388401417774e+00
1.000403803004800363e+00
9.998389115294326057e-01
1.000102953231915226e+00
9.999886354485686413e-01
1.000452578759066569e+00
1.001392000552030481e+00
1.000606206850050750e+00
1.000209550373114098e+00
1.000072143554574522e+00
1.000248717502693063e+00
9.988616367975660104e-01
9.995587421024779706e-01
9.998983013362493510e-01
1.000414326158665990e+00
9.997196497653590974e-01
9.990627815660355626e-01
9.997858099177192592e-01
1.000642915221481077e+00
1.000256289164493051e+00
9.997119905803165674e-01
1.000180559002186831e+00
1.000000338822827795e+00
1.000287672669042616e+00
1.000143869318790735e+00
1.000230165390461501e+00
1.000393635499789768e+00
9.998903271024865980e-01
9.995870931027901474e-01
9.997985351424234501e-01
1.000519952166663229e+00
9.999504311864059192e-01
1.000520657541482006e+00
9.991998840730706988e-01
9.998846979659279377e-01
1.000501606955584322e+00
9.999347826035213105e-01
1.000360213212252658e+00
1.000407276359220665e+00
1.000844308161471741e+00
1.000647490772280213e+00
1.000426999140879181e+00
1.001106085841830362e+00
1.000490509562811159e+00
1.000291426795873351e+00
1.000316509308001089e+00
9.995714407786088218e-01
1.000263886685630821e+00
1.000176784565186106e+00
1.000353969214451855e+00
9.999811446304806006e-01
1.000581475083317518e+00
1.000182089555330611e+00
1.000072414412584099e+00
9.997140720067938524e-01
9.997904829136492477e-01
1.001367881602949206e+00
1.000493959847851277e+00
1.000128123679956405e+00
1.000917827506495605e+00
1.000454763183769025e+00
1.000422815900032347e+00
9.998561216424726172e-01
1.000479760931597406e+00
1.000415940960795558e+00
1.000023007368598726e+00
9.995555972430210101e-01
1.000597864100474910e+00
1.000527140552226912e+00
1.000165163557951598e+00
1.000095460674768955e+00
9.997633727075342369e-01
1.000046465627735248e+00
1.000651993830731445e+00
1.000370903328458017e+00
1.000122259911130129e+00
9.990935956345526892e-01
1.000574903766200840e+00
9.997432259960730150e-01
1.000217146880557184e+00
9.996587986277284399e-01
1.000141950134663338e+00
1.000328778891659720e+00
1.000442348980979057e+00
1.000866971385596216e+00
1.000102228869096832e+00
1.000387200239175600e+00
1.000089712581839096e+00
1.000480095581244067e+00
1.000037104708711766e+00
1.000040458907275109e+00
1.000339017571301392e+00
1.000272474368836706e+00
1.000434714207084852e+00
