0.000000000000000000e+00
0.000000000000000000e+00
0.000000000000000000e+00
0.000000000000000000e+00
0.000000000000000000e+00
0.000000000000000000e+00
0.000000000000000000e+00
0.000000000000000000e+00
0.000000000000000000e+00
0.000000000000000000e+00
0.000000000000000000e+00
0.000000000000000000e+00
0.000000000000000000e+00
0.000000000000000000e+00
0.000000000000000000e+00
0.000000000000000000e+00
0.000000000000000000e+00
0.000000000000000000e+00
0.000000000000000000e+00
0.000000000000000000e+00
0.000000000000000000e+00
3.527155104272398922e-02
1.067723150135841959e+00
3.467883221958259821e+00
3.404280374725990654e+00
1.876291033975828082e+00
8.368581618561483637e-01
3.791388070635283714e-01
1.932321121742000825e-01
1.142208040140415271e-01
1.802356680146320334e-01
7.035773667573645973e-01
1.479738418106469666e+00
1.734362490892867648e+00
1.442390373324152320e+00
1.042311231269640759e+00
7.716251844727809450e-01
6.518316663572805147e-01
6.375446736324548169e-01
6.965982284971959926e-01
7.817223343770900446e-01
8.811429371595140836e-01
9.789132162347025101e-01
1.060113019590659178e+00
1.134152105368650076e+00
1.187335822517405326e+00
1.219198999008442197e+00
1.231797472023083984e+00
1.219812409663334707e+00
1.192475380713482247e+00
1.149928060628456539e+00
1.103074196779412874e+00
1.061919755066714099e+00
1.030359658544451218e+00
1.006985704491814015e+00
9.872862698779226731e-01
9.627186613385092517e-01
9.508351865378561474e-01
9.406588242281128665e-01
9.338648050319384719e-01
9.251842032358769119e-01
9.249798827093322906e-01
9.291175610332229606e-01
9.374563518153261610e-01
9.478621644771533239e-01
9.557651510684848084e-01
9.686200031805795030e-01
9.800896936363096001e-01
9.910038459884548123e-01
9.996434797383749737e-01
1.005323711641114226e+00
1.012687460144170215e+00
1.015020348943506789e+00
1.022687818899850054e+00
1.022495422043991686e+00
1.020204364515831630e+00
1.021868943879991276e+00
1.017699148679739318e+00
1.012675847629791459e+00
1.010801930430851536e+00
1.009523746751770146e+00
1.008265804209666383e+00
1.005477861719939803e+00
1.002248013184738884e+00
1.002642193894478728e+00
9.990493500836565843e-01
1.000723197881034254e+00
9.986000385698752257e-01
1.000612838544404193e+00
9.987117369652428467e-01
9.969434176663535263e-01
9.953419846327801190e-01
9.938601708080547770e-01
9.950513919186914080e-01
9.947680849719866547e-01
9.964759834932237492e-01
9.921112754820542445e-01
9.933617850393356985e-01
9.934830583121347924e-01
9.923900932785765239e-01
9.967106555875218099e-01
9.974314095424271498e-01
9.999322205209206782e-01
1.000170693688011481e+00
1.000871265763031870e+00
1.002008313520805105e+00
1.003978650333770428e+00
1.004106885048001940e+00
1.005006212021702261e+00
1.003457630620492314e+00
1.002456534193386650e+00
1.003055880980455061e+00
9.999217984858697061e-01
1.001993450287904652e+00
1.000059990388056930e+00
1.000954230815218615e+00
9.992163962758150442e-01
1.000334542351184020e+00
9.996374148824357375e-01
1.000195857737767868e+00
1.000062381013288704e+00
9.974447961329232504e-01
9.989843706140376645e-01
1.000003090067749678e+00
9.990349805304756803e-01
9.981508140859808309e-01
9.986106763562518918e-01
9.988186528365967654e-01
9.992807228735121061e-01
9.998513146446468269e-01
9.991842054989201749e-01
9.988747098621817422e-01
9.992982451430636459e-01
1.000435017450282071e+00
9.994037126135787430e-01
1.000622652518983191e+00
1.000287100643952876e+00
1.000509164334814516e+00
1.001066717485405988e+00
1.000621969337471828e+00
1.000275611706528789e+00
1.000569130779073612e+00
1.000735678903683867e+00
1.000155847986489155e+00
9.984206062809379834e-01
1.000977535060226131e+00
1.000084133366620609e+00
9.978961192817370485e-01
9.995150504989316342e-01
9.992766411636053725e-01
9.986042416877276562e-01
9.998712764334101166e-01
9.984223101756434238e-01
9.995356270444458735e-01
9.995755554229659445e-01
9.999182582452275092e-01
1.001682660419499715e+00
1.002145163123238758e+00
1.003148838705236967e+00
1.001826657434574441e+00
1.001343829043722433e+00
1.001913618813095486e+00
1.001496569135336356e+00
1.001071500982907203e+00
1.000863877092583287e+00
1.000114212485553988e+00
1.000564006922791904e+00
1.001061251916090855e+00
9.996864747792718608e-01
9.994925893333439504e-01
9.989317856689046149e-01
9.997985974732646053e-01
9.984718403142919252e-01
9.987433411859015786e-01
9.986552624356784813e-01
9.996762654363287037e-01
9.987104363127821127e-01
9.999834515054782935e-01
9.999874267934292238e-01
9.997175043622262836e-01
1.000132545102856207e+00
1.001014001809108045e+00
1.001567446498495384e+00
1.002373090568393188e+00
1.000850636385049786e+00
1.001147604386543488e+00
1.002438021344289165e+00
1.000670219216732493e+00
1.000850482181697698e+00
1.000303915639252805e+00
1.000062013490369273e+00
1.000039840752656062e+00
1.000048569431512657e+00
1.000403426799119977e+00
9.999287533605638600e-01
1.000453793242920053e+00
1.000163485589046664e+00
1.000231386734532046e+00
9.997050020910014378e-01
1.000225881990721932e+00
1.000724688548792596e+00
1.000602303087445355e+00
9.997059102838159461e-01
1.000546497257021938e+00
1.000094031957200924e+00
9.998616110813810520e-01
1.000272376812008757e+00
1.000254570449481406e+00
1.000517683779774680e+00
1.000976915636529352e+00
9.999565232363358813e-01
1.000652450257582204e+00
9.996780172122500252e-01
1.000592332914103544e+00
1.000651998660150532e+00
1.000835358936038144e+00
1.001338907158901836e+00
9.999216047525826268e-01
1.000302820824102046e+00
1.000516314340974766e+00
1.000709453003858052e+00
9.992289116522958814e-01
1.000346412559389053e+00
1.000014624493715365e+00
1.000277732060566249e+00
1.000701627553479467e+00
1.000021129777023399e+00
1.000142967750982992e+00
1.000325076803767255e+00
9.999848998879348194e-01
1.000772535567739263e+00
1.000495781024404618e+00
1.000413597246521347e+00
9.997709257689276763e-01
1.000002356956825933e+00
9.995706362804906986e-01
9.997034971015920091e-01
1.000549786832271248e+00
9.998072558988135849e-01
1.000798452313067299e+00
9.999885922279664330e-01
1.000043233764357886e+00
1.000111001467663741e+00
9.998445992269705540e-01
9.997910749587569645e-01
9.999988270175396154e-01
1.000519788667753929e+00
1.000086268970878489e+00
9.995822296382265160e-01
9.997516666912729111e-01
1.000390280229090934e+00
1.000909330618846793e+00
1.000074292777115792e+00
1.000009259300853159e+00
9.998845741281049415e-01
1.000185547375587625e+00
1.000087752995018731e+00
9.999045740484060474e-01
1.000145646415290912e+00
1.000296140558019742e+00
9.995574137963965100e-01
1.000780976666243660e+00
1.000715598071561407e+00
9.996356519412012975e-01
9.994385738580215950e-01
1.000706470198917453e+00
1.000443289105622746e+00
9.999235961827730446e-01
1.000989534016835547e+00
1.001167885437884930e+00
1.000009500809742713e+00
9.994181607998946504e-01
9.994232085945886634e-01
9.999583366838568077e-01
1.000388505218159141e+00
1.000450579990755484e+00
1.000050627765021627e+00
1.000154922341829122e+00
9.996460444249186672e-01
1.000006183897342416e+00
