0.000000000000000000e+00
0.000000000000000000e+00
0.000000000000000000e+00
0.000000000000000000e+00
0.000000000000000000e+00
0.000000000000000000e+00
0.000000000000000000e+00
0.000000000000000000e+00
0.000000000000000000e+00
0.000000000000000000e+00
0.000000000000000000e+00
0.000000000000000000e+00
0.000000000000000000e+00
0.000000000000000000e+00
0.000000000000000000e+00
0.000000000000000000e+00
0.000000000000000000e+00
0.000000000000000000e+00
0.000000000000000000e+00
0.000000000000000000e+00
0.000000000000000000e+00
0.000000000000000000e+00
0.000000000000000000e+00
0.000000000000000000e+00
0.000000000000000000e+00
3.405407426319226327e-02
7.874177507310951007e-01
2.754961529138049592e+00
3.227139268314259901e+00
2.034225725088271819e+00
1.032452877219705911e+00
4.897119357511471871e-01
2.677586981265583366e-01
2.221321444411754331e-01
2.413372204258077691e-01
2.520318014245602201e-01
3.068009312792976395e-01
3.374504734745269463e-01
3.218566748765850360e-01
2.992788487134381281e-01
3.398449706498511969e-01
3.945700561539582929e-01
5.373589818543573760e-01
7.025309502635325165e-01
9.099944349511422947e-01
1.157422923784612090e+00
1.297508150662301185e+00
1.491919608642080730e+00
1.594311260981565948e+00
1.644428275707966014e+00
1.777442986089452281e+00
1.778988287775363109e+00
1.762139465682010853e+00
1.653333152038873433e+00
1.480528134626677206e+00
1.296806333503525588e+00
1.138328561317574428e+00
1.039752847941834091e+00
9.558842038940652541e-01
9.154454471645516733e-01
9.066964280247044039e-01
9.020427753121309511e-01
8.951145779192726248e-01
9.215960910407944295e-01
9.495159306250409159e-01
9.694148000209972249e-01
9.630862117858096649e-01
1.016559120964881657e+00
1.044676316750461353e+00
1.038278869016693973e+00
1.051426696133766159e+00
1.086830614538197626e+00
1.076557873134101229e+00
1.081664487524706564e+00
1.090670977901967431e+00
1.078066300542631195e+00
1.073636439601229897e+00
1.030095883110461186e+00
1.043243219091220197e+00
1.016062254415627919e+00
9.851170270134113061e-01
1.009483715147016625e+00
9.814413602949771942e-01
9.849375851848706231e-01
9.994260217984894945e-01
1.003536481434025518e+00
9.964508338896996831e-01
9.908300655692390269e-01
1.005808353831460611e+00
1.002179235613001707e+00
1.027357984390212753e+00
1.025506413304965614e+00
1.044052965827101831e+00
1.044132503527884559e+00
1.031575277734991802e+00
1.033812436807838298e+00
1.033017863239716672e+00
1.039959055484931172e+00
1.044059050782869091e+00
1.018193381441293122e+00
1.039504217248922613e+00
1.028273844921239411e+00
1.009331842340374763e+00
1.012604367398687089e+00
1.001197505114449049e+00
1.008629005473516305e+00
1.010641097486226769e+00
9.950470476154656962e-01
1.026561865594582068e+00
1.008003167829564672e+00
1.017151346567210846e+00
1.001126052357245833e+00
1.012904698540166404e+00
1.019448413596931280e+00
1.005870030774808965e+00
1.001903668431531003e+00
1.006596206203623556e+00
1.015430142378538791e+00
1.002870562984672809e+00
1.005785636087657586e+00
1.007289624588365129e+00
9.983209317074586142e-01
9.882025023892612170e-01
1.002299909223389518e+00
1.013328549545241319e+00
1.012108765935404886e+00
1.005620808695514290e+00
1.013963170995078267e+00
1.009854172022631058e+00
1.012164904099793761e+00
1.006372532409400833e+00
9.926250203480679879e-01
1.003216015673748185e+00
9.901956207818691791e-01
9.988564109377020550e-01
9.966433166361604590e-01
9.961535481672563197e-01
1.008591597410460228e+00
1.001765583765879652e+00
1.007484271070983262e+00
1.013099504682452467e+00
1.005088043407569076e+00
1.002965601016607700e+00
1.002371614590147786e+00
1.004182871845545888e+00
1.014129024781977417e+00
1.001068620650861440e+00
1.008626638074997750e+00
1.003782340096176950e+00
1.001808051284054146e+00
1.002088170506516995e+00
1.002962831468817706e+00
9.967904211416110938e-01
1.001703585828955356e+00
1.001820542915325740e+00
1.002401181749091874e+00
1.014123404730910893e+00
1.009729682497062075e+00
1.006977728229582203e+00
1.006553178764786782e+00
1.004931087657809030e+00
9.953388483559894029e-01
1.011521610630037094e+00
1.007020939746336552e+00
1.004659102042138485e+00
1.005861373080920051e+00
1.003196272938943201e+00
9.990118665067287962e-01
1.011280758560753057e+00
9.992293078413413410e-01
1.004955686663160375e+00
1.002434964976268938e+00
1.005242399267777920e+00
1.008339097786376870e+00
1.007226115462157567e+00
1.000300132908485962e+00
1.007176407128399731e+00
9.962616078136178333e-01
1.001653077417020032e+00
1.003053039614836939e+00
1.000767608321518676e+00
9.984330922207882431e-01
1.001579960152975568e+00
9.988113018792540432e-01
1.000226061139471323e+00
1.000081256459487644e+00
9.979536930956783847e-01
9.961384741154655220e-01
1.000538274326534749e+00
9.978827425972948140e-01
9.987846205330800364e-01
9.987333163068485842e-01
9.924307458119236980e-01
1.005402620998975038e+00
1.002149339933527949e+00
9.958636269597405111e-01
1.001223162973800651e+00
9.949706981074027956e-01
9.959874652095549452e-01
9.982693551607664251e-01
9.942546854565006420e-01
9.975637720297686473e-01
9.952812581199156350e-01
9.939732058491576039e-01
9.969401035715668158e-01
9.971802101085126546e-01
9.943121448622774805e-01
9.957588510554696848e-01
9.937116060784760840e-01
9.940511660103282798e-01
9.990518779705576113e-01
9.964025812019625672e-01
9.959727765711374747e-01
1.001337571834956419e+00
9.999993214991836910e-01
9.943780536228641331e-01
9.964719995001699582e-01
1.004852336075494401e+00
9.961395420024931058e-01
9.969861479826569450e-01
9.990908937949147806e-01
1.001271838958787352e+00
9.989126155196692558e-01
1.000456935065471953e+00
9.950542282552263806e-01
9.996252801879718097e-01
9.993531153523775856e-01
1.000318569427084192e+00
9.955087488201275203e-01
9.932193817470132968e-01
9.947908696356007052e-01
9.988957063649477330e-01
9.940673114417706291e-01
9.996600983383263639e-01
9.958241235853194651e-01
9.878071266171026821e-01
9.950264945395568272e-01
9.964581496974624919e-01
9.972746605167586154e-01
1.002267794223256070e+00
9.995951633431437999e-01
9.949794620002232470e-01
9.972491133350869230e-01
9.972175851921029066e-01
9.956290106323618661e-01
9.922064098279270716e-01
9.915660790901483779e-01
9.939302715370346153e-01
9.988987574861789565e-01
9.954918983864980975e-01
9.947494303959922846e-01
9.926067606182408243e-01
9.944961562766402308e-01
9.942571468086591757e-01
9.983482605291792433e-01
9.955696377940513875e-01
1.002209819000295488e+00
9.949274794566762559e-01
9.951799084964590980e-01
9.902402777445159510e-01
9.911095009215739049e-01
9.971738171875400569e-01
9.962759042537923104e-01
9.932759284983770920e-01
9.981524356622959449e-01
9.952704679061052939e-01
9.891605931443999689e-01
9.931241227264514526e-01
9.924547682837983054e-01
9.945122700278242744e-01
9.916781957458433716e-01
9.957776336383997728e-01
9.897266953383631050e-01
9.928647887761232749e-01
9.958805822030278865e-01
9.872301782043885199e-01
9.892559938095443206e-01
9.929361463236267005e-01
9.937887666359063177e-01
9.938910058156160687e-01
