0.000000000000000000e+00
0.000000000000000000e+00
0.000000000000000000e+00
0.000000000000000000e+00
0.000000000000000000e+00
0.000000000000000000e+00
0.000000000000000000e+00
0.000000000000000000e+00
0.000000000000000000e+00
0.000000000000000000e+00
0.000000000000000000e+00
0.000000000000000000e+00
0.000000000000000000e+00
0.000000000000000000e+00
0.000000000000000000e+00
0.000000000000000000e+00
0.000000000000000000e+00
0.000000000000000000e+00
0.000000000000000000e+00
0.000000000000000000e+00
0.000000000000000000e+00
0.000000000000000000e+00
0.000000000000000000e+00
0.000000000000000000e+00
0.000000000000000000e+00
1.553203762976581778e-04
2.574389164406971214e-02
5.143097128944780216e-01
1.716714373281843953e+00
2.180632588108318615e+00
1.590500631795755959e+00
9.063418213676618373e-01
5.022132674127970375e-01
3.331800595450605806e-01
2.730749689936600721e-01
2.684072074506472227e-01
2.757368794015591096e-01
2.791122992303995964e-01
2.690269066361087313e-01
2.635409849331446508e-01
2.540132032913062776e-01
2.891306690521950884e-01
3.480455908971199497e-01
4.500345933759735129e-01
5.902480704766344122e-01
7.565261664392658458e-01
9.386130535179892931e-01
1.123077998024812230e+00
1.250809472514016862e+00
1.363202402517879941e+00
1.474157445525227095e+00
1.538457345452996172e+00
1.578622039292480128e+00
1.586646589605307911e+00
1.518448880956831282e+00
1.424677386959565917e+00
1.284420903036879169e+00
1.161223143310563088e+00
1.053801992170245283e+00
9.883498828776329237e-01
9.342575797719809838e-01
9.078616983394804940e-01
8.872659995118944432e-01
8.876222980069105040e-01
8.852236018391521633e-01
8.905377824938500719e-01
8.999309665919339452e-01
9.062081735141355177e-01
9.276891513734659700e-01
9.489476797721574375e-01
9.631279140631724411e-01
9.825507963200136308e-01
9.940092955362488381e-01
1.016451091141010510e+00
1.015863168760357649e+00
1.025652451005539589e+00
1.036001365307492872e+00
1.033991889104415529e+00
1.030584118299136653e+00
1.029240995609281839e+00
1.021910055067616563e+00
1.016329984917789808e+00
1.000255920963985412e+00
9.967525833576368344e-01
9.935441759763637970e-01
9.821014618256331818e-01
9.850130485831474214e-01
9.760182596767368324e-01
9.878622427693476427e-01
9.836907117769728703e-01
9.984292090011187559e-01
1.000782180290443746e+00
9.989756598541708055e-01
1.004169062674401092e+00
1.013964734607893048e+00
1.010749928820291021e+00
1.017461615062805969e+00
1.017237008124223019e+00
1.014698327838173375e+00
1.013912585163244229e+00
1.017237319516191008e+00
1.010273394711998396e+00
1.009654722465103793e+00
1.004807188942636875e+00
1.007729169140544334e+00
1.000840449898680706e+00
9.946371310607111660e-01
9.911912123618584758e-01
9.917183421437021362e-01
9.922715795768457525e-01
9.895898883034851545e-01
9.876161960231519821e-01
9.925074272400329356e-01
9.924475383529361983e-01
9.903661036183811772e-01
9.924478463414679874e-01
9.956000072406272494e-01
9.960067235504199701e-01
9.981713738234100353e-01
1.000322431523521516e+00
9.994962271569711731e-01
9.978362911854568029e-01
1.000512766161009148e+00
9.996872545187119874e-01
1.008442782965955464e+00
1.004749435031656368e+00
1.001860648148144017e+00
1.005891516069973513e+00
9.978514133698089816e-01
1.002027169002336127e+00
9.978562424159700406e-01
9.999343400873521581e-01
9.965430630983056481e-01
9.957762431990038188e-01
9.999416671630174669e-01
9.986331475549786729e-01
9.994131446034926203e-01
9.943909936672564731e-01
9.975816574239512180e-01
9.967794746595026734e-01
9.939340747306030233e-01
9.975266891715085515e-01
9.984586345885753111e-01
9.966680407568393463e-01
9.997316612447105788e-01
9.982323662114446217e-01
9.961535909859652316e-01
9.973170407606620769e-01
9.980199582809612391e-01
9.967890513892435633e-01
9.958326325354279751e-01
9.997654930225693404e-01
9.931119543499973279e-01
9.973708633805399293e-01
9.955208624485620827e-01
1.000983783061859977e+00
9.968726617927849976e-01
9.970726720465692416e-01
9.964806414211426766e-01
9.975839433043700577e-01
9.970100894160418559e-01
9.941664494807603836e-01
9.986768003771419044e-01
9.983060010763077363e-01
9.994717382243248904e-01
9.999722577913988664e-01
9.950944838755315658e-01
9.958419616475686631e-01
9.953098387030698824e-01
9.957651044609637792e-01
9.938132112886187697e-01
9.969320284132852095e-01
9.984488776526423415e-01
9.967741553519130493e-01
9.992683983105278278e-01
1.000060505564466240e+00
9.958744525662180935e-01
9.955341509828520286e-01
1.000553646965740118e+00
9.951985877660510793e-01
9.951617226496386470e-01
9.978218219072657602e-01
9.993692750727792840e-01
9.978930242974312081e-01
9.969775132013238839e-01
9.961910117009334931e-01
9.991654228013844286e-01
9.955064074224799775e-01
9.954646867579076686e-01
9.977171217147016158e-01
1.000054011428102241e+00
9.974703705083123317e-01
9.953715026299753132e-01
9.976545650440258317e-01
1.001055729390218696e+00
9.947602877572986335e-01
9.967812322094640187e-01
9.930495230515413718e-01
9.977840115122529330e-01
9.958438441080336156e-01
9.973023341045749168e-01
9.981231374072865314e-01
9.974011589144028411e-01
9.983574010708590185e-01
9.969309816058293805e-01
9.975467810367969479e-01
9.976846503853176173e-01
9.991107497480961053e-01
9.964415956113518158e-01
9.967028572297847999e-01
9.977143315161935977e-01
9.983437666535726063e-01
9.973401805303601098e-01
9.972799367634065382e-01
9.976516623121463034e-01
9.990436795261832259e-01
9.984279660439038251e-01
9.982894980939949203e-01
1.001226092137223134e+00
1.000204006664213052e+00
1.000594805488799421e+00
9.994863291687285933e-01
1.000648620648815434e+00
9.958697908768321394e-01
9.969943509700821549e-01
9.998913162191307435e-01
9.973468511041014839e-01
9.991254270008481653e-01
9.997861791771365247e-01
9.992103965357301831e-01
1.000125987035215269e+00
9.996182636986410408e-01
1.000597693392289322e+00
9.974942300648433902e-01
9.989938605179959907e-01
9.966164744445922263e-01
1.000011639651377626e+00
9.992117830062757777e-01
1.000290227642034013e+00
9.989579151784165889e-01
1.001650710936434985e+00
1.000612107647635085e+00
1.002759993629684931e+00
9.995543705231394460e-01
9.982667432198575330e-01
9.985892026396682164e-01
1.000268317853651556e+00
9.995758874390416882e-01
9.997961848777029426e-01
9.986097101983295588e-01
1.000006744367594624e+00
1.000938018226913417e+00
9.988684541896967195e-01
9.982197002030501753e-01
9.982988443663550759e-01
9.998733810374584863e-01
1.000063507181405464e+00
9.992394670354980413e-01
1.000184956893470423e+00
9.991197329132915916e-01
9.998960257572157007e-01
9.999842596418638818e-01
9.969798577910153892e-01
9.905181148231100297e-01
9.779097675387078414e-01
9.687716257704445111e-01
9.560692289089653961e-01
9.444440687461415074e-01
9.350038789154649921e-01
9.225678382568400782e-01
9.121727693142001048e-01
9.030579819739402714e-01
8.934441269674663344e-01
8.834211846777410004e-01
8.695255110491556527e-01
8.605935893171058337e-01
8.504585762822536310e-01
8.377855782413394792e-01
8.305063158095670195e-01
8.200990612318008743e-01
