0.000000000000000000e+00
0.000000000000000000e+00
0.000000000000000000e+00
0.000000000000000000e+00
0.000000000000000000e+00
0.000000000000000000e+00
0.000000000000000000e+00
0.000000000000000000e+00
0.000000000000000000e+00
0.000000000000000000e+00
0.000000000000000000e+00
0.000000000000000000e+00
0.000000000000000000e+00
0.000000000000000000e+00
0.000000000000000000e+00
0.000000000000000000e+00
0.000000000000000000e+00
0.000000000000000000e+00
0.000000000000000000e+00
0.000000000000000000e+00
0.000000000000000000e+00
0.000000000000000000e+00
0.000000000000000000e+00
0.000000000000000000e+00
0.000000000000000000e+00
1.553048050613202501e-04
2.775459763275022265e-02
5.316182040016413923e-01
1.776595138049198219e+00
2.236464852673144321e+00
1.595443647086509653e+00
9.060473980361448687e-01
5.135409443601991475e-01
3.309868736125068933e-01
2.744900441255800350e-01
2.618090286067282224e-01
2.681285587501094358e-01
2.757806946552737726e-01
2.757453751761304583e-01
2.507628155713601537e-01
2.501702251987497627e-01
2.814196707496776639e-01
3.452149827350434741e-01
4.428374671085880676e-01
5.984001317888394400e-01
7.638655459757615063e-01
9.435635005553131283e-01
1.093242879979120730e+00
1.257854395531830427e+00
1.362488674516403320e+00
1.454802385200983705e+00
1.522385823025925289e+00
1.582164705901733859e+00
1.562916570439458974e+00
1.495276702257555046e+00
1.400795595871637156e+00
1.256228994740638649e+00
1.157807608581325587e+00
1.060454593365507625e+00
9.863964552820094767e-01
9.368128544648530731e-01
9.128709683993222468e-01
8.875390248789315484e-01
8.926179553922444221e-01
8.858388854420979897e-01
8.950155101744207142e-01
9.080398029237074509e-01
9.186638025854820810e-01
9.316857937267574163e-01
9.482252602870809843e-01
9.723991303202678127e-01
9.789554593126114090e-01
1.004055108151972187e+00
1.011544418951430213e+00
1.018618268528140858e+00
1.026789903927828762e+00
1.024627993683876914e+00
1.027380605116612111e+00
1.026793077244364305e+00
1.027859399543652907e+00
1.009572909146869701e+00
1.006253298085178827e+00
9.982265593497569034e-01
9.829925383059895383e-01
9.865983991821655197e-01
9.857471519167341212e-01
9.758568397081188728e-01
9.774242629344971345e-01
9.785173134298263964e-01
9.752703523119470308e-01
9.840861193433435572e-01
9.867967268537357617e-01
1.000469064892414828e+00
1.000694925876677743e+00
1.007201635915951909e+00
1.006628684194660339e+00
1.017099312440058467e+00
1.009761635427333326e+00
1.011879629541801551e+00
1.011311529909634022e+00
1.010155576910231279e+00
1.014319032598975046e+00
1.006842568833026252e+00
1.005451296231066216e+00
1.005861622627962415e+00
1.008190106766817751e+00
9.990253769483662394e-01
9.980661930974077389e-01
9.973585576613641646e-01
9.963248594844668071e-01
9.917405747806584682e-01
9.909130042299358898e-01
9.900936721327209256e-01
9.995766947749675779e-01
9.926935262146797667e-01
9.926739048241099983e-01
1.000389327943133067e+00
1.002885835023067385e+00
1.002688908475964480e+00
1.001749840617434550e+00
1.005461444271094074e+00
1.005180057432720098e+00
1.003111386603608102e+00
1.005659343783193105e+00
1.006510693267705037e+00
1.004520455400031542e+00
1.008109651461899903e+00
1.007343912178775946e+00
1.005623483737561941e+00
1.005961810735797490e+00
1.004445908293419398e+00
9.997698462402724306e-01
9.986177548158573503e-01
9.995186679833228949e-01
9.992272811486494488e-01
1.003511422320688906e+00
9.969386938138129484e-01
1.005552491469899445e+00
9.989506538593723173e-01
1.004033830604258881e+00
9.980605957140569195e-01
9.981127179457365273e-01
9.988111536649024735e-01
1.001605282947643616e+00
1.005184406295981603e+00
1.001362137527101348e+00
1.002350236947640028e+00
1.006622400492570568e+00
1.001112170887524355e+00
1.002505001091623216e+00
1.004664356697007266e+00
1.001148205477662367e+00
1.000043544941207951e+00
1.001445923506244950e+00
9.996987911871256793e-01
1.001973614373957933e+00
1.006863502423658296e+00
9.996965710623251233e-01
1.001096580612947928e+00
9.991116616434988495e-01
1.001524862491921741e+00
1.001435861655497250e+00
1.003950575088648600e+00
1.001413603653339646e+00
1.002648582877093686e+00
1.003209130853111919e+00
1.003060918774854926e+00
1.007027801139768419e+00
1.002466937334723696e+00
1.002411414592006222e+00
1.003771760556854575e+00
1.002494634055595135e+00
1.005873792587339555e+00
1.004881089679692474e+00
1.000640910939049943e+00
1.000737413204738413e+00
1.001691499696645726e+00
1.003265874429459581e+00
1.002003412224748313e+00
1.003339846165286042e+00
1.002269516569878505e+00
1.000665109945996667e+00
1.002732147295689380e+00
1.001725317052724940e+00
1.003060927907878597e+00
1.002683514305557466e+00
1.002648506116647242e+00
1.003036972152035800e+00
9.989833641195414726e-01
9.993524464271387187e-01
1.002238684731993068e+00
1.003575397023804827e+00
1.001505108979757974e+00
1.003526765347211969e+00
1.005371240822866108e+00
1.002435000486226357e+00
9.967179229095313175e-01
1.001362669203905043e+00
1.000096043982640959e+00
1.000537656571906853e+00
9.970616569790100581e-01
9.993887321577062943e-01
1.001357779996128849e+00
1.001010813800325083e+00
9.986954868085179404e-01
9.999006005765505023e-01
9.996476247817603911e-01
9.991396034099796486e-01
9.993713017599104020e-01
1.000945276435579512e+00
1.002059090659560336e+00
9.989232998517180162e-01
9.999331475028832017e-01
9.987420737703055496e-01
1.000370226570140630e+00
9.986868929302814557e-01
1.002120296279339184e+00
9.998803517662961937e-01
9.999812201792019906e-01
1.000057615485936191e+00
1.001308802124430741e+00
9.998884275483869155e-01
1.003078077868518214e+00
9.993244974201287434e-01
1.001523531000752198e+00
9.998903856851341088e-01
1.000814184008862240e+00
1.002824735262817235e+00
9.989179887485861720e-01
9.986519202783434856e-01
9.979859666442364441e-01
9.995727028763998767e-01
1.001072854215173891e+00
9.999561671285832620e-01
1.001351192841378746e+00
1.001424478186880185e+00
9.999420838857346894e-01
1.000343526732560218e+00
9.996679217342877566e-01
1.000477700335497211e+00
9.991091271924320560e-01
1.000220859359509440e+00
9.986594065037539547e-01
9.984048545977087796e-01
9.997142622142874968e-01
9.998582049431504748e-01
9.982897387987850202e-01
9.983660302493521099e-01
9.986540986875348525e-01
1.000185618559242373e+00
1.000265421297076740e+00
1.000676397305383603e+00
1.002270881175308936e+00
9.987655872208180963e-01
9.983890037508453830e-01
1.001402313275239653e+00
9.981272310183517682e-01
9.998354076752439257e-01
1.000364307760065241e+00
9.967803039882703331e-01
9.993224886742605451e-01
9.976508028620937329e-01
9.975248409621343404e-01
9.895314752321923146e-01
9.781192322565559483e-01
9.676385759517267537e-01
9.546024894477924683e-01
9.449012722526698438e-01
9.341900390200923443e-01
9.235808772837188485e-01
9.115705962636658777e-01
9.014095423992819489e-01
8.912041569474086211e-01
8.789052357323040576e-01
8.664639824782144339e-01
8.591047644381735182e-01
8.482450507903405157e-01
8.389580809543737416e-01
8.295505969469990637e-01
8.176547601954279321e-01
