0.000000000000000000e+00
0.000000000000000000e+00
0.000000000000000000e+00
0.000000000000000000e+00
0.000000000000000000e+00
0.000000000000000000e+00
0.000000000000000000e+00
0.000000000000000000e+00
0.000000000000000000e+00
0.000000000000000000e+00
0.000000000000000000e+00
0.000000000000000000e+00
0.000000000000000000e+00
0.000000000000000000e+00
0.000000000000000000e+00
0.000000000000000000e+00
0.000000000000000000e+00
0.000000000000000000e+00
0.000000000000000000e+00
0.000000000000000000e+00
0.000000000000000000e+00
0.000000000000000000e+00
0.000000000000000000e+00
0.000000000000000000e+00
0.000000000000000000e+00
0.000000000000000000e+00
2.862118677674724276e-02
5.068464177299260021e-01
1.748600754395466250e+00
2.206697857653884043e+00
1.603904698044674060e+00
9.173634766609671809e-01
5.048106629761361930e-01
3.318402930390622063e-01
2.799571491409195145e-01
2.641676438463777532e-01
2.741532322452907566e-01
2.679158475584865751e-01
2.751000801786698258e-01
2.525436227721638005e-01
2.585164397286883742e-01
2.762954542184274942e-01
3.419049436637325301e-01
4.464719991227092954e-01
5.851144510791230768e-01
7.673322555060481109e-01
9.395762981339491615e-01
1.122664946973485511e+00
1.260466983016053755e+00
1.370664807555751930e+00
1.451151160096298076e+00
1.528488534274005994e+00
1.576251979698956696e+00
1.562380377680403054e+00
1.502886341663782543e+00
1.404881606123051130e+00
1.284776939090901182e+00
1.143478037267183778e+00
1.051797896952002764e+00
9.675804653363911934e-01
9.344795694702860978e-01
9.027887430308561001e-01
8.816302835635825286e-01
8.827647685978663450e-01
8.812446928773861599e-01
8.930138599097583452e-01
8.977887694937801699e-01
9.182965084952237067e-01
9.256080889774052078e-01
9.461119674861916407e-01
9.599668730754258306e-01
9.755469962162015563e-01
9.882362920752865154e-01
1.005506679694547545e+00
1.018460623754455341e+00
1.023522173368851318e+00
1.028197131606884085e+00
1.037219154035902813e+00
1.026812951591636436e+00
1.021856974741560231e+00
1.015160945646213619e+00
1.004180139530708393e+00
1.001726350995465697e+00
9.886991821268006353e-01
9.843652261487895183e-01
9.841353392379396103e-01
9.737707444089263031e-01
9.661796908096635939e-01
9.776009505900549179e-01
9.764574855940705289e-01
9.821061591645849909e-01
9.927535503768329939e-01
9.998682814862668300e-01
1.000017309051704828e+00
1.009075616680142007e+00
1.010626042288272908e+00
1.011461927323354493e+00
1.014240004928389505e+00
1.013219994433493198e+00
1.011025795590365428e+00
1.019058865085769705e+00
1.009333868801285394e+00
1.005830446337924844e+00
1.005319087634462649e+00
1.002635745269058409e+00
1.007750531015626061e+00
9.984260751759839181e-01
9.913528949785185285e-01
9.932247821867367099e-01
9.979634774694614574e-01
9.958580671033360199e-01
9.943091824180395610e-01
9.959619850062285673e-01
9.954186009945321656e-01
9.965759353613194982e-01
1.000519928008698489e+00
9.951692720718143814e-01
9.999809988709038588e-01
1.003813065965982076e+00
1.000402796843400388e+00
9.999583653050724275e-01
1.006262967458422475e+00
9.996685445874752274e-01
1.006996540924688821e+00
1.001116375574859330e+00
1.005575682966024065e+00
1.007313897651774592e+00
9.997025532482780585e-01
1.001693349679701361e+00
1.002112281717174591e+00
1.004180195489797311e+00
9.984288643381319384e-01
9.968096967428835553e-01
1.003469797007106479e+00
1.004327883881081407e+00
1.000793105431641017e+00
1.000105376293675796e+00
1.003659396513435720e+00
9.990974199292225189e-01
9.974953906119132796e-01
9.953412261223497648e-01
1.000079964710141711e+00
9.981312659022136824e-01
1.000799672442126864e+00
1.002442588203767526e+00
9.967792318267864049e-01
1.004157175855028283e+00
1.000212486131835554e+00
9.976293214082910810e-01
1.002496329706759504e+00
9.996763667266822528e-01
1.003189494199223653e+00
9.995622275079558694e-01
1.003086263949733992e+00
1.000396911162627855e+00
9.993603671192415883e-01
9.995511905824963073e-01
9.993512048628232503e-01
9.993420515520383685e-01
9.981745622730693324e-01
1.001013080504185693e+00
9.973070136025106169e-01
1.001576602873345712e+00
1.001235042418722410e+00
1.002358219836632980e+00
1.001832301473664755e+00
9.995596114104284835e-01
1.003350638667730665e+00
9.982614560413647364e-01
1.002092800662132799e+00
9.995425067669819752e-01
1.002145253705100991e+00
1.000428214565870499e+00
1.000777995132060783e+00
9.998498891595427596e-01
1.001790186575499897e+00
9.991152944064028985e-01
1.001226864144315609e+00
1.001944562732359545e+00
1.000819117138383341e+00
1.004292183915320047e+00
1.001734609855751357e+00
1.003357965951778175e+00
1.002051641594470910e+00
1.000904527761586893e+00
1.001488104923413669e+00
1.000854507329178800e+00
1.001352578555616990e+00
1.003080113937011575e+00
1.000158569729293401e+00
1.000304747686069362e+00
1.002012967652035957e+00
1.000693238817883746e+00
1.002128662665264791e+00
9.994898451306210019e-01
1.001065249207182539e+00
1.002109544684539832e+00
1.001152118571602356e+00
1.003503485719436483e+00
9.995597281069430462e-01
1.000154902342437868e+00
9.987211530860617970e-01
1.001555574385765146e+00
9.986125974798037985e-01
9.987563747781130763e-01
1.001117641741520181e+00
9.987032281733685402e-01
9.995450864987430739e-01
9.995557683744433763e-01
9.997577527958462218e-01
1.001739090891036632e+00
9.995984830363798812e-01
1.000775599387163650e+00
1.000071902494188425e+00
9.995485580032206219e-01
9.979108030193416523e-01
1.001131043959730516e+00
1.000660572570411633e+00
9.975733659278166465e-01
1.000773670091752221e+00
1.000160283894156121e+00
9.996200972871950308e-01
9.987553759195081371e-01
1.001685990771054025e+00
9.984300536855854613e-01
9.994831412378218927e-01
9.996635922938562624e-01
9.982311317945322671e-01
9.980448639545612677e-01
9.988921660739502606e-01
9.985426845503845295e-01
9.983391263451636410e-01
9.984945376338753009e-01
9.988255834066699368e-01
9.975790095862562268e-01
9.979440174284678333e-01
9.969831363128386359e-01
9.978976992470808272e-01
9.992768911249272357e-01
9.960795056461922981e-01
9.970728171705963705e-01
1.000109516878370242e+00
9.984759928004752760e-01
9.989667736531532283e-01
1.000472223558086071e+00
9.981255791532313015e-01
9.960433453057669917e-01
9.979016243496438010e-01
9.953940594086158056e-01
9.992522625882811482e-01
9.980704550951425835e-01
9.963775507671416287e-01
9.957511316204061824e-01
9.988289400434847698e-01
9.944868796932193611e-01
9.970261005653487940e-01
9.976623821333645559e-01
9.983135691121727273e-01
9.988477440214745817e-01
9.958564601847437192e-01
9.973055357872590010e-01
9.979130698493353657e-01
9.952030904878724771e-01
9.888639546767301614e-01
9.780713180879624380e-01
9.684604473289246673e-01
9.574569848898196733e-01
9.440878128014335013e-01
9.337212258373152052e-01
9.216213506650433596e-01
9.099147593089206287e-01
9.001422788621966653e-01
8.886737964064148620e-01
8.793324079048495667e-01
8.701167115551934339e-01
8.588860125581104787e-01
8.495929566144827527e-01
8.370466649701084894e-01
8.290420429960173587e-01
8.195463620562670748e-01
