0.000000000000000000e+00
0.000000000000000000e+00
0.000000000000000000e+00
0.000000000000000000e+00
0.000000000000000000e+00
0.000000000000000000e+00
0.000000000000000000e+00
0.000000000000000000e+00
0.000000000000000000e+00
0.000000000000000000e+00
0.000000000000000000e+00
0.000000000000000000e+00
0.000000000000000000e+00
0.000000000000000000e+00
0.000000000000000000e+00
0.000000000000000000e+00
0.000000000000000000e+00
0.000000000000000000e+00
0.000000000000000000e+00
0.000000000000000000e+00
1.304616766502261455e-05
3.772986491046343566e-02
1.078015028894862226e+00
3.515447447016549543e+00
3.448388919482542558e+00
1.900651057200649641e+00
8.636537793531890994e-01
3.957862744946208933e-01
2.010801860714629130e-01
1.227005010134074731e-01
1.907480641739985328e-01
7.289817930515897215e-01
1.529968411876320156e+00
1.783723371520382406e+00
1.487137536685394501e+00
1.088486686306765927e+00
8.283601620859434300e-01
7.138167253766262155e-01
7.026967166121101949e-01
7.564256417315370351e-01
8.331650699535174676e-01
9.223920929517276379e-01
9.997901796555203058e-01
1.071745957629744783e+00
1.132154451793662364e+00
1.171402963919428331e+00
1.191048360590009292e+00
1.195502120202314167e+00
1.179822940731914738e+00
1.153453913377498363e+00
1.118966611982593173e+00
1.082296587193339210e+00
1.051141077311686045e+00
1.022605912612872592e+00
9.970349767698659660e-01
9.765393529149786200e-01
9.588790566449044706e-01
9.423932041979765639e-01
9.337856503173787015e-01
9.289648239254836293e-01
9.307904359149257179e-01
9.340687221142396357e-01
9.405017392727788028e-01
9.514520867831411932e-01
9.615414309587544395e-01
9.702958969124739763e-01
9.802777887712845750e-01
9.868768681678153909e-01
9.940721462787933671e-01
1.001570460933085993e+00
1.005653620457785058e+00
1.008513153373041593e+00
1.009271599938664776e+00
1.013066923232564420e+00
1.013073300041156699e+00
1.013757091436495728e+00
1.014333697615280139e+00
1.013347152593365053e+00
1.012279795402938110e+00
1.008521837581282776e+00
1.007418532936647848e+00
1.005927509507388740e+00
1.004571649349036200e+00
1.001880478268404984e+00
1.002391470575095811e+00
9.999971267460187052e-01
1.000929826747605444e+00
1.000527532859381674e+00
9.987563014908694692e-01
9.979743474491833410e-01
9.977983742540392775e-01
9.969678793791600935e-01
9.968698163318047145e-01
9.959149397984350394e-01
9.964761097152950997e-01
9.966463902178441803e-01
9.969772237179812535e-01
9.965945503158207819e-01
9.973856477669363896e-01
9.980650798041824645e-01
9.983170544093714627e-01
9.986097099314502623e-01
1.001473536946257958e+00
1.000819336151701044e+00
1.001024517521665436e+00
1.001472726039272843e+00
1.001046935013137684e+00
1.002374020639827945e+00
1.001576687004680721e+00
1.002701038937230615e+00
1.002721260674700465e+00
1.001717130007001799e+00
1.001496944719096449e+00
1.001560605601403031e+00
1.000723486172363952e+00
1.001892336393179983e+00
9.994640845612727809e-01
9.996325942020316546e-01
1.001485385135126860e+00
9.998712102460552975e-01
1.000363254493709997e+00
1.000936986122191730e+00
9.996313550948613402e-01
1.000234522824299477e+00
1.000025005062303407e+00
9.993675025784727328e-01
9.993102812359813125e-01
9.988721532292730299e-01
1.000529388852072099e+00
1.000077783430571632e+00
1.000032190913667574e+00
1.000100956060080648e+00
1.000363270340356214e+00
1.000024606219685808e+00
1.000428083882412444e+00
1.000282762939054049e+00
1.001190654664372959e+00
1.000292551108803885e+00
1.000246140553095353e+00
1.000278316959502201e+00
1.000770216768864129e+00
9.997614102099425804e-01
1.000821325696753306e+00
1.000259424499671201e+00
1.000730962270938162e+00
1.000437150346412452e+00
1.001083676680590839e+00
9.992116439513852866e-01
9.990091737824824403e-01
9.995218064748867537e-01
9.998389539642441592e-01
9.995498521986772023e-01
9.991030970174464843e-01
1.000020463417547800e+00
9.990477380871538582e-01
9.998748372459178579e-01
1.000157760447336841e+00
9.996028430830409262e-01
9.996787988006660131e-01
9.995408442687703232e-01
1.000261522967125005e+00
9.999542644707053451e-01
9.993958316199710312e-01
1.000225896127203029e+00
1.000646449942617311e+00
1.000580017382340925e+00
9.997793347048125057e-01
1.001254644256617476e+00
1.000642591101537748e+00
1.000231576348813212e+00
1.000529274037028182e+00
9.996824076593200381e-01
9.995504579298032377e-01
1.000080887455662593e+00
1.000670768854854176e+00
1.000125271696261420e+00
1.000332490548630604e+00
1.000007717114687056e+00
9.994735463017304644e-01
1.000803525934214067e+00
1.000205608005957592e+00
1.000517242697752218e+00
1.000259671250770754e+00
9.999893121564893406e-01
9.999004232417600946e-01
9.997150055663878154e-01
1.000086040974772050e+00
9.999125103183493790e-01
1.000221889062559377e+00
9.999984239813372033e-01
9.999998331751771552e-01
1.000021891377358862e+00
1.000643461212293861e+00
1.000180913709534991e+00
1.000280434432510246e+00
1.000105205816646858e+00
1.000431768685259737e+00
1.000251002248659482e+00
9.993547804191076356e-01
1.000588420372744203e+00
1.000165705202659350e+00
1.000478396505409595e+00
1.000805149621656787e+00
1.000040080045488278e+00
1.000354419503534764e+00
1.000179247444029640e+00
1.000064320925247552e+00
9.999695905680493491e-01
1.000200894272361474e+00
9.998116160928399720e-01
1.000091475507947081e+00
9.999286966885221339e-01
9.994753658689853326e-01
1.000295663269419322e+00
9.997904369401845459e-01
9.999668249053210722e-01
9.995409992044275160e-01
1.000090023941381467e+00
1.000024214105954545e+00
9.997720591929050160e-01
1.000211259069442749e+00
1.000287937738454813e+00
9.997294470939930289e-01
1.000404441077535678e+00
1.000038847527386476e+00
1.000169444422502441e+00
1.000013546846126422e+00
1.000293226016313541e+00
9.999815749948905985e-01
1.000014567184196013e+00
1.000014815784744604e+00
1.000162945780095347e+00
9.998922313306648491e-01
9.995913672365756009e-01
9.996231432147472118e-01
1.000205562738998966e+00
1.001161931787977855e+00
1.000148058878016499e+00
1.000035560222801267e+00
1.000315682355355618e+00
1.000048403939748365e+00
9.998642579916610096e-01
9.997380929346357803e-01
1.000493573530773617e+00
9.998961907389877224e-01
1.000067988750335202e+00
1.000144799325709988e+00
9.998627572452184475e-01
1.000347011314701717e+00
1.000414537035575702e+00
9.999335908182255261e-01
1.000425739529721803e+00
1.000307971641570148e+00
1.000229360259068390e+00
9.999623484616894098e-01
1.000478652803062030e+00
1.000206630925043916e+00
9.999039348738266719e-01
9.997962383725857993e-01
1.000294540633728468e+00
1.000394522706023137e+00
1.000183369995809146e+00
9.985220245481906121e-01
9.907959077745503995e-01
9.790781587961980836e-01
9.676534347921849077e-01
9.574156545718717215e-01
9.462065198408130540e-01
9.349266485482227163e-01
9.240649228116503133e-01
9.130079800754180575e-01
9.024415649981193388e-01
8.920032361699710144e-01
8.812978762397506438e-01
8.712228549931287924e-01
8.606737746764226982e-01
8.502313546253392751e-01
8.401843729816869111e-01
8.294717584410578048e-01
8.198129765474598818e-01
