0.000000000000000000e+00
0.000000000000000000e+00
0.000000000000000000e+00
0.000000000000000000e+00
0.000000000000000000e+00
0.000000000000000000e+00
0.000000000000000000e+00
0.000000000000000000e+00
0.000000000000000000e+00
0.000000000000000000e+00
0.000000000000000000e+00
0.000000000000000000e+00
0.000000000000000000e+00
0.000000000000000000e+00
0.000000000000000000e+00
0.000000000000000000e+00
0.000000000000000000e+00
0.000000000000000000e+00
0.000000000000000000e+00
0.000000000000000000e+00
2.609924846175535292e-05
3.579414077869314675e-02
1.089610470875446602e+00
3.500012662785525031e+00
3.436547438501690088e+00
1.902200501853238412e+00
8.592669196679874055e-01
3.902488113300593420e-01
2.013157765651407971e-01
1.236216492849506604e-01
1.897196451164416264e-01
7.288598643735859639e-01
1.522065500612610700e+00
1.781366213731352399e+00
1.487766565750523462e+00
1.092043563414642149e+00
8.271263405113570277e-01
7.131945774523255066e-01
7.060985227728526770e-01
7.598567061544424517e-01
8.360643196577419722e-01
9.198116109878639035e-01
1.004042186950858673e+00
1.074873480684831906e+00
1.130986403365404236e+00
1.169010912587873818e+00
1.190864197369128741e+00
1.196715913475111082e+00
1.181131215794443134e+00
1.154023668374986711e+00
1.117340288334913945e+00
1.081952581153096338e+00
1.050910127589512300e+00
1.024948409854727238e+00
9.988189400980984622e-01
9.724424598627517957e-01
9.567705316505249469e-01
9.424355156674596445e-01
9.368138508913239626e-01
9.288840405417321255e-01
9.288626518145954858e-01
9.338129782637435428e-01
9.416566196259229526e-01
9.505792028775320590e-01
9.604368680710491102e-01
9.714850022508446648e-01
9.792934522347281900e-01
9.878871415121104338e-01
9.943203278578247595e-01
9.992887374253194288e-01
1.002507778117613713e+00
1.006558313063274257e+00
1.009467000957280591e+00
1.012667241923160821e+00
1.013414844050501751e+00
1.015327620353699389e+00
1.011985597869816456e+00
1.012673179441972993e+00
1.009850055803801938e+00
1.008142485235394847e+00
1.006854246367699046e+00
1.004697691917620483e+00
1.002881095563585179e+00
1.002156152458894889e+00
9.994413747890354971e-01
9.998208783136098843e-01
9.997185871274533175e-01
1.000037508957586585e+00
9.984669623184567744e-01
9.984934919091794647e-01
9.975410314222502572e-01
9.955921670252623201e-01
9.958537228212162029e-01
9.958481512218426701e-01
9.955374814634682101e-01
9.952012019645214425e-01
9.948893969477370369e-01
9.963629503909702256e-01
9.969353043295520189e-01
9.971965017536235099e-01
9.972575516357333747e-01
9.976699510768467505e-01
9.983014728493980749e-01
9.984531049721583340e-01
1.000989869615076522e+00
1.000575022261396496e+00
1.000832910085883043e+00
1.000768535442753793e+00
1.000788564876329056e+00
1.001840874939938786e+00
1.000702619190124709e+00
1.001626923491363286e+00
9.998076784694837071e-01
1.001562828495206947e+00
1.000027591844993458e+00
9.998338336829256656e-01
9.991655130507509641e-01
1.000827911324108310e+00
9.989425726457807908e-01
1.000382722292261661e+00
9.995252421142036825e-01
9.990411509764970388e-01
9.997883762604167224e-01
1.000095309931771759e+00
1.000110545436216247e+00
9.996486519153284789e-01
9.996974177508706205e-01
9.988361630337262431e-01
9.995972738273883884e-01
1.001526444829889506e+00
9.995882420650903377e-01
9.993505625293321870e-01
1.000159352197866891e+00
9.996001551183417710e-01
1.000535173009812207e+00
9.990638838708806313e-01
9.994546485666001567e-01
1.000467638752557509e+00
1.000189746496071397e+00
1.000712458612518674e+00
1.001270167412478429e+00
1.000929247103378605e+00
1.000134581319022109e+00
1.001301445008191626e+00
9.992355122458306260e-01
1.001104335093107034e+00
1.000361378636219545e+00
1.000149038186802120e+00
9.998792815504161657e-01
9.986618741573490832e-01
1.000222522500949118e+00
1.000433883768476528e+00
9.997640495616038070e-01
1.000479102985168289e+00
9.995567025634155556e-01
1.000047426849267618e+00
9.986904554293333236e-01
9.995906224606300183e-01
1.000211564742558012e+00
1.000596313495910161e+00
1.000004645367763345e+00
1.000692172475996289e+00
1.000203607159463104e+00
1.000379692063902537e+00
1.000121030966289570e+00
1.000122581216768447e+00
1.000087556737175420e+00
1.001322072973674260e+00
1.000792180862846603e+00
1.000748791631143053e+00
1.000198489684676284e+00
1.000178336999804740e+00
9.991730576057675783e-01
9.994784991570394572e-01
9.999116437480138897e-01
9.999701423407817424e-01
1.000319854843670031e+00
9.996520082673099328e-01
1.000524749870729702e+00
1.000093211934976356e+00
1.000085405862824794e+00
9.992974020246238043e-01
9.997142534481731069e-01
1.000199198189478667e+00
1.000058027688057738e+00
9.991688242680232257e-01
9.994782978468825796e-01
1.000952401490143195e+00
1.000853066634400435e+00
1.000507920101819881e+00
1.000079928528802897e+00
1.000082080451028421e+00
9.996777686609722435e-01
1.000301757280563253e+00
1.000175431401894910e+00
9.993829425944645850e-01
1.000110700398340935e+00
9.999599937124409310e-01
9.999216435491118382e-01
9.997654539577542909e-01
1.000334776017355098e+00
1.000653498413755393e+00
1.000464893529544819e+00
1.001076976101884064e+00
1.000574998618606992e+00
1.000019901254532328e+00
9.999400446253821073e-01
1.000084841307737227e+00
9.998681976066339239e-01
1.000086138004684599e+00
9.998343007648785585e-01
1.000440097842598908e+00
9.998192533440337648e-01
9.999591310902525843e-01
1.000659161868636460e+00
9.992868634594100907e-01
1.000304817056207884e+00
1.000290412128875372e+00
1.000092245108468614e+00
9.998175641586491968e-01
9.999472656629202483e-01
1.000527136871097733e+00
1.000536900915061311e+00
9.999869271943507831e-01
9.996665925441201583e-01
1.000003715782760594e+00
1.000246744257714093e+00
1.000622900917431002e+00
1.001082655479066164e+00
1.000728996521127678e+00
1.000073391084743690e+00
1.000614419974385161e+00
1.000096268466012406e+00
1.000582169790643849e+00
1.000705628903165278e+00
1.000472346209229979e+00
1.000663333958162315e+00
1.000029709992643401e+00
1.000334269073773319e+00
1.000110230297813541e+00
1.000434657360448343e+00
1.000368244860222466e+00
1.000180195807355954e+00
9.998714727268276370e-01
1.000529052728637236e+00
1.000183881435474209e+00
1.000226983820306170e+00
1.000362904080091431e+00
1.000112762947007683e+00
1.000036972464278362e+00
9.998410029911003472e-01
1.000110562882273513e+00
1.000480945952529011e+00
1.000157127220977049e+00
1.000500148098014908e+00
1.000008508010323371e+00
9.999788266981107787e-01
1.000060819312207583e+00
1.000157338176763444e+00
9.996341596668653073e-01
1.000472210636354609e+00
1.000249277216569643e+00
9.993016169919374247e-01
9.909922154596179089e-01
9.797005763145865131e-01
9.686135705248521965e-01
9.576005842358145115e-01
9.465582481294585460e-01
9.358197146824382973e-01
9.242913252791985501e-01
9.137763574859636417e-01
9.027852911337952424e-01
8.920653159018894218e-01
8.817532690424898512e-01
8.710046795593742175e-01
8.611981093654705877e-01
8.501165436600336411e-01
8.402988510339682859e-01
8.294134557284643661e-01
8.195234458268441102e-01
