0.000000000000000000e+00
0.000000000000000000e+00
0.000000000000000000e+00
0.000000000000000000e+00
0.000000000000000000e+00
0.000000000000000000e+00
0.000000000000000000e+00
0.000000000000000000e+00
0.000000000000000000e+00
0.000000000000000000e+00
0.000000000000000000e+00
0.000000000000000000e+00
0.000000000000000000e+00
0.000000000000000000e+00
0.000000000000000000e+00
0.000000000000000000e+00
0.000000000000000000e+00
0.000000000000000000e+00
0.000000000000000000e+00
0.000000000000000000e+00
0.000000000000000000e+00
0.000000000000000000e+00
0.000000000000000000e+00
0.000000000000000000e+00
0.000000000000000000e+00
2.821721744208533639e-02
7.574492685525937574e-01
2.893799744069490476e+00
3.485634444850129743e+00
2.254564874216401726e+00
1.142654393617801301e+00
5.323956879999630631e-01
3.166900201005196647e-01
2.532674467514419714e-01
2.509781923982601914e-01
2.804270712298063684e-01
3.159587939399463585e-01
3.365218407362061126e-01
3.531881693471034533e-01
3.421174007946294338e-01
3.619029844767389092e-01
4.213855487383777465e-01
5.253214353180283291e-01
6.547653489041378450e-01
8.370341489672539215e-01
1.030834154119169233e+00
1.182081009582613751e+00
1.306392062135171228e+00
1.384053101936029817e+00
1.485895720852862034e+00
1.565066433724390693e+00
1.593159186326503329e+00
1.568798580976314305e+00
1.494472785150774197e+00
1.353282901251130044e+00
1.215596104421502677e+00
1.082064468674589275e+00
9.908673321388606903e-01
9.091280374356123239e-01
8.826592363375489469e-01
8.579372131228202303e-01
8.552016061233245203e-01
8.727298220559999153e-01
8.890577697366139898e-01
9.056780857910919913e-01
9.328940834286781891e-01
9.415698225010350475e-01
9.788396356703168433e-01
9.878589034605640418e-01
1.007427124329551615e+00
1.022876879808069850e+00
1.030496230808554126e+00
1.040812248430094122e+00
1.051442828492143100e+00
1.049029570228100949e+00
1.043540146539737146e+00
1.048452693557017978e+00
1.039411739448864003e+00
1.022830670977864509e+00
9.987481399230692114e-01
9.898917532793274354e-01
9.867141287536285166e-01
9.715974759362648872e-01
9.615959419496795668e-01
9.699591881202821453e-01
9.661605380056171866e-01
9.741197604966748136e-01
9.643003353674584055e-01
9.935158584437422391e-01
9.809025083082493213e-01
9.920310955155827726e-01
9.946011172980833148e-01
1.009026469563984563e+00
1.005047526288410653e+00
1.004251605766932620e+00
1.005060659925595568e+00
1.002935720915504314e+00
1.018416398664077516e+00
1.006883768796100531e+00
1.002445482482047456e+00
1.011429540023320417e+00
9.957324822358325500e-01
1.005143387598267157e+00
1.002058189454660742e+00
9.945817621956399845e-01
9.961114678402702705e-01
9.838415727522769050e-01
9.894341167494743461e-01
9.969403217354411151e-01
9.870947981518677361e-01
9.939133762463320254e-01
9.913795499302336944e-01
9.848533034508986095e-01
9.879583095704497220e-01
9.981434715690481463e-01
9.961104597415650908e-01
1.001049839461329860e+00
9.958323193799235584e-01
1.001447309986010170e+00
9.961647442971940380e-01
1.001688985247082053e+00
1.003367549569985195e+00
9.968710876368434004e-01
9.974463303277942838e-01
9.967953893131999976e-01
9.982505256515139536e-01
9.948344387966421287e-01
9.966795793240681434e-01
9.974491337764533894e-01
9.900233504806269513e-01
9.888330498935513635e-01
9.968367540963438689e-01
9.963215891422697590e-01
1.003160881197453502e+00
9.971923540603166991e-01
9.908308717572509305e-01
9.944947991260569831e-01
9.953734800895260859e-01
9.903157055488236438e-01
9.996070958342799795e-01
9.988474517929480934e-01
9.947118800631629121e-01
9.940734791120183766e-01
9.965482355399833958e-01
1.004785005730068459e+00
9.968424732470212435e-01
9.952291166573770109e-01
9.943961960835719927e-01
9.980763132698636797e-01
9.987255116947847400e-01
9.990754724440882306e-01
9.975549366713118982e-01
1.004889325336721262e+00
9.946362612688498528e-01
9.953157174161303411e-01
9.943553992865290514e-01
1.001432519461500581e+00
9.946386688520073571e-01
9.976139217142876436e-01
1.000668836890138413e+00
9.957552538521414753e-01
1.000732829004328694e+00
9.949561273052132115e-01
1.003374300391775220e+00
1.002148277846012236e+00
9.963386558822879824e-01
9.996242324640549626e-01
9.958494381659566130e-01
9.958094012325946487e-01
1.001775813080583832e+00
9.986565492580203873e-01
9.968513759971437960e-01
9.973162428678937763e-01
9.960021198556190392e-01
9.991761633353368754e-01
9.997489391396711111e-01
9.972871238357032819e-01
9.987798373512420946e-01
1.000905224158637585e+00
9.983125595550019771e-01
9.984438443834298127e-01
1.002790055455586637e+00
9.969048608326473992e-01
1.002638735600410280e+00
1.001849952858611115e+00
9.998286045268721667e-01
1.000131405453116074e+00
9.992110049638380787e-01
1.001660378917577532e+00
9.951646524685026085e-01
1.002284368840456352e+00
9.986908614281323482e-01
9.960716759897839667e-01
9.966433194734084511e-01
9.957775472076875189e-01
9.973537471558086009e-01
9.952523270536248745e-01
9.977167457438591569e-01
9.967733621421418500e-01
9.985629225380532326e-01
9.980373619599899326e-01
9.971737140275346301e-01
9.955557364568378143e-01
9.976445344532764992e-01
9.939639258794780163e-01
9.941399500497006825e-01
9.964339781698700049e-01
9.998246644731473287e-01
9.969280229595901544e-01
9.950548774886552872e-01
9.984089972567148363e-01
9.987213324196249076e-01
9.946396164298598741e-01
9.956122071918509508e-01
9.959891696128549965e-01
9.952367204616558993e-01
9.945543341973607232e-01
9.959180211831979435e-01
9.949634282164464549e-01
9.972292257342951771e-01
9.962218630598078661e-01
9.944197830516219305e-01
9.946151301489292162e-01
9.930992877649583717e-01
9.979900719855310243e-01
9.957984495037131012e-01
9.969394591372049419e-01
1.001123535473632309e+00
9.948983252000376254e-01
9.965975908789236337e-01
9.967965859178805621e-01
9.981114426459609668e-01
9.975168066410856627e-01
9.958826312849183848e-01
9.971390479514266048e-01
9.971539038760176554e-01
9.994327118154777700e-01
9.988418325105594686e-01
1.002168466096608590e+00
9.966958634420538532e-01
9.961125134753824328e-01
9.981355935973196258e-01
1.001523200491308163e+00
1.000492477960256199e+00
1.000406125731651663e+00
1.000349447900104938e+00
9.962124389300885952e-01
9.990417313364854390e-01
9.968721602278444172e-01
9.982287227747163039e-01
1.002933741605485540e+00
1.001246247872816797e+00
9.998967002984856522e-01
9.967454577039258634e-01
9.966071517772436827e-01
9.985027212307518996e-01
9.981503639087437874e-01
1.001657459656831950e+00
9.996625587936716073e-01
9.976071610354317887e-01
9.978064318345356565e-01
1.000151153581085195e+00
9.983065386793669171e-01
1.001797807236869842e+00
9.993155993319216002e-01
1.001266640889213022e+00
1.001855534497479772e+00
9.962733191276474942e-01
9.999023775376982837e-01
9.985068575190889639e-01
9.977129739627860205e-01
9.980824351328827504e-01
9.981142587541604883e-01
1.000773578113721474e+00
9.957838397364873195e-01
9.817290108210108279e-01
9.758451100064855499e-01
9.584304866317061578e-01
9.517999401697635475e-01
9.389219010545224453e-01
