0.000000000000000000e+00
0.000000000000000000e+00
0.000000000000000000e+00
0.000000000000000000e+00
0.000000000000000000e+00
0.000000000000000000e+00
0.000000000000000000e+00
0.000000000000000000e+00
0.000000000000000000e+00
0.000000000000000000e+00
0.000000000000000000e+00
0.000000000000000000e+00
0.000000000000000000e+00
0.000000000000000000e+00
0.000000000000000000e+00
0.000000000000000000e+00
0.000000000000000000e+00
0.000000000000000000e+00
0.000000000000000000e+00
0.000000000000000000e+00
0.000000000000000000e+00
0.000000000000000000e+00
0.000000000000000000e+00
0.000000000000000000e+00
0.000000000000000000e+00
3.132376610822219104e-02
7.977539167360566674e-01
2.820280312161513425e+00
3.327560558383184652e+00
2.143842124411109218e+00
1.093632507390630115e+00
5.403932543403024980e-01
2.889194537905028226e-01
2.290882984807430800e-01
2.321899243245323374e-01
2.439019514384547782e-01
2.865082825387065268e-01
3.069276547703330693e-01
3.112479320313524811e-01
3.197992640049274748e-01
3.429139720515111400e-01
4.070364516754046424e-01
4.983407531799065038e-01
6.568574271923907082e-01
8.339542446248614516e-01
1.006544660635376953e+00
1.202550473108767726e+00
1.339606580310538586e+00
1.418341729468209911e+00
1.496207613866060715e+00
1.578583628987123344e+00
1.613290828765409524e+00
1.593100702103159572e+00
1.526016102746826864e+00
1.381262577021434179e+00
1.233394026086568118e+00
1.115556790044114788e+00
9.979450090348139790e-01
9.415943402160186215e-01
8.824230307928603301e-01
8.646782504378414114e-01
8.688113606169319825e-01
8.786764155852115898e-01
8.892241515765962889e-01
9.243701649027701306e-01
9.386195133669654744e-01
9.577926711022015649e-01
9.775128955198026937e-01
1.011643820260727633e+00
1.012679619142690779e+00
1.029462085980482167e+00
1.037834834191955213e+00
1.059858891895943067e+00
1.054929020883020652e+00
1.058178287661895478e+00
1.064973830734966542e+00
1.049262796040906887e+00
1.046466328738884899e+00
1.031166738561994700e+00
1.020697379402733862e+00
9.998592519001926471e-01
9.895053761255561131e-01
9.859974310884602744e-01
9.792074577680740521e-01
9.791655785326005557e-01
9.790205539721757999e-01
9.778814005966900424e-01
9.938650939203426127e-01
9.880000477461229336e-01
9.975957744943391159e-01
1.010421723099845126e+00
1.001655953279673605e+00
1.010098630303543299e+00
1.011157514179175099e+00
1.010810161393391526e+00
1.019533287807109723e+00
1.019121551249511537e+00
1.013077963687115002e+00
1.010109025367549318e+00
1.006682751549913934e+00
1.004574384590118941e+00
1.002995778013361372e+00
1.005298459160867797e+00
1.002845514263161819e+00
1.001573067007634377e+00
1.007704830523770578e+00
1.002936551245031005e+00
9.914236646775971273e-01
9.937667210483568381e-01
9.979078380580814756e-01
9.979204728467123697e-01
9.964087163495454202e-01
9.989587128217625178e-01
9.939256752992350341e-01
1.000453793881733944e+00
1.004861809110529913e+00
1.002662617754245478e+00
1.008212318981625000e+00
1.004734110048631779e+00
1.011156742390340257e+00
1.004390132978379313e+00
1.007057857911709986e+00
1.003926465040287486e+00
1.004329130542579662e+00
1.004279792363313994e+00
1.000117910337787075e+00
1.003623326314404096e+00
9.969220651784690412e-01
9.938659380812353561e-01
9.977018582417683801e-01
9.972252676982406028e-01
9.999458373956273682e-01
9.950052874769643729e-01
9.977677572033906150e-01
9.918494009396595645e-01
9.925541536256079489e-01
9.974355261864435995e-01
9.944386477257671775e-01
9.982830418675021633e-01
1.001049788008004038e+00
9.945347336076308942e-01
9.975368116613596570e-01
9.942029052343620554e-01
9.981566499834677586e-01
9.993153834164374416e-01
9.930693436903196281e-01
9.962626572716684059e-01
9.920933042375238431e-01
9.947988325479287797e-01
9.918307156222075927e-01
9.936829204530227555e-01
9.897396565386030742e-01
9.958128057485665652e-01
9.971350728444106082e-01
9.947157996928724932e-01
9.947356970453622438e-01
1.000153684785377806e+00
9.954554755685597334e-01
9.935929250639025101e-01
9.922630320275777072e-01
9.921137699952213840e-01
9.946326712725485075e-01
1.000280608987764275e+00
9.922897281078417731e-01
9.970382899846511604e-01
9.944397778361082629e-01
9.974449013906460104e-01
9.926502645043394635e-01
9.931014870561288843e-01
9.922855525079297134e-01
9.925796722197527400e-01
1.000423787989484614e+00
9.966421519465055168e-01
9.984093039965559191e-01
9.965306947494388945e-01
1.002187264885844309e+00
9.958930491505006977e-01
9.977927296303746862e-01
9.978048443759977015e-01
9.925361911504346768e-01
9.976723165269785198e-01
9.953542687769471042e-01
9.976175178440959135e-01
9.947663161647583019e-01
1.000355175381162143e+00
9.956786752273907304e-01
9.949504865604201775e-01
9.971553971028604968e-01
9.989510204353062583e-01
9.958060007020835824e-01
9.979646597805474917e-01
9.989056931997782884e-01
9.961462416450840296e-01
9.951936720108670587e-01
9.959589533073036627e-01
9.996662053473349685e-01
1.001382370890393503e+00
9.943761338639975911e-01
9.984740743816996611e-01
9.961714026004799827e-01
9.990760697417713221e-01
9.937055427162697629e-01
9.998917868742359660e-01
9.986375823464594959e-01
9.991517835276796378e-01
9.958017146180008217e-01
9.955586939762649523e-01
9.999605370391505543e-01
9.993850067166899498e-01
9.972089990007486637e-01
1.001115322119875417e+00
9.989742098588930697e-01
1.003555113117175601e+00
9.972386200152626445e-01
9.953237514702667488e-01
9.982848890865760882e-01
9.978805627650814136e-01
9.937833696278771667e-01
9.994914642324710385e-01
9.943846237580687974e-01
1.002998686336911804e+00
9.984578554721568189e-01
9.945252344658482846e-01
1.002702605240848088e+00
9.947975320452344672e-01
9.965722344726695159e-01
9.955715710312259548e-01
9.953719196257030388e-01
9.970775874990659426e-01
9.979643639818847056e-01
9.977929628806968543e-01
9.951757141379737881e-01
9.955304318955243703e-01
9.972965391661798851e-01
9.951544535065174335e-01
9.927911257181921689e-01
9.952289406037335695e-01
9.982920147363275598e-01
9.938746077896003506e-01
9.946847441253072741e-01
9.947818745058477630e-01
9.988055086146728767e-01
9.971266811225381055e-01
9.965008981517686770e-01
9.964907937680326233e-01
9.944722421707687943e-01
9.928899831723309033e-01
9.971790468466557034e-01
9.944869765434128928e-01
9.956217443519864707e-01
9.944788651610311225e-01
9.970312604494686592e-01
9.968208989122868680e-01
9.970184039209931681e-01
9.988308978614739431e-01
9.960965361500796478e-01
9.977105799846232026e-01
9.990824708341951021e-01
9.984976832339803599e-01
9.983620865771352104e-01
9.974528698882724198e-01
9.979413174171213319e-01
9.984150646771130511e-01
9.978809037824470929e-01
1.000727632668471756e+00
9.935176047938593102e-01
9.952220466434892332e-01
9.964090774737648371e-01
9.971131397977003319e-01
9.945486434184555025e-01
9.958938204786675907e-01
9.941686339678447171e-01
1.002165620554926306e+00
9.955540741354580447e-01
9.914014301361007142e-01
9.764033436264306642e-01
9.711436918465602419e-01
9.607591533898455216e-01
9.497889497243018342e-01
9.399294544207730251e-01
