0.000000000000000000e+00
0.000000000000000000e+00
0.000000000000000000e+00
0.000000000000000000e+00
0.000000000000000000e+00
0.000000000000000000e+00
0.000000000000000000e+00
0.000000000000000000e+00
0.000000000000000000e+00
0.000000000000000000e+00
0.000000000000000000e+00
0.000000000000000000e+00
0.000000000000000000e+00
0.000000000000000000e+00
0.000000000000000000e+00
0.000000000000000000e+00
0.000000000000000000e+00
0.000000000000000000e+00
0.000000000000000000e+00
0.000000000000000000e+00
0.000000000000000000e+00
0.000000000000000000e+00
0.000000000000000000e+00
0.000000000000000000e+00
0.000000000000000000e+00
3.668856604494158402e-02
7.865838557219146931e-01
2.776594163978156171e+00
3.251698481204688296e+00
2.147606816433170085e+00
1.107336560145821158e+00
5.034475163423239863e-01
2.852949442275565795e-01
2.305792842424128075e-01
2.261960065520028096e-01
2.351848652077115909e-01
2.709658824043234548e-01
2.902484378579036073e-01
2.866345936076138967e-01
2.992414303458055813e-01
3.394741235413706870e-01
3.818151710127842269e-01
4.873073323333043660e-01
6.494442877247567081e-01
8.257756834281787528e-01
9.999802558491976967e-01
1.178970059985332997e+00
1.314177234443364428e+00
1.405586779199646363e+00
1.485846648953109916e+00
1.553455967952493078e+00
1.599724794191705213e+00
1.569462612021678360e+00
1.479528039143518159e+00
1.352646029476249900e+00
1.232544021777290499e+00
1.087708673582121310e+00
9.859272958656263297e-01
9.196316956211093574e-01
8.889252775963015774e-01
8.604385389146845808e-01
8.573352879045629260e-01
8.866904382777701654e-01
9.060486776350230587e-01
9.159333477947689817e-01
9.357036985123604600e-01
9.587445541512623626e-01
9.693773344588482166e-01
9.898638167436983881e-01
1.006077119102894546e+00
1.036638333719887006e+00
1.042122249293627734e+00
1.045526922014875293e+00
1.049479750774532816e+00
1.058928312804165994e+00
1.048642316967344223e+00
1.044427025559566902e+00
1.043406605067792592e+00
1.029317177462629740e+00
1.012274476536119794e+00
1.005862437792419017e+00
9.929041266499124552e-01
9.816306774410656910e-01
9.669701027868071730e-01
9.779623902038825367e-01
9.702902957945391815e-01
9.734744392717293859e-01
9.893218383841994035e-01
9.814981167171821230e-01
9.897745738895522560e-01
9.954476410062492731e-01
1.005926960016970018e+00
1.011813549194593431e+00
9.925366045218423361e-01
1.007791498821233533e+00
1.016016525585807129e+00
1.015619962848397950e+00
1.009842150385924286e+00
1.007393985026612926e+00
1.010511866002749004e+00
1.014689201842883248e+00
1.004469477423934665e+00
1.004247224726720011e+00
9.973098571843009852e-01
9.931527747240058712e-01
9.937235254112398719e-01
9.977293244588916199e-01
9.954931514980728258e-01
9.923688749743473370e-01
9.972261809043436731e-01
9.906387878343227982e-01
9.994743500908767064e-01
1.001362709837406273e+00
9.966019587646264277e-01
9.958058129640801059e-01
1.007766470796496616e+00
1.008074740567884930e+00
1.001078381313936561e+00
1.014124288239775851e+00
1.008079844846360595e+00
1.008759219351998082e+00
1.002890290286131636e+00
1.001368812275645670e+00
1.005977628497469523e+00
1.010710690925482158e+00
1.000329896589796652e+00
9.995326022823463052e-01
1.003113657312630913e+00
1.008065498947193772e+00
9.935610805197864215e-01
1.003387123453017615e+00
9.938313424526663553e-01
9.968345667371589780e-01
9.931760152802975306e-01
9.978778661905414182e-01
9.974655505283887003e-01
9.992724943201831689e-01
9.961237464313377199e-01
1.003198621600584151e+00
9.965595409410079597e-01
9.988392049365348857e-01
1.004238692396251853e+00
9.997815877081950298e-01
9.985077276116850475e-01
9.996540980967743018e-01
1.004058870394533676e+00
1.001562616198049094e+00
1.001540407763787277e+00
1.001049364019536592e+00
1.002145773051674293e+00
1.002574254705138390e+00
1.003248681816269361e+00
9.979639626646928940e-01
1.001082227427040117e+00
9.980285386653527935e-01
1.001961590830763971e+00
9.951943677948441591e-01
1.004136312006884912e+00
1.000434097140607159e+00
1.002561819874084215e+00
9.997848267854559934e-01
1.001696678292670617e+00
9.983905489208593220e-01
9.981813890155897262e-01
1.004474104686609248e+00
1.003234262743338823e+00
9.996801654015610161e-01
9.965734762886482301e-01
9.978713333013603526e-01
9.975496382033036680e-01
1.001861691964160750e+00
1.000351601390734757e+00
9.938329491385015091e-01
9.984198718654864191e-01
9.979462194959562993e-01
1.000543186497154569e+00
1.002704691136719450e+00
9.970608616549810899e-01
9.976350427881126581e-01
9.951029475585349005e-01
1.000989523329033570e+00
9.963737555747704810e-01
9.993212461759168885e-01
9.994228653220424974e-01
9.940929945018270875e-01
1.003325458322186892e+00
9.989070116824747547e-01
9.987634067506504509e-01
9.964675912751915776e-01
9.947650680398391065e-01
1.000698423490780531e+00
9.989894187075278875e-01
9.976611138711387605e-01
9.963015285173167923e-01
9.958289809328443321e-01
9.985639464920584851e-01
9.979488844856663210e-01
9.979320015768695651e-01
9.969507782639308591e-01
9.974446365403883963e-01
9.986667401047204518e-01
9.974955462524647265e-01
9.970304909781911862e-01
9.952555460301353296e-01
9.960712898546948413e-01
9.954940305755252128e-01
9.986852047914350772e-01
9.979087851478803950e-01
9.972945328348092886e-01
9.988607635497822601e-01
9.967630856810748563e-01
9.966494879978483601e-01
9.998268609500720050e-01
9.952606661740233118e-01
9.948846007459589691e-01
9.976334900701182562e-01
9.958576028720519391e-01
9.969239062157269071e-01
9.960922963487848225e-01
9.946393649837770301e-01
9.967220828383064335e-01
9.938541776713172293e-01
9.987905066351643324e-01
9.998766386030543130e-01
9.986572695384302589e-01
1.000254278462527013e+00
9.962203005923587762e-01
9.943418171830971097e-01
9.942259556234355200e-01
9.965148123167126837e-01
9.990062757388709080e-01
9.964200891768099089e-01
9.990193499376817110e-01
9.962995909152121410e-01
9.964394651916254064e-01
9.967958434022106129e-01
9.946397501034384137e-01
9.938237430934735439e-01
9.975458745513389180e-01
9.955584473670713308e-01
9.955633472225350333e-01
9.929603851951828153e-01
9.951129137657064305e-01
9.928142261430332738e-01
9.915208669626425220e-01
9.956213831619205035e-01
9.925050512695732241e-01
9.920402608004144085e-01
9.964100940846928323e-01
9.950801145501527722e-01
9.951676126940296463e-01
9.926433665951654994e-01
9.949123512443671657e-01
9.922010193460621963e-01
9.922129625629499960e-01
9.935287237893732915e-01
9.895480933913036736e-01
9.928025514803863194e-01
9.911242987249991865e-01
9.942539693826709657e-01
9.939095642340455283e-01
9.933253383264425418e-01
9.951747542382398670e-01
9.930848206510550780e-01
9.922617411012413235e-01
9.924058252491789744e-01
9.927419028884549856e-01
9.940251316973627294e-01
9.951371471812784364e-01
9.941619334582384448e-01
9.958243264779778059e-01
9.977626843157800796e-01
9.940089907829366966e-01
9.954142967708733414e-01
9.909462025930104723e-01
9.780787093711861280e-01
9.683994790851142564e-01
9.598219403846289799e-01
9.486949044204625592e-01
9.380393941075261255e-01
