0.000000000000000000e+00
0.000000000000000000e+00
0.000000000000000000e+00
0.000000000000000000e+00
0.000000000000000000e+00
0.000000000000000000e+00
0.000000000000000000e+00
0.000000000000000000e+00
0.000000000000000000e+00
0.000000000000000000e+00
0.000000000000000000e+00
0.000000000000000000e+00
0.000000000000000000e+00
0.000000000000000000e+00
0.000000000000000000e+00
0.000000000000000000e+00
0.000000000000000000e+00
0.000000000000000000e+00
0.000000000000000000e+00
0.000000000000000000e+00
0.000000000000000000e+00
0.000000000000000000e+00
0.000000000000000000e+00
0.000000000000000000e+00
0.000000000000000000e+00
3.583495775035654141e-02
7.490693046690399814e-01
2.751065752131454545e+00
3.348428442035425334e+00
2.126106540349207652e+00
1.102585161529357594e+00
5.362654941699017686e-01
3.140762726514113035e-01
2.293900838106701368e-01
2.283103667524308822e-01
2.402351640376717556e-01
2.709133351517677424e-01
2.898007186034144977e-01
3.070047215061516011e-01
2.990657991958056150e-01
3.293401630835996463e-01
3.861093594254533246e-01
4.945271480948714160e-01
6.381666944856176915e-01
8.089363979660593174e-01
9.744371019771372877e-01
1.150482167084653895e+00
1.259758388625595860e+00
1.373798955584839110e+00
1.465338745398111042e+00
1.530489806169419209e+00
1.568281472574308832e+00
1.565363506473502087e+00
1.476869137134787291e+00
1.354916609642117020e+00
1.205974249806467391e+00
1.072897338533582934e+00
9.815181259273053627e-01
9.133408128276375715e-01
8.757950942393772920e-01
8.584669386266410296e-01
8.568294337248121284e-01
8.755262639002885372e-01
8.787959937677612965e-01
8.947164774837916834e-01
9.132814551433616757e-01
9.370645725919564129e-01
9.623427874547038074e-01
9.663252073685464349e-01
9.975243364575616667e-01
1.004612757379474530e+00
1.022465803639426296e+00
1.044346717699153215e+00
1.028896024820940003e+00
1.045994365099256029e+00
1.055070383337955109e+00
1.028358733602247721e+00
1.022215548371336657e+00
1.013901131404010725e+00
1.003368171125476938e+00
9.849111914950509084e-01
9.853907256998839514e-01
9.703057132853023514e-01
9.659141055653081009e-01
9.663367146036158095e-01
9.694745462117392298e-01
9.661244506080540750e-01
9.752289457100360437e-01
9.813780993389099594e-01
9.892390462561183595e-01
9.883988065097866205e-01
1.002422337910206851e+00
1.003210399344732107e+00
1.003678718055379671e+00
9.995822792958646286e-01
1.009703081002928826e+00
1.006457171261938344e+00
1.007272045370295910e+00
1.005609920980233163e+00
1.001882574753636623e+00
1.005390290658151331e+00
1.005218691940743980e+00
9.970137791521356263e-01
9.882260477705876456e-01
9.957159464343611210e-01
9.906621050907290504e-01
9.921484445642124728e-01
9.985075722968131950e-01
9.968215383212605252e-01
9.847435445127024067e-01
9.864341338145810045e-01
9.898194092794418975e-01
9.933971284238206634e-01
9.888449264242802350e-01
9.986080761931716010e-01
1.000528238933794833e+00
9.951567201700565191e-01
9.993690293607618846e-01
1.001722544793242742e+00
1.004517630977513232e+00
9.984535678004660131e-01
1.001763491206894896e+00
1.001015707934673760e+00
1.003484686384438440e+00
9.988892540056193425e-01
1.004283522097390469e+00
9.984099226392828541e-01
1.002309591035261294e+00
9.988240160351168351e-01
9.957538040753857178e-01
9.978158006206715447e-01
9.998357884437416576e-01
9.955855573053460361e-01
9.976167279931577037e-01
9.971568555687335689e-01
9.942737988358849588e-01
9.941150858426966996e-01
9.927180106567283779e-01
9.986323293158966274e-01
9.968377175257387979e-01
1.003163269783227340e+00
9.961988693651689930e-01
9.915089223583656297e-01
9.983230173572555932e-01
9.979750295327756149e-01
9.981433371067576221e-01
9.958622664554940274e-01
9.967072906472759231e-01
9.914190235470737855e-01
9.952436993440351154e-01
9.946591099044876927e-01
9.916853752843542980e-01
9.947720615198603067e-01
9.965190602535364262e-01
9.968894684009409479e-01
9.899059139091215265e-01
9.934580275823896578e-01
9.892208565892633976e-01
9.935127632875903059e-01
9.946782534134684939e-01
9.944620636076120235e-01
9.940165958730728946e-01
9.996910246964216817e-01
9.949124868589744874e-01
9.988339601869604678e-01
9.973718742507493573e-01
9.964613128294547151e-01
9.937509084416082938e-01
9.997395402618991511e-01
9.996937372680829714e-01
9.971667052313820667e-01
9.953224690312691969e-01
1.001268593491902559e+00
9.988297115123103698e-01
1.000169222786728263e+00
1.000361041540770879e+00
9.963841408210745154e-01
9.999019711170753499e-01
9.996992116499235914e-01
9.974842409261871490e-01
9.941098602154454511e-01
9.990269880047885076e-01
9.958548000403877332e-01
9.994633363836752382e-01
9.984014731120561814e-01
9.980060879077825575e-01
9.990297829716927591e-01
9.941278950324367036e-01
9.950503928074263538e-01
9.964782143489039345e-01
9.976272309427879348e-01
1.000171721049647910e+00
9.983292590151832124e-01
9.973384930031303774e-01
9.952187034860122683e-01
1.001735846384265827e+00
9.966670340552966634e-01
1.000010722175653788e+00
9.966968983118115188e-01
9.970161267103988534e-01
9.996142268349744731e-01
9.986353430059355940e-01
1.001048069092681070e+00
9.982706285669339374e-01
1.001490158782096795e+00
9.985077535392496983e-01
9.995630150103862466e-01
9.993944161928011161e-01
1.000271149345789423e+00
1.000013289890598012e+00
9.983629634856346913e-01
9.979084220184838427e-01
9.973085912063973657e-01
9.938357869546761147e-01
9.939857274405212717e-01
9.990284376937608180e-01
9.959150266762406556e-01
9.998919650224825650e-01
9.963872358250852601e-01
9.967316662241999525e-01
9.976648051141836504e-01
9.963244280766129224e-01
9.978184022928775487e-01
9.991942497431157699e-01
9.976444012475583767e-01
9.961485287898302898e-01
9.967890179148558571e-01
9.955424311192107023e-01
9.971329718990785684e-01
9.929560153089215246e-01
9.964674093336247651e-01
9.938163973703193488e-01
9.966089543546841067e-01
9.975367668323095183e-01
9.970170449695407999e-01
9.939258831852206821e-01
9.949192445318836286e-01
9.958756377938627891e-01
9.987654541328817581e-01
9.934650768121008335e-01
9.957192484652623854e-01
9.951307302174192682e-01
9.981589823711523035e-01
9.941381607289314637e-01
9.957886254580661234e-01
9.943384052177349774e-01
9.990440894100492963e-01
9.953617525525555454e-01
9.953521155499295281e-01
9.966911530602864389e-01
9.960040202303015455e-01
9.977714406223671118e-01
9.958419321291809290e-01
9.978080753591286323e-01
9.987861135433900861e-01
9.990367770322589047e-01
9.959997891785163926e-01
9.958230335129667488e-01
9.983272997474212929e-01
9.954890742874875631e-01
9.974918150293896613e-01
9.966131913075045867e-01
9.966674471967843507e-01
9.977498574732225345e-01
9.961558170195256023e-01
9.959359145512849398e-01
9.943863671122981085e-01
9.940041400469340482e-01
9.963033474468124817e-01
9.977943490742010590e-01
9.947083112002151895e-01
9.979998771472388119e-01
9.973154985953794904e-01
9.929913491801523051e-01
9.942876906272603010e-01
9.825261008549470709e-01
9.729088554494915719e-01
9.615755445264148049e-01
9.502734929715570544e-01
9.390178565195504978e-01
