0.000000000000000000e+00
0.000000000000000000e+00
0.000000000000000000e+00
0.000000000000000000e+00
0.000000000000000000e+00
0.000000000000000000e+00
0.000000000000000000e+00
0.000000000000000000e+00
0.000000000000000000e+00
0.000000000000000000e+00
0.000000000000000000e+00
0.000000000000000000e+00
0.000000000000000000e+00
0.000000000000000000e+00
0.000000000000000000e+00
0.000000000000000000e+00
0.000000000000000000e+00
0.000000000000000000e+00
0.000000000000000000e+00
0.000000000000000000e+00
1.571022586579453646e-05
3.293668519035328202e-02
9.673004322963302259e-01
3.251937336461491412e+00
3.299696303565812006e+00
1.856773638759362743e+00
8.620539123057344710e-01
4.003506309399267882e-01
2.087957018447574864e-01
2.262239615132464188e-01
8.118860833829177892e-01
1.693883445902739204e+00
1.887569875920486639e+00
1.474343596703667103e+00
1.011488713211937895e+00
7.242191714879602227e-01
6.049191593946235956e-01
5.931814948613997052e-01
6.410044734775155462e-01
7.252110139208813866e-01
8.165455731098771874e-01
9.197072980665060848e-01
1.008537664118950739e+00
1.088062980832773974e+00
1.149405960382631209e+00
1.193165780740864435e+00
1.217268219315088995e+00
1.222851140059277864e+00
1.202514250363381221e+00
1.170551901510999970e+00
1.129222807930748917e+00
1.088996912688150687e+00
1.048691081210298526e+00
1.012142329306845667e+00
9.811821018941144779e-01
9.595420472254420075e-01
9.454272922298767590e-01
9.354195425108570161e-01
9.284859560688822899e-01
9.212133533875537239e-01
9.238072279049439617e-01
9.297303313530244084e-01
9.385663881092486394e-01
9.537723872794511282e-01
9.630005207198175654e-01
9.763486451525270615e-01
9.883231747436087566e-01
9.976161647526629039e-01
1.005961335755771069e+00
1.010416329342923358e+00
1.015467289510093796e+00
1.020308414057852886e+00
1.023584094918359888e+00
1.022733842848804642e+00
1.021812440981663572e+00
1.020977864558256343e+00
1.014522978130835362e+00
1.012806887143562928e+00
1.008415860217610316e+00
1.005957230288860416e+00
1.002754391435401793e+00
1.001267300490889411e+00
1.000242248223598862e+00
9.993254251727458071e-01
9.991907873685145214e-01
9.986533846385581281e-01
9.968067077450299962e-01
9.976129405982192555e-01
9.986349009857947712e-01
9.962925736265941801e-01
9.993023866600042604e-01
9.961050425826724064e-01
9.950767876611080753e-01
9.958690736843158753e-01
9.955799409549619394e-01
9.955653156803954129e-01
9.962649239502776588e-01
9.965910278910532494e-01
9.967496495057859285e-01
9.995200098849449377e-01
9.988065820314878662e-01
9.992890780906014125e-01
1.002611607712810438e+00
1.002283073180320505e+00
1.001544026758595329e+00
1.002068286148044995e+00
1.000867399005944236e+00
1.002657530047032175e+00
1.002059759963920493e+00
1.004370178585897833e+00
1.002748158317498639e+00
9.992568448059174768e-01
1.001248889718192148e+00
1.000302050960623301e+00
1.001392763184611789e+00
1.000663370788630324e+00
9.999495211626140412e-01
9.990430484699597269e-01
9.981582494693769236e-01
9.988846397506624397e-01
9.982053324762284463e-01
9.999155678087229271e-01
9.994288165986424666e-01
9.994605413722771337e-01
1.000641168195671726e+00
9.983217964481955198e-01
9.997018531528770735e-01
1.000082461529462341e+00
9.988040537797879814e-01
9.997566553578347559e-01
1.000007755021958378e+00
1.000702931222241965e+00
1.000194742919129576e+00
1.001550630589773228e+00
1.000516609671688650e+00
1.000414150458361906e+00
1.000556163621086903e+00
9.996817227939133188e-01
1.000811916461937567e+00
1.000789031905104487e+00
1.000679160396845013e+00
1.000622842950735336e+00
1.001194360239242798e+00
1.000488950276907429e+00
9.999017233984096586e-01
1.000970470027994219e+00
9.999371562680545722e-01
9.999792087455604550e-01
1.000492817390532307e+00
9.994746060708887825e-01
9.994203412341025050e-01
9.987030204547598933e-01
9.995657052221711414e-01
9.993955527056390675e-01
1.000281344689293972e+00
1.000435244940490964e+00
9.997838382892016984e-01
1.000911349165457320e+00
1.000425760459503266e+00
1.000330755405242300e+00
1.001141887427510424e+00
1.000053168070092813e+00
1.001365770561298829e+00
1.000838771058977228e+00
1.000787544293647136e+00
1.001281700540869846e+00
9.998057461734913831e-01
1.000418246959177582e+00
1.000759369785874098e+00
1.000260528805671401e+00
1.001022777673348241e+00
1.000128646961753853e+00
9.998262360486743772e-01
9.990066936301377210e-01
9.995769021080294081e-01
9.992262345300505499e-01
9.996910467685240498e-01
9.998132524135711074e-01
1.000153884782473801e+00
9.996994425905117998e-01
1.000314161891068032e+00
1.000255580628070851e+00
9.998437666357306020e-01
1.000729047150572981e+00
1.000368389717911199e+00
1.000586843873814358e+00
1.000139067522360703e+00
1.000091756707044421e+00
1.000204337246219710e+00
1.000911080509855777e+00
1.000107904505422418e+00
9.997031569354450919e-01
1.000313636486758195e+00
9.998451528066670813e-01
9.998161049955816004e-01
9.994637910362482724e-01
9.999574157773005734e-01
9.997663741659938985e-01
9.998570438101226365e-01
1.000027708028393025e+00
9.998749115736526027e-01
1.000172641193131984e+00
1.000349690580601525e+00
1.000706642897696730e+00
9.994720562874686021e-01
9.999842848762574565e-01
9.999419280086944140e-01
9.999294498004656084e-01
9.991097028114768186e-01
1.000068532325705029e+00
1.000318997140351884e+00
9.991936103529653890e-01
1.000226005290322462e+00
1.000087066799212998e+00
1.000057265532091622e+00
1.000473788423323906e+00
9.999920400656603370e-01
9.996827804208865409e-01
9.995658943893043213e-01
1.000492109290339382e+00
9.999889987041560291e-01
1.000040580468950058e+00
1.000174870367835922e+00
1.000699585985753925e+00
1.000213630126132180e+00
1.000600742708105617e+00
9.999790189708406274e-01
1.000516158122370936e+00
1.000391187270439852e+00
1.000618534094881884e+00
9.998912466072048533e-01
9.997780220924390449e-01
1.000310102405868262e+00
1.000138920345472027e+00
1.000083459513309680e+00
1.000384943368198609e+00
9.998404973177930088e-01
1.000508897332919034e+00
1.000424194798981592e+00
1.000394530588035957e+00
1.000079346857767337e+00
9.999404437798906642e-01
9.995620589428237945e-01
1.000441369767629984e+00
1.000326970372065860e+00
1.000432563152521936e+00
9.998402427961727845e-01
1.000988322955654874e+00
9.997350120891377312e-01
1.000003182398198076e+00
1.000186054793347212e+00
1.000000522000166869e+00
1.000582916989948501e+00
1.000362224682267209e+00
1.000554323046870309e+00
9.997761406609484425e-01
9.998604876128557306e-01
9.998787965825217672e-01
9.998060132148185453e-01
1.000267317354633034e+00
9.999463818658215208e-01
1.000951482503991352e+00
1.000399423404333188e+00
1.000060488611021814e+00
1.000195386518424545e+00
1.000422401381362070e+00
1.000133517182899112e+00
1.000122923077561898e+00
1.000335247572546438e+00
1.000017274830090619e+00
1.000443211086432083e+00
9.995099718928119881e-01
1.000534555961499539e+00
1.000327693798394924e+00
9.951702976195641037e-01
9.850108605226309821e-01
9.740408371692245160e-01
9.636987203542093372e-01
9.524003720202874890e-01
9.418359681454022692e-01
