0.000000000000000000e+00
0.000000000000000000e+00
0.000000000000000000e+00
0.000000000000000000e+00
0.000000000000000000e+00
0.000000000000000000e+00
0.000000000000000000e+00
0.000000000000000000e+00
0.000000000000000000e+00
0.000000000000000000e+00
0.000000000000000000e+00
0.000000000000000000e+00
0.000000000000000000e+00
0.000000000000000000e+00
0.000000000000000000e+00
0.000000000000000000e+00
0.000000000000000000e+00
0.000000000000000000e+00
0.000000000000000000e+00
0.000000000000000000e+00
3.142774206589157274e-05
3.308718769954153288e-02
9.685944807164241777e-01
3.251507818176331721e+00
3.285817739350301636e+00
1.862302957361410716e+00
8.604388132853335591e-01
3.978759951965708530e-01
2.095921895869374829e-01
2.245081999579516818e-01
8.073035196726874307e-01
1.691460767922270181e+00
1.888701923664062532e+00
1.470789703039053764e+00
1.010130765478579606e+00
7.232866284744192686e-01
6.067450526925530774e-01
5.945777992910692422e-01
6.438356011785739685e-01
7.245580613579484242e-01
8.198274627603391318e-01
9.213050461677294578e-01
1.011173995729320652e+00
1.085753434728407241e+00
1.152477644994846839e+00
1.193768005436325774e+00
1.219462869877259603e+00
1.217101576895868842e+00
1.203795537943972427e+00
1.170168430542123383e+00
1.128409936576165062e+00
1.087989461124667656e+00
1.047249757447391127e+00
1.012386358744260750e+00
9.817699305065505921e-01
9.620247057458133355e-01
9.463397495212283461e-01
9.341342710388328419e-01
9.289560858928007647e-01
9.224475165777780150e-01
9.242723676139260602e-01
9.307667204742929856e-01
9.396227691215136568e-01
9.510681320049341192e-01
9.656291827128542504e-01
9.747662152170926131e-01
9.864315662372806770e-01
9.956862294572216276e-01
1.004729371342967470e+00
1.011996313454796015e+00
1.016934742996307151e+00
1.019143320017076748e+00
1.023395580338297473e+00
1.020371796208068726e+00
1.021878118252154355e+00
1.019065348763745327e+00
1.017251474879175666e+00
1.011023974248733026e+00
1.008349683884870895e+00
1.006020270307341313e+00
1.003731025005938804e+00
1.002844008251172703e+00
1.002082301745246928e+00
9.995136676904472495e-01
9.988675333108705257e-01
1.000091255879679508e+00
9.967015811489161603e-01
9.975380873947702343e-01
9.969126614612278114e-01
9.976863664450469349e-01
9.977519382111129653e-01
9.968646534995393438e-01
9.959938780644054246e-01
9.962307686423297337e-01
9.968272106579391112e-01
9.963075105302803269e-01
9.974194708399141129e-01
9.967270271131736248e-01
9.971034067371258303e-01
9.975743075243000968e-01
9.982712146905471373e-01
1.000312067191095444e+00
1.000264749780809259e+00
1.000989543243209212e+00
1.001332388269872364e+00
1.001347082675863920e+00
1.002286376645503241e+00
1.002219122980250621e+00
1.002301777151502371e+00
1.001965077559899386e+00
1.002419835633474365e+00
1.002430939696159484e+00
1.001598576526477435e+00
1.002339931928553751e+00
1.000837577268077316e+00
1.000493450440289811e+00
1.001482292935076845e+00
9.999541326950103226e-01
1.000609943597561946e+00
9.996339086186883938e-01
9.978300921559781766e-01
9.996652130147909432e-01
9.989402265082900634e-01
9.992615367160025963e-01
9.983660266493831204e-01
9.989019060537329686e-01
9.997005457249754645e-01
9.987055005661911178e-01
9.985624716806921208e-01
9.988109580905065732e-01
1.000118679354756734e+00
9.998285950937708666e-01
1.000081075493699956e+00
1.000081533542158008e+00
1.000668434981302868e+00
1.000132116399494508e+00
1.000367434947796008e+00
9.999681212266777752e-01
1.001265847084122695e+00
1.001785894749221750e+00
1.000955528804429617e+00
1.000946686905099137e+00
9.997188849694697010e-01
9.999714532416928980e-01
9.992641384080921396e-01
1.001100953153214901e+00
9.998019617024399563e-01
1.000264960254823254e+00
9.983691994880339315e-01
9.992620023253317996e-01
9.990981237167800844e-01
9.998573365591721940e-01
9.999026550739817942e-01
9.979045823909794555e-01
9.998319011263178124e-01
9.996003695284360058e-01
9.997169761837952917e-01
9.994676683226839664e-01
1.001307484421532168e+00
1.000376397006348839e+00
1.001104653216259965e+00
1.000200566092732002e+00
1.000248879790810896e+00
1.000934586251315928e+00
1.001450542929962495e+00
1.000725671686403251e+00
1.001155786485184551e+00
1.000478023344630873e+00
1.000078629867578561e+00
9.999768952637014818e-01
1.000225733557377872e+00
9.996303629651537292e-01
9.993083345245843407e-01
9.995982407729224750e-01
9.994040332470275345e-01
9.999105749324165293e-01
9.990715470625352035e-01
9.991906775614751712e-01
9.995537860861898327e-01
9.998915569389619229e-01
9.998888014325051365e-01
9.995959886788609028e-01
9.997384268766285054e-01
9.999590030402482066e-01
1.000482859646758538e+00
1.000550413722049337e+00
1.000949771491796314e+00
1.000600173617292032e+00
9.998874443786088806e-01
1.000506641100098237e+00
1.001059820815113799e+00
9.996517566208342753e-01
1.000263355346750815e+00
9.995515798694994958e-01
1.000039895357184294e+00
9.999058154712519020e-01
9.994097551959461034e-01
1.000271949370681090e+00
9.997426862117861912e-01
9.998589383935837516e-01
9.996616160458565714e-01
9.997374398991144551e-01
1.000184832150259995e+00
9.997278997063199224e-01
1.000384816300164514e+00
9.995544784766651203e-01
1.000144594075174531e+00
1.000646144273646065e+00
9.999664218857590159e-01
1.000066667098071571e+00
9.998782148412432846e-01
9.997559967039990614e-01
9.993860386430715170e-01
9.998071334539413435e-01
9.998488356034790359e-01
1.001200106271557866e+00
1.000013739355962494e+00
1.000319038455792509e+00
9.993007182147582990e-01
1.000049352583217033e+00
1.000611392799801935e+00
9.998293609436077478e-01
9.997040789738238509e-01
1.000370303301610031e+00
1.000534100911457447e+00
1.000323042307761146e+00
1.000118383625130614e+00
9.994966115236463278e-01
1.000148642639690832e+00
9.998459419433749495e-01
9.998444154823937779e-01
9.997794495679916960e-01
1.000118950064982748e+00
9.998748578825299438e-01
1.000051228403669556e+00
1.000132790420987350e+00
1.000059281218765195e+00
1.000481263735337301e+00
1.000188690878938358e+00
1.000131847764080817e+00
9.997424911327877917e-01
1.000287657576045541e+00
1.000376829024753000e+00
9.997913506430978758e-01
9.999871833231168683e-01
1.000724941517000754e+00
9.997145443977489832e-01
9.999837182177724326e-01
1.000275103722767289e+00
1.000234172729922433e+00
9.993820242636789475e-01
1.000067771335962030e+00
9.999092477383417776e-01
9.994484684979513256e-01
9.997842156171398154e-01
9.998148406719158388e-01
1.000026403069663061e+00
9.992346574367330092e-01
1.000530597369806651e+00
1.000156249203060455e+00
1.000162254391915972e+00
9.995899745938792158e-01
1.000009777024414293e+00
9.997230767269629226e-01
9.997803987886245691e-01
1.000326924004926843e+00
1.000539679610917387e+00
9.997831732070390220e-01
1.000098856842922990e+00
1.000072389235829862e+00
9.998639637426814941e-01
1.000380643933406644e+00
1.000095087820139783e+00
9.998226934698569712e-01
9.954593244000654595e-01
9.853036082391689598e-01
9.739648358715613519e-01
9.636475827769722668e-01
9.530722126580277731e-01
9.427313814507602974e-01
