0.000000000000000000e+00
0.000000000000000000e+00
0.000000000000000000e+00
0.000000000000000000e+00
0.000000000000000000e+00
0.000000000000000000e+00
0.000000000000000000e+00
0.000000000000000000e+00
0.000000000000000000e+00
0.000000000000000000e+00
0.000000000000000000e+00
0.000000000000000000e+00
0.000000000000000000e+00
0.000000000000000000e+00
0.000000000000000000e+00
0.000000000000000000e+00
0.000000000000000000e+00
0.000000000000000000e+00
0.000000000000000000e+00
0.000000000000000000e+00
0.000000000000000000e+00
0.000000000000000000e+00
0.000000000000000000e+00
0.000000000000000000e+00
0.000000000000000000e+00
1.548951546667257974e-04
2.653387663396429910e-02
4.999828877084332990e-01
1.673076871901429508e+00
2.108914874448768462e+00
1.526160022976131847e+00
8.735090100527146406e-01
4.842437768387065078e-01
3.216767015723122625e-01
2.734275051691855141e-01
2.703092441693196735e-01
2.718063476064948025e-01
2.821444561513544724e-01
2.804545531892169707e-01
2.628186444014145584e-01
2.667051386561051229e-01
2.813208316368261408e-01
3.599734179743629969e-01
4.470997980206793954e-01
5.697086633697510116e-01
7.342128160965250006e-01
9.098151881017773057e-01
1.061875699357211156e+00
1.203659785576242536e+00
1.313015189862088983e+00
1.431335392550596941e+00
1.507697077663721741e+00
1.533952177714575926e+00
1.564942361535681892e+00
1.490011024669377182e+00
1.397461141214818126e+00
1.281154737776588393e+00
1.157924088297991760e+00
1.068958555867943749e+00
9.953701895374099662e-01
9.375337021961115402e-01
9.089710469510345892e-01
8.928050884751088656e-01
8.984085206948247970e-01
8.985856063749116940e-01
8.979090534473449514e-01
9.131390678678995565e-01
9.265411541477854840e-01
9.365921341512052356e-01
9.571935100074058234e-01
9.741927441140845190e-01
9.951055333139920966e-01
1.003321682012168647e+00
1.019616679733869491e+00
1.027002863951695488e+00
1.039137144174356653e+00
1.038019979843449958e+00
1.038020013916378659e+00
1.028704326851021422e+00
1.017003790758426174e+00
1.013113764370604963e+00
1.001974038198085726e+00
1.003261614348353703e+00
9.869868165965124396e-01
9.770197096134874970e-01
9.712682330299576838e-01
9.722885274193934224e-01
9.703213239552976876e-01
9.742741955623318573e-01
9.740808355352865711e-01
9.826061350190150590e-01
9.840973367040887210e-01
9.871141844721099678e-01
9.989208503248504512e-01
1.002491739749319599e+00
1.004912076042080438e+00
1.005616863282145612e+00
1.002414341962017730e+00
1.013934312027556572e+00
1.006994714307236416e+00
1.006353916279764560e+00
1.009063905373749348e+00
9.990832110282529266e-01
1.003590540259847952e+00
9.967786823049973322e-01
9.985881399345541976e-01
9.961395011071001448e-01
9.902448009573212584e-01
9.894658618833922503e-01
9.937649608662659784e-01
9.917588274700048778e-01
9.887597511214810675e-01
9.872583857597798662e-01
9.897436729015558488e-01
9.881541444250849793e-01
9.956466396045746681e-01
9.995826463140351503e-01
1.001851185662943733e+00
1.008420021568564362e+00
1.003628963954419584e+00
1.005666894165553105e+00
1.007393612144192208e+00
1.009546022321049286e+00
1.000180298800674272e+00
9.991057595588318518e-01
1.004741586668848052e+00
9.965419528874188693e-01
1.000235351157589436e+00
9.942106655854628938e-01
9.908116792745391699e-01
9.938111118437966685e-01
9.928871183621182928e-01
9.940710305232384192e-01
9.934484364811467794e-01
9.936451996339830117e-01
9.891418816292147920e-01
9.934472491062981137e-01
9.966747637055280995e-01
9.965850134596063725e-01
9.910562592893820133e-01
9.974869572548767938e-01
9.994645112846698431e-01
9.910801112738679697e-01
9.945256151685826218e-01
9.954368398405337715e-01
9.953773930621611088e-01
9.937233949041307524e-01
1.000989117900088710e+00
9.979289337334094068e-01
9.963541534557297519e-01
9.934348429470045705e-01
9.960448997933845083e-01
9.969858259384043464e-01
9.968308003125906369e-01
9.949855802876239608e-01
9.959594049956027595e-01
9.963664858872810504e-01
9.967975101646655567e-01
1.001401487920990485e+00
9.985088170972072907e-01
9.976893947249791950e-01
9.986516551104993589e-01
9.956817588634961913e-01
9.953777017454840115e-01
9.931415795400072577e-01
9.988689842217208792e-01
9.957257153378079595e-01
9.973559256512877225e-01
9.954613608222672161e-01
9.969942662804697209e-01
9.979494235963732862e-01
9.976028163778540847e-01
9.968350253598855515e-01
1.000204189275721411e+00
9.952973267339410013e-01
9.984220385173596668e-01
9.962779292542894849e-01
9.986762859039360896e-01
9.959566952107459237e-01
9.960955237391058148e-01
9.991954183589667471e-01
9.993982665911593788e-01
9.952196938708111063e-01
9.951257703048521641e-01
9.987077767069315604e-01
9.976768678328642448e-01
9.952091332783407074e-01
9.978911161249374162e-01
9.997270318526205735e-01
9.982847151220747284e-01
1.000279753117162107e+00
9.985692548426290394e-01
9.982628693658839314e-01
9.967880976809572191e-01
9.980818616855291481e-01
9.987325639132114130e-01
1.000716036937279174e+00
9.997636334116709600e-01
9.994027231073137063e-01
9.988239230941701186e-01
1.001702343290131081e+00
9.982790103078242883e-01
9.989961147899918403e-01
1.000728774471756566e+00
9.993771101615068764e-01
9.992500732314453238e-01
9.996923638558148362e-01
1.000757924473342220e+00
1.001666135545735026e+00
1.001448740424430328e+00
9.982981870864742202e-01
1.000190401482564218e+00
1.000427002564407530e+00
9.972244642975018891e-01
9.971611714048904673e-01
9.988560443108733811e-01
9.984377053438885374e-01
9.989721086853513565e-01
1.001370828913492828e+00
1.000023145745395636e+00
1.000999589684552715e+00
1.001172315735824547e+00
9.992963488786974491e-01
9.993603398861852227e-01
1.000807820425405170e+00
1.001011838570060597e+00
9.995508078220243231e-01
1.002011829643684626e+00
9.986059385826888679e-01
9.981119320545461804e-01
1.004320133565598683e+00
1.000468479799374588e+00
1.001508782516586260e+00
1.002642800221465347e+00
9.988205518325335985e-01
1.001653964959743792e+00
1.001634301376748581e+00
1.002346051769364532e+00
1.000352125840851425e+00
1.001950850052262920e+00
1.003285501842360317e+00
1.001691457061015811e+00
1.001029722640762065e+00
1.001301567530967329e+00
9.995531961496845197e-01
1.000995787076508492e+00
9.995007125717777496e-01
1.002373980004281684e+00
1.001493860267932856e+00
1.002761422101178024e+00
1.002444025903792113e+00
9.990726153310004465e-01
9.965850169922023660e-01
9.984522754019552471e-01
9.991353364755725108e-01
9.992651942020520650e-01
9.998036079549231792e-01
1.000346874406450981e+00
9.987714489396790629e-01
9.975683833614199525e-01
9.992200870015768288e-01
1.002144562700284958e+00
9.982694840600320196e-01
9.857376406697316851e-01
9.745166193605540039e-01
9.643323426681719157e-01
9.528378106319472796e-01
9.428488447926193228e-01
9.333327591418152380e-01
9.191613816624745192e-01
9.122846380671322253e-01
9.006954245553220328e-01
8.888080609287583034e-01
8.776382829354799631e-01
8.665117536552875421e-01
8.584283699679666757e-01
8.485768624485248157e-01
8.348861837350447512e-01
8.256654403556371591e-01
8.150422828708532297e-01
