0.000000000000000000e+00
0.000000000000000000e+00
0.000000000000000000e+00
0.000000000000000000e+00
0.000000000000000000e+00
0.000000000000000000e+00
0.000000000000000000e+00
0.000000000000000000e+00
0.000000000000000000e+00
0.000000000000000000e+00
0.000000000000000000e+00
0.000000000000000000e+00
0.000000000000000000e+00
0.000000000000000000e+00
0.000000000000000000e+00
0.000000000000000000e+00
0.000000000000000000e+00
0.000000000000000000e+00
0.000000000000000000e+00
0.000000000000000000e+00
0.000000000000000000e+00
0.000000000000000000e+00
0.000000000000000000e+00
0.000000000000000000e+00
0.000000000000000000e+00
0.000000000000000000e+00
2.523168186739433230e-02
4.883090644891222576e-01
1.690420764147022581e+00
2.103222803862073942e+00
1.546036855624708162e+00
8.596211011266373658e-01
4.947968810913864757e-01
3.396540527953617605e-01
2.767726056981690830e-01
2.715457516387954073e-01
2.841535737322299915e-01
2.830198704751607508e-01
2.779509894419690541e-01
2.617969927219364612e-01
2.614903765227915566e-01
2.807265830738706613e-01
3.404134491782231375e-01
4.329580116239098442e-01
5.668084670287844018e-01
7.284841876224905644e-01
9.081486621872348897e-01
1.066842182994866661e+00
1.199522802112711117e+00
1.294385255266282897e+00
1.411346062163051807e+00
1.496123665968070338e+00
1.540312355091031371e+00
1.547318359934460652e+00
1.500662700376022229e+00
1.398041882883898523e+00
1.284836320293686107e+00
1.167574580842806853e+00
1.063005414801154735e+00
1.002487371808231442e+00
9.482251207402494497e-01
9.285541415317420944e-01
8.998525687134372175e-01
9.006762132756724881e-01
8.907997447820945602e-01
8.979744829493937486e-01
9.133430671364936027e-01
9.264337595436127337e-01
9.416211156800916582e-01
9.609109945899801941e-01
9.759626014173757858e-01
9.939094748933854362e-01
1.003981385765802425e+00
1.023966507723558683e+00
1.033506975660360538e+00
1.039058293021729140e+00
1.041492896833232651e+00
1.044878734160343825e+00
1.033241319187593987e+00
1.021660007133800230e+00
1.010638157664764281e+00
1.004221472361112921e+00
9.948810955832385616e-01
9.794666825064496374e-01
9.772852420302247101e-01
9.683107601986848945e-01
9.745559611578891168e-01
9.703976413804059620e-01
9.736944832830700669e-01
9.736300091800816903e-01
9.866757311846591216e-01
9.845686288826701604e-01
9.900592051062061527e-01
9.998189258400506096e-01
1.003134458206960122e+00
1.002384482295678225e+00
1.007153978006056105e+00
1.009843543727854120e+00
1.005580736522906360e+00
1.006867154328243030e+00
1.007037573577738376e+00
1.007290597459102877e+00
1.008063957932674004e+00
1.009380222333193355e+00
1.002231235473235449e+00
9.958411585089163021e-01
9.971561007797045129e-01
9.919078309694062678e-01
9.946315004502751522e-01
9.936621845674394882e-01
9.881131173030189840e-01
9.927692713117700629e-01
9.945549966712058376e-01
9.875320071571457303e-01
1.002032922569541240e+00
9.967459616367356778e-01
1.005579735014270559e+00
1.000634690626722723e+00
1.003269847265562564e+00
1.006406729259012423e+00
1.012003071002234300e+00
1.011353399216514015e+00
1.008669154868948592e+00
1.009368453052041703e+00
1.007698552498110578e+00
1.007198326396185895e+00
1.002549246762427959e+00
9.939693675405415485e-01
9.982452318825109083e-01
9.969522932668275494e-01
9.980169575018325023e-01
9.988860628466821323e-01
9.980972092827642417e-01
9.986679928606464474e-01
1.000428236480929822e+00
1.003854647358862096e+00
9.953564336329283613e-01
1.000742510840413324e+00
9.974489072178629456e-01
9.995200575313364366e-01
1.001684897072425029e+00
9.941420127187392541e-01
1.001220583233202843e+00
9.956379796883999544e-01
9.978292130437492746e-01
9.974122768438280495e-01
9.976487501789949031e-01
9.995437268320815916e-01
9.942108014270363281e-01
9.982575093068939420e-01
1.002607631387998799e+00
1.001795371757058017e+00
1.001169818633532271e+00
9.988950094323172380e-01
1.001092967343210294e+00
9.983553897150744261e-01
1.002491656757874772e+00
1.001694721959558221e+00
1.004550081856806720e+00
9.956889194644015229e-01
9.981239025545711741e-01
1.001433592586317589e+00
1.001624443340579207e+00
1.000760510660638536e+00
1.002328111461704419e+00
9.989746982857733437e-01
1.002992205148061755e+00
1.003761819970909519e+00
1.000637915752392804e+00
1.000257115731810531e+00
9.999769187615111798e-01
9.996940652896905144e-01
9.996924623190260872e-01
1.001289506561397369e+00
1.001314090025662074e+00
9.997577343573591513e-01
1.001330857179402622e+00
9.963862500654032672e-01
9.991016791226501326e-01
1.001778630721000374e+00
9.983750930663293222e-01
9.995476495039529174e-01
9.959357675796310927e-01
9.996538791327992390e-01
9.981402380265159691e-01
9.988344220817875208e-01
9.999865147763875584e-01
1.000122908007018863e+00
9.973504185518757836e-01
1.001155365863401592e+00
9.987338014885879245e-01
1.001244562219118839e+00
1.001365033006019978e+00
9.983053520308805551e-01
9.999776514788826232e-01
9.973823013115189484e-01
9.990532845270237994e-01
1.002091321672770485e+00
1.002185661891703106e+00
1.000719776731660682e+00
1.000515304280359619e+00
9.999601088124916437e-01
9.976677020274502539e-01
1.000468184352425016e+00
1.001029432948314257e+00
1.000789031883867031e+00
1.000191845923776857e+00
1.000885261193702691e+00
9.974796080092528383e-01
9.981833115151566016e-01
9.958198803487681161e-01
9.966612341437497413e-01
9.992188203758121112e-01
9.980967435467708038e-01
9.962793169731494203e-01
9.965984781853080010e-01
9.977028692635467877e-01
9.992889647903546724e-01
9.997477178974627510e-01
1.001155268290690126e+00
9.978198067321372156e-01
9.974834531053169417e-01
9.998820407746098482e-01
9.990720099418325395e-01
9.972750336684623740e-01
9.989298620670304940e-01
9.967145401443758823e-01
9.973355716111280689e-01
9.991594494693868400e-01
9.988825379966327356e-01
9.995607322046363707e-01
9.991297487259456211e-01
9.993482401553850369e-01
9.982453252275805822e-01
1.001333788961840110e+00
9.985690142135164038e-01
9.968254818681209217e-01
9.985428585200987195e-01
9.996648893901133315e-01
1.000973484296109106e+00
1.000934970872061403e+00
1.001510208742392605e+00
1.000827670429119909e+00
1.000151442248062850e+00
9.991270655021625702e-01
1.003432232320276452e+00
1.000946736356195244e+00
9.980635890300676438e-01
1.001729793998060059e+00
9.997433703908855662e-01
9.983282489119418290e-01
9.981869219115889758e-01
1.001270894266379052e+00
1.000217061411239783e+00
1.000268345488137367e+00
1.001730778669582378e+00
9.985656318235436313e-01
9.986060989249779807e-01
1.000208636537707418e+00
9.981617624327059346e-01
1.000778088882080974e+00
9.991140535581349846e-01
1.000143668407597719e+00
9.871562147540933196e-01
9.756383086350554068e-01
9.647913180694430713e-01
9.526232772676463956e-01
9.437150692671906205e-01
9.325748865344892780e-01
9.200981711941214058e-01
9.095637795929706337e-01
8.977303937013983992e-01
8.849111201706685303e-01
8.770308007912385184e-01
8.663437799082213120e-01
8.562393336125914134e-01
8.475892859304526850e-01
8.344660988899157417e-01
8.256107567840450523e-01
8.155984547128806161e-01
