0.000000000000000000e+00
0.000000000000000000e+00
0.000000000000000000e+00
0.000000000000000000e+00
0.000000000000000000e+00
0.000000000000000000e+00
0.000000000000000000e+00
0.000000000000000000e+00
0.000000000000000000e+00
0.000000000000000000e+00
0.000000000000000000e+00
0.000000000000000000e+00
0.000000000000000000e+00
0.000000000000000000e+00
0.000000000000000000e+00
0.000000000000000000e+00
0.000000000000000000e+00
0.000000000000000000e+00
0.000000000000000000e+00
0.000000000000000000e+00
0.000000000000000000e+00
0.000000000000000000e+00
0.000000000000000000e+00
0.000000000000000000e+00
0.000000000000000000e+00
0.000000000000000000e+00
2.452078118127318934e-02
4.838993183113526331e-01
1.631442052940438758e+00
2.074569025304577874e+00
1.519887056628811628e+00
8.597267358549500749e-01
5.003505743841465403e-01
3.121873185074612866e-01
2.692245421055844412e-01
2.668965576380388782e-01
2.719007082340993420e-01
2.807248365237702825e-01
2.663999102695153165e-01
2.590200877350622988e-01
2.535717187380975290e-01
2.804433667746079606e-01
3.449001118126153731e-01
4.409923115393089010e-01
5.678604675252685308e-01
7.218007306593597905e-01
9.209895022326258784e-01
1.069464908497958389e+00
1.203022912920244325e+00
1.315741185382296452e+00
1.417767634788228426e+00
1.489801204155910774e+00
1.545068086199231416e+00
1.554904165596956434e+00
1.486207321209405352e+00
1.386019971331368339e+00
1.274766616799511754e+00
1.148086998629635147e+00
1.056610743532327312e+00
9.895579721260792105e-01
9.371451058113907662e-01
9.030295531033304401e-01
8.924380120657735560e-01
8.863321218288914283e-01
8.908449501719294394e-01
8.995758890523075646e-01
9.085529545013962816e-01
9.179481099754257523e-01
9.385212122159257708e-01
9.544705906658960126e-01
9.728544237686371776e-01
9.815608328516328696e-01
9.949689578921128152e-01
1.018229035459460752e+00
1.022415164251088360e+00
1.036746824272519740e+00
1.035686302989116570e+00
1.028513711088127502e+00
1.026854945516151973e+00
1.021189121924039211e+00
1.007633565192328939e+00
9.981408312498337709e-01
9.936707200450182187e-01
9.833137483336479301e-01
9.748831488132461143e-01
9.651825580320066988e-01
9.658532467753196959e-01
9.679085774696506439e-01
9.745977846003960332e-01
9.759014091610385133e-01
9.841713685686916957e-01
9.885589189085151052e-01
9.947704727750958931e-01
9.946684617111568594e-01
1.005857222810816909e+00
1.009627106989926526e+00
1.008943198430534149e+00
1.017916004357912296e+00
1.007141322040609799e+00
1.007709985155934351e+00
1.012415416801677015e+00
1.010114066023140245e+00
1.004577979405487653e+00
1.004715849936162808e+00
1.004022083751634264e+00
1.001265916539056500e+00
9.965617041210036442e-01
9.937939761612492040e-01
9.940156855540047687e-01
9.956739515092825066e-01
9.914937877149970769e-01
9.926682913637904226e-01
9.938477149366283792e-01
9.907016614609588379e-01
9.966434951814460153e-01
9.929169089902424306e-01
1.002208310627887622e+00
1.005135913467730902e+00
1.011078071652288246e+00
1.013123554004062177e+00
1.009541928326586513e+00
1.013568647275045365e+00
1.008616903828090106e+00
1.008106208381275737e+00
1.003672498558192183e+00
1.005446029477391923e+00
9.987377216523947165e-01
9.975977009327480216e-01
9.971195297152620762e-01
9.922080047131804914e-01
9.977015244524159998e-01
1.000274150655259486e+00
9.976493583049870217e-01
9.978293665888722241e-01
9.988488051616479790e-01
9.978762378546474077e-01
9.965746222574537461e-01
9.982136640783808579e-01
9.997158500530775038e-01
9.961744012373036083e-01
9.961254031847162072e-01
9.974649164549672653e-01
9.997309300509331642e-01
9.970027843507421883e-01
9.956146133133061404e-01
9.988324130483375862e-01
9.994657950862092521e-01
9.988726839902744015e-01
9.937973125274519592e-01
1.000516759604419992e+00
9.993365631727477716e-01
9.972803439557175187e-01
9.986611928612444400e-01
9.977209489746045046e-01
9.985790577153500491e-01
9.969174486032353899e-01
9.977083922813759775e-01
9.976325706201608634e-01
9.980211382892862915e-01
9.990681136740913182e-01
1.000827435430667434e+00
1.000138056422722688e+00
1.002815463544094454e+00
9.997470497880557305e-01
1.005331130264470962e+00
1.002326152634064327e+00
1.002194875270861374e+00
1.001347283393832388e+00
1.003723910666322716e+00
9.987769672184140246e-01
1.001236420050840126e+00
1.001739457174851911e+00
1.001622314295892879e+00
1.002852332876187358e+00
1.001075742227353071e+00
9.966666289124570532e-01
9.992832416439411114e-01
9.993050502889809783e-01
9.977145443344247466e-01
9.983159558700054337e-01
1.001960333928304081e+00
9.975781538234036461e-01
9.991814459105792245e-01
9.960543922586797549e-01
9.978658819008650038e-01
9.991337269977911273e-01
1.000592358086377809e+00
9.988112273731201141e-01
9.992006071879823148e-01
9.984490533109859900e-01
9.983445208488815892e-01
1.002021275757744467e+00
9.995924886588967162e-01
9.976287177364510095e-01
9.980037061323381309e-01
9.993749324127135791e-01
9.985610823864059515e-01
9.991931983864581479e-01
1.000857732658559485e+00
1.001434037994688664e+00
1.002156882526068715e+00
9.991121328676358937e-01
9.975912774403150607e-01
9.996878388517409508e-01
1.002997310685612486e+00
1.000646188691853844e+00
9.988787952571474005e-01
1.001582589377280064e+00
1.000277573441133772e+00
1.001081073557757328e+00
9.974439961860481763e-01
1.000523981848363331e+00
1.002646704641465769e+00
1.000694761469201888e+00
1.000354326363792845e+00
1.000488420859155791e+00
9.983450679322164456e-01
1.000089644946748235e+00
1.000205923337384339e+00
9.988191347382699981e-01
1.001239874158722953e+00
1.000601737999273988e+00
9.980540397481934001e-01
9.998832964816207758e-01
9.999871224290650673e-01
1.002115727620180641e+00
1.000920228644803123e+00
1.001253596392230438e+00
9.979342311669039400e-01
9.948343352677956331e-01
9.971230622225919493e-01
9.972206177383955428e-01
9.986649481616731716e-01
1.001716488644635916e+00
1.000247298679820984e+00
9.955482685732736092e-01
9.994335159013238989e-01
9.960856763656265045e-01
9.978183166444597463e-01
9.999734210814508195e-01
9.986060670403102968e-01
9.973550422138620641e-01
9.990016637901607544e-01
9.989724270053383925e-01
9.973512605502525830e-01
1.000118174511726687e+00
9.982524997151283053e-01
9.977746740590731633e-01
9.980162018390437151e-01
9.967323746859287903e-01
9.969493847372757900e-01
9.989832066754714690e-01
9.971949376709504653e-01
9.981919077077833213e-01
9.994458713044034326e-01
9.996472276955374880e-01
9.999911115313138144e-01
9.990912730571587241e-01
9.977021285874050349e-01
9.986774229270440895e-01
9.953721576486382894e-01
1.000092641059660448e+00
9.955644515622977808e-01
9.875957595971842640e-01
9.751882062255438077e-01
9.629007105113115417e-01
9.540241166633006697e-01
9.422056197577344250e-01
9.307516214912678887e-01
9.188846530830956372e-01
9.102233857773901482e-01
8.968331995127918344e-01
8.861578710146935656e-01
8.755807353438662677e-01
8.668532332236008608e-01
8.560343522411590911e-01
8.467686758883704590e-01
8.351432501125842789e-01
8.269146971189360595e-01
8.140236807030013511e-01
