0.000000000000000000e+00
0.000000000000000000e+00
0.000000000000000000e+00
0.000000000000000000e+00
0.000000000000000000e+00
0.000000000000000000e+00
0.000000000000000000e+00
0.000000000000000000e+00
0.000000000000000000e+00
0.000000000000000000e+00
0.000000000000000000e+00
0.000000000000000000e+00
0.000000000000000000e+00
0.000000000000000000e+00
0.000000000000000000e+00
0.000000000000000000e+00
0.000000000000000000e+00
0.000000000000000000e+00
0.000000000000000000e+00
0.000000000000000000e+00
2.601908418515342918e-05
3.607447271807938394e-02
1.069986366851012560e+00
3.484756418268784461e+00
3.437955721823374944e+00
1.903227599196617881e+00
8.683501772183067624e-01
3.961503458235915431e-01
2.025890350241487392e-01
1.231410220224961743e-01
1.905827611327019222e-01
7.294485357745270626e-01
1.519699220533915485e+00
1.779118741802743209e+00
1.481749738987685028e+00
1.089120372724318164e+00
8.276061093780632261e-01
7.157555527742910373e-01
7.118427650987214639e-01
7.569631249366162162e-01
8.364862626458353656e-01
9.266735159896635210e-01
1.007417560092245701e+00
1.073732372241618105e+00
1.127430533593231088e+00
1.169979521812447576e+00
1.191684477683773613e+00
1.195984627100396880e+00
1.182872426123467990e+00
1.151569751409824205e+00
1.114700362297719405e+00
1.079680107744933837e+00
1.048336251863410951e+00
1.021879460609562029e+00
9.969650160482385060e-01
9.784512959789917197e-01
9.578743898254549194e-01
9.462853759444818103e-01
9.353427618460508075e-01
9.298678044793312614e-01
9.294482883996276756e-01
9.320935351551998815e-01
9.395075830750579948e-01
9.475114923180562032e-01
9.576537721146546334e-01
9.700825839281973506e-01
9.751965289994412034e-01
9.822992035357936969e-01
9.887414182576155230e-01
9.961283446085329452e-01
1.001531131786734585e+00
1.006186879237994880e+00
1.010818682194675855e+00
1.011066212163407085e+00
1.013880946339096978e+00
1.019505009715331978e+00
1.016274817487769822e+00
1.013486188333213356e+00
1.014589024328425237e+00
1.012451073019300818e+00
1.010164664484641595e+00
1.007686728558950362e+00
1.008137152062056341e+00
1.006377168503459929e+00
1.004695036127702279e+00
1.002905437468296412e+00
1.001310479496636985e+00
1.000476835022492406e+00
1.000569971433356464e+00
9.988026979104684955e-01
9.968123600478342450e-01
9.977368546525108295e-01
9.943633207947750741e-01
9.933692825259542447e-01
9.936802580741159741e-01
9.939861664064876257e-01
9.934626399078957393e-01
9.939661805552609808e-01
9.940758834745273553e-01
9.962338080985450040e-01
9.972136733303357259e-01
9.990473021546337762e-01
1.001006541838823427e+00
1.001166366008958919e+00
1.003468748495798035e+00
1.004482626138957446e+00
1.003886190998881212e+00
1.002404865614869633e+00
1.003307415701892413e+00
1.004075950478381829e+00
1.003088015207083794e+00
1.003389138679780856e+00
1.001083723207609077e+00
1.001369700343693214e+00
9.997413968573878318e-01
1.001716711456384523e+00
9.986586342525605176e-01
9.981810285535939187e-01
9.986698568813513477e-01
9.992276336371869183e-01
9.989182198700696791e-01
9.989338232332076739e-01
9.983708507733743964e-01
9.987626399178188841e-01
9.984927970622551330e-01
9.979859576006058219e-01
9.995010870152086779e-01
9.987443637861767032e-01
9.991671142944381634e-01
1.000635024356730129e+00
9.999169168459643986e-01
1.001349336478728258e+00
1.000576381801784098e+00
1.000657528563985821e+00
1.000748293366668706e+00
1.000906977982273682e+00
1.000897192114453160e+00
1.000386921209869495e+00
1.000397747158951356e+00
1.000395435595596405e+00
1.000928552433294927e+00
1.000688379361619251e+00
1.000269965278829609e+00
9.998046218776096561e-01
1.000053425518541816e+00
9.995335076351317127e-01
9.996180723379655131e-01
9.990763082491328495e-01
9.982310334205428681e-01
9.983255740895389252e-01
9.979355807522056754e-01
9.988417585876101512e-01
9.979134242720439918e-01
9.995917708049518735e-01
9.992075937216864379e-01
1.000375292904295499e+00
1.001813353218746538e+00
1.001419976242980736e+00
1.002420916439419996e+00
1.002094983249699256e+00
1.002503706629988001e+00
1.001526833429234431e+00
1.000696007493107720e+00
1.000573482054777807e+00
1.000229764227952733e+00
1.001079685932778407e+00
9.997459372145368617e-01
9.998046068538848363e-01
1.000552079552612383e+00
9.995494820756866128e-01
9.996887754598180464e-01
9.984417173180581973e-01
9.989917392080581715e-01
9.980065675094391686e-01
9.989271762034968027e-01
9.987603102198285843e-01
9.984689835767682764e-01
9.985207234101638463e-01
9.992818380894575858e-01
9.998569286987283311e-01
1.000069990234935480e+00
1.000313317244458267e+00
1.000642939105162110e+00
1.000466573265400561e+00
1.000468595958315721e+00
1.000764936949315231e+00
1.000243370894413175e+00
1.000696680927445792e+00
1.000554570055079084e+00
1.000831741142421238e+00
1.000626615557982158e+00
1.000052189794300661e+00
1.000279347045097023e+00
1.000211108883916067e+00
9.997646742856498570e-01
9.996251450953168582e-01
9.998449245285210285e-01
9.993467080605150654e-01
9.999641942122581284e-01
9.996705284542233283e-01
1.000590291430123235e+00
9.994726593289702254e-01
9.996993550435575582e-01
1.000322326944367068e+00
9.998664314343126414e-01
1.000034638182814906e+00
9.997460256476266016e-01
9.994224458437406255e-01
9.993728157516078570e-01
9.997263981664191723e-01
9.991885777415335790e-01
1.000100913706067685e+00
9.999732378226341423e-01
9.999935818262272180e-01
1.000663659597772925e+00
9.997428351203387908e-01
1.000143964610372249e+00
1.000212577563646121e+00
1.000531803949322951e+00
1.000130181614133917e+00
1.000390722313291958e+00
1.000052273571563344e+00
1.000503021053430253e+00
1.000348776032583986e+00
1.000009764809146828e+00
1.000437465076995158e+00
1.000046366892802130e+00
1.000351619929285008e+00
1.000082529767795991e+00
1.000394937696086783e+00
1.000104467310377387e+00
1.000482938190645932e+00
9.997091658482003540e-01
9.999231735463451898e-01
9.998757967183086182e-01
9.995581797241270827e-01
1.000275996191780425e+00
1.000052349661225026e+00
9.996389212165701643e-01
1.000314410307166835e+00
1.000177833393651072e+00
1.000031316080798094e+00
1.000302213607739521e+00
1.000117958341245616e+00
9.998692840709605401e-01
9.998210800053639602e-01
1.000551494840805411e+00
1.000518388879143572e+00
1.000025149114768919e+00
1.000107433398540024e+00
1.000334546379857859e+00
1.000351258648004338e+00
1.000568479379414066e+00
1.000443084038499464e+00
1.000358985122379973e+00
1.000242924529882504e+00
9.997519858997667708e-01
1.000134181129349820e+00
9.996622729139276187e-01
1.000259367646411546e+00
1.000047382396569429e+00
1.000293559617072336e+00
9.979410818489997670e-01
9.875474538165540661e-01
9.760041270312731498e-01
9.657118542759430824e-01
9.547694643837866257e-01
9.434508827959317001e-01
9.323554862171767876e-01
9.215995511485893799e-01
9.103073398029868368e-01
8.994679634911292299e-01
8.891180794028039625e-01
8.789414543251595768e-01
8.677318699705734995e-01
8.579665206865660920e-01
8.476500749987858629e-01
8.368821376207813412e-01
8.271061529365630882e-01
8.166739057012210035e-01
