0.000000000000000000e+00
0.000000000000000000e+00
0.000000000000000000e+00
0.000000000000000000e+00
0.000000000000000000e+00
0.000000000000000000e+00
0.000000000000000000e+00
0.000000000000000000e+00
0.000000000000000000e+00
0.000000000000000000e+00
0.000000000000000000e+00
0.000000000000000000e+00
0.000000000000000000e+00
0.000000000000000000e+00
0.000000000000000000e+00
0.000000000000000000e+00
0.000000000000000000e+00
0.000000000000000000e+00
0.000000000000000000e+00
0.000000000000000000e+00
0.000000000000000000e+00
0.000000000000000000e+00
0.000000000000000000e+00
0.000000000000000000e+00
0.000000000000000000e+00
4.186178062666229965e-02
8.996477890377913011e-01
3.096394923239254027e+00
3.490856886543012738e+00
2.266715886741764496e+00
1.053458983910517288e+00
5.014760803841682435e-01
2.846937163894682765e-01
2.092846154880222131e-01
2.100940517673647034e-01
1.974205621930280596e-01
2.375977739194460037e-01
2.372507538950579253e-01
2.746315036721046488e-01
2.665834841477921491e-01
2.875473827495386714e-01
3.767835339326226496e-01
5.148837151360029507e-01
7.102931252076246649e-01
9.146708039187282369e-01
1.140959506066763884e+00
1.310547273422403958e+00
1.427112969650692564e+00
1.554312652998736777e+00
1.637875325434591023e+00
1.694799051152678704e+00
1.691924043508738817e+00
1.679537488650928223e+00
1.611809896184546398e+00
1.433842652889454339e+00
1.270828036677265960e+00
1.082060106015344081e+00
1.007220056536494601e+00
9.222063576984078637e-01
9.136439971258714099e-01
9.032365166930440559e-01
8.761110839043695364e-01
8.957883739434659987e-01
9.043807591255182965e-01
9.226663804478169029e-01
9.690835850473173974e-01
9.863998648123921686e-01
9.832355940407119244e-01
9.925173818471115794e-01
1.009774569229291874e+00
1.055976544367451808e+00
1.051414068853443906e+00
1.040556896956524646e+00
1.071032270652397811e+00
1.074184201944229367e+00
1.089900377874938764e+00
1.060511066582688011e+00
1.025625160322340745e+00
1.037366995065589492e+00
1.025558405096879122e+00
1.004438313514977255e+00
1.001291771591311885e+00
9.854441388079436814e-01
9.964879944595455008e-01
9.835051332554993753e-01
9.997798844008887187e-01
9.692667130118304275e-01
9.854426687428056164e-01
9.852856813565602501e-01
1.025277927523811305e+00
1.009238526357109311e+00
1.007565688624574296e+00
1.020971694721914957e+00
1.024017325299439785e+00
1.025217269259857789e+00
1.022185812082355483e+00
1.036939790781691073e+00
1.020773473137966070e+00
1.029321162700649106e+00
1.031821110973670130e+00
1.015276028069072245e+00
1.019336331651689909e+00
1.029493582756459524e+00
1.019093441673143641e+00
1.005480345396082775e+00
1.009148738408450097e+00
1.001562158237526479e+00
1.003888500526221694e+00
1.004722374188931955e+00
1.013595657169729769e+00
9.948146602059882992e-01
1.021100873557691191e+00
1.014084044634374404e+00
1.006270253356777777e+00
1.011515685904213591e+00
1.008835944788108563e+00
1.012816037564357563e+00
1.012754789228749175e+00
1.013092385118327332e+00
1.000996088354352054e+00
1.007429451846187263e+00
1.008712880593119587e+00
1.007963940628972210e+00
1.005861600309950088e+00
1.011252893904665662e+00
1.008627456041874870e+00
1.006314396668212874e+00
1.002274851283901258e+00
1.001152679928869915e+00
1.002776930181505932e+00
1.012561426524087427e+00
1.004835322326312008e+00
1.004402592690951890e+00
1.007138217969802962e+00
1.001877273739049334e+00
1.003282083006793668e+00
1.007494558379018912e+00
9.955724159115835192e-01
1.002569312470385388e+00
1.000837725129015476e+00
1.000240361208957429e+00
9.982634060425829015e-01
1.002759518717458054e+00
9.990399908301345056e-01
9.982378656204400347e-01
1.009235995956888843e+00
1.002702880251711282e+00
1.003965172785946880e+00
1.003982956705721463e+00
9.939393080809574288e-01
1.004617676413238625e+00
1.001991499283513498e+00
1.006044566026944587e+00
1.002652421305618491e+00
1.004462079527583596e+00
1.005173626706220125e+00
9.989865583203170196e-01
9.953507602516167285e-01
9.987328969540807400e-01
9.997871128221837989e-01
1.000983369737869388e+00
1.003457035824916188e+00
1.006897082410623145e+00
9.995678828618534961e-01
1.010006347160218754e+00
9.963352896947645920e-01
9.959135572797549463e-01
1.001230300876437385e+00
1.004411044601761116e+00
9.925725445747324294e-01
9.984520707596986622e-01
9.986383372327467534e-01
1.002434070891393247e+00
1.000334401910310866e+00
1.008488059845572771e+00
9.977680933401505969e-01
1.001980368784711306e+00
9.988406499626235613e-01
9.978144649609286265e-01
1.004648249922074577e+00
1.008549204372324759e+00
1.005077084197855353e+00
1.003521190924236084e+00
1.003951274623086309e+00
9.959249137054657641e-01
1.004755982473485298e+00
1.008899523027727119e+00
1.001120073315839631e+00
9.997917244106045986e-01
1.008890499002535801e+00
9.996870807029444306e-01
9.941940681490636367e-01
9.997297121330649405e-01
1.000346637360246982e+00
1.003157380259626752e+00
1.006106889878825239e+00
9.999754991494014256e-01
1.000571171326652520e+00
9.951750007431113820e-01
1.001448857628054467e+00
9.997840480620231451e-01
9.988357538683040326e-01
1.005808745104119994e+00
9.989903006214496672e-01
1.000038252823331142e+00
1.000943584892355132e+00
1.000106786631484335e+00
9.897993414285130021e-01
1.005333556386630356e+00
9.990479280110635685e-01
1.007824496267741177e+00
9.966325229133415897e-01
9.977339074217739245e-01
9.975764738065732162e-01
1.003433158702133676e+00
1.006370936206576472e+00
1.001026319543248944e+00
1.001184259227417828e+00
1.005037027640872216e+00
9.958609687777103536e-01
1.003568563005578174e+00
1.000321531684635223e+00
9.955064078037266784e-01
1.002942721978064222e+00
1.001112589285323207e+00
9.972334973510986744e-01
9.909772483277631272e-01
9.993613482314785967e-01
9.932525406205249263e-01
9.997372892640239428e-01
9.949425021100964939e-01
9.982381419081566287e-01
9.984420686967853120e-01
9.935778520458593555e-01
9.903028956465035337e-01
9.998902858507052738e-01
9.896753020803732426e-01
9.928748340294066832e-01
9.876605371071639494e-01
9.904897286374048093e-01
9.863199551488817107e-01
9.999773234739297578e-01
9.935019894842695987e-01
9.908683837194384170e-01
9.940694522249692300e-01
9.956414065030223526e-01
9.950087478008227126e-01
9.981676096440355028e-01
9.875153371222400445e-01
9.964983361432411257e-01
9.980624522298222612e-01
9.970378504896831862e-01
9.938730572262298724e-01
9.935841814293041585e-01
9.949797427507304226e-01
9.964491380146771604e-01
9.918991644786727679e-01
9.923930343382508790e-01
1.004825559100179788e+00
9.906935591266305963e-01
9.906498298050347984e-01
9.926979929378565437e-01
9.928302540103682849e-01
9.877890813369463174e-01
9.928950655018398130e-01
9.936658891720464570e-01
9.999686818398867416e-01
9.928867208007343681e-01
9.977995751475162711e-01
9.947844368502333223e-01
9.942006242877227118e-01
9.937100638163602895e-01
9.966785729658464987e-01
9.960900539588373181e-01
9.894591652808281124e-01
9.959691815258263636e-01
9.937882399424329272e-01
9.979188145136450583e-01
9.944466877774211788e-01
9.975793917529724997e-01
