0.000000000000000000e+00
0.000000000000000000e+00
0.000000000000000000e+00
0.000000000000000000e+00
0.000000000000000000e+00
0.000000000000000000e+00
0.000000000000000000e+00
0.000000000000000000e+00
0.000000000000000000e+00
0.000000000000000000e+00
0.000000000000000000e+00
0.000000000000000000e+00
0.000000000000000000e+00
0.000000000000000000e+00
0.000000000000000000e+00
0.000000000000000000e+00
0.000000000000000000e+00
0.000000000000000000e+00
0.000000000000000000e+00
0.000000000000000000e+00
0.000000000000000000e+00
0.000000000000000000e+00
0.000000000000000000e+00
0.000000000000000000e+00
0.000000000000000000e+00
4.087821207558366837e-02
8.777974051768220320e-01
2.889761188539403669e+00
3.387925702660866456e+00
2.158524071620874896e+00
1.057282513471930807e+00
4.905094475344907168e-01
2.876198593858859676e-01
1.990817549258963315e-01
1.972803959325854506e-01
2.234874833626876445e-01
2.465659382820550583e-01
2.371925047530860642e-01
2.540678472211387873e-01
2.620557831385921799e-01
2.998247810506161071e-01
3.664009307426513984e-01
4.923308439531388636e-01
6.770043908215888084e-01
8.850407650706337837e-01
1.078921880224593677e+00
1.269537096393498210e+00
1.450046366856855284e+00
1.560119858773695078e+00
1.659171849865050063e+00
1.730866659604095137e+00
1.756419814088984621e+00
1.754906218365272608e+00
1.619817316979907718e+00
1.479092967499870293e+00
1.285721943716061189e+00
1.109949648884674733e+00
1.026691054700235473e+00
9.365910565749805405e-01
8.882108003932380758e-01
8.675651156266218633e-01
8.857694766874442127e-01
9.033461311484592970e-01
9.335124820272838742e-01
9.186362880028001721e-01
9.489287763870611903e-01
9.953179322402345708e-01
9.998034490502692995e-01
1.014396171450162143e+00
1.014506145032170625e+00
1.056990766809349225e+00
1.056851237528263487e+00
1.075102569581206424e+00
1.072995445432409323e+00
1.080420786295058555e+00
1.103179634622134753e+00
1.066415569896573157e+00
1.057831213192288233e+00
1.049438091125089567e+00
1.042531924195297499e+00
1.029001033880231120e+00
9.922790427815040282e-01
1.003801443860234066e+00
9.878005993470068136e-01
9.891143151158920954e-01
9.900966828532205000e-01
9.903465277235509179e-01
1.017112069079320724e+00
1.016480484388616379e+00
1.015148908784318627e+00
1.015096000473415749e+00
1.029620843378834749e+00
1.032187310633909005e+00
1.025213953735433892e+00
1.018090402812007911e+00
1.033386070282894531e+00
1.018537095808733639e+00
1.034372190455545626e+00
1.038854186914370814e+00
1.032271050155681325e+00
1.027685611085789485e+00
1.021605059553748251e+00
1.022613776214456482e+00
1.010393745146765720e+00
1.010160245402077495e+00
1.003498484042250061e+00
1.012700558701275177e+00
1.012350775765207267e+00
1.019853068799665863e+00
1.013557959905331707e+00
9.999097652445709805e-01
1.022581206894480399e+00
1.021886936473939356e+00
1.021647879312098661e+00
1.011025942722347581e+00
1.037673482004988212e+00
1.029589623775770235e+00
1.023692533905570912e+00
1.034299531525791904e+00
1.042813930983397697e+00
1.012456684717598421e+00
1.031447254846183270e+00
1.027794030352717769e+00
1.028729836978024892e+00
1.029625589118470019e+00
1.023329497568194357e+00
1.008045051460714214e+00
1.021691667798497516e+00
1.019651602795091927e+00
1.017892150046231015e+00
1.019597523064527556e+00
1.013336902888879232e+00
1.016342003699325813e+00
1.020919445424525174e+00
1.014017416379098702e+00
1.028719267166883444e+00
1.013633793839718855e+00
1.018327996727225182e+00
1.016742943980513347e+00
1.016952493004248836e+00
1.018175342373744741e+00
1.019673131353131978e+00
1.015168644242749441e+00
1.026243582205894844e+00
1.014847285219144135e+00
1.024057107900097519e+00
1.006025210538215475e+00
1.013901335359133515e+00
1.017312879870421849e+00
1.014482224123465448e+00
1.018315577441611053e+00
1.007150644312319043e+00
1.012411251916540689e+00
1.009713086619607569e+00
1.011374986649994367e+00
1.013434294946388814e+00
1.018330533263700710e+00
1.007890002008835051e+00
1.012597029902828627e+00
1.009369371061725973e+00
1.015480357284613611e+00
1.005661727640314140e+00
1.010940526369449310e+00
1.014831445069675375e+00
1.010553661155782823e+00
1.008384664389177843e+00
1.014574151785142764e+00
1.005248406131366457e+00
1.017830337099174365e+00
1.019735651048133018e+00
1.007460678756227468e+00
1.010272382265946511e+00
1.007824917670359532e+00
1.019391639338931954e+00
1.005621328340379206e+00
1.009298582493839413e+00
1.008601961314459672e+00
1.006169361637349047e+00
1.015527960004470209e+00
1.002162079259149241e+00
1.012769976731713539e+00
1.011363177850263639e+00
1.007816836017205064e+00
1.005791335329669467e+00
1.000347619811329913e+00
1.002044424662208888e+00
1.010162241771116465e+00
9.999740685961900910e-01
1.002147063062197585e+00
1.004712152022649407e+00
9.987962991381470479e-01
1.011693227059948352e+00
1.010535741567562873e+00
9.990022086928792566e-01
9.998157349121721271e-01
1.000030433687384424e+00
9.949432966456759342e-01
9.963173964113118952e-01
9.990912727124963144e-01
9.994854098906860163e-01
9.931932568661312466e-01
9.996350080342072397e-01
9.965318891876290275e-01
9.938540174496534041e-01
1.002668433842534679e+00
1.003800426480982999e+00
9.957495810296941308e-01
9.964216118227433583e-01
9.973552933194883563e-01
9.998554123671299365e-01
9.970063197577049285e-01
9.928927774571868481e-01
9.979234784573028927e-01
9.969427392293939150e-01
9.994586558914625440e-01
9.978915730526111139e-01
9.978501849641189247e-01
9.964828782759600490e-01
9.986783785222097531e-01
9.996627813220106962e-01
9.983491056648761131e-01
9.967603247711500636e-01
9.912984875891408532e-01
9.940672939201764535e-01
9.966093945057907799e-01
9.956692162351903352e-01
1.001751697473193259e+00
9.917048013715710209e-01
9.954090086617807254e-01
9.955741458205993322e-01
9.957585200681047244e-01
9.965875829585498780e-01
9.953281482265464719e-01
9.887714761339128078e-01
9.975760824366127766e-01
1.003513769833813907e+00
9.945474195986476751e-01
9.889504155873652946e-01
9.932266527457151994e-01
9.898492912954828249e-01
9.956531736451149639e-01
9.954774953667377968e-01
9.957121513048833306e-01
9.913830547601848453e-01
9.899501263943103480e-01
9.927924453602831045e-01
9.972020425077695593e-01
9.937376658558074727e-01
9.944069077711296112e-01
9.876515229691097408e-01
9.897276263183875100e-01
9.921898599827018161e-01
9.948104586516310910e-01
9.878638172752333135e-01
9.918623642386775741e-01
9.902123142942400591e-01
9.871820451206450020e-01
9.975429017745854887e-01
9.979576960200871039e-01
9.922550250065603761e-01
9.906118119852436177e-01
9.933058427663395973e-01
9.905839812173392600e-01
9.893606985034313350e-01
9.851961843538671326e-01
9.887705793266577947e-01
9.887790220623010606e-01
9.938105779435386644e-01
9.890380958678328671e-01
9.886750971527349385e-01
9.902367956066959742e-01
9.883826220730504986e-01
9.884979966198323975e-01
9.935692687640517162e-01
9.866037508979206283e-01
9.976593953273191762e-01
9.900007543264003340e-01
9.906213673064746539e-01
9.880983256514509483e-01
9.880409978740933852e-01
