0.000000000000000000e+00
0.000000000000000000e+00
0.000000000000000000e+00
0.000000000000000000e+00
0.000000000000000000e+00
0.000000000000000000e+00
0.000000000000000000e+00
0.000000000000000000e+00
0.000000000000000000e+00
0.000000000000000000e+00
0.000000000000000000e+00
0.000000000000000000e+00
0.000000000000000000e+00
0.000000000000000000e+00
0.000000000000000000e+00
0.000000000000000000e+00
0.000000000000000000e+00
0.000000000000000000e+00
0.000000000000000000e+00
0.000000000000000000e+00
0.000000000000000000e+00
0.000000000000000000e+00
0.000000000000000000e+00
0.000000000000000000e+00
0.000000000000000000e+00
4.185379645333622139e-02
8.571161001900252652e-01
2.907495089556040302e+00
3.416943047788594701e+00
2.085911828606666685e+00
1.075711236516091018e+00
4.771406687439611050e-01
2.942272716674279587e-01
2.357527878384031994e-01
2.249438836130464581e-01
2.320379232685594872e-01
2.684342770883938467e-01
3.209250933251414084e-01
2.967845897256004006e-01
3.066950919929992692e-01
3.376590231253892016e-01
4.472761987907114545e-01
5.249480587550584554e-01
7.188548264359508888e-01
9.506159207497151264e-01
1.131875232507440154e+00
1.332252700617580832e+00
1.514931225987421026e+00
1.582540137333470653e+00
1.677345978635463863e+00
1.737911176459598250e+00
1.771074153838179788e+00
1.732496474380870621e+00
1.644011176032270427e+00
1.520090525241372337e+00
1.265448239694854760e+00
1.144908985500072252e+00
1.036702730507084391e+00
9.486648486341954234e-01
9.118605747944316109e-01
9.027183759601582480e-01
8.983697584943139969e-01
9.160350745167030739e-01
9.155108726300313915e-01
9.539856221279220394e-01
9.619643490243831030e-01
9.882156452233954447e-01
1.006804596230627347e+00
1.022006192067143937e+00
1.045095570340631053e+00
1.048261180497409351e+00
1.088482708234249197e+00
1.065166148194295115e+00
1.104573314017466057e+00
1.081278325323893785e+00
1.083251847598843298e+00
1.076641209811086464e+00
1.080863866649786287e+00
1.057405084562808684e+00
1.044992722259407092e+00
1.038337014484232546e+00
9.906180673088986754e-01
1.009064530815436456e+00
9.989307639559918961e-01
9.976790238797234034e-01
9.921425022626971790e-01
1.007489805639731006e+00
9.950105339717977282e-01
9.995642878680333077e-01
1.013545066061730671e+00
1.030376973734663082e+00
1.032550295978940769e+00
1.045560290343455545e+00
1.034031275252323301e+00
1.046286273082378537e+00
1.054750085049210417e+00
1.025186409680151289e+00
1.031698811241982261e+00
1.041194584420467084e+00
1.044219913801083921e+00
1.037643951937846865e+00
1.032659202581393210e+00
1.029538227273243400e+00
1.008085494717475994e+00
1.025228564412362875e+00
1.011856710043110841e+00
1.021015709910253477e+00
9.995889071273339477e-01
1.022973849243648425e+00
1.026706014348224061e+00
1.011473306377710379e+00
1.020753375600030433e+00
1.008989226404633621e+00
1.008486039239212095e+00
1.025469500290066005e+00
1.019746820197291903e+00
1.012063199878203923e+00
1.026866326290898135e+00
1.019841149030259908e+00
1.017161673606459926e+00
1.003706201042686930e+00
1.018725758656641167e+00
1.013170998865982053e+00
1.020734880811164480e+00
1.020534369324723523e+00
1.016834690262485852e+00
1.015339156260456344e+00
1.010650172279813352e+00
1.007670334910455878e+00
1.020854307874279998e+00
1.009023106073759557e+00
1.002154484877834539e+00
1.011530243191138378e+00
1.002577522593418813e+00
1.017817020841913500e+00
1.004745596977989708e+00
1.004210849868580890e+00
1.015906229701035279e+00
1.014455735077241405e+00
1.012974802160173882e+00
1.008803669761740185e+00
1.008916818980860608e+00
1.011639447669753444e+00
1.017784981432462654e+00
1.029666559662715475e+00
1.006621587667673179e+00
1.012716369151617446e+00
1.018612083155285175e+00
1.020583520626135554e+00
1.013291669225422797e+00
1.015856197542035488e+00
1.021932926109889506e+00
1.010806418746517332e+00
1.018015925834893087e+00
1.012464623206812631e+00
1.020348528780568476e+00
1.021668624113486246e+00
1.014579814284436665e+00
1.008217917167087085e+00
1.011639157269860201e+00
1.016174896634990832e+00
1.013385917849433326e+00
1.012218473555720477e+00
1.012708582517721112e+00
1.009111948541655313e+00
1.007931501490043402e+00
1.008464707010760852e+00
1.013222648327555708e+00
1.016347784656752795e+00
1.008048268556519744e+00
1.013329739166657362e+00
1.003699120743777318e+00
1.015665965256702163e+00
1.015725512945841791e+00
1.006029834128111755e+00
1.013484780267144059e+00
1.001707986260273353e+00
1.006887510944910025e+00
1.008550817286231860e+00
1.014063491588476085e+00
1.004607080463458146e+00
1.010861359375782031e+00
1.013212567950048104e+00
1.002349886967238257e+00
1.004567841704458120e+00
1.008464211769729557e+00
1.011819100233708912e+00
1.008077211759383252e+00
1.009452570194130150e+00
1.001576693272773211e+00
9.983277585085408301e-01
1.006190656123273852e+00
1.003980369483981949e+00
1.007848050247925009e+00
1.016921001503429789e+00
1.009045181255006085e+00
1.004670092490038913e+00
1.012145697396028332e+00
1.009572205446985560e+00
1.002323445173961103e+00
1.002695342182678084e+00
1.014032767005171642e+00
1.001340973671015933e+00
1.012617637560463191e+00
1.007233951254807858e+00
1.011394996489141995e+00
1.005824094211112296e+00
1.006664446249261990e+00
1.011898089090382147e+00
1.009515438030867296e+00
1.012960792367660900e+00
1.005555550651814567e+00
1.011547520139913336e+00
1.007718075833358595e+00
1.010313254247651171e+00
1.007010445566012713e+00
1.007007057485575396e+00
1.006599875075505635e+00
1.003599028328840959e+00
1.006943522355989717e+00
1.007465185902652660e+00
1.005755978806141426e+00
1.013102148650991463e+00
1.002814793900711487e+00
1.010278405545223412e+00
1.001636705502691793e+00
1.004743179931946395e+00
1.000308165632991297e+00
1.003671194717978166e+00
9.967944640330448358e-01
1.002461138154601805e+00
1.000457267482823598e+00
1.004926322477980527e+00
1.005555511201575936e+00
1.000439456693437368e+00
1.003203533102005718e+00
1.000022869304262985e+00
1.003986131403741489e+00
1.003897390206147433e+00
9.995706084760725973e-01
1.002843153860027536e+00
1.003997736613321701e+00
1.006649239871664880e+00
1.002241381479930915e+00
1.004108574435887302e+00
1.004693841293845979e+00
1.001819604705389333e+00
1.003226698151590268e+00
1.005532046705249316e+00
1.004921072676729477e+00
1.005215842626323131e+00
1.003702830134376889e+00
1.008973228375009246e+00
1.001885567627326390e+00
1.002745165651193204e+00
9.990420160960882257e-01
1.005304671897825131e+00
1.002456775352881246e+00
9.989880915387699956e-01
9.997165922662394344e-01
1.002027549929310091e+00
1.005162634868206339e+00
1.000366619916859934e+00
9.990239870727244398e-01
1.008485331266471441e+00
9.999149785713459249e-01
9.984856246569924210e-01
9.977838871696613765e-01
1.003298954334376880e+00
9.987170608135537142e-01
9.957844627251544178e-01
1.002460031479713409e+00
9.984491144218632375e-01
9.959169972109507274e-01
1.000073792731415390e+00
9.902248768549423152e-01
9.971506650028473251e-01
9.956652446790776878e-01
9.957668333232218005e-01
9.941398795779309294e-01
