0.000000000000000000e+00
0.000000000000000000e+00
0.000000000000000000e+00
0.000000000000000000e+00
0.000000000000000000e+00
0.000000000000000000e+00
0.000000000000000000e+00
0.000000000000000000e+00
0.000000000000000000e+00
0.000000000000000000e+00
0.000000000000000000e+00
0.000000000000000000e+00
0.000000000000000000e+00
0.000000000000000000e+00
0.000000000000000000e+00
0.000000000000000000e+00
0.000000000000000000e+00
0.000000000000000000e+00
0.000000000000000000e+00
0.000000000000000000e+00
2.702627151822822808e-05
3.653723929901239731e-02
1.039410261880481912e+00
3.389461072725699520e+00
3.333134955040786718e+00
1.834108313743837426e+00
8.237783287241838837e-01
3.715920565148413401e-01
1.907759997624769166e-01
2.239812344227399832e-01
8.371061273373040512e-01
1.734423248622190883e+00
1.908842078845396362e+00
1.458795492511319791e+00
9.710021233131078677e-01
6.701734212227691279e-01
5.516257157775047437e-01
5.363561139135960554e-01
5.890106830165959817e-01
6.801173409880598708e-01
7.839399091116909801e-01
9.008115994021975714e-01
1.004738031155898215e+00
1.093355593189711872e+00
1.169887457116982832e+00
1.217951688495818363e+00
1.254875823326383033e+00
1.256715432992041359e+00
1.233973983959724574e+00
1.195586166294801078e+00
1.149361349798142973e+00
1.095656639741164895e+00
1.053454726761166249e+00
1.020153539109508012e+00
9.825487266445749324e-01
9.625783085572819919e-01
9.420733912493686191e-01
9.268839756179468869e-01
9.231110804850779505e-01
9.170926931145715333e-01
9.148470780810827874e-01
9.183644008217320964e-01
9.289430471979693849e-01
9.450030540446656691e-01
9.580445352920989865e-01
9.745418050208591865e-01
9.864844699712715936e-01
9.987828744100846201e-01
1.008918995734212398e+00
1.015748219533461949e+00
1.021235925466278394e+00
1.022448293248572782e+00
1.025667279390528597e+00
1.024176514472072919e+00
1.021910589211546094e+00
1.020173826175686971e+00
1.014026005996755186e+00
1.009060419282362009e+00
1.006078129839702351e+00
1.002411590154860033e+00
9.995078813257495254e-01
9.969519284845409501e-01
9.977604754830009526e-01
9.966820469351724832e-01
9.997946033915361408e-01
9.961510728684117577e-01
9.976123686464228868e-01
9.994250998130963515e-01
9.992945743693960603e-01
1.001016376349749271e+00
1.000056408266863484e+00
1.001106654611258806e+00
1.000721566418396158e+00
9.986113037509916079e-01
9.993513306662281659e-01
9.973628478782229356e-01
9.971459835386917714e-01
9.977785418947147100e-01
9.980078796027590515e-01
9.949903520822385161e-01
9.980829150576805420e-01
9.984043046911907915e-01
9.991265583507434878e-01
9.964256673532587705e-01
9.986317110674818309e-01
9.999681837753628955e-01
1.002321544712419188e+00
1.000259484748180494e+00
1.001633664844089999e+00
1.002730396087014642e+00
1.003716579586476643e+00
1.003780715716560357e+00
1.000978671399781694e+00
1.001283995535183990e+00
1.001865312389940144e+00
1.000205486008323152e+00
9.990515519563294422e-01
1.001261648708827945e+00
9.990492517213457324e-01
1.000619011876088482e+00
1.000554265310147795e+00
9.990978979081681643e-01
9.985434466710573220e-01
9.986214230658106983e-01
9.993280698887130331e-01
9.990856032293375932e-01
9.996231878843058194e-01
9.985654414876143914e-01
9.990932556153292454e-01
9.997336669498209094e-01
1.000026406056613082e+00
9.988676262395241867e-01
9.999469046452762466e-01
1.000738458604565562e+00
1.000048402574948758e+00
9.994038948809803591e-01
9.992220235038139498e-01
1.000026055356507237e+00
1.000340925874431797e+00
1.001485035470134788e+00
1.000383350147707739e+00
1.000897178210749860e+00
1.000811397369923306e+00
1.001874238609041345e+00
1.001226523628466536e+00
1.000778791719823424e+00
9.995936082753752450e-01
9.982518599547368643e-01
9.995764450756665642e-01
1.000211182586278058e+00
9.998134975634169752e-01
9.985625603908808712e-01
1.000043606197412727e+00
9.999965058161602860e-01
9.993918767275756787e-01
1.000328651681660741e+00
9.996641308831263339e-01
9.993621328919443103e-01
1.000125856057520579e+00
1.001562197046060865e+00
1.000038615692025568e+00
1.000060803162173162e+00
9.990155196981288510e-01
1.000509312154973740e+00
1.000445150909940351e+00
1.000008374145890722e+00
1.001640326275277548e+00
1.000100679205057963e+00
1.000613487094073939e+00
1.000638135541250806e+00
1.000017359982335874e+00
1.000456491409902782e+00
1.000196354328090065e+00
1.000137629260089867e+00
1.001788863912428607e+00
1.000234304052028511e+00
1.000065444517679536e+00
1.000350688759040985e+00
1.000805663315718297e+00
1.000071479512744110e+00
9.996229797612061763e-01
1.001438573976179081e+00
9.995878094589731866e-01
9.997113178469207995e-01
9.989561385233126645e-01
1.000904823910557351e+00
9.994586270477693324e-01
1.000529610847856077e+00
9.997623080383973848e-01
1.000937334451144078e+00
9.995102417633822123e-01
1.000132211783834713e+00
9.993446068084969047e-01
1.000839319364600799e+00
1.001218444255357110e+00
9.998560574339143692e-01
1.000464494906210033e+00
1.000105378382698085e+00
1.000868619359834177e+00
9.994068077571631736e-01
9.997534704387883719e-01
1.000539264172095155e+00
1.000348826042992023e+00
9.994883619070683567e-01
9.994522387817124098e-01
1.001093515594198458e+00
9.999274358303258392e-01
9.999148030545860211e-01
9.993032018545852102e-01
1.000123169442658444e+00
1.000339486644880260e+00
9.999767464743651857e-01
1.000499276623969314e+00
1.000165176491357499e+00
9.995622078658882304e-01
1.000091214454781552e+00
1.000070978622744411e+00
9.998222454580996121e-01
9.996943941486513552e-01
1.000627757435251342e+00
9.995112558511463074e-01
1.000235687419116060e+00
1.000232573215730225e+00
9.993894116860209120e-01
9.999275694837290729e-01
9.999953366265170729e-01
9.998079161913886459e-01
1.000200154805817032e+00
1.000884701538951038e+00
9.991617436126905005e-01
1.000912915006291204e+00
1.000669998287439633e+00
9.998755646066077585e-01
9.998137104940723052e-01
1.000612079023660783e+00
1.000443009343383816e+00
9.997482851006777027e-01
1.000521911391329288e+00
1.000509904881322631e+00
1.000590359163831433e+00
1.000694981999480371e+00
9.997210988397456921e-01
1.000255119709053453e+00
1.000602202704222066e+00
9.994613677746289060e-01
9.997421334101755930e-01
9.992020981860207929e-01
1.000232453372339458e+00
9.997532420158919964e-01
9.999275113143266669e-01
1.000107871956342320e+00
9.995287123193019596e-01
1.000045766377982259e+00
9.998208852505952038e-01
1.000140246608074657e+00
1.000067072621198649e+00
1.000162508837829423e+00
1.000686312465135730e+00
1.000088318043344415e+00
1.000562953104145558e+00
1.000570110543657298e+00
1.000509353830792536e+00
1.000023821502546761e+00
1.000036952198839701e+00
1.000020322117709304e+00
1.000035518952247848e+00
1.000535287970760079e+00
1.000305245257615105e+00
1.000654383397583835e+00
1.000769036336127682e+00
9.998822850358196623e-01
9.999736014832727449e-01
9.998331804747309093e-01
9.994120243783446433e-01
9.997584941418307114e-01
1.000002514274562548e+00
9.999052639213668048e-01
9.999446812248794503e-01
1.000522659460015840e+00
1.000457918826508807e+00
