0.000000000000000000e+00
0.000000000000000000e+00
0.000000000000000000e+00
0.000000000000000000e+00
0.000000000000000000e+00
0.000000000000000000e+00
0.000000000000000000e+00
0.000000000000000000e+00
0.000000000000000000e+00
0.000000000000000000e+00
0.000000000000000000e+00
0.000000000000000000e+00
0.000000000000000000e+00
0.000000000000000000e+00
0.000000000000000000e+00
0.000000000000000000e+00
0.000000000000000000e+00
0.000000000000000000e+00
0.000000000000000000e+00
0.000000000000000000e+00
0.000000000000000000e+00
3.559580718948177763e-02
1.044792349851421109e+00
3.376346312193803101e+00
3.333111285794256862e+00
1.834461068719027699e+00
8.207048306899024093e-01
3.705653317780547296e-01
1.892805119184779172e-01
2.233192701413765358e-01
8.335915777130459281e-01
1.740124151165148847e+00
1.904148395022259299e+00
1.452599276416167484e+00
9.704764371112917232e-01
6.702171612775534859e-01
5.528357849220426612e-01
5.366434654711613739e-01
5.876645502242037189e-01
6.856326963747665371e-01
7.880071600204239246e-01
8.963495124908377187e-01
1.004299822827346311e+00
1.093604365444638349e+00
1.168004667981036748e+00
1.219656683121265184e+00
1.253405812861636770e+00
1.252466006813381494e+00
1.234454446837247588e+00
1.201041686556034715e+00
1.147330461681111746e+00
1.094712211592660633e+00
1.052496673660120896e+00
1.016487876547921276e+00
9.825609999047518750e-01
9.599542536957248462e-01
9.431745559125384037e-01
9.326495016503466573e-01
9.196716451910573742e-01
9.164412456593742373e-01
9.140402890767026500e-01
9.212879208245845497e-01
9.299392430786427299e-01
9.407419403898679144e-01
9.564660882642762596e-01
9.759053326805543493e-01
9.885020854606649809e-01
9.996702929876303267e-01
1.007334811134541930e+00
1.013905289264323217e+00
1.022586333181096929e+00
1.026989424643814930e+00
1.023666304449037945e+00
1.027603826728374026e+00
1.025486629118340653e+00
1.020838970130929502e+00
1.014281318123596565e+00
1.009781133868780101e+00
1.006351796171428337e+00
1.001146309151944136e+00
9.986283847675380132e-01
9.982316208881909514e-01
9.988370747063876065e-01
9.974299930019835392e-01
9.978580726385125610e-01
9.982170834598450559e-01
9.989061043040107224e-01
9.977929274660681802e-01
9.993516820574315229e-01
1.000939412187856981e+00
9.989240585108734027e-01
9.985722968781541864e-01
9.992260226734170914e-01
9.991012290460924428e-01
9.977430127467989962e-01
9.945224553008459312e-01
9.953195828909052745e-01
9.973313275999367011e-01
9.948529874587251909e-01
9.967497909855722593e-01
9.970251114866127695e-01
9.955758880098295460e-01
9.958330474741079463e-01
9.978463319650334729e-01
9.984232162620336748e-01
1.000638840893049775e+00
9.998809450075156757e-01
1.002271308971725006e+00
1.001645812866464036e+00
1.002712556146216016e+00
1.002027145708942912e+00
1.002140383045973193e+00
1.001836411371965330e+00
1.001596470026469010e+00
1.001206844841684429e+00
1.000993798659710832e+00
1.002022086443385307e+00
1.000388622307541997e+00
1.000051222271038709e+00
1.000071703371116172e+00
9.981437880747688896e-01
9.983285797498160363e-01
9.994914462492394680e-01
9.978841032033997083e-01
9.970279490453157756e-01
9.981670585825140884e-01
9.993571850959683811e-01
9.995915488567291840e-01
9.995194555711836015e-01
9.993561061949525204e-01
9.987095654713772364e-01
9.985482993530903073e-01
1.000244753807147280e+00
9.997972513138639883e-01
1.000909884445554177e+00
1.001588909303050112e+00
9.981651027466706960e-01
9.994094529446126973e-01
1.000540567670133330e+00
1.000682806582289919e+00
1.000267416107775809e+00
9.999441539519586808e-01
1.001107557450972907e+00
1.000751084368526556e+00
1.001194083568381021e+00
9.998871481967339658e-01
1.001116549425253410e+00
1.000160333458762763e+00
9.999671582705639272e-01
1.001960100950572308e+00
9.995568128240288619e-01
1.001044580518916094e+00
1.000686006722788512e+00
9.990221369300225085e-01
9.986762550141836670e-01
9.995215211002467237e-01
9.995940907429333722e-01
9.991914020246652761e-01
9.993643991874250343e-01
9.996518460992225297e-01
9.996504282438285482e-01
9.999690876373727999e-01
9.998575472537707398e-01
9.993684374622103794e-01
9.997322608986564108e-01
9.999869779453477436e-01
1.000179037613356581e+00
1.000958324418895540e+00
1.000985075045395689e+00
1.000004221153040662e+00
1.001093437924820861e+00
1.000105286011878203e+00
9.999032439870525479e-01
9.997827730985994199e-01
1.000194668571888323e+00
9.993327437928896106e-01
1.001234458441011332e+00
9.994114479670621609e-01
1.000819004383227018e+00
9.998730341513379916e-01
1.000241897537885505e+00
9.995197022918866914e-01
1.000076664012559569e+00
9.995246250591998116e-01
1.000462224474698347e+00
9.991464513208867526e-01
1.000793643297589908e+00
9.996985712190930018e-01
1.000286813646691364e+00
9.999707609207594272e-01
1.000029014818686335e+00
9.997834465930743875e-01
1.000487248191913370e+00
1.000684511989831105e+00
9.997644446068703061e-01
1.001271873875908769e+00
1.000411119933084958e+00
1.000129625415784318e+00
1.000018329727213162e+00
1.000471678772652639e+00
9.992550174353906911e-01
9.999712570093304276e-01
1.000068211694362663e+00
9.987173638969536471e-01
1.000025544029115476e+00
9.998318581238933023e-01
9.995947456205013237e-01
9.999733637500667349e-01
1.000337153229020615e+00
1.000264170548368137e+00
9.996670783595899001e-01
9.998099116941110420e-01
1.000383920335845778e+00
1.000430414183580252e+00
1.000572027187635493e+00
9.997606053349518129e-01
9.992701292467841556e-01
9.999751439949241538e-01
9.999326758892933542e-01
1.000384578588686901e+00
1.000604963967320682e+00
1.000168762876269879e+00
9.996962919898785271e-01
9.998402127144903062e-01
1.000009508814278636e+00
9.996573914534191418e-01
1.000119956287128575e+00
1.000147142685125834e+00
1.000532530715112056e+00
1.000775987297079839e+00
9.998982491758833246e-01
9.995262028048370606e-01
9.997944182091111909e-01
1.000572781911325260e+00
1.000788907852926846e+00
9.993427577830032993e-01
1.000077253820953693e+00
1.000035074409505231e+00
1.000694214141468308e+00
1.000353120391521911e+00
9.998613422438046294e-01
1.000182514502180320e+00
1.000210228777590027e+00
9.992295169468882188e-01
9.992183441000692667e-01
9.994570489574480243e-01
9.992257227481825543e-01
1.000166585799296737e+00
1.000086292343311145e+00
1.000081153360393937e+00
1.000278068365331396e+00
1.000119541994187067e+00
9.996809658877943150e-01
1.000946134706839796e+00
1.000963815236656229e+00
1.000240534542945481e+00
1.000142674775345464e+00
1.000191391042411171e+00
9.993704645613733506e-01
1.000424988579003083e+00
9.999918640819570603e-01
9.996188048800809245e-01
9.996539101523774784e-01
1.000163999312849050e+00
9.999777243302091501e-01
1.000427925340025670e+00
1.000014379907403050e+00
9.998882355826389512e-01
1.000051623652406851e+00
9.999231292328202292e-01
9.998182463616978044e-01
9.997729815533189512e-01
1.000290312268484083e+00
1.000129429479827525e+00
9.999664937559760158e-01
1.000480619825721229e+00
1.000015147610461286e+00
1.000454111171947380e+00
1.000227971476628452e+00
1.000232711002863928e+00
