0.000000000000000000e+00
0.000000000000000000e+00
0.000000000000000000e+00
0.000000000000000000e+00
0.000000000000000000e+00
0.000000000000000000e+00
0.000000000000000000e+00
0.000000000000000000e+00
0.000000000000000000e+00
0.000000000000000000e+00
0.000000000000000000e+00
0.000000000000000000e+00
0.000000000000000000e+00
0.000000000000000000e+00
0.000000000000000000e+00
0.000000000000000000e+00
0.000000000000000000e+00
0.000000000000000000e+00
0.000000000000000000e+00
0.000000000000000000e+00
2.703169087224461192e-05
3.570898057817244176e-02
1.040538742451275978e+00
3.403676774950008088e+00
3.346086740409137672e+00
1.831418573875921441e+00
8.235875990334344809e-01
3.714562481742947897e-01
1.909401398663652383e-01
2.197962831976874587e-01
8.370907877089820426e-01
1.742969313212358040e+00
1.908622485938186397e+00
1.459837176673373538e+00
9.713686492211245360e-01
6.772586248590038993e-01
5.494593162204377546e-01
5.335146862403119528e-01
5.855491631771257977e-01
6.761685268411002925e-01
7.855101807146707138e-01
8.975815563447808731e-01
1.001536467960127075e+00
1.089593919456131266e+00
1.166013937734437178e+00
1.219738087223180001e+00
1.252620981611686224e+00
1.258508369875755095e+00
1.236612388415379016e+00
1.197708549992047455e+00
1.144116344432487331e+00
1.100652886958241483e+00
1.053604133408446497e+00
1.014415609616893477e+00
9.848840737413574464e-01
9.632213436477307100e-01
9.441131087651881693e-01
9.290286592857713854e-01
9.217224801837616832e-01
9.160441832232846249e-01
9.137702291154331524e-01
9.182601639583682918e-01
9.326430204428378667e-01
9.436286670344711247e-01
9.608011546706827222e-01
9.741281004224915385e-01
9.841695017622004160e-01
9.966415281241509661e-01
1.003074907894496937e+00
1.015784886860983116e+00
1.023555281252424898e+00
1.023531216176815306e+00
1.025237424643230533e+00
1.026133870240124590e+00
1.022095033043735057e+00
1.018773808375602385e+00
1.013705134501312610e+00
1.008163666558207883e+00
1.004013798153051251e+00
1.002867874620202659e+00
9.995995963786633576e-01
9.981012174160486250e-01
9.964631189994107574e-01
9.973447181218437763e-01
9.991437452800229213e-01
9.985672291481341167e-01
9.994858571316965756e-01
1.000652463346033638e+00
9.984141874230497704e-01
9.994397740899257920e-01
9.983355525458692536e-01
1.000218982263124445e+00
9.992676161581921512e-01
9.972363230550297386e-01
9.969180015807557194e-01
9.970944113404888176e-01
9.983671874642355837e-01
9.950072591241529985e-01
9.952533378241970041e-01
9.964052523264244066e-01
9.963560213477865579e-01
9.960049991960627791e-01
9.971726097654676213e-01
9.968704886082904171e-01
9.983033977089726951e-01
9.988273116502355276e-01
9.998097599139568192e-01
1.001556339393679051e+00
1.001536276136965053e+00
1.001978156129956332e+00
1.002794673184947083e+00
1.001199983231971791e+00
1.004339496459880188e+00
1.001692046582115303e+00
1.001814007422761943e+00
1.000816581281579021e+00
1.000834130658588839e+00
1.002645044049875533e+00
1.000846840200360299e+00
9.988527808693044019e-01
9.989073896572027156e-01
9.997916056857305556e-01
9.982129012873501850e-01
1.000193132753545155e+00
9.993987092741609679e-01
9.982081671062645878e-01
9.994380814958909731e-01
9.983022734536585174e-01
9.990279845922679369e-01
1.000588624434985974e+00
9.994556714186423330e-01
1.000092297269312924e+00
9.988517370621939895e-01
9.987555788035052950e-01
9.986812264129288907e-01
1.000692238076683171e+00
9.999553695982804635e-01
9.994915842287743768e-01
1.000447927395956560e+00
1.000086632787108298e+00
1.000180460761417978e+00
1.001525761508707202e+00
9.991913201921651666e-01
1.000637212259614550e+00
1.000532141889210136e+00
1.000645636229127167e+00
1.000001046830501616e+00
1.000688842760635078e+00
1.001146398988721042e+00
9.999999639733729850e-01
9.993834199724435097e-01
1.000128113893008930e+00
9.993827897098868096e-01
1.000317582799302940e+00
1.000121114447373394e+00
9.999038033728968600e-01
9.991186125499630366e-01
9.990802093891990587e-01
9.998013062968393871e-01
9.992422734373274107e-01
9.989542844249992282e-01
9.981546166838939360e-01
1.000473144684407734e+00
1.000843823702194157e+00
9.998987803691165022e-01
1.000009779326135773e+00
1.000082050783895227e+00
1.001257384503506209e+00
9.996903990023146003e-01
1.000193754571734983e+00
1.000609913960460506e+00
9.994657201812646719e-01
9.997565605722888993e-01
1.001182171247277930e+00
1.001382641088928604e+00
1.000132741571256645e+00
1.000091271672821192e+00
9.997578813950324106e-01
9.996038125220730874e-01
1.000054081298918929e+00
1.000854324466167178e+00
1.000470465582075086e+00
9.999898657662985579e-01
1.000879216061993704e+00
1.000356425735080768e+00
1.000147944635687347e+00
1.000077176907809173e+00
9.991934506399072768e-01
9.997990577289769254e-01
1.000749178542766460e+00
1.000214748157607803e+00
9.995665415283798705e-01
9.999077319934445152e-01
1.000707415153775370e+00
1.000884588219543181e+00
9.993534719339434158e-01
1.001020878092226063e+00
9.996432267917678693e-01
1.000073873401680524e+00
1.000490780566864357e+00
1.000637089511417832e+00
1.000038604862241609e+00
1.000686298658232998e+00
9.996133291414178723e-01
1.000066711833021982e+00
1.000292292365978053e+00
9.993517556200217644e-01
1.000545983164132124e+00
9.998909327083532750e-01
1.000394390030251213e+00
1.000135949075920516e+00
1.000230858968601533e+00
9.999724596371258878e-01
9.995331686008612770e-01
1.000711676388982285e+00
1.000444914693046083e+00
1.000249212842581059e+00
1.000842486462809600e+00
9.998444001466177955e-01
1.000161244724333987e+00
1.000618882897088113e+00
1.000513838862493676e+00
1.000141431209219389e+00
1.000739637747776634e+00
1.000376963947988918e+00
1.000731681712027976e+00
9.995858200034346552e-01
9.991860301217871942e-01
9.998717474968310537e-01
1.000780275009570452e+00
1.000337317012466309e+00
9.996483940855513950e-01
9.994704922419704873e-01
1.000846534660789322e+00
9.997043925125373987e-01
1.000214411101753464e+00
1.000599426723093988e+00
1.000855284711375637e+00
1.000339790396646222e+00
1.000260919164277951e+00
1.000692521141118840e+00
9.997567474237929463e-01
9.997947008534425750e-01
1.000035741435897352e+00
1.000038876128710452e+00
1.001127656551974443e+00
1.000763978661576070e+00
1.001042721064730801e+00
1.000162736241640760e+00
1.000168539313170291e+00
9.995692798831370407e-01
9.994812434853298511e-01
1.000080201086886778e+00
9.999520609229586299e-01
1.000615511621972376e+00
1.000151861685463439e+00
1.000521601515735881e+00
9.998939346946851270e-01
9.993842565059531946e-01
9.997549209697921269e-01
9.999874769637765448e-01
9.998569188213332071e-01
1.000042633518989588e+00
9.997553803191644439e-01
1.000473884079535525e+00
1.000711557604741841e+00
9.995086923031049064e-01
1.000577759347039519e+00
9.998052101469409036e-01
1.000586433189923019e+00
1.000747562053669437e+00
1.000443870055680140e+00
1.000269005546823298e+00
1.000052324629743250e+00
1.000143990721356513e+00
9.998575276411142410e-01
1.000212475553425184e+00
1.000338630503302850e+00
1.000062896580422356e+00
1.000117180877110101e+00
