0.000000000000000000e+00
0.000000000000000000e+00
0.000000000000000000e+00
0.000000000000000000e+00
0.000000000000000000e+00
0.000000000000000000e+00
0.000000000000000000e+00
0.000000000000000000e+00
0.000000000000000000e+00
0.000000000000000000e+00
0.000000000000000000e+00
0.000000000000000000e+00
0.000000000000000000e+00
0.000000000000000000e+00
0.000000000000000000e+00
0.000000000000000000e+00
0.000000000000000000e+00
0.000000000000000000e+00
0.000000000000000000e+00
0.000000000000000000e+00
0.000000000000000000e+00
3.473686608873029907e-02
1.025807903311350744e+00
3.344113859644185727e+00
3.309290264515155844e+00
1.831505403161652445e+00
8.295897412944824856e-01
3.806748752503849031e-01
1.982523009059588281e-01
2.269895087071868711e-01
8.421329762450110445e-01
1.739034674448914686e+00
1.908841121898777526e+00
1.467881408391316089e+00
9.850947251422000894e-01
7.017279628732420171e-01
5.879554679848747467e-01
5.802918788031007358e-01
6.322448301205529919e-01
7.173669199982239952e-01
8.152920755138264308e-01
9.167261781245378272e-01
1.010006307413686688e+00
1.090036605193010155e+00
1.157175919222273919e+00
1.204183116097875317e+00
1.223856746394392569e+00
1.225312671181433499e+00
1.207057705107936085e+00
1.173011369255694047e+00
1.128024387946293672e+00
1.089995722463100059e+00
1.045426233918584469e+00
1.009429419842218900e+00
9.810363261018548720e-01
9.586683619326705763e-01
9.405611362192435321e-01
9.309115092942554792e-01
9.209189881656836274e-01
9.210376320702207131e-01
9.235482211766798954e-01
9.277482899476937606e-01
9.368929876808930191e-01
9.512035059963707129e-01
9.630189712196394192e-01
9.777475879387595992e-01
9.880781573292324316e-01
9.971728835835885763e-01
1.001822442577778416e+00
1.009369950418000039e+00
1.015470418820362486e+00
1.018747119278186952e+00
1.022868074078190803e+00
1.020139463559167403e+00
1.019848079163226506e+00
1.020479853627472400e+00
1.016454531344803458e+00
1.010989533318530587e+00
1.009950003033922794e+00
1.005036878529405042e+00
1.002356497543067437e+00
1.003259592577795845e+00
1.000098945079026969e+00
1.002348379551238233e+00
9.978691766891167880e-01
9.976099880271953602e-01
9.973796566629256066e-01
9.973188910345895941e-01
9.972805213323910900e-01
9.987200244560183737e-01
9.976937085878385680e-01
9.976585918918849938e-01
9.966875305665061635e-01
9.975372178161099335e-01
9.955385334704920375e-01
9.961840630623001180e-01
9.952597283260423700e-01
9.967100811985722952e-01
9.964263015810831403e-01
9.976523497107372407e-01
9.965812198680211731e-01
9.980366921817463988e-01
1.000309825100027084e+00
9.995524722418372976e-01
1.000896089510994402e+00
1.000999836006596588e+00
1.001674634737051095e+00
1.002644768273540210e+00
1.002309492836089388e+00
1.002543677466048777e+00
1.002902317485490968e+00
1.001920343484118847e+00
1.000501567344690201e+00
1.001530551949087355e+00
1.001683942160696228e+00
1.001625738160185186e+00
1.000091441846577833e+00
1.000375018807569738e+00
1.000544061009478902e+00
9.991509992289849817e-01
9.985441251971985954e-01
9.996566208594263037e-01
9.991504229157003314e-01
9.985398111071926985e-01
9.990322847769470549e-01
9.977727318215411367e-01
9.979847246822652895e-01
9.997194012375992811e-01
9.995658099509167061e-01
1.000258890337438533e+00
9.993244164667487439e-01
1.000246304622312676e+00
1.000945029594995761e+00
9.999359082417187405e-01
1.000700747711537053e+00
1.001019215083144065e+00
1.000364668537442103e+00
1.001145888342107382e+00
1.000299206188356882e+00
1.000996335007473759e+00
1.001608958737452371e+00
1.001074466620636594e+00
1.000952035647238780e+00
1.000298279132485035e+00
9.994467783008162964e-01
1.000628905173414740e+00
9.991943964975985581e-01
9.991893681564052443e-01
9.982758938113345248e-01
9.987459492088223145e-01
9.997023087588869927e-01
9.998121199868980069e-01
9.998881861713908581e-01
9.993592416024028591e-01
9.990880375417684478e-01
9.998072351665499014e-01
9.998663233884881318e-01
1.000082246554241605e+00
1.000274083316766927e+00
1.001054336768191222e+00
9.997889139799550628e-01
1.000673889163456787e+00
1.000056420501670207e+00
1.001421373834634254e+00
1.001003033872619463e+00
1.001214750368645934e+00
1.000609389219632384e+00
9.998201252700008590e-01
1.000994460769670580e+00
1.000247980996382013e+00
9.999123571893652196e-01
9.995741643968210077e-01
1.000222673247949334e+00
9.998121174158124402e-01
1.000170903244954612e+00
1.000052317714876793e+00
9.997779113148531627e-01
1.000014535285060679e+00
1.000400902035271766e+00
1.000760865662744470e+00
9.994609183022108434e-01
9.988760190378719317e-01
9.993893874091674956e-01
1.000153095246972157e+00
9.995981919538791116e-01
1.000306162025739853e+00
1.000495462821124892e+00
9.997787931033126352e-01
1.000238408356678876e+00
1.000805224347691036e+00
1.000124449803015070e+00
9.996100585980737252e-01
1.000890375026149304e+00
9.997354882475307791e-01
9.996575099955093968e-01
9.996268085593347230e-01
1.000375789346117372e+00
1.000118013495908009e+00
1.000523922136043131e+00
9.999097243643731980e-01
1.000688585853640511e+00
1.000324896961902743e+00
1.000798369981970470e+00
9.998819937815279779e-01
1.000945791154035147e+00
1.000175320241832644e+00
9.998454172638095994e-01
9.999062420450398614e-01
9.993518510794581200e-01
1.000817942685092055e+00
1.000467873987672673e+00
9.999160162652871442e-01
1.000290067869400001e+00
9.998908636721015597e-01
1.000178989055375389e+00
1.000049408570940157e+00
1.000142262650986824e+00
1.000484783494969943e+00
1.000638346260219080e+00
1.000909478220689763e+00
1.000635960952860559e+00
1.000364206285812907e+00
1.000154992354458594e+00
9.999035418864674618e-01
1.000573080670562609e+00
9.998094961587552509e-01
1.000301109059144045e+00
9.999072446017873705e-01
9.992994529724279484e-01
1.000126211520566910e+00
1.000413487580892546e+00
1.000128547113779298e+00
9.995772344680987631e-01
1.000126754968615694e+00
1.000254867653335378e+00
9.995702082802201405e-01
1.000521985389456248e+00
1.000266435935549314e+00
1.000407187631648709e+00
1.000510373209105408e+00
1.000101912869287624e+00
1.000085591374236360e+00
1.000171963405198650e+00
1.000338888974997342e+00
1.000271987149585540e+00
9.999292988219455891e-01
1.000604899028796568e+00
9.997758860627349309e-01
1.000356898806681993e+00
1.000125372104904597e+00
1.000563189599433578e+00
1.000588539056695758e+00
9.997680743354157018e-01
9.999424381764997483e-01
1.000129154331186543e+00
1.000095087819595996e+00
9.997048478585287556e-01
1.000033075809272587e+00
1.000432617125966539e+00
1.000291324361000544e+00
1.000447881098101011e+00
1.000264999589794979e+00
1.000092195398959438e+00
9.995903431024630859e-01
1.000147735827467743e+00
9.998978185611385738e-01
1.000384482709295808e+00
1.000052788260055392e+00
1.000026503486856955e+00
1.000384729321890154e+00
1.000334761138759632e+00
1.000113700007602802e+00
1.000024418102843260e+00
9.989605069753094702e-01
9.907054666383641184e-01
9.804673724353203390e-01
9.689913631168296515e-01
9.587391696404111707e-01
9.476790707749697118e-01
9.375959464731506987e-01
