0.000000000000000000e+00
0.000000000000000000e+00
0.000000000000000000e+00
0.000000000000000000e+00
0.000000000000000000e+00
0.000000000000000000e+00
0.000000000000000000e+00
0.000000000000000000e+00
0.000000000000000000e+00
0.000000000000000000e+00
0.000000000000000000e+00
0.000000000000000000e+00
0.000000000000000000e+00
0.000000000000000000e+00
0.000000000000000000e+00
0.000000000000000000e+00
0.000000000000000000e+00
0.000000000000000000e+00
0.000000000000000000e+00
0.000000000000000000e+00
0.000000000000000000e+00
0.000000000000000000e+00
0.000000000000000000e+00
0.000000000000000000e+00
0.000000000000000000e+00
0.000000000000000000e+00
2.432741192778626813e-02
4.413856499215835227e-01
1.541899453110035623e+00
1.995618776036609532e+00
1.486190010522815186e+00
8.754706055603090897e-01
4.622253711580044944e-01
2.962755039617887554e-01
2.390489015951748342e-01
2.320282614418038569e-01
2.229424267812780969e-01
2.196225795972731598e-01
2.269820998398170142e-01
2.177405002933316958e-01
2.247491228580943967e-01
2.335080290258960689e-01
3.117802727565513465e-01
4.424252585434874097e-01
5.608091980731954029e-01
7.179909104606794212e-01
9.375613574439602971e-01
1.092182914586729225e+00
1.254615043742210334e+00
1.381444934646003597e+00
1.470030854375261598e+00
1.565375983696918327e+00
1.618844697894227247e+00
1.596766851714197522e+00
1.547569964012351029e+00
1.421690111838400883e+00
1.279997702793127745e+00
1.140266568776644895e+00
1.046888301936691246e+00
9.609467886730707065e-01
9.089804177484659409e-01
8.951239709730099969e-01
8.806732723985354339e-01
9.054694362605217872e-01
9.139388140442530339e-01
9.044694609562178300e-01
9.040768340722630247e-01
9.507541599378914743e-01
9.600332666206621290e-01
9.648478999105467580e-01
1.000078213545534611e+00
9.987725330450997197e-01
1.041427290457881627e+00
1.007931591174440644e+00
1.044754147925123888e+00
1.048387741560738995e+00
1.062370104978901608e+00
1.050775462062735643e+00
1.044217373445295971e+00
1.017599755433575615e+00
1.023101996368613875e+00
1.008929455301733391e+00
9.973677134322180837e-01
9.920926807716855533e-01
9.893597765604141836e-01
9.763369871410761958e-01
9.776096229409231286e-01
9.765918309965629929e-01
9.665569693641573590e-01
9.707593123574689287e-01
9.923475663846332839e-01
9.899307160732602195e-01
9.969039512870452313e-01
9.987748160406961784e-01
1.001957331176832833e+00
1.022082573586234444e+00
1.011801380994309829e+00
1.004845324189548972e+00
9.938931049964032649e-01
1.003486573009312988e+00
1.008600992768023952e+00
1.001456832302564548e+00
1.010404110574506742e+00
9.912849349799868204e-01
1.006101291467887515e+00
9.858782494258189200e-01
1.000118359181385808e+00
1.000770203761209398e+00
1.005242006435707047e+00
9.855956104564387310e-01
9.902280740061389919e-01
9.976499147406534540e-01
1.006422060044254385e+00
9.957020285470327137e-01
9.907691750748751636e-01
9.988630135038493174e-01
9.865294406095779234e-01
9.940357331170772692e-01
9.964151700202675821e-01
9.813368034418514796e-01
1.001412739150436826e+00
9.951464009722900128e-01
1.000071749947367916e+00
9.872614595807053250e-01
9.985994861652819354e-01
9.880882039233732650e-01
9.774965845973342393e-01
9.831684937512635836e-01
9.772348737870050206e-01
9.861402463763089266e-01
9.933910652865874935e-01
9.869942147783423714e-01
9.901278486171799509e-01
9.843884843717684019e-01
9.852768733400136814e-01
9.867125509701670794e-01
9.835657791574774489e-01
9.779957488394654952e-01
9.847567541657975543e-01
9.740958860226697213e-01
9.821554291183708374e-01
9.896537519716429587e-01
9.932540018519225855e-01
9.874284096870521443e-01
9.795792189081085066e-01
9.718997128263328067e-01
9.929131054815862889e-01
9.852926808574977713e-01
9.875951052860066914e-01
9.878044844052533691e-01
9.828153172863074438e-01
9.877783778162393391e-01
9.804620124832547079e-01
9.901258994804970071e-01
9.806522898761632634e-01
9.988436068863416617e-01
9.848454281794475351e-01
9.910184563943863489e-01
9.751530517710443879e-01
9.795941364009661534e-01
9.848759839930293358e-01
9.879907281815965003e-01
9.845442608360018832e-01
9.782469023441147105e-01
9.828765264084737829e-01
9.874041737664492890e-01
9.813561882996764130e-01
9.801921874495345133e-01
9.833015411509127279e-01
9.786493234639321859e-01
9.830330704046802426e-01
9.903412310701833476e-01
9.730464801004425901e-01
9.795660350372308312e-01
9.874027737666966065e-01
9.901625881034964438e-01
9.742633004428561394e-01
9.828821316248883555e-01
9.818038116916351088e-01
9.903289123564229524e-01
9.900202728252629480e-01
9.826202707545425019e-01
9.900780154822830248e-01
9.901166407337169684e-01
9.844093881593181106e-01
9.847811176068524963e-01
9.907680131968783499e-01
9.843590552915317815e-01
9.918990518092817288e-01
9.899133660111322230e-01
9.847619650810273129e-01
9.979982004510112858e-01
9.868047801755948090e-01
9.863619984314393463e-01
9.921139639586579184e-01
9.986368566998841123e-01
9.943840924587138419e-01
9.927669397054936784e-01
9.959961112360681268e-01
9.978582965055770027e-01
9.961215331649488913e-01
1.001744937492714316e+00
9.997432753114507964e-01
1.003232948479687581e+00
1.003710341665744687e+00
9.931464970230950984e-01
9.982378771321882560e-01
9.965632685314476102e-01
9.970313381631280558e-01
9.976716827048079939e-01
9.928733828473389478e-01
9.929935119472459437e-01
9.977267351532038697e-01
9.924390341810902516e-01
1.000391783535530266e+00
9.939567954247114923e-01
9.922050329088409892e-01
1.002003454338065591e+00
9.998900242886652467e-01
9.959548398789277446e-01
9.927678650598712462e-01
9.926000866101855058e-01
9.954769746631085825e-01
9.870030152427571313e-01
9.975224583191103500e-01
9.952248179173771581e-01
9.877364093166387526e-01
9.994965969536973027e-01
9.929284561421116706e-01
1.001105385818075399e+00
9.918875310944218482e-01
9.951838774637965512e-01
9.953620279686046235e-01
9.975630680306727394e-01
1.005709307950446663e+00
1.003896058167851768e+00
9.989067608993948966e-01
9.986863534141767751e-01
1.000555072533117151e+00
9.974161513144831348e-01
9.975293172783565865e-01
1.002075332633375337e+00
9.986529362222890116e-01
9.941069220453585542e-01
1.001596981411990717e+00
9.987551773401851518e-01
9.975393736720287174e-01
1.002760016212632443e+00
9.964895291126986132e-01
9.934930235476895355e-01
9.984468783714841589e-01
9.996711268028899422e-01
9.956310915496711100e-01
9.954394118514457990e-01
9.902088785403518889e-01
9.986921987220391816e-01
9.958678406994572185e-01
9.908278485586773376e-01
9.975904147642252751e-01
9.930855694961288060e-01
9.920597856387673996e-01
9.882638709728978066e-01
9.980130774540443284e-01
9.924892434281769038e-01
9.957868704930384895e-01
9.908880419124427297e-01
9.970833517719144279e-01
9.953998749511693278e-01
9.911903622479769638e-01
9.940376306246011540e-01
9.919858271400606720e-01
9.897959029859251245e-01
9.921871495000003094e-01
9.896699196490365003e-01
9.932338310386138458e-01
9.935350919036100015e-01
9.978729291704633297e-01
9.946908137934729055e-01
9.955206866922542419e-01
9.944553992113027707e-01
