0.000000000000000000e+00
0.000000000000000000e+00
0.000000000000000000e+00
0.000000000000000000e+00
0.000000000000000000e+00
0.000000000000000000e+00
0.000000000000000000e+00
0.000000000000000000e+00
0.000000000000000000e+00
0.000000000000000000e+00
0.000000000000000000e+00
0.000000000000000000e+00
0.000000000000000000e+00
0.000000000000000000e+00
0.000000000000000000e+00
0.000000000000000000e+00
0.000000000000000000e+00
0.000000000000000000e+00
0.000000000000000000e+00
0.000000000000000000e+00
0.000000000000000000e+00
0.000000000000000000e+00
0.000000000000000000e+00
0.000000000000000000e+00
0.000000000000000000e+00
0.000000000000000000e+00
1.777704265485251581e-02
3.909762246633755600e-01
1.296731456876667243e+00
1.605192296846029043e+00
1.207129973210057994e+00
7.145209107707428675e-01
4.248826859024987246e-01
2.939221325752919833e-01
2.279986431152445647e-01
2.195059684322779592e-01
2.189881566036322447e-01
2.289594549642523791e-01
2.402726079472372323e-01
2.109938284385928231e-01
2.363581107265957104e-01
2.640218468221940396e-01
3.204993044616982756e-01
4.608130780868336385e-01
5.797018371998015063e-01
7.579560609853949193e-01
9.773361453308500035e-01
1.161455643587142816e+00
1.323846119844488411e+00
1.450045963524415615e+00
1.555003746663413899e+00
1.572253183778125285e+00
1.653590183164443950e+00
1.614612497578252093e+00
1.610340263609031375e+00
1.484994860571180020e+00
1.333880152415008125e+00
1.184146393742378844e+00
1.069697561608523140e+00
9.759444653314038876e-01
9.426966794977896802e-01
9.268834646271414401e-01
9.179846423612574302e-01
9.038051050134199293e-01
9.074278389163508152e-01
9.418069401461586221e-01
9.374757444244045113e-01
9.595153638196491919e-01
9.654581449603851784e-01
9.795034857874519441e-01
9.857612086239790905e-01
9.861376504431027534e-01
9.831296813947952851e-01
1.024800662850307020e+00
1.033348210112552623e+00
1.042814144309390345e+00
1.057388825160651580e+00
1.029619942455809900e+00
1.020824150037999090e+00
1.011010671542615036e+00
1.010083117043400147e+00
1.020564537360394874e+00
9.808200184645965436e-01
9.887560144474373258e-01
9.806710790421282464e-01
9.917607593116821718e-01
9.538595740971582693e-01
9.783568015018613284e-01
9.788531642953226530e-01
9.598114380105687848e-01
9.817991247334351135e-01
9.989188859465115700e-01
1.003393797383672625e+00
1.007079983181736527e+00
1.007658461746417045e+00
9.844327858059368497e-01
1.004212169639286056e+00
1.009023531601583867e+00
1.002117992779277600e+00
9.923636175473553589e-01
9.993888776098227567e-01
9.875772093927188688e-01
9.870983636077748091e-01
9.971358849480600473e-01
9.790441854357686546e-01
9.820029892637714974e-01
9.879715487395539508e-01
9.860043800818575344e-01
9.943185965560421558e-01
9.892846096583898241e-01
9.863152409579668545e-01
1.002051560696415322e+00
1.001762537060097324e+00
1.002601208784113851e+00
9.902800581614434883e-01
9.968543177886627360e-01
9.965622562510315641e-01
9.991856419306198722e-01
1.000869410742468935e+00
9.991995970955033224e-01
1.003999239478985839e+00
1.000004764546367664e+00
1.009360698757543195e+00
9.901964308063211373e-01
9.981796328936797247e-01
9.963529334603807852e-01
1.002590661433385710e+00
1.001119111528030903e+00
9.897332233280501379e-01
1.001658496005403132e+00
9.981762264807897411e-01
1.001244674856073713e+00
9.925602409332203724e-01
9.863787192577840868e-01
9.942840443198824874e-01
9.912917633318131250e-01
1.003207864021476770e+00
9.994034060044915124e-01
9.918787406205031854e-01
1.003436336984918853e+00
9.945011761871522804e-01
9.972628404706930239e-01
9.926981918126357440e-01
9.988785908581395701e-01
1.009281947207850694e+00
1.002002314448288578e+00
9.962123838053533742e-01
9.951920717234457037e-01
1.002754648428737072e+00
9.956461905196811735e-01
1.009439523057227062e+00
9.976751912305827918e-01
9.989602806032629179e-01
1.007239709041439557e+00
9.947096878098072859e-01
1.000381573944149949e+00
9.926955818849557689e-01
1.000490600863924939e+00
9.950212638901684281e-01
9.931949109997088021e-01
9.978225577252349821e-01
1.000575274935229908e+00
1.000333522709475620e+00
9.831503786682074253e-01
9.899054554515392956e-01
9.981624625457535815e-01
9.953275867025799251e-01
9.919591872670957544e-01
9.886101859453599872e-01
9.952856729047520057e-01
9.944335433645852262e-01
9.842486326062025448e-01
9.883573928650992713e-01
1.000507030585520374e+00
9.943569970740087083e-01
9.946904300773676821e-01
9.995387409191954786e-01
9.891641454695748736e-01
1.004679527624278368e+00
9.939620060368309362e-01
9.930280195719261016e-01
9.903222698661685586e-01
9.976361024345413719e-01
9.870538199570290105e-01
9.945451566916818642e-01
9.894221030576362264e-01
9.922225470820762450e-01
9.960784090636666255e-01
9.995914550134408216e-01
9.942306718506597196e-01
1.000912380549898284e+00
9.859184123916368003e-01
9.883274601744688193e-01
9.934671726650493584e-01
9.950462877241467163e-01
9.895377578629152016e-01
1.002361726940007136e+00
9.982209731612377013e-01
9.984595807798811729e-01
9.982163332349748286e-01
9.958545278845145621e-01
1.000945893455712721e+00
9.989838529612878881e-01
1.007859729123428361e+00
9.934584080180238752e-01
9.989436881844164784e-01
1.004009324640985357e+00
9.945257225457466710e-01
1.000409346941062871e+00
1.000118818145149913e+00
9.990491944929893453e-01
9.940130740209628391e-01
9.909653923817504095e-01
9.959763045748788457e-01
1.005037983520505218e+00
9.995503726098700081e-01
9.989525175225314468e-01
9.936305572199441993e-01
1.004325110876436833e+00
1.001222218592854540e+00
9.970412967532673587e-01
9.959506277804457408e-01
9.985051030585335718e-01
9.974893203767815075e-01
1.001526102215049230e+00
9.942562106497685459e-01
9.898632818021682045e-01
1.001553270479569102e+00
9.958102880403325585e-01
9.965381800700869874e-01
9.959557591100288709e-01
9.936866116084627221e-01
9.997366862296007683e-01
1.001743215980352986e+00
9.974134088001664900e-01
9.957295659862669401e-01
9.982692552632784766e-01
9.972734191565220119e-01
9.913904021213187923e-01
9.960146490102628203e-01
9.946736035460177483e-01
1.001913015029830101e+00
1.005822164599201152e+00
1.001716061260040869e+00
9.958425749542093586e-01
9.980736018028867340e-01
9.965927371350516983e-01
9.999753513487106282e-01
9.966854310258285166e-01
9.974241202981023457e-01
9.984400450120090031e-01
9.994562758321764440e-01
1.000684585897979373e+00
1.002303649941242547e+00
9.993730123357943418e-01
1.005509048693006058e+00
9.963291292016070999e-01
9.966173399909984409e-01
1.001898806425933763e+00
9.968923169438731469e-01
1.000853175877223000e+00
1.004206820669148126e+00
9.971165562109384206e-01
9.972780890203930548e-01
9.988107682662981102e-01
9.965832858257261950e-01
9.998579333798351954e-01
1.000256453234301901e+00
1.001306584218021989e+00
9.976095086238403464e-01
9.965639853002455917e-01
9.971928289133398238e-01
9.936447433054473866e-01
9.932952585010909052e-01
9.955852961506808096e-01
9.971765615207075495e-01
9.913022718519620691e-01
9.982538232958969582e-01
9.935593449939218447e-01
9.981521177272131284e-01
