0.000000000000000000e+00
0.000000000000000000e+00
0.000000000000000000e+00
0.000000000000000000e+00
0.000000000000000000e+00
0.000000000000000000e+00
0.000000000000000000e+00
0.000000000000000000e+00
0.000000000000000000e+00
0.000000000000000000e+00
0.000000000000000000e+00
0.000000000000000000e+00
0.000000000000000000e+00
0.000000000000000000e+00
0.000000000000000000e+00
0.000000000000000000e+00
0.000000000000000000e+00
0.000000000000000000e+00
0.000000000000000000e+00
0.000000000000000000e+00
2.805132691542349673e-05
3.629079337096888236e-02
1.056359440603586775e+00
3.447867799304040304e+00
3.399114870097961205e+00
1.866958228746202320e+00
8.361832497992638391e-01
3.768935700918871756e-01
1.879529586903602167e-01
1.160888061924924414e-01
1.827948780632462633e-01
7.051497745945543016e-01
1.469319088439086540e+00
1.725498204099816579e+00
1.434294006646624542e+00
1.040409981266615436e+00
7.701549470833056743e-01
6.568728464038489090e-01
6.428020975711761231e-01
6.960945656221744215e-01
7.880688100123230955e-01
8.835448126358950161e-01
9.790156839770819408e-01
1.062697484014108795e+00
1.129924648519149422e+00
1.181922806163269390e+00
1.216064125633894877e+00
1.225665436914084472e+00
1.216328167959204620e+00
1.186705853047762771e+00
1.139621091509750217e+00
1.102221706052364025e+00
1.066985857965531137e+00
1.034881066282541395e+00
1.007029718482531422e+00
9.841094077447370969e-01
9.647203684821533676e-01
9.559388166598259406e-01
9.414636446694977234e-01
9.349896001969119075e-01
9.251761654207922847e-01
9.292355100178352201e-01
9.282237726776747522e-01
9.354148010336672536e-01
9.451484087823762703e-01
9.578669850954641962e-01
9.713064776139200829e-01
9.806056472441176952e-01
9.926002636245405686e-01
9.965358225756536514e-01
1.006706378294772275e+00
1.012711741026781631e+00
1.016422096004514497e+00
1.019505867365503748e+00
1.024084481600408880e+00
1.020246393465119583e+00
1.018925503742722061e+00
1.015623954239178062e+00
1.010987297364976278e+00
1.011393738253585139e+00
1.009675271545222186e+00
1.008848929164188890e+00
1.003922574067832363e+00
1.002010820699161142e+00
1.002357950924443353e+00
9.996806441311101299e-01
9.988421544043635247e-01
9.972982239118830528e-01
9.989057551258738732e-01
9.975159728529807701e-01
9.962631386683989954e-01
9.980015091884366640e-01
9.992903149348054681e-01
9.952875027912094774e-01
9.970957068366294029e-01
9.970979530533548019e-01
9.942194537416626510e-01
9.971623005040509691e-01
9.965014043145244971e-01
9.969153402664548969e-01
9.959717439114497139e-01
9.976608034870351194e-01
9.966451337043630287e-01
9.973203089050318715e-01
9.995789766345191119e-01
1.000615613597525932e+00
1.001065070942249058e+00
1.000292059725065963e+00
1.002125161355829075e+00
1.001452865816081506e+00
1.001162283309121603e+00
1.000677635606550320e+00
1.002352690735000662e+00
1.003142368059097400e+00
1.000661928839052361e+00
1.001454165717441169e+00
1.001239590130582169e+00
1.000602404429546066e+00
1.000036315310093959e+00
1.001341617737716128e+00
9.984040627327281925e-01
9.989054603481221095e-01
9.993556053641212689e-01
9.986177754998387668e-01
9.988835004722920186e-01
9.989771144446206730e-01
9.992827025204883418e-01
9.989879143574090792e-01
9.993663550509285232e-01
1.001004172951169835e+00
1.000227868794999919e+00
9.992630903736214876e-01
1.001011350004923584e+00
1.001239226236565472e+00
1.001311786714446317e+00
1.001368110730032290e+00
1.001283520767233037e+00
9.987173915331314378e-01
1.002261009831670213e+00
1.000885512583942649e+00
9.997876592070639168e-01
1.000121678939701608e+00
1.000188203399317688e+00
1.001407762296376625e+00
1.000437281698846714e+00
9.991951339613576177e-01
9.989298126293096880e-01
9.993574477295413816e-01
9.974559972538885599e-01
9.984823719996777092e-01
9.985361148604220416e-01
9.980500754194302493e-01
9.994007285558926812e-01
9.993531521120887495e-01
9.989811529031955573e-01
9.997585654852263470e-01
9.993861481788109957e-01
1.001294769729196288e+00
9.996601972733177854e-01
1.001157868331148171e+00
1.000371321443189743e+00
1.000724323937013160e+00
1.000477995144140930e+00
9.996734955460977456e-01
1.000592151444365863e+00
9.996191335508903819e-01
1.000987701106270000e+00
1.001169263775674612e+00
9.998473845765399881e-01
9.996740414155159682e-01
1.000497570402358649e+00
9.990457018801537359e-01
9.995674935010103734e-01
1.000431549721784164e+00
9.998132645300088495e-01
1.000275342544021617e+00
9.998016708849453149e-01
9.986882946483169876e-01
9.996222629676994043e-01
9.992224574133273807e-01
1.000062066450911891e+00
9.998372348500677020e-01
1.000160633158383217e+00
9.993113084517869504e-01
9.993176302858540749e-01
1.000400562775279889e+00
1.000609676620537236e+00
1.000589356122776330e+00
1.000637622515856417e+00
9.989355937785222572e-01
9.984276241691986131e-01
1.000143157087212353e+00
9.994978185374085999e-01
9.992521001814168580e-01
1.000375338433790784e+00
1.000321147121475907e+00
9.998365529700828924e-01
1.000208121389331906e+00
1.000647937257589382e+00
1.000088060669283241e+00
9.996503081416608927e-01
1.000917806713478075e+00
9.999063345383806256e-01
9.998512330361173372e-01
1.000357429907684947e+00
1.000775421220407857e+00
9.989292259112121375e-01
1.000371750215074185e+00
1.000008882711524327e+00
1.000599211716234560e+00
1.000158328645563532e+00
9.992852171883421786e-01
1.000720528159282363e+00
9.993844257980881718e-01
9.992870673713646346e-01
1.000427872887794223e+00
1.000412171965137098e+00
9.994838751647122654e-01
9.994445026539090504e-01
1.000300766526374119e+00
1.000556560625093905e+00
9.994857024067445028e-01
9.996750189611967041e-01
9.997650185984652271e-01
1.000454086072822157e+00
1.000967961954886576e+00
9.994191000590093577e-01
9.997722993178433937e-01
1.000007113548837756e+00
9.999708980004016201e-01
1.000641806360895725e+00
1.000883348301485176e+00
1.000009597356015689e+00
1.000384507837537074e+00
9.997310121544125128e-01
9.993659222037036827e-01
1.000298923348928115e+00
1.000064277152210801e+00
9.999008141428046281e-01
9.993244287013275384e-01
9.998834983399788046e-01
1.000368552206440942e+00
1.000811838852093238e+00
1.000559296406115406e+00
1.000061932315868152e+00
1.000052331976451603e+00
9.997972175531590899e-01
9.999977864308016162e-01
1.000582269951576730e+00
1.000104175821511676e+00
1.000295004927709730e+00
9.998476089849742676e-01
9.999852975158627366e-01
9.998964252586226564e-01
1.000042962207820629e+00
1.000169421145023163e+00
1.000401436569437807e+00
1.000371389609751027e+00
1.000451272097665267e+00
1.000575447788640826e+00
9.999302383667263427e-01
1.000465550793143477e+00
1.000663395603314409e+00
1.000493070813952334e+00
9.996078986883693007e-01
1.000324167760328731e+00
1.000769324760636181e+00
1.000157692892021721e+00
1.000363902923457005e+00
1.000802619292214368e+00
1.000616211155452406e+00
1.000373820713218675e+00
1.000302967317162395e+00
1.001100632140365709e+00
1.000496826413701967e+00
1.000257254547160635e+00
1.000394971752039730e+00
9.998051592155442480e-01
9.996904146900167376e-01
1.000380726126604003e+00
