0.000000000000000000e+00
0.000000000000000000e+00
0.000000000000000000e+00
0.000000000000000000e+00
0.000000000000000000e+00
0.000000000000000000e+00
0.000000000000000000e+00
0.000000000000000000e+00
0.000000000000000000e+00
0.000000000000000000e+00
0.000000000000000000e+00
0.000000000000000000e+00
0.000000000000000000e+00
0.000000000000000000e+00
0.000000000000000000e+00
0.000000000000000000e+00
0.000000000000000000e+00
0.000000000000000000e+00
0.000000000000000000e+00
0.000000000000000000e+00
0.000000000000000000e+00
0.000000000000000000e+00
0.000000000000000000e+00
0.000000000000000000e+00
0.000000000000000000e+00
3.741216384235258180e-02
8.623244935935422406e-01
3.003457505779967729e+00
3.428263120001524555e+00
2.184809526645634215e+00
1.058867297284179498e+00
4.874436830212210414e-01
2.883536829643901234e-01
2.300410457153024835e-01
2.456727122615333936e-01
2.733844798475943416e-01
3.035619705347185060e-01
3.289105728460376410e-01
3.431698047814025210e-01
3.449065766323168858e-01
3.728682698219769054e-01
4.209125194967807682e-01
5.223569353498247470e-01
6.682356350681818435e-01
8.482538580429158648e-01
1.033671147870959706e+00
1.167515356053625109e+00
1.283028767414415849e+00
1.391979969582922250e+00
1.474556357788272098e+00
1.538851166031090845e+00
1.566041202634332219e+00
1.527322641482001808e+00
1.449543941818485226e+00
1.325103799366854185e+00
1.185157295739157846e+00
1.065544708761868353e+00
9.766434969671468069e-01
9.132162848339494543e-01
8.771750071159046813e-01
8.609960322813683398e-01
8.619980943935288131e-01
8.766294944552204260e-01
8.903598976003540555e-01
9.148802453555989755e-01
9.282733312712528884e-01
9.554770247793630267e-01
9.807553053764280770e-01
9.850159219824952128e-01
1.018345295361111624e+00
1.022647012835735003e+00
1.034493456421319735e+00
1.042631264227970478e+00
1.045026833806952382e+00
1.052111813278987729e+00
1.044470579882573302e+00
1.043038829369084652e+00
1.024662161474870992e+00
1.017826162751344077e+00
1.004034112736967854e+00
9.959230429110323968e-01
9.852567240412931637e-01
9.779877278923498896e-01
9.758689440571135520e-01
9.727502766995095307e-01
9.694584702490075534e-01
9.734118588886739865e-01
9.794501161129658406e-01
9.848728585159490789e-01
9.889222057694871948e-01
9.913076947976240394e-01
1.000294211948421719e+00
1.005589290776077505e+00
1.009723749201893117e+00
1.008439621976929157e+00
1.007490335712013518e+00
1.010071643282231868e+00
1.009264369835825903e+00
1.005040802123543964e+00
1.000470369093781731e+00
1.005934320471378873e+00
1.002433389590018376e+00
9.966769289774605189e-01
9.929900974014714832e-01
9.938028451656631956e-01
9.919430945488060258e-01
9.864877236660100079e-01
9.889497731367322686e-01
9.914161977401649839e-01
9.874234134304200605e-01
9.935054327966572618e-01
9.902391921041880929e-01
9.966026581237831250e-01
9.921288309407272354e-01
9.955743505747910449e-01
9.950906499585839837e-01
1.000295981145167712e+00
9.974674293929423063e-01
1.003681205826175704e+00
9.994369544311207942e-01
1.001761852592834456e+00
1.004680175159137212e+00
1.000292307926793134e+00
1.000570969715062875e+00
1.004424515856167544e+00
9.995206507385943073e-01
1.001130905374172819e+00
1.002377908538797602e+00
9.989312427348241430e-01
1.000894839290169980e+00
9.970050335074016612e-01
9.966727268215008761e-01
9.976440031869759917e-01
9.946362351429461901e-01
9.966249421057913338e-01
9.998229401160643182e-01
9.952217517366946931e-01
9.977211100003208211e-01
9.937224234381514254e-01
1.000742495996655990e+00
9.990578957649186576e-01
9.982461781929187206e-01
9.997827508655308115e-01
9.981304425229949873e-01
9.991931301484970884e-01
1.001317037932830001e+00
1.000181275488203125e+00
1.000924002412769465e+00
9.951739047867652621e-01
9.971244602848444716e-01
9.978943518632290566e-01
9.974522096861738740e-01
9.978974930895379014e-01
9.996842375888378429e-01
1.000239664860240296e+00
9.971106563226971309e-01
9.993592641470634419e-01
9.954913666561008290e-01
9.926655636699054375e-01
1.002195068241504616e+00
9.930258875817473685e-01
9.965384642662730164e-01
9.960198191812870139e-01
9.991393683267230097e-01
9.931842233825921573e-01
9.982494191426957153e-01
9.987131618708735559e-01
9.971001490268537326e-01
9.974028412661500864e-01
9.970687744274039366e-01
9.988692827264152863e-01
9.956445429006228753e-01
9.971664729802905969e-01
9.960350436408116348e-01
9.964128471174787949e-01
9.982182709941991305e-01
9.966266542452187904e-01
9.986933873565763120e-01
9.975528866881918644e-01
9.948829148011074652e-01
9.960078053864432901e-01
9.991127406324094018e-01
9.976929339278275410e-01
9.976758793024361749e-01
9.949587438611640078e-01
9.986410013047368750e-01
9.996098812892565411e-01
9.998252438078176763e-01
9.971407500603991503e-01
1.003124276616485844e+00
9.989045102542394305e-01
1.001839862497881262e+00
9.976830611731127840e-01
9.987044425505482437e-01
1.000243325931550631e+00
1.003368347051361908e+00
9.996794539109490341e-01
9.989356868748358043e-01
9.944797128228830552e-01
1.000123426695702422e+00
9.985940161474815557e-01
9.996615217114782626e-01
1.002649233329652612e+00
1.001449113106163358e+00
1.000607093844111395e+00
1.001615299073684850e+00
9.981900475804988959e-01
1.000737065992578279e+00
9.996849886084798742e-01
1.000760765198655644e+00
1.000385628858057929e+00
1.000920485220491596e+00
1.002020613438875607e+00
9.998885556238373828e-01
9.980007377668436153e-01
1.000090534982679635e+00
1.000354327837630786e+00
9.968501246960083106e-01
9.981133508745074767e-01
9.999415193205434260e-01
9.992531280672962701e-01
9.981816135207413065e-01
1.000958251669982202e+00
9.993497425951244351e-01
1.000427896007973327e+00
1.000360061720702243e+00
1.000030062484794646e+00
1.000730333355136725e+00
1.000059166403007849e+00
9.992213142843549001e-01
9.978689225611612201e-01
1.000586720925808137e+00
9.998781364164026630e-01
1.000588395068358283e+00
9.993136366949924021e-01
9.987094461610241947e-01
1.000174396065791171e+00
9.984869290366146233e-01
9.979885411764939374e-01
1.000850457868210253e+00
9.990323677171719652e-01
9.985529763544427340e-01
1.000541062384106894e+00
1.000221753699435778e+00
9.995814599732675276e-01
9.994633643478003648e-01
9.982562503110469221e-01
9.963470024319371898e-01
9.982669797479216678e-01
9.978302533781692185e-01
9.986944183739491221e-01
1.000687995408300779e+00
9.975960837846744589e-01
9.982393808710067207e-01
1.001562288932721367e+00
9.989583756120742342e-01
9.986687174743116291e-01
9.974205467758711086e-01
1.001351665862927121e+00
9.999357002062135846e-01
9.983822983517229854e-01
9.976813903759360613e-01
1.000279885277241210e+00
9.974421284407887223e-01
9.995021577969606108e-01
9.957599935527906565e-01
9.871891055576501595e-01
9.752828286628703047e-01
9.630991556363746042e-01
9.519529806848899822e-01
9.414412169436314759e-01
9.301111556626592280e-01
9.183470908049314874e-01
9.109245272050550124e-01
8.988265510656400226e-01
8.864804407266673181e-01
8.775449643863465488e-01
8.671146087734757923e-01
8.568775206326045835e-01
8.468183808872152829e-01
