0.000000000000000000e+00
0.000000000000000000e+00
0.000000000000000000e+00
0.000000000000000000e+00
0.000000000000000000e+00
0.000000000000000000e+00
0.000000000000000000e+00
0.000000000000000000e+00
0.000000000000000000e+00
0.000000000000000000e+00
0.000000000000000000e+00
0.000000000000000000e+00
0.000000000000000000e+00
0.000000000000000000e+00
0.000000000000000000e+00
0.000000000000000000e+00
0.000000000000000000e+00
0.000000000000000000e+00
0.000000000000000000e+00
0.000000000000000000e+00
0.000000000000000000e+00
0.000000000000000000e+00
0.000000000000000000e+00
0.000000000000000000e+00
1.558776577313366110e-04
3.942674078488653949e-02
8.901732107151456574e-01
2.998761670150886349e+00
3.462368093669396796e+00
2.210941175392181268e+00
1.080394747749125806e+00
5.210159658035291574e-01
2.862281232395200159e-01
2.230376877668005797e-01
2.324657942522328768e-01
2.632128855541711610e-01
2.902176016072895437e-01
3.223236654811851287e-01
3.402665203248485537e-01
3.309334288754726128e-01
3.644258090094680824e-01
4.241732746098900164e-01
5.233422500870887895e-01
6.653192867392013765e-01
8.477356957818573679e-01
1.022825194938200788e+00
1.168599517417362232e+00
1.280957548142835245e+00
1.388163654616624498e+00
1.470434658902054714e+00
1.524323825483514305e+00
1.567596604172492025e+00
1.543587808577789655e+00
1.464879793659294771e+00
1.326807584692488495e+00
1.205361848747652287e+00
1.074985713819230471e+00
9.817115795302585601e-01
9.211749978349174084e-01
8.878288425396585470e-01
8.657784517993034612e-01
8.716982078295225644e-01
8.723670835296324366e-01
8.917772395891016002e-01
9.183234400358424310e-01
9.350584889816841994e-01
9.568754516003974420e-01
9.787033785201836311e-01
9.867727878587957413e-01
1.015073198801913934e+00
1.032646339348029185e+00
1.031347076725119605e+00
1.043843873744462636e+00
1.047142112265054603e+00
1.042301323294380522e+00
1.048855748414314393e+00
1.036516932859846696e+00
1.030818223915292542e+00
1.020440038213818568e+00
1.006553055260510421e+00
9.890368909456470625e-01
9.791020729703108216e-01
9.748136479224951412e-01
9.628117872708398250e-01
9.658454811180241517e-01
9.748622973343664677e-01
9.734262372388228224e-01
9.817131382862243072e-01
9.801195583084095775e-01
9.853376628301198092e-01
9.963025391422728472e-01
9.951658384327335405e-01
1.008237920027914569e+00
1.006493061431142699e+00
1.009803796010406263e+00
1.004701435669014709e+00
1.009561092459663856e+00
1.005496130701999391e+00
1.009749472000532444e+00
1.008062297797440943e+00
1.004833731945629749e+00
9.963858801040217372e-01
9.975339050622563652e-01
9.979712931995065039e-01
9.980293732350977720e-01
9.909529140018499271e-01
9.892617480543959285e-01
9.922797879746965144e-01
9.885246595700811767e-01
9.891891290727377051e-01
9.890163083312226711e-01
9.949078552040705459e-01
9.939797710779181283e-01
9.929806383470904940e-01
9.986098175111163266e-01
9.976809909473943749e-01
1.002366345252548196e+00
9.995637320872712284e-01
1.002570242493439068e+00
9.989277447935401844e-01
1.001570439174906735e+00
1.006127400931360327e+00
1.002277259427462042e+00
1.004198891371491653e+00
9.959019261721507865e-01
1.002618026326611123e+00
9.946242214434780626e-01
1.001124932785263155e+00
9.972670092763831207e-01
9.984750414572013399e-01
9.991883927103466512e-01
9.930001919194975102e-01
1.001083892667124164e+00
9.929631953778955689e-01
1.000687544572920196e+00
9.975873768494478711e-01
9.951583745569027029e-01
9.949611585883278986e-01
9.944999953575702767e-01
9.927379648343841456e-01
9.980975004324889044e-01
9.986780788979319201e-01
9.984851205306496391e-01
9.949831345267209359e-01
1.000584366060007557e+00
9.973672434583124025e-01
9.949728438954233978e-01
9.951709083701053560e-01
9.970344610014755249e-01
9.971682466054599958e-01
9.956446344288486516e-01
9.928755641474800164e-01
9.960726121921122944e-01
9.924103137749108461e-01
9.972386484697493003e-01
9.940359018158745341e-01
9.976877067456028092e-01
9.969003731604517693e-01
9.935502772742828004e-01
9.955943497679631271e-01
9.978556032892909045e-01
9.961457209742901053e-01
9.953271511634834701e-01
9.967048889279874757e-01
9.974673165450462786e-01
9.966763409034463672e-01
9.976787836424633182e-01
9.992367100002493840e-01
9.961391299982241820e-01
9.949763543179889203e-01
9.973196263457337896e-01
9.973486183871764776e-01
9.949261279564967086e-01
1.000693763137956660e+00
9.954805243772572032e-01
1.001431601513530723e+00
9.940542266900755930e-01
9.989210391626436314e-01
1.001425724564201314e+00
9.984397305356926822e-01
1.000062451972112854e+00
9.986942414922843625e-01
9.988805172473457228e-01
9.974915984618507592e-01
9.968932386869723272e-01
9.998993258993641442e-01
9.999077479338994712e-01
9.998218427797718189e-01
1.001582945545135717e+00
9.979456864732227928e-01
1.000177684902948227e+00
9.959982859523527354e-01
9.996117875143536446e-01
9.995986028340937413e-01
1.000423351217937684e+00
9.991223074095076928e-01
1.000590203859588634e+00
9.991391287862806392e-01
9.977543055646486136e-01
1.000214695418025768e+00
9.979627732447692301e-01
9.955079652046927574e-01
9.983860075303364612e-01
9.992116975039141424e-01
9.995841820174780068e-01
1.000343077677507964e+00
9.993572458947037607e-01
1.000028289100423073e+00
9.992262544331568241e-01
9.981082257698717930e-01
9.978575081468931129e-01
1.001280136179563796e+00
9.971442894754680708e-01
1.001573902729210763e+00
9.998982138581111734e-01
1.000662710845559911e+00
9.997034102631613406e-01
9.991981156457213631e-01
9.974547248480997164e-01
1.002083808478103633e+00
1.000552283420278465e+00
1.000928195247466235e+00
1.001818342618181035e+00
1.001964997250210931e+00
1.001852055781018658e+00
1.001521358001711715e+00
1.001934480398800620e+00
1.001652560153274862e+00
9.998764856704880355e-01
1.000280362815766599e+00
1.002309321975403567e+00
1.001292330603356984e+00
9.993693756335341183e-01
9.994832834156039958e-01
1.000796061039313622e+00
9.994959638503290167e-01
1.003398646756635815e+00
1.000479658509040526e+00
9.985596734658631624e-01
1.000818122647143538e+00
1.000540532361882784e+00
1.000688889885473998e+00
9.989357726879697363e-01
1.000073742564166812e+00
1.000422422277778223e+00
1.001339331152663048e+00
1.001476926698573910e+00
1.000549969980125464e+00
9.974990837584953862e-01
1.001188955885951248e+00
9.992704829914530462e-01
1.000244605683304089e+00
1.002030616303097199e+00
9.979820974698108138e-01
1.000185899528169831e+00
1.000204563794424795e+00
9.996975616342473892e-01
1.001276742521694851e+00
9.988314558911260965e-01
1.001361999894518240e+00
1.002452231347718659e+00
1.000490022231949272e+00
9.981985531368091635e-01
9.996382098135475625e-01
9.990907630287466645e-01
9.982815742608365239e-01
9.853569138607910505e-01
9.736500032523935921e-01
9.645794722957888867e-01
9.501870955356193083e-01
9.396295273561494632e-01
9.288396254902558935e-01
9.158044932249191916e-01
9.084793009687154308e-01
8.982259516220478801e-01
8.878223224104943023e-01
8.767889885263520089e-01
8.643747715210283733e-01
8.562336935693409812e-01
8.460629509224771860e-01
