0.000000000000000000e+00
0.000000000000000000e+00
0.000000000000000000e+00
0.000000000000000000e+00
0.000000000000000000e+00
0.000000000000000000e+00
0.000000000000000000e+00
0.000000000000000000e+00
0.000000000000000000e+00
0.000000000000000000e+00
0.000000000000000000e+00
0.000000000000000000e+00
0.000000000000000000e+00
0.000000000000000000e+00
0.000000000000000000e+00
0.000000000000000000e+00
0.000000000000000000e+00
0.000000000000000000e+00
0.000000000000000000e+00
0.000000000000000000e+00
2.401652672804080403e-05
3.407317457709776315e-02
1.010574613458365967e+00
3.294659802127016146e+00
3.267660269513338545e+00
1.818867764474911164e+00
8.351112960114153161e-01
3.853342162587891084e-01
2.010518207802121093e-01
2.307783696361802861e-01
8.468741601526756924e-01
1.733463764982063005e+00
1.899105085210188948e+00
1.465428280536371197e+00
9.991792266372605535e-01
7.274809492498280905e-01
6.251163801239704165e-01
6.191882373979744614e-01
6.760424881126314567e-01
7.582564439939866174e-01
8.482340023014645070e-01
9.381442854774072471e-01
1.022265647327223803e+00
1.093801793362642050e+00
1.150456900571170671e+00
1.187579220856527007e+00
1.204997703880030135e+00
1.204067352314522665e+00
1.182928347417931514e+00
1.150999020355080393e+00
1.113065845058328174e+00
1.074963390802238905e+00
1.036253179939104818e+00
1.001468209181807012e+00
9.727071967190661361e-01
9.511868248118706681e-01
9.349547125396781011e-01
9.293788191001549626e-01
9.252170593245977459e-01
9.253300391752791176e-01
9.271336609961405850e-01
9.364733428887924704e-01
9.448435989459285089e-01
9.580056050216302355e-01
9.722972090944105306e-01
9.802019945278414026e-01
9.896388179593614831e-01
9.968662045470156885e-01
1.005279421859172739e+00
1.006021596597086898e+00
1.013484990419514231e+00
1.015510700928708765e+00
1.020212512154176965e+00
1.021416826117207188e+00
1.020298649102868715e+00
1.018809226098701393e+00
1.014319629071774420e+00
1.013179085322835959e+00
1.006716610964575320e+00
1.004722453909739244e+00
1.002540215281433778e+00
1.000705985586539004e+00
9.988212905872497771e-01
9.985932699766133513e-01
9.978579864677460387e-01
9.965861130402924317e-01
9.966899168907797923e-01
9.966321757048181018e-01
9.969901634381514999e-01
9.959983375403850259e-01
9.968237096395595742e-01
9.974180754668764415e-01
9.980228749470491101e-01
9.965187004515352331e-01
9.957405864353267022e-01
9.982004421917005654e-01
9.978289520102671117e-01
9.983765687152147406e-01
9.985356198253263482e-01
9.993247819255359765e-01
9.994971747363273762e-01
1.000984666360258846e+00
1.001099940089117402e+00
1.000939082818013137e+00
1.000952285847621193e+00
1.002165096976905589e+00
1.001631016427189325e+00
1.001977550248976057e+00
1.001994994420272844e+00
1.001198075922907771e+00
1.001751842984694552e+00
1.001431329012705929e+00
1.001117800578395389e+00
1.001352133890233587e+00
1.000803435352910942e+00
9.999600806524497898e-01
9.999203787501372842e-01
9.999824790370698269e-01
9.995643534200917557e-01
9.990777280711627961e-01
1.000436659751203106e+00
9.997012963713250988e-01
1.000779796253022269e+00
9.989589263411022824e-01
9.998891583034571484e-01
9.990786180813931994e-01
9.991395043375522755e-01
9.985353149649232041e-01
9.989998986157162530e-01
9.996004779455884837e-01
1.000695802424514724e+00
1.000097929576912348e+00
1.000112730623395674e+00
1.000169776302056945e+00
9.996873911426715775e-01
1.000271472238644987e+00
1.000396904550215238e+00
1.001446605820721425e+00
1.000350946583279166e+00
1.001162680938815219e+00
9.999244096344552801e-01
1.001058745274785444e+00
9.996515245566940377e-01
1.001327059710019229e+00
1.000349980615935719e+00
1.000625692695209734e+00
1.000100322653687313e+00
9.995598068619002685e-01
1.000908544142737666e+00
9.995456157346559456e-01
9.996869716532632566e-01
9.999193767143634837e-01
9.993862704704853384e-01
1.000375703447992981e+00
9.993635681293066009e-01
1.001313273074312171e+00
1.000430557951215382e+00
1.001022644842688880e+00
1.000815781199158705e+00
1.000575867853241485e+00
1.000605148098428154e+00
1.000887127412642297e+00
9.996956212329781710e-01
1.000629480741271671e+00
9.999925084326745095e-01
9.998550810569239999e-01
1.000482329568363360e+00
9.999970111823733854e-01
9.996548351886556105e-01
9.988879578746039378e-01
9.997086139771002022e-01
9.997005604254776134e-01
9.997145541848048156e-01
1.000433288667239573e+00
1.000552261976802582e+00
9.996814316955467961e-01
9.992754531512521021e-01
9.997164520964966217e-01
1.000079485745725583e+00
1.000348585514210686e+00
1.000518122603824223e+00
1.000548428237646448e+00
1.000055318857194120e+00
1.000070977683969353e+00
1.000456809145089165e+00
1.000611930042297759e+00
1.000296108316272026e+00
9.999859321713598925e-01
1.000301478967201785e+00
9.997637711414556483e-01
1.000297247992316896e+00
9.997017025168515314e-01
9.999351714480501085e-01
9.997410570258552509e-01
9.997090035030132826e-01
9.995469764388618117e-01
1.000113859878096312e+00
1.000042204586322425e+00
1.000223159156877317e+00
1.000467169636438447e+00
1.000090546838261485e+00
9.997810004083312885e-01
9.998126939946216929e-01
1.000366139710703095e+00
1.000747157234457507e+00
1.000176861775127213e+00
9.998237197050096059e-01
9.997058130153705369e-01
9.993840521922079390e-01
9.997024118332293874e-01
1.000195059479179527e+00
1.000566238198542290e+00
9.997337186528936215e-01
1.000106203952833672e+00
1.000445745205714276e+00
1.000106085346376572e+00
1.000440938393782675e+00
1.000290865289676923e+00
9.999393380656422803e-01
1.000372338160636865e+00
9.997643216524215726e-01
9.994891284003174503e-01
9.995905885794634793e-01
9.998265441833168454e-01
1.000126698298458239e+00
1.000330401268195724e+00
1.000463780177965889e+00
9.996879095096526946e-01
9.999204990744231525e-01
1.000134849634257250e+00
9.998804354673169748e-01
1.000193028042750010e+00
9.996421264686856656e-01
1.000449819180604383e+00
9.998260837383466937e-01
9.997517553968290338e-01
9.996762297416940113e-01
9.996906397387353982e-01
1.000276165718209098e+00
9.995775664200917676e-01
9.996108223029237516e-01
1.000336483694914014e+00
1.000088014655301949e+00
9.998358405552273398e-01
1.000420867625944510e+00
1.000100691035130218e+00
1.000483861777859751e+00
9.994142289946321700e-01
1.000261892521113527e+00
9.996441123286378128e-01
1.000007913879774168e+00
9.998989493194850864e-01
1.000208588108152163e+00
1.000198527547491612e+00
9.998151650856805794e-01
1.000017822568323167e+00
9.996477568701832572e-01
9.998327936001371041e-01
9.994257865589627476e-01
1.000323318343223411e+00
9.996478594843835053e-01
1.000156895717190020e+00
1.000585957081126853e+00
1.000122909473843524e+00
1.000036574005721990e+00
9.965267834966347049e-01
9.862539140387598380e-01
9.750811703299163691e-01
9.640296289350314130e-01
9.528112679502379612e-01
9.418507215259465104e-01
9.314713493358892649e-01
9.203087924613571058e-01
9.098456322234642624e-01
8.994420427658988970e-01
8.887640520141780742e-01
8.787345300425524197e-01
8.679491603844254888e-01
8.578149393233223119e-01
8.481282027320538042e-01
