0.000000000000000000e+00
0.000000000000000000e+00
0.000000000000000000e+00
0.000000000000000000e+00
0.000000000000000000e+00
0.000000000000000000e+00
0.000000000000000000e+00
0.000000000000000000e+00
0.000000000000000000e+00
0.000000000000000000e+00
0.000000000000000000e+00
0.000000000000000000e+00
0.000000000000000000e+00
0.000000000000000000e+00
0.000000000000000000e+00
0.000000000000000000e+00
0.000000000000000000e+00
0.000000000000000000e+00
0.000000000000000000e+00
0.000000000000000000e+00
0.000000000000000000e+00
0.000000000000000000e+00
0.000000000000000000e+00
0.000000000000000000e+00
0.000000000000000000e+00
0.000000000000000000e+00
1.183901828160870487e-02
2.771994732207511136e-01
1.155190872869819252e+00
1.553847344464597269e+00
1.251900890347659612e+00
7.648992063373637462e-01
5.065878190265959979e-01
3.847188674650412477e-01
3.417849320069292762e-01
3.195031966244580302e-01
3.303210503563032696e-01
3.061827168172619462e-01
2.680471410331982107e-01
2.325705715860856837e-01
2.071070367385833277e-01
2.506964247638476251e-01
3.024968575884000588e-01
3.700386620362001722e-01
5.206457883183531754e-01
6.546456734268203403e-01
8.355404946360992513e-01
1.020787825507439406e+00
1.200556476593726662e+00
1.369717724467459652e+00
1.507205595470525683e+00
1.650104275535351217e+00
1.638696090429430097e+00
1.664951734609297462e+00
1.587218957633391270e+00
1.502966637758203161e+00
1.345678050981184759e+00
1.234073532311243726e+00
1.108943672575402717e+00
1.053361073950502158e+00
1.011526110109831622e+00
9.947587214687296786e-01
1.006361509676436450e+00
1.003195073502813450e+00
9.788969095206450088e-01
9.886891010310789873e-01
9.712653140872389290e-01
9.948413067926171749e-01
9.775255450326051365e-01
9.934938783498364900e-01
1.013546525130657017e+00
1.038486154730693389e+00
1.056024063759098963e+00
1.092128434949704463e+00
1.124321725137938044e+00
1.146935789907855607e+00
1.144040473305835359e+00
1.140120653667558326e+00
1.115499109509196618e+00
1.064402420305105679e+00
1.058193632758496427e+00
1.001894819929569191e+00
9.471255211568323507e-01
9.061764693886853461e-01
8.806967273999237733e-01
8.669596322328428917e-01
8.657633512640748874e-01
8.902267559258604246e-01
9.216350999403363220e-01
9.536496482575295142e-01
9.867150309127172836e-01
1.006055423382615555e+00
1.001357532371275783e+00
1.017689721497083921e+00
9.956004107047172758e-01
9.810459766482167998e-01
9.587780454246046524e-01
9.553308144003610503e-01
9.704344487979009726e-01
9.891202612972044284e-01
1.024985053755369080e+00
1.057348977985546279e+00
1.088995864419085358e+00
1.114127435402290978e+00
1.111561346532387251e+00
1.104409580032212235e+00
1.061407809548751136e+00
1.023302295920538452e+00
9.904004039664234815e-01
9.415837404165123825e-01
9.145500223986945398e-01
9.224876578327596555e-01
9.121206049702116347e-01
9.426376032229866198e-01
9.851368991013546017e-01
1.059598200517105848e+00
1.171452788012352864e+00
1.312830477985444944e+00
1.481010685650437031e+00
1.707034389620398995e+00
1.645197389754389672e+00
1.387615439071715251e+00
1.211014623776403898e+00
1.088097165906206198e+00
9.971962504509432890e-01
9.684717092177225206e-01
9.386714856105327076e-01
9.312389615427540956e-01
9.550359694510741626e-01
9.672943392498624116e-01
9.990493371698212499e-01
1.021521489303671482e+00
1.031465111254063149e+00
1.050694770864769811e+00
1.037066239366478682e+00
1.039057142874037387e+00
1.035619061401382712e+00
1.016023906035921298e+00
9.949959697363112143e-01
9.768449401344174721e-01
9.724966562777539458e-01
9.607871746927084677e-01
9.480225214473022577e-01
9.493632812615274696e-01
9.353301662201720656e-01
9.390698079153805278e-01
9.401853206502371885e-01
9.483366719386437937e-01
9.524403146738358306e-01
9.665272751677074226e-01
9.473015279492817964e-01
9.445926233273626016e-01
9.285932266838418103e-01
9.253812284117322040e-01
8.995323651983239133e-01
9.160256178305327124e-01
9.181788114148949909e-01
9.373703679686747892e-01
9.391734374249387507e-01
9.534644530168199239e-01
9.585202000357103680e-01
9.616929402101215274e-01
9.550887651029401626e-01
9.531505088288073635e-01
9.510789097096639111e-01
9.403575133038203360e-01
9.403006494542660576e-01
9.357326192284963762e-01
9.259559353749070576e-01
9.161374257695295009e-01
9.167818994882472872e-01
9.265369174203165192e-01
9.278812176931715561e-01
9.318755490164478683e-01
9.449433532496496202e-01
9.463537925031128006e-01
9.599877823367182206e-01
9.606440390866635148e-01
9.760630671442914741e-01
9.803701305568685020e-01
9.733656230501810391e-01
9.773271494927647796e-01
9.801093711177563117e-01
9.888053734765579472e-01
1.003240317412393390e+00
1.016254500965090291e+00
1.009876417062686826e+00
1.020115253083446527e+00
1.029996978361645610e+00
1.020428515151379223e+00
1.016895397669055345e+00
1.006561960384779075e+00
1.013056505798458184e+00
1.001026480436318478e+00
1.003319375713288109e+00
9.959563158840613051e-01
9.998117729208910731e-01
1.008014823114175007e+00
1.000823404493964563e+00
9.977841041231948482e-01
9.923768635859900877e-01
9.859012041254131553e-01
9.797799322807276834e-01
9.848172199739972932e-01
9.766011002506443939e-01
9.756704751511937612e-01
9.831802764472338252e-01
9.755061341768442862e-01
9.856670591120481051e-01
9.864558906763875035e-01
9.869976266091101680e-01
9.870070539821402811e-01
9.942985988509158712e-01
1.005814585864327260e+00
1.008527680218465061e+00
1.015418732389476997e+00
1.028551305755655898e+00
1.024237501955345353e+00
1.021439784513287430e+00
1.027020522562077653e+00
1.009554080360604678e+00
1.007008135932316639e+00
1.001827748612416080e+00
9.898866838974160753e-01
9.860724363671895532e-01
9.829875546444506451e-01
9.853365984629516294e-01
9.829130117401482236e-01
9.890595164962732166e-01
9.957045494888845383e-01
9.993690940740889150e-01
1.002013471335881256e+00
1.001466118316225895e+00
9.976996504908647312e-01
9.886902162426532970e-01
9.920057516319855662e-01
9.840167152173469045e-01
9.818758189898102451e-01
9.720304941921935615e-01
9.650485477511752119e-01
9.653983192707947802e-01
9.665646278437419747e-01
9.739406952625760949e-01
9.806523800733745189e-01
9.844202024533827977e-01
9.931199290656772538e-01
9.988508483681360905e-01
1.002847419885607438e+00
1.003535080895488596e+00
1.000601682795290159e+00
9.900732870254137508e-01
9.874269194567057983e-01
9.736033810024001811e-01
9.706137957442675379e-01
9.687689147102642728e-01
9.699709715361084506e-01
9.701499267077293709e-01
9.714612959226612832e-01
9.753009269177178586e-01
9.789291583432053745e-01
9.789021617947581966e-01
9.804363642900678633e-01
9.879437083839482936e-01
9.840348937070149127e-01
9.840874476868658460e-01
9.836226062715165419e-01
9.817237546089211397e-01
9.822327780376062245e-01
9.920657976180511373e-01
9.888222284611227764e-01
9.923933526166393015e-01
9.875135725891215355e-01
9.863737744354017511e-01
9.767682040445305747e-01
9.678752142833639827e-01
9.523401745367913174e-01
9.399950401219142604e-01
9.297155397201040117e-01
9.193217978837954218e-01
9.115996339065742804e-01
