0.000000000000000000e+00
0.000000000000000000e+00
0.000000000000000000e+00
0.000000000000000000e+00
0.000000000000000000e+00
0.000000000000000000e+00
0.000000000000000000e+00
0.000000000000000000e+00
0.000000000000000000e+00
0.000000000000000000e+00
0.000000000000000000e+00
0.000000000000000000e+00
0.000000000000000000e+00
0.000000000000000000e+00
0.000000000000000000e+00
0.000000000000000000e+00
0.000000000000000000e+00
0.000000000000000000e+00
0.000000000000000000e+00
0.000000000000000000e+00
0.000000000000000000e+00
0.000000000000000000e+00
0.000000000000000000e+00
0.000000000000000000e+00
0.000000000000000000e+00
0.000000000000000000e+00
1.352090718556692162e-02
2.424791316371956162e-01
9.198575672688497074e-01
1.309316803063477641e+00
1.044971498985641567e+00
6.931943046470393499e-01
4.236424697410877127e-01
2.585926205478702999e-01
2.084187640352073156e-01
1.911920107880817066e-01
1.906601828920989894e-01
1.878022841727203518e-01
1.781735635090417602e-01
1.673649144626596919e-01
1.834446197428711567e-01
2.198531040583679708e-01
2.756723410471395019e-01
3.769953191701976847e-01
4.903138166535803699e-01
6.157765304811779750e-01
8.212361830242077554e-01
1.005611354659850409e+00
1.145224023895709209e+00
1.258799838743243527e+00
1.361407217389379420e+00
1.421831844992566429e+00
1.455176189922067431e+00
1.437988414436990769e+00
1.296587155580822603e+00
1.184197037321283119e+00
1.080925903676118960e+00
9.472608500656961583e-01
8.506400653376610110e-01
7.822214305326193884e-01
7.500912881419685707e-01
7.390779351499884298e-01
7.417500860249830463e-01
7.687634546326825857e-01
8.041721640254256842e-01
8.233813328937988896e-01
8.622849127625512589e-01
9.019255714138180169e-01
9.315647037522285512e-01
9.944010368670018751e-01
1.019887657806959336e+00
1.098714101633549767e+00
1.091874454724059529e+00
1.114660497432179209e+00
1.126962508355538573e+00
1.152906738257278185e+00
1.129554757143174770e+00
1.130435333791691921e+00
1.091609110526453374e+00
1.064508132231027693e+00
1.026135905861464748e+00
9.618835507461195311e-01
9.317307781241945808e-01
8.985668027218683962e-01
8.749314120994857724e-01
8.566959862602281373e-01
8.468385952836909869e-01
8.413914877923669433e-01
8.540836683409598340e-01
9.008255181000383027e-01
9.295069627832237558e-01
9.531817659904148199e-01
9.849853676804958269e-01
9.879260889415666380e-01
9.620774482225525892e-01
9.353971857717526817e-01
9.243330116292161058e-01
8.992264069352222666e-01
9.008194087875858180e-01
9.210508575552998067e-01
9.634547733780777223e-01
1.004017040023573060e+00
1.026212414454083399e+00
1.035842560214944585e+00
1.044646163174273390e+00
1.030268826877074773e+00
1.009128255723758860e+00
9.828402335427155467e-01
9.610762099352287979e-01
9.197934844351743910e-01
8.899512849682817972e-01
8.825573277862233113e-01
8.607002968368369089e-01
8.740269447952672133e-01
9.315765737142843728e-01
9.778013161029558420e-01
1.080075171329388350e+00
1.197182556695397082e+00
1.373640898057746584e+00
1.590557035912445683e+00
1.575467055828251750e+00
1.344235776576718999e+00
1.203410163853821269e+00
1.081543259396195999e+00
9.972310188263225905e-01
9.414965526234045923e-01
9.047875991763473236e-01
8.884600095503086825e-01
9.056330900160193265e-01
8.996634261841062186e-01
9.219983912239470003e-01
9.419736760396103525e-01
9.536706080926397044e-01
9.641134399946904576e-01
9.926452575596586003e-01
9.900406503065486419e-01
1.003873976500600174e+00
1.011959114471670862e+00
1.018562124659468493e+00
1.024628490195752306e+00
1.037454994837445410e+00
1.041873664005150024e+00
1.040542482451148443e+00
1.029318797424954468e+00
1.033171033888284240e+00
1.016270793346453649e+00
1.016436932851592756e+00
1.031427286876778426e+00
1.017878886078195988e+00
1.021674292797789763e+00
1.017549335246275888e+00
1.021796177359581836e+00
1.017805551650502682e+00
9.989955279170723568e-01
1.006667954426389455e+00
9.997511654635115042e-01
1.003445318414713183e+00
9.995722715804085112e-01
1.001008741445020389e+00
9.877730801230616420e-01
9.886123802572008845e-01
9.878078536636839546e-01
9.893980882019595136e-01
1.001887829564203081e+00
9.888227026031911615e-01
9.954793522840799103e-01
1.000470812748886384e+00
1.002268559887890209e+00
9.893205281358030678e-01
9.888575810767852303e-01
9.896848813893123209e-01
9.837060942037098021e-01
9.814889822187765622e-01
9.849555375940641788e-01
9.767981162049872434e-01
9.720379709356741227e-01
9.650364580032642081e-01
9.614648754123674701e-01
9.636311312557778175e-01
9.691341830991345718e-01
9.632713133714133624e-01
9.692433506386894937e-01
9.829033519193948187e-01
9.787237518241379552e-01
9.929363916064997131e-01
9.963514245251146040e-01
9.923330983357097068e-01
1.015726295130808587e+00
1.017204873022030664e+00
1.021041837342355540e+00
1.026116168704147125e+00
1.036094748218873596e+00
1.025037782344833337e+00
1.019305138010606182e+00
1.017385510624435163e+00
1.007019645047074530e+00
9.987021918247406260e-01
9.891012818198888779e-01
9.812091972939199769e-01
9.810901331376794543e-01
9.739708514523466309e-01
9.776297340806152647e-01
9.709650914450472792e-01
9.801201815270643714e-01
9.841114083775316379e-01
9.863062744724276909e-01
9.947593451575530432e-01
9.929275490468307819e-01
9.876991946631177299e-01
9.913283949740979706e-01
9.860038935387477332e-01
9.837739177614952535e-01
9.836976796458765104e-01
9.853114479286123606e-01
9.824020965248537740e-01
9.870827796146092181e-01
9.855446995334624649e-01
9.865399741140390422e-01
9.913295666490604674e-01
9.744952674823370575e-01
9.754053957245331086e-01
9.725818850646796854e-01
9.725869350557054815e-01
9.758916719453791799e-01
9.894265665155200784e-01
9.965441928017828577e-01
1.004400200879631555e+00
1.006965407815179958e+00
1.018711656149664524e+00
1.021234455157912446e+00
1.027305751295476188e+00
1.041473731674758652e+00
1.040340522307461768e+00
1.044119683550749356e+00
1.048811225223270194e+00
1.048270256333435180e+00
1.039073975587537113e+00
1.031678616223500100e+00
1.024380927705955679e+00
1.017779372012010963e+00
1.009764089434252998e+00
1.003891844963469948e+00
9.967900617348049996e-01
9.936146471957195692e-01
9.884323733357148756e-01
9.831438318583747282e-01
9.743431699361209120e-01
9.764265016365252237e-01
9.748790699072552579e-01
9.701977854141212720e-01
9.662977784032416029e-01
9.650563045933532313e-01
9.597733238313351789e-01
9.565476642096354398e-01
9.559270238081952753e-01
9.650422066235236906e-01
9.615465258074017418e-01
9.706790150157452723e-01
9.826526587179251759e-01
9.877766154525253750e-01
9.873967558886624918e-01
9.950742437262363183e-01
9.949318475154351749e-01
9.962075671754679895e-01
1.006233022015220913e+00
1.004738040879507022e+00
1.009212152677705809e+00
1.011534411950448797e+00
1.016593245428407677e+00
1.014472608585662128e+00
1.016346278455092733e+00
1.018430576248681829e+00
1.009059315267278656e+00
9.950369916563719386e-01
9.724880986444844888e-01
9.634080141315706225e-01
9.507926882580489680e-01
9.431817519523861826e-01
9.288909962341693749e-01
9.238439456391085436e-01
