0.000000000000000000e+00
0.000000000000000000e+00
0.000000000000000000e+00
0.000000000000000000e+00
0.000000000000000000e+00
0.000000000000000000e+00
0.000000000000000000e+00
0.000000000000000000e+00
0.000000000000000000e+00
0.000000000000000000e+00
0.000000000000000000e+00
0.000000000000000000e+00
0.000000000000000000e+00
0.000000000000000000e+00
0.000000000000000000e+00
0.000000000000000000e+00
0.000000000000000000e+00
0.000000000000000000e+00
0.000000000000000000e+00
0.000000000000000000e+00
0.000000000000000000e+00
3.861969957267744752e-02
1.075647309119994510e+00
3.330529339636021380e+00
3.149024764949044375e+00
1.688377242803872580e+00
7.447349888990008049e-01
3.334213820517442084e-01
1.652049051618954267e-01
1.081216579053309590e-01
2.168172711426873678e-01
8.237865200305207747e-01
1.559319484307658765e+00
1.657713435269919211e+00
1.320728893287844707e+00
9.527831802255483096e-01
7.540864190120344368e-01
6.953096490821109033e-01
7.275630008929863113e-01
8.066690513710265131e-01
9.005203012094914472e-01
9.911662894047275074e-01
1.068592274652662377e+00
1.122147273718648641e+00
1.164440765976722414e+00
1.181683384830731764e+00
1.195775750633425671e+00
1.186796017330047137e+00
1.169425844782783219e+00
1.139241854014695798e+00
1.109843661959442951e+00
1.067644727659167181e+00
1.035330911963568079e+00
1.012562403316452420e+00
9.917961913742281421e-01
9.757603706149291511e-01
9.647803285802188933e-01
9.545310905928963141e-01
9.485032093120877583e-01
9.442306810876488488e-01
9.403399717007869807e-01
9.404315519067886209e-01
9.470012038681888678e-01
9.489210578509028604e-01
9.601621427940411069e-01
9.679355772140377789e-01
9.733701397031929714e-01
9.760867619352129321e-01
9.866292205430523543e-01
9.917386468649294073e-01
9.982873461828302153e-01
1.001898292597842577e+00
1.010334952391578556e+00
1.015781398546816483e+00
1.024663615666780547e+00
1.026511572762951019e+00
1.035040135729970334e+00
1.035989177622898882e+00
1.035880012391576566e+00
1.040813687906358309e+00
1.033467494897462258e+00
1.030839926713116306e+00
1.023854587060778032e+00
1.017329417214537735e+00
1.009296701479373226e+00
1.005461593681584054e+00
1.002230692046247373e+00
9.968733419837891852e-01
9.930868192358306423e-01
9.857458197013924117e-01
9.784498663395541085e-01
9.733631890901442985e-01
9.716631957540917686e-01
9.738123211321926265e-01
9.778817822662466686e-01
9.818613338481143593e-01
9.857481950396145276e-01
9.870273874148897120e-01
9.894418038291092898e-01
9.936090901438134892e-01
9.960262970206275046e-01
1.004400638541566027e+00
1.009279001765471140e+00
1.014381904364340503e+00
1.015491121126013585e+00
1.016183820499696244e+00
1.014075437517697909e+00
1.011795524752254982e+00
1.008222498386192267e+00
1.008798142042865553e+00
1.008192383933022906e+00
1.001197353498116893e+00
9.937838776015887055e-01
9.850460564366141369e-01
9.768172796294373184e-01
9.724012716953718272e-01
9.721815084046309119e-01
9.823194763405393992e-01
1.007049881083219356e+00
1.056277880544266967e+00
1.053140067509370503e+00
9.999225627422002605e-01
9.727971228025352746e-01
9.600883009360632325e-01
9.596699007145979010e-01
9.670769817105786537e-01
9.764343040681001673e-01
9.851161350968621333e-01
9.945498900465714609e-01
9.997846937663178446e-01
1.001485586166503294e+00
1.002300339752822955e+00
1.005573062827526121e+00
1.007001944530306670e+00
1.010575804428651914e+00
1.010018222752000927e+00
1.011958571930536177e+00
1.010663149037086983e+00
1.009627167420860339e+00
1.006378051485083747e+00
1.007197711355669378e+00
1.004972648200094909e+00
1.000927908084519480e+00
9.963329672652196933e-01
9.893979426097790908e-01
9.827258610143332351e-01
9.786304850194968985e-01
9.776810238300134293e-01
9.810567610823285323e-01
9.867474331324598280e-01
9.961201103110435273e-01
1.002260117527040473e+00
1.004867158735838650e+00
1.007294736278121938e+00
1.008084815547341639e+00
1.006596603438472348e+00
1.009947403776942698e+00
1.010003138388932742e+00
1.010928241247373904e+00
1.011345872242309873e+00
1.010392190453882399e+00
1.010347232963838993e+00
1.009133522187073639e+00
1.007663005259011646e+00
1.003752423368619473e+00
1.000534597254570279e+00
9.979924014014942557e-01
9.950243801915998887e-01
9.934052323235698090e-01
9.928658567352357522e-01
9.918720321568124110e-01
9.918411123416382980e-01
9.939360566441783895e-01
9.955287072180918351e-01
9.973856290186449147e-01
9.989925071273567658e-01
1.001441875432547590e+00
1.001448773934295211e+00
1.003675323937989861e+00
1.001937243753185269e+00
1.002372680712570352e+00
1.002076048093769600e+00
1.001776886059458027e+00
1.001698698263179033e+00
1.000966517814948942e+00
1.000533970420737218e+00
1.000694488380336811e+00
9.998028527575136826e-01
9.995795473336340775e-01
9.999677192941923698e-01
1.000027881660660034e+00
1.001303789708808845e+00
1.001419743799451645e+00
1.002084731534221174e+00
1.003000230133664683e+00
1.002642133831112670e+00
1.003689527723196973e+00
1.003076974381150288e+00
1.003515132788255659e+00
1.003074777841769682e+00
1.003101282418671580e+00
1.002387254987386678e+00
1.002273583733284568e+00
1.001791393266056263e+00
9.998321441334878656e-01
9.988173270071476484e-01
9.976143336446200438e-01
9.960434082190618987e-01
9.953408376592567386e-01
9.946101451278906991e-01
9.941621371379502081e-01
9.937917149038081321e-01
9.944661625861307419e-01
9.958540354127926042e-01
9.980494875375459651e-01
1.000082252725961407e+00
1.000890347519655554e+00
1.001760014934036214e+00
1.002645953299818649e+00
1.001956680529689114e+00
1.003981740254676902e+00
1.003513557383781007e+00
1.001987169611162187e+00
1.003315944641947954e+00
1.001186841035978992e+00
1.001408710275043967e+00
9.996453946039268734e-01
1.000257515053378787e+00
9.982534108385190397e-01
9.983022178118541312e-01
9.979631039268959114e-01
9.981396425005051309e-01
9.975472268025565858e-01
9.978746266187069613e-01
9.975733554556459604e-01
9.982350855723259864e-01
9.980471444999771125e-01
9.981136718035954480e-01
9.983318450913281072e-01
9.982664191050947267e-01
9.984484441381177300e-01
9.992451589392329359e-01
1.000721803216865213e+00
1.001276110471479353e+00
1.001905328198418710e+00
1.002706206788211318e+00
1.003018605596632140e+00
1.003063137071851241e+00
1.002677674482847392e+00
1.003689171364486654e+00
1.003230384995366764e+00
1.003120380670309064e+00
1.002063954640212806e+00
1.002000725611557064e+00
1.000542359656515057e+00
1.000180751329103224e+00
9.995830433954119298e-01
9.993381523797271182e-01
9.983987977137132042e-01
9.977527102861063479e-01
9.981698647037422489e-01
9.981968853690948995e-01
9.973706191898245033e-01
9.990082645766777958e-01
9.985283928920307694e-01
9.996495077716616162e-01
1.000966160438659269e+00
1.001511655250220123e+00
1.002889300063891653e+00
1.004182140311187688e+00
1.004995331984667617e+00
1.004665563959002306e+00
1.001535004806941132e+00
9.902565631271904589e-01
9.783205766293830985e-01
9.659061729033034949e-01
9.549837386816715235e-01
9.434392558068805945e-01
9.326515519508784546e-01
9.213617186413072258e-01
