0.000000000000000000e+00
0.000000000000000000e+00
0.000000000000000000e+00
0.000000000000000000e+00
0.000000000000000000e+00
0.000000000000000000e+00
0.000000000000000000e+00
0.000000000000000000e+00
0.000000000000000000e+00
0.000000000000000000e+00
0.000000000000000000e+00
0.000000000000000000e+00
0.000000000000000000e+00
0.000000000000000000e+00
0.000000000000000000e+00
0.000000000000000000e+00
0.000000000000000000e+00
0.000000000000000000e+00
0.000000000000000000e+00
0.000000000000000000e+00
2.536722681611429763e-05
3.939122473671592684e-02
1.067778302983318106e+00
3.316972054031955608e+00
3.161757262472832952e+00
1.709763322444761924e+00
7.487668538707733523e-01
3.371365262598411405e-01
1.691023162305267113e-01
1.103104593750059842e-01
2.161916951931955877e-01
8.330437771972523109e-01
1.561843657165197463e+00
1.667740511224595767e+00
1.302580131453558998e+00
9.437369862038228474e-01
7.400233013665548087e-01
6.904161926593601617e-01
7.159947856485313622e-01
7.925812160890106650e-01
8.900367676033876796e-01
9.799357657087949258e-01
1.061249627399394546e+00
1.119452957910855639e+00
1.159017103040179464e+00
1.189929534971083669e+00
1.195891393190520180e+00
1.192873000852223031e+00
1.171315569178281057e+00
1.135691907495187447e+00
1.101784460270361032e+00
1.062685835988798511e+00
1.038832883728788570e+00
1.011828159344809297e+00
9.905569345683117310e-01
9.780679574333094317e-01
9.672576030540472880e-01
9.545500272021869570e-01
9.475348901967801662e-01
9.387073353996429059e-01
9.329820643963754323e-01
9.343437884761900403e-01
9.356982211312473430e-01
9.425203608451920845e-01
9.529452242819422825e-01
9.590705754436177344e-01
9.696120918568945646e-01
9.753495535436224051e-01
9.870332703800199781e-01
9.932792242403946092e-01
1.001058710984086497e+00
1.009959218652709545e+00
1.016433242018781158e+00
1.021790672165211911e+00
1.029103049021114602e+00
1.033534059251697945e+00
1.037938906848872689e+00
1.040018015628836778e+00
1.040412637164574772e+00
1.039338228069455194e+00
1.034760933596050814e+00
1.027368230525256942e+00
1.022289873487764122e+00
1.013535754594066196e+00
1.007858002110954887e+00
1.001340016879948225e+00
9.984092211616394374e-01
9.914506099609947665e-01
9.871894797867438731e-01
9.807856531381397014e-01
9.751395662694809507e-01
9.735596830645533162e-01
9.743993980053172743e-01
9.755197492483863586e-01
9.765490290894858205e-01
9.831904440507250875e-01
9.883601222033282507e-01
9.894486721782002059e-01
9.904785301908173301e-01
9.939705914934301445e-01
1.002173311064571859e+00
1.009730998220117915e+00
1.014189065682631563e+00
1.019713516169611589e+00
1.018831012470741149e+00
1.017357905315150246e+00
1.013470182129997177e+00
1.009819795079670790e+00
1.008130156611298345e+00
1.008740783412112485e+00
1.007720794258946340e+00
1.001800372855887744e+00
9.927120060943177560e-01
9.861086852069224085e-01
9.811679164328842573e-01
9.754200211254798747e-01
9.751118258820614670e-01
9.883201671133554633e-01
1.015178442079704091e+00
1.067002081176953387e+00
1.060900181872547865e+00
1.007252681587899934e+00
9.774612645128485378e-01
9.669518325071896347e-01
9.671712642186894859e-01
9.733151944257123489e-01
9.817873694203640422e-01
9.906477103432375086e-01
9.978384176558423579e-01
1.003288415896728569e+00
1.003585642189507965e+00
1.004954054006156783e+00
1.006709339904937828e+00
1.006061301477170877e+00
1.009692258078648930e+00
1.010217040703139224e+00
1.009151969813903316e+00
1.008159793820101902e+00
1.006714079294712016e+00
1.003159032148794205e+00
1.003784121575037158e+00
1.002569165158566422e+00
9.990739661405013683e-01
9.953988050845953284e-01
9.887521999079003088e-01
9.823477740469154229e-01
9.792159877841540849e-01
9.792357367170905214e-01
9.836734980540736695e-01
9.888422618177309387e-01
9.944585418262871235e-01
1.002146463838224477e+00
1.005784627013029064e+00
1.008242231331441419e+00
1.008184228611883837e+00
1.008738840092160194e+00
1.010168256652028029e+00
1.011557097703361885e+00
1.011746159292506109e+00
1.010081422892006309e+00
1.011579502829451194e+00
1.010920322043390884e+00
1.007218286173824140e+00
1.004541643239776905e+00
1.003073798489283686e+00
9.993245140333252285e-01
9.961984496868462324e-01
9.946615085870955664e-01
9.916982377013781047e-01
9.914216883618776066e-01
9.920652757331832605e-01
9.937927220239175519e-01
9.941880479760205613e-01
9.948522009945541811e-01
9.969443924446169669e-01
9.987496098129838851e-01
9.984949476806096458e-01
9.996740696814758742e-01
1.002023116006801384e+00
1.000639515387939271e+00
1.001230187203412392e+00
1.001395288965732711e+00
1.001385891016934204e+00
1.002559476888681855e+00
1.002986043484749290e+00
1.004304829737936666e+00
1.004356272602439093e+00
1.005443467323894557e+00
1.005916670967085480e+00
1.005456298981951546e+00
1.004573164740770963e+00
1.003946094629151853e+00
1.003875443646928822e+00
1.001812726622977268e+00
1.001239284318230949e+00
1.000932557244427645e+00
1.001152097991666379e+00
1.000695906257264678e+00
1.000474901928594562e+00
1.000313854147519610e+00
9.998423241366984904e-01
9.995041819891156143e-01
9.982520720300018802e-01
9.985056509436722738e-01
9.976089207736645870e-01
9.972721282540658594e-01
9.959946261631328346e-01
9.965004524762430815e-01
9.971882024990994520e-01
9.965441986015470821e-01
9.972383010342242837e-01
9.977917998619768580e-01
9.995910950510983328e-01
1.000518347465306102e+00
1.002407127792127817e+00
1.003059282055611678e+00
1.003923481683730801e+00
1.005825070888939354e+00
1.006391137617572706e+00
1.005980756454023739e+00
1.006368448856944875e+00
1.005112297272593436e+00
1.004246597762705084e+00
1.002800271361616646e+00
1.001198695994504950e+00
1.000979400632344030e+00
9.987739415184915259e-01
9.984873374643864485e-01
9.970299879182216163e-01
9.962929090926372355e-01
9.956217735552385095e-01
9.963193353187022039e-01
9.968637393687587167e-01
9.972191362280748983e-01
9.976392613091628059e-01
9.981841453483514259e-01
9.998186321535886822e-01
9.982018267701304737e-01
9.993677079584730727e-01
9.982899452688205333e-01
9.975172000565715180e-01
9.975970728613352545e-01
9.984813925357352016e-01
9.994955993438784381e-01
9.992883445260353215e-01
1.001276168336281636e+00
1.001459181370962126e+00
1.002692205581452889e+00
1.002399260795686864e+00
1.003371664741243396e+00
1.003082357582018913e+00
1.002791539808115751e+00
1.002465993454870308e+00
1.002330398086718866e+00
1.001828333300784690e+00
1.000014839487467277e+00
1.000101121777247082e+00
9.991320285396705358e-01
9.978459069819267668e-01
9.971536494087197555e-01
9.972035583727155705e-01
9.956361986460707802e-01
9.953042983547349953e-01
9.956187713797493011e-01
9.964135153281594715e-01
9.966144315382986507e-01
9.982834920012618740e-01
9.986246975008941096e-01
1.000079680814131233e+00
1.000905572926615861e+00
1.001898284664899386e+00
1.002646582206020431e+00
1.000274706742189545e+00
9.900224995596456079e-01
9.786696677652003684e-01
9.676334137920383771e-01
9.571397074506681202e-01
9.450206894247498157e-01
9.338549538471532241e-01
9.231227660787316713e-01
