0.000000000000000000e+00
0.000000000000000000e+00
0.000000000000000000e+00
0.000000000000000000e+00
0.000000000000000000e+00
0.000000000000000000e+00
0.000000000000000000e+00
0.000000000000000000e+00
0.000000000000000000e+00
0.000000000000000000e+00
0.000000000000000000e+00
0.000000000000000000e+00
0.000000000000000000e+00
0.000000000000000000e+00
0.000000000000000000e+00
0.000000000000000000e+00
0.000000000000000000e+00
0.000000000000000000e+00
0.000000000000000000e+00
0.000000000000000000e+00
0.000000000000000000e+00
0.000000000000000000e+00
0.000000000000000000e+00
0.000000000000000000e+00
0.000000000000000000e+00
1.682196734034352992e-01
2.284376027749608795e+00
5.105532109037119071e+00
4.200777219839539001e+00
2.010737860100502594e+00
8.918644489632211458e-01
4.353895692482556701e-01
3.498807949584474275e-01
3.978012667008520853e-01
4.492840745326633911e-01
5.087859918149870708e-01
6.973863921459656501e-01
9.324304111790305827e-01
9.841070447974908930e-01
9.410707341239558099e-01
8.458303162049065627e-01
7.898956091699355087e-01
8.182284895098814737e-01
9.439309903410783020e-01
1.100187232826367545e+00
1.211419806048857239e+00
1.230810682079098939e+00
1.230312939696615260e+00
1.196129099788453942e+00
1.131246333039706675e+00
1.042689355798165352e+00
1.016107473723319554e+00
1.028185455359101885e+00
1.089791277401281233e+00
1.102799725758752736e+00
1.130129393057509368e+00
1.129727420939871108e+00
1.117826634966559540e+00
1.112336034284616693e+00
1.061377210826051742e+00
1.023350026821630232e+00
9.875079095435682630e-01
9.628786652935991119e-01
9.326078808049310664e-01
8.705119118780014764e-01
8.117442941652801558e-01
7.970423490972166070e-01
8.409277784789057630e-01
8.556221378619639495e-01
9.407463033090008864e-01
9.360354736331093495e-01
9.652687577824684562e-01
9.722939009436287749e-01
9.675674572305411614e-01
9.496247014331711256e-01
9.295636274922343123e-01
8.756124108236790216e-01
8.439320306869315669e-01
8.323438706086008221e-01
8.508325552818545301e-01
8.777328718505708061e-01
8.882085238481367551e-01
9.027542228849412265e-01
9.384039274738569247e-01
9.810261075579828072e-01
9.908220484382188609e-01
1.011859015480451873e+00
9.839876931659247150e-01
9.582430889861619505e-01
9.351041143664015065e-01
9.417186056876579725e-01
9.916574265203925709e-01
1.034649633648218048e+00
1.038636381333682968e+00
1.059978149042123396e+00
1.064033941935129679e+00
1.075275307917001877e+00
1.093920701813758445e+00
1.100963179236343903e+00
1.105225780763126497e+00
1.089415105315221233e+00
1.051157840666595344e+00
1.023149229918791869e+00
9.866372008920926140e-01
9.593836166558833423e-01
9.552289840297467638e-01
9.615528846868927060e-01
9.851631156663032129e-01
1.004007594369898504e+00
1.038123495171164645e+00
1.038639693612216863e+00
1.019617402495677005e+00
9.727783410942366649e-01
9.265637239101726097e-01
8.866005675821460041e-01
8.704835900251716163e-01
8.853403502622604337e-01
9.191627901680824442e-01
9.643820736672829019e-01
9.967847160768192882e-01
1.004082718323300982e+00
9.964854848051706293e-01
9.926465787702245525e-01
1.003121804032775399e+00
1.021049973721443793e+00
1.030796108539540068e+00
1.064127567854168621e+00
1.087014667139889479e+00
1.082293494870590456e+00
1.055836083738153741e+00
1.020076536620009522e+00
9.901301685575365497e-01
9.732834672390102693e-01
9.747249997234508356e-01
9.734420018476449554e-01
9.668769302368246388e-01
9.724791634642673266e-01
9.654034280231217346e-01
9.735547026902374723e-01
9.724286359040200667e-01
9.845663826014015019e-01
1.017548232593368018e+00
1.028124661423311048e+00
1.045038969212114477e+00
1.054591242364029569e+00
1.052068798354856005e+00
1.065514502957777720e+00
1.059915523784044078e+00
1.072001432009328514e+00
1.090648506927172079e+00
1.115184911443226401e+00
1.113280948969344930e+00
1.101906874844520212e+00
1.075267669741223120e+00
1.064629444764003896e+00
1.054343186082695727e+00
1.051067854956269976e+00
1.048162912718519246e+00
1.046188918862200667e+00
1.028143238978439067e+00
1.008326923469089698e+00
1.008022426184134845e+00
9.868225488668022072e-01
9.735163217161580951e-01
9.614704247590444286e-01
9.599931966209886980e-01
9.575354231574856323e-01
9.518403083952525767e-01
9.721038928433536341e-01
9.868331498103027899e-01
9.945653040323111371e-01
1.003558440487900105e+00
9.968007627130185400e-01
9.961969940990350603e-01
9.855402598817164517e-01
9.793328809425465575e-01
9.721822054090640819e-01
9.547953201695279501e-01
9.483495868913224269e-01
9.386842537565489586e-01
9.279491507218738944e-01
9.369370563689944920e-01
9.588223871568996026e-01
9.854777584607223861e-01
1.008699250034791106e+00
1.034768880462397345e+00
1.047716288534005447e+00
1.052896821314063702e+00
1.052489542839386116e+00
1.044169076293382403e+00
1.031188429775413251e+00
1.031200410094192277e+00
1.029899793957298026e+00
1.021167712946400297e+00
1.028367665038514289e+00
1.042049217004423545e+00
1.064904535705786470e+00
1.066389906217167782e+00
1.056047707201745123e+00
1.043119357494449950e+00
1.041915482449872421e+00
1.049331626433193332e+00
1.065852256105390472e+00
1.075590375644599916e+00
1.065512261134559324e+00
1.060444889174822602e+00
1.045969518566929546e+00
1.043251421519423738e+00
1.049140991104515530e+00
1.059973831629378083e+00
1.071104460959936056e+00
1.079565104446411405e+00
1.072841434905069224e+00
1.072844798094810814e+00
1.066134259017457842e+00
1.061125298731701694e+00
1.038603168934198351e+00
1.026230939556624255e+00
1.006114020700706879e+00
9.842184112556646713e-01
9.685689279870637325e-01
9.640466027203623556e-01
9.724293645410628795e-01
9.890807432376916841e-01
9.942145317931865289e-01
9.999744493108430055e-01
1.000673663787877254e+00
9.855832581720871399e-01
9.620043388673829021e-01
9.325739307074504270e-01
9.095854325785378558e-01
9.029648791212037118e-01
9.098114504079339859e-01
9.187312790869659462e-01
9.386297945758282912e-01
9.548858666919445293e-01
9.609288923197027987e-01
9.702567939294838295e-01
9.590382488636661762e-01
9.491262017686721286e-01
9.302527584721407283e-01
9.097512755842055432e-01
8.876010282397500673e-01
8.724840778970336386e-01
8.678100608941435867e-01
8.649614342431157787e-01
8.525016769618285473e-01
8.367574400289990999e-01
8.115367462781025720e-01
7.999860191240312224e-01
7.943950139188719062e-01
7.943366162459229995e-01
7.910485220522543992e-01
7.778952833354424445e-01
7.677998539502703945e-01
7.517634419799305023e-01
7.410764746795441837e-01
7.329404835746543556e-01
7.218272265476136651e-01
7.099740526662473572e-01
7.023496810889201525e-01
6.940642790015861818e-01
6.934419136508475079e-01
6.925268646353534008e-01
6.915318436951161107e-01
6.869615576380401212e-01
6.781314647970434484e-01
6.739075409707957487e-01
6.589873226198234013e-01
6.382395295461598117e-01
6.184366062819088850e-01
6.010535593280781352e-01
5.895975233814289007e-01
5.802443126001648466e-01
5.748864207553703309e-01
5.686851770618921442e-01
5.573664432359004550e-01
5.489986976310780031e-01
5.423709696411032066e-01
5.352561425707033083e-01
