0.000000000000000000e+00
0.000000000000000000e+00
0.000000000000000000e+00
0.000000000000000000e+00
0.000000000000000000e+00
0.000000000000000000e+00
0.000000000000000000e+00
0.000000000000000000e+00
0.000000000000000000e+00
0.000000000000000000e+00
0.000000000000000000e+00
0.000000000000000000e+00
0.000000000000000000e+00
0.000000000000000000e+00
0.000000000000000000e+00
0.000000000000000000e+00
0.000000000000000000e+00
0.000000000000000000e+00
0.000000000000000000e+00
0.000000000000000000e+00
1.583444337926436183e-05
6.494029453478664116e-02
1.205763237598202586e+00
2.874980310800293370e+00
2.332928942438095454e+00
1.208595843871391740e+00
5.808313640288819135e-01
3.166509249371355361e-01
2.788366339359137358e-01
9.057981202263225562e-01
1.855564773285097058e+00
1.854792970973193400e+00
1.548938102791750815e+00
1.354456827628963245e+00
1.168773686209873874e+00
9.971734436244328315e-01
8.722089061244303609e-01
8.165221124657149332e-01
8.091421503733922105e-01
8.250208194429613506e-01
8.290114400764408975e-01
8.406100797463189611e-01
8.345632826169470109e-01
8.189379344013179018e-01
7.923102955319656360e-01
7.815607750300520573e-01
8.055902854518189882e-01
8.737058264873759361e-01
9.867808296292250869e-01
1.113618033099933458e+00
1.216077829972933788e+00
1.257596917442655560e+00
1.229956446058033004e+00
1.161845556034984073e+00
1.082893567165040372e+00
1.023696121907348822e+00
1.002433494495291733e+00
1.010115730481338181e+00
1.028490453660508619e+00
1.035771312484875528e+00
1.026180496626774907e+00
1.001256349559095593e+00
9.662818645659505545e-01
9.332671876893728902e-01
9.120886817871404206e-01
8.952397619743109880e-01
8.931976833320031117e-01
8.994779100686097761e-01
9.133948867716958908e-01
9.270756979517692509e-01
9.453911071593165127e-01
9.702458327991549947e-01
1.001907108336984376e+00
1.036777049357063385e+00
1.074840558762004905e+00
1.099337404190114276e+00
1.114954510921093211e+00
1.111551787276417791e+00
1.092396770696703934e+00
1.067573533568318522e+00
1.043583468418317617e+00
1.019869993423550003e+00
1.000815143864758561e+00
9.839597023065631554e-01
9.691029145829348490e-01
9.639554839397135311e-01
9.549936111093719759e-01
9.514205321142307215e-01
9.455607005260185938e-01
9.459371781248915312e-01
9.453007098285475251e-01
9.556559273801999987e-01
9.697576932565726837e-01
9.843106673737176404e-01
9.990272046561091690e-01
1.010297041100089999e+00
1.017357578796909579e+00
1.020915897747273871e+00
1.026787196616759656e+00
1.034836595271415138e+00
1.039449965202948523e+00
1.040411264150986392e+00
1.037265419521549603e+00
1.030654555471411937e+00
1.022292348279779883e+00
1.012448328422689725e+00
1.003044950309949890e+00
9.935387409321254637e-01
9.832057353144679768e-01
9.743072757234292336e-01
9.699444192987143332e-01
9.653777368225049393e-01
9.700775900327779366e-01
9.749023390433810832e-01
9.812064151511579180e-01
9.889734982133243646e-01
9.957272768859312118e-01
9.992968884631399096e-01
1.005177919672701092e+00
1.016746088425024785e+00
1.021595261825613887e+00
1.015346449819324981e+00
1.012208187641927770e+00
1.012220504114402342e+00
1.014092061235195352e+00
1.015866948732997210e+00
1.016653132916401914e+00
1.013672910497163127e+00
1.008813848807667002e+00
1.001594210837891463e+00
9.961351704180039235e-01
9.880599222339012666e-01
9.858920385677758524e-01
9.863123017042476626e-01
9.868237723986651444e-01
9.909509300160684875e-01
9.912973760885973595e-01
9.948634552472563897e-01
9.957229283221241678e-01
9.964668867068018354e-01
9.973892719508289373e-01
9.968893845079829230e-01
9.982013770379155604e-01
1.000197837642669674e+00
1.002053494174036219e+00
1.005534152046953622e+00
1.006146106664758788e+00
1.007228808710441736e+00
1.002669774918220069e+00
9.983458721010700643e-01
9.944722892353565769e-01
9.923680343563664463e-01
9.928851114311234571e-01
9.937855777607035312e-01
9.950148689694918724e-01
9.949325351169961973e-01
9.932209967807527073e-01
9.921913697909811036e-01
9.942085595951607457e-01
9.972782794219346991e-01
1.001042521131356944e+00
1.004101210661092924e+00
1.006987850617432789e+00
1.008090692316682802e+00
1.007042055533273972e+00
1.005694305584862835e+00
1.003426989678177339e+00
1.001262003075491069e+00
9.991654828835464519e-01
9.980470572211820324e-01
9.978268205059139806e-01
9.984867939488494271e-01
9.984844525732040621e-01
9.983185397951952478e-01
9.983166281880404558e-01
9.979750642246603132e-01
9.973051481376498106e-01
9.976581892385246730e-01
9.978200015382693300e-01
1.000362489109631214e+00
1.001744446449275516e+00
1.002630404503185524e+00
1.003912249710485094e+00
1.005546079679575877e+00
1.006099957512139875e+00
1.005956983107678226e+00
1.006017926576061372e+00
1.003770863305507355e+00
1.003268750061093506e+00
1.001239667849983750e+00
9.994041158919250156e-01
9.974561902168229688e-01
9.958050646825314933e-01
9.937270996893179387e-01
9.918278934808069103e-01
9.910696558747330576e-01
9.908558218818447338e-01
9.922893597569372170e-01
9.937007139765304808e-01
9.964577602136805989e-01
9.977134704074812621e-01
9.992557029361820442e-01
9.991243504864107949e-01
1.000694007636873328e+00
1.002972416256773913e+00
1.003823640762895542e+00
1.003972527634675149e+00
1.002406144737834515e+00
9.995054875269540062e-01
9.968691661456550168e-01
9.962003193539286094e-01
9.955209476371793542e-01
9.948595884755400132e-01
9.961721469903739301e-01
9.966493430586627067e-01
9.979044700467492035e-01
9.976843279834562983e-01
9.975560379377691467e-01
9.965694039594887865e-01
9.964193736517531486e-01
9.949393500768561882e-01
9.945562860033529962e-01
9.951392080342722490e-01
9.959174654417636274e-01
9.987870124201876365e-01
1.001630212758075400e+00
1.004178744589389716e+00
1.007142047424805620e+00
1.009774197725540112e+00
1.010033712196989786e+00
1.008059338219566614e+00
1.005531016553830703e+00
1.002366330781243375e+00
1.001218058171673198e+00
1.000512685647823030e+00
1.001427407382933676e+00
1.000914484086479872e+00
9.958882144899552369e-01
9.836785479457057502e-01
9.711391690042153746e-01
9.584534250456028248e-01
9.470991817127064616e-01
9.346991861054138040e-01
9.226115110167188993e-01
9.107275452991053788e-01
8.987074806971325769e-01
8.876220331928423857e-01
8.762416449648686712e-01
8.650838743081876725e-01
8.532683809142217468e-01
8.421555056781111492e-01
8.308417495835651589e-01
8.200623195118936781e-01
8.098513250073960945e-01
8.001924848891752706e-01
7.895866613222762842e-01
7.796571397922249513e-01
7.682600192653070703e-01
7.571734516313738395e-01
7.455447433538003876e-01
7.331281120627409775e-01
7.216015374509318070e-01
7.100243154142440449e-01
6.983950462954804372e-01
6.878526811482503778e-01
6.769713575557353424e-01
6.674199971797870612e-01
6.584355773655694577e-01
6.495298634900779078e-01
6.399796446878101008e-01
6.305991157227950339e-01
6.212541143661687304e-01
6.119750926360343346e-01
6.032825870469811225e-01
5.938373717051211864e-01
5.837812806430343615e-01
5.739011829772349138e-01
5.640928529798515667e-01
5.549225543128362137e-01
5.456009532616504787e-01
