0.000000000000000000e+00
0.000000000000000000e+00
0.000000000000000000e+00
0.000000000000000000e+00
0.000000000000000000e+00
0.000000000000000000e+00
0.000000000000000000e+00
0.000000000000000000e+00
0.000000000000000000e+00
0.000000000000000000e+00
0.000000000000000000e+00
0.000000000000000000e+00
0.000000000000000000e+00
0.000000000000000000e+00
0.000000000000000000e+00
0.000000000000000000e+00
0.000000000000000000e+00
0.000000000000000000e+00
0.000000000000000000e+00
0.000000000000000000e+00
3.154151163876374036e-05
5.841335592032563528e-02
1.128095203964007753e+00
2.795954964684784105e+00
2.381119493517536601e+00
1.284984718233140866e+00
6.302465127167390380e-01
3.366227655575367850e-01
2.791676811032869354e-01
9.004031021828550196e-01
1.840106853016422850e+00
1.855282251385262704e+00
1.564578101480231798e+00
1.392244089572550969e+00
1.203651703935525674e+00
1.013375746512861886e+00
8.727558050423914748e-01
8.019299213271530169e-01
7.954635075707110481e-01
8.199309139795023516e-01
8.391505625896921172e-01
8.349197700185503335e-01
8.235512844126297027e-01
7.942858800471456204e-01
7.723229348069510225e-01
7.672394779145510491e-01
7.971752980310651271e-01
8.624267245836670925e-01
9.679890066659109227e-01
1.095368801937675496e+00
1.212096395530078308e+00
1.268289332224751487e+00
1.256697695348510058e+00
1.190301940640298151e+00
1.111145840950697572e+00
1.048719382282112145e+00
1.025286444065859337e+00
1.022186643776214821e+00
1.035313177234295168e+00
1.035593591443457751e+00
1.015877492960068240e+00
9.868659933350337754e-01
9.501516721194154247e-01
9.243350447518670077e-01
9.047904687959256176e-01
8.940061130575494008e-01
8.936688873359246443e-01
8.938581969329348897e-01
9.018776835860137231e-01
9.105111977068680584e-01
9.282542441687398060e-01
9.598743639509874637e-01
9.946475669694537780e-01
1.040295781664773767e+00
1.078496825660070435e+00
1.107907799949472860e+00
1.123618517076011791e+00
1.124377649190330786e+00
1.109184072265758436e+00
1.084439862885031802e+00
1.049566353072045155e+00
1.019638184914620993e+00
9.936264112237050972e-01
9.766649807890497303e-01
9.647873222283485095e-01
9.557021749159460011e-01
9.499467624858349835e-01
9.458293002967963492e-01
9.421511275212768322e-01
9.395795328375290412e-01
9.439696183793727657e-01
9.549333560090943473e-01
9.678576312756729250e-01
9.852508083013957751e-01
9.971342281352635339e-01
1.010558928302110582e+00
1.018583186208863678e+00
1.026748610849532728e+00
1.033843290386462721e+00
1.042432722387115485e+00
1.049018949171918180e+00
1.050251141165790658e+00
1.047117577149243361e+00
1.037075470752781392e+00
1.024445149998461480e+00
1.010497616399686605e+00
9.997172074928392105e-01
9.892271460287559437e-01
9.800316466161692608e-01
9.712736526399929904e-01
9.658651445533783519e-01
9.696993159845107568e-01
9.726951828378784803e-01
9.764069117100777628e-01
9.797117130059334045e-01
9.844188425143683974e-01
9.868504005835165849e-01
9.950510000889704054e-01
1.007150128464824546e+00
1.023194981684145910e+00
1.030602433443694732e+00
1.022034362636129234e+00
1.016559748992430956e+00
1.013086983652683903e+00
1.012468097573267389e+00
1.010906875871377730e+00
1.008592228630460053e+00
1.005091511304684548e+00
1.000594414721397429e+00
9.969791133015512008e-01
9.950004754805357177e-01
9.974646870820447209e-01
9.987208319434001114e-01
9.983873652402693866e-01
9.959639754478374352e-01
9.932045184430882134e-01
9.912099713069710827e-01
9.884416817519602327e-01
9.882491383374094607e-01
9.898353951661343908e-01
9.915256976987428805e-01
9.927947181559908518e-01
9.970259710805707831e-01
1.001131150088904631e+00
1.007218794862507094e+00
1.009674594303365591e+00
1.007937471969520216e+00
1.001193186473785968e+00
9.947678989453732079e-01
9.912319176008397292e-01
9.912828231297104997e-01
9.947917957023033608e-01
9.989321554377909029e-01
1.001864343692756121e+00
1.004032597518774494e+00
1.003952825933761783e+00
1.003581176292256405e+00
1.001330721642934130e+00
9.990065871688551535e-01
9.994861479241444746e-01
9.987020238639525704e-01
9.979366123524981980e-01
9.971816206042446451e-01
9.954112108937367420e-01
9.963622588824713189e-01
9.971092825338513377e-01
9.990269354844990568e-01
9.994118630578642248e-01
9.997000296757186932e-01
9.974794794174054458e-01
9.977112267539675061e-01
9.992346633343990314e-01
1.001162631270218428e+00
1.004252509790060532e+00
1.006714661984551507e+00
1.007168346053946451e+00
1.007808880189899448e+00
1.006996955039692665e+00
1.006867465669230244e+00
1.005617351631854728e+00
1.002855082329173975e+00
1.001672121222212386e+00
1.000448427872382862e+00
9.980720610056503794e-01
9.975124128945236368e-01
9.953149654882578190e-01
9.958624448668470519e-01
9.966341056086158723e-01
9.977275861687679992e-01
9.980179924822912829e-01
9.988404444953643546e-01
9.975848720736092412e-01
9.947923038438061250e-01
9.925861510074933669e-01
9.907157584110904969e-01
9.917552921564005697e-01
9.941344726853927893e-01
9.956696946662593195e-01
9.978549285787687850e-01
9.997890297614828725e-01
1.002088633328117151e+00
1.002729202618532156e+00
1.004130141000003862e+00
1.004933187309919873e+00
1.004653160468836237e+00
1.003731502474973558e+00
1.002916246596892824e+00
1.000725199572335633e+00
9.978707435396976244e-01
9.938457756179549518e-01
9.921187101149201437e-01
9.899552251728707120e-01
9.897756662307574116e-01
9.890640426765601179e-01
9.911679869249990782e-01
9.935476570730866763e-01
9.955629851384233397e-01
9.982331840524630850e-01
9.984774670106941752e-01
9.998511369407168115e-01
9.998244965090350433e-01
1.000280466198772977e+00
1.001762425206782714e+00
1.002325633504560276e+00
1.003159606897279454e+00
1.003837193051134946e+00
1.005681185008897804e+00
1.006619079105034453e+00
1.007585101180858533e+00
1.006733838129483249e+00
1.006580671443657371e+00
1.005257695989694833e+00
1.003330703987195038e+00
1.000613987526576931e+00
9.981183422345754064e-01
9.970444630453376700e-01
9.944128799058943313e-01
9.870944711544915595e-01
9.759633920549862784e-01
9.648674986191176917e-01
9.546370618477315606e-01
9.432747464427536643e-01
9.326129265063405338e-01
9.197663636282855659e-01
9.068419629571755625e-01
8.939820358597597716e-01
8.823146803117438708e-01
8.726147323317710036e-01
8.630025260802911546e-01
8.541566098421301545e-01
8.430254853336307530e-01
8.326825954080530057e-01
8.206564138710953360e-01
8.084121349680133406e-01
7.958309378003510792e-01
7.835984470350731979e-01
7.729020310521278470e-01
7.618543379354244527e-01
7.509447073827806296e-01
7.403733300904086212e-01
7.283433069494579248e-01
7.159654866872536827e-01
7.043962607498377437e-01
6.934291879526068847e-01
6.848984640173385596e-01
6.757599430171595811e-01
6.663000797583460422e-01
6.562746687878432406e-01
6.465460969549201575e-01
6.368869923764320928e-01
6.277504125356512255e-01
6.188996225147246344e-01
6.095374198193560522e-01
6.003185618152576675e-01
5.909911683062635257e-01
5.814217310620879431e-01
5.717855642313295350e-01
5.622039070981567077e-01
5.529934132322313900e-01
5.436354383302242077e-01
