0.000000000000000000e+00
0.000000000000000000e+00
0.000000000000000000e+00
0.000000000000000000e+00
0.000000000000000000e+00
0.000000000000000000e+00
0.000000000000000000e+00
0.000000000000000000e+00
0.000000000000000000e+00
0.000000000000000000e+00
0.000000000000000000e+00
0.000000000000000000e+00
0.000000000000000000e+00
0.000000000000000000e+00
0.000000000000000000e+00
0.000000000000000000e+00
0.000000000000000000e+00
0.000000000000000000e+00
0.000000000000000000e+00
0.000000000000000000e+00
0.000000000000000000e+00
0.000000000000000000e+00
0.000000000000000000e+00
0.000000000000000000e+00
0.000000000000000000e+00
0.000000000000000000e+00
2.157597304194817933e-02
3.771902784473836201e-01
1.405562377487187042e+00
1.745659440990148026e+00
1.370339647793522797e+00
7.542348355727396259e-01
4.259960330536290973e-01
2.899952757388992719e-01
2.269347988232228441e-01
2.122396137547039041e-01
2.007700724559750571e-01
1.991069845495895552e-01
1.977880150147755534e-01
2.081686705116583269e-01
1.923929876439514908e-01
2.310497843372957272e-01
3.071142944541506714e-01
4.251124853026236883e-01
5.585965308121670914e-01
7.615321795981044861e-01
9.579563704456791617e-01
1.132375282606866485e+00
1.252811903486813483e+00
1.397376336323379320e+00
1.483895506386013086e+00
1.593756935262106822e+00
1.624693221041495272e+00
1.641636357902047205e+00
1.553999160036150462e+00
1.423430213895099383e+00
1.286808914329005571e+00
1.142009215811890188e+00
1.036883294404131961e+00
9.809225033095125834e-01
9.415641597066145563e-01
9.223420313384605995e-01
8.944131242921642411e-01
8.935880105575410015e-01
8.972929951951845728e-01
8.937535601112691630e-01
9.414184743607453276e-01
9.320960082167359939e-01
9.429912593748892569e-01
9.782481040105511783e-01
9.825071755542130747e-01
9.834405837162890629e-01
1.010897933984507890e+00
1.015530620653118277e+00
1.028454808896370309e+00
1.029246756865276780e+00
1.054188286517801387e+00
1.017945158975407827e+00
1.043815973319896839e+00
1.040134141107629473e+00
1.028381788693503829e+00
1.019964380369377643e+00
9.891929681062436863e-01
9.945572749719520100e-01
1.007696514295157941e+00
9.808380035702974897e-01
9.918395583914011437e-01
9.744618996072844652e-01
9.747722566071694850e-01
9.999939810970979170e-01
9.764885829447800258e-01
9.952377560782864618e-01
1.001633102005289544e+00
1.000745958898366039e+00
9.829983527183866476e-01
1.008103134590847105e+00
1.002458777591321848e+00
1.010486047298798429e+00
1.016624226519525553e+00
1.024309199761876066e+00
1.005722509407943610e+00
1.016571880254256488e+00
1.002477118890840790e+00
1.000543376581497723e+00
1.008213201748259902e+00
9.921505806913479830e-01
9.916134108702652217e-01
1.004949364661770428e+00
1.000837712458463757e+00
1.011598944343656603e+00
1.002761179359097365e+00
1.000223699438684610e+00
1.007716609441899891e+00
9.991925327129105305e-01
9.978970473939515751e-01
1.007460510940745291e+00
1.008103404267230108e+00
1.007719589398068161e+00
9.889536959696745289e-01
9.973853923560664914e-01
1.011981408052352149e+00
1.019001407766491063e+00
1.006471881795512280e+00
9.961999496852580460e-01
1.003724111363917260e+00
1.005528575556081439e+00
1.003239415160839254e+00
1.005639944496400817e+00
1.007924327192991187e+00
1.006089834517174264e+00
1.002838950039234289e+00
1.000979936352990762e+00
9.991751724953416014e-01
1.005814500797212130e+00
1.006975014831199333e+00
1.016962924286657577e+00
1.012937333621833025e+00
9.991982386792840343e-01
9.984915026895342383e-01
9.946890846396060359e-01
9.933298037521300916e-01
9.957594208992659457e-01
9.897820891407693722e-01
9.968639950334894362e-01
9.870901152824285152e-01
9.920234940853102090e-01
1.001580920689714826e+00
9.871680412563867968e-01
1.009739716664514786e+00
9.955397647563668517e-01
9.968688259750604352e-01
1.006343231397663018e+00
1.011631352279188434e+00
1.003442734753592802e+00
9.939454125064828283e-01
9.987499626498820282e-01
9.987241055778830479e-01
9.951921772671101785e-01
1.001294397162928451e+00
9.898401913973680077e-01
9.974679826111738645e-01
1.009024752908678879e+00
1.005027576062625050e+00
9.946690480652110589e-01
9.930819865391986578e-01
1.005075139770087889e+00
1.004541199465951440e+00
9.945785789250831677e-01
1.008102191491200950e+00
1.003030225916811569e+00
9.947439349125791752e-01
9.959679216275933999e-01
1.000240837601355626e+00
1.001328952482307022e+00
9.992107952854479835e-01
9.927761724669157406e-01
9.996411031970088290e-01
1.002315536228379322e+00
1.004185084931834782e+00
1.001554501890230986e+00
1.001245972284311447e+00
1.001823420158628686e+00
9.979959764731901606e-01
9.949161926418443880e-01
9.994315020036448338e-01
9.991583486274543402e-01
9.943443029409372302e-01
9.950293410803804361e-01
9.972570873185102602e-01
9.942636878590346283e-01
9.947637658528860616e-01
9.950015773323533930e-01
9.977766008487159999e-01
1.001901757602342791e+00
9.913124466674775315e-01
9.920226776528773271e-01
9.927524567600463090e-01
1.005273983216611766e+00
1.000070084167019147e+00
9.986940251315681305e-01
9.971808718261099269e-01
9.934578598973816677e-01
9.990784339952020199e-01
9.970792741138553295e-01
9.924246246313642716e-01
9.974079463699625503e-01
1.001769458261883461e+00
9.985333789658759063e-01
1.000223557622973214e+00
9.976178791476182361e-01
9.997893893977342072e-01
9.991947016006705873e-01
1.003016971982276129e+00
9.893646539969109810e-01
9.875931935741022460e-01
9.926358757834198299e-01
9.931298059197500860e-01
9.955503817402127087e-01
9.922271021998284590e-01
1.000765161379422841e+00
9.976302652507443858e-01
9.946319170120418995e-01
9.978620590631234188e-01
9.970642105466451799e-01
9.947899217649699422e-01
9.871137555823058518e-01
9.950991491825271762e-01
9.947846779043142407e-01
9.962546670678663618e-01
9.979615314087485478e-01
9.936614419958689215e-01
9.945001409606579745e-01
9.965430614995067771e-01
1.000725955554957469e+00
9.928082493871135394e-01
9.935182359281214959e-01
9.979265861729401665e-01
9.918767793783672682e-01
9.947538740279545655e-01
9.903006779076071187e-01
9.940769974841318080e-01
9.970113582591543233e-01
9.921554583016324314e-01
9.939348735202327978e-01
9.940098902691854033e-01
9.955811234332104798e-01
9.953593059720770020e-01
9.903008054140381988e-01
9.951283444835391512e-01
9.966505003990598910e-01
9.960902729001113176e-01
9.906013944635311264e-01
9.947578699980563766e-01
9.877863806349812537e-01
9.926626257777054763e-01
9.975535283852151602e-01
9.964698887574370278e-01
1.002924654971981022e+00
9.986310006340807233e-01
9.953128667496200510e-01
9.957055337546870666e-01
9.966026434647567989e-01
9.977918617379346600e-01
9.937153608695148410e-01
9.996449615992332172e-01
9.959329587118429528e-01
1.003426772185350480e+00
9.960306217324582656e-01
9.984130494855574245e-01
9.942377298697331334e-01
1.001415175351151321e+00
9.994236656549051467e-01
9.937433498389720565e-01
9.996575404877189319e-01
9.984817708015247817e-01
9.977741245132362158e-01
9.962922124301453186e-01
9.958495132872072775e-01
9.989381486480106709e-01
9.972764232691604391e-01
