0.000000000000000000e+00
0.000000000000000000e+00
0.000000000000000000e+00
0.000000000000000000e+00
0.000000000000000000e+00
0.000000000000000000e+00
0.000000000000000000e+00
0.000000000000000000e+00
0.000000000000000000e+00
0.000000000000000000e+00
0.000000000000000000e+00
0.000000000000000000e+00
0.000000000000000000e+00
0.000000000000000000e+00
0.000000000000000000e+00
0.000000000000000000e+00
0.000000000000000000e+00
0.000000000000000000e+00
0.000000000000000000e+00
0.000000000000000000e+00
0.000000000000000000e+00
3.646360204440456804e-02
1.064013868169078725e+00
3.472962658271823599e+00
3.407132773522846492e+00
1.869009418941867118e+00
8.376421488842782370e-01
3.785786746983607620e-01
1.911137122756752793e-01
1.159074569699136692e-01
1.824274202862330163e-01
7.049190353782467389e-01
1.483207484932390852e+00
1.731899745225292220e+00
1.439530606775547783e+00
1.042275470286123218e+00
7.693988654965867591e-01
6.557618113250837100e-01
6.399814050816762245e-01
6.942797641573282830e-01
7.783354072556003533e-01
8.836454650789351550e-01
9.785348746345235993e-01
1.056393711087097786e+00
1.130535446591311111e+00
1.187132018941964517e+00
1.220606687540739532e+00
1.235967477517783353e+00
1.221415483258182055e+00
1.189027377743378855e+00
1.147986111616978944e+00
1.109739749685836996e+00
1.067752037342179605e+00
1.034562576463437855e+00
1.011222830646945292e+00
9.857542294410027717e-01
9.634056235597823203e-01
9.493675936839820473e-01
9.362639865661095406e-01
9.328708770067678513e-01
9.271409846997080706e-01
9.273573961628878148e-01
9.309470653613959312e-01
9.348756468594801028e-01
9.483504956502973871e-01
9.621353269509349548e-01
9.700462598835657424e-01
9.838104649622965159e-01
9.911808253153581161e-01
1.001934807800583416e+00
1.008832269282785132e+00
1.016732885073166726e+00
1.019552435069758900e+00
1.024399156933985200e+00
1.021173596922077653e+00
1.023391181606448264e+00
1.019379316864031049e+00
1.017037315015444143e+00
1.016357370959905859e+00
1.009699563098593433e+00
1.007873014794574695e+00
1.009015629379923951e+00
1.005683554347845288e+00
1.005121837346489411e+00
9.999967789980209742e-01
1.000415982407147242e+00
9.985894125100093222e-01
9.985331842736356878e-01
9.973279084249191406e-01
9.969688428489397181e-01
9.974761366872603174e-01
9.991324387680575736e-01
9.988415319491084077e-01
9.972093300385220793e-01
9.941526140853126359e-01
9.957941754568095938e-01
9.967863744745932841e-01
9.965884109409255398e-01
9.941715107641823090e-01
9.959248837194348836e-01
9.977092581748187028e-01
9.975710081700258636e-01
9.983835659405072560e-01
9.980714671564552276e-01
1.000639114840337518e+00
9.987615799537741257e-01
1.002304063901227948e+00
1.001111889117257681e+00
1.002159144530711421e+00
1.001449414668571958e+00
1.002015659441574336e+00
1.001665518886442507e+00
1.002865732244797359e+00
1.001131742687442427e+00
1.000597269638967779e+00
1.002064203061619363e+00
1.000228263113617677e+00
1.000248019641990727e+00
1.001491884429738910e+00
1.001420860184016659e+00
9.987855513626360260e-01
9.987461126490773111e-01
9.996990439871533685e-01
1.000575534458063798e+00
9.984074018957371788e-01
9.989252172209783787e-01
9.988269089672632273e-01
9.999526997618747304e-01
1.000536702819685431e+00
1.000392037770472253e+00
9.990596986973374616e-01
9.998643605209298624e-01
1.000015200036840746e+00
1.000294766126390344e+00
9.999647089767266239e-01
1.000311933337511228e+00
1.000209208217020196e+00
1.000351309335767436e+00
1.000386269474088374e+00
1.000473548530412371e+00
1.000088685068297290e+00
1.001130403087189036e+00
1.000235622294494364e+00
1.001114203412892367e+00
9.994234284411164237e-01
9.994294872309128497e-01
1.000000491327407204e+00
9.990551848415506475e-01
1.000245226554876909e+00
1.001378666115925409e+00
1.000617598549022658e+00
1.001130035392586493e+00
9.985844872971162411e-01
9.997931486464428641e-01
1.000421898859717551e+00
9.994288639227826287e-01
1.000680402438568262e+00
1.000755006312489037e+00
1.000976301028670523e+00
1.001142200157593143e+00
1.000898130149817211e+00
1.000433742357826228e+00
9.996219965768468052e-01
9.995030294690577799e-01
1.001988955046212215e+00
9.990534016903264147e-01
1.000382052412009060e+00
9.997732032558577231e-01
9.996112881215514223e-01
1.000727497454039661e+00
9.997967950676163174e-01
1.000291206251058718e+00
1.000369284289626792e+00
9.994400884550161956e-01
1.000967873304516420e+00
9.999690759318304867e-01
1.001295110465806992e+00
1.000810067173023343e+00
9.999157023838853853e-01
1.001063899119995160e+00
1.000355306405775302e+00
1.000960921511947710e+00
1.001400232120455147e+00
9.994273456145753576e-01
1.000498663669881827e+00
9.989131623489908574e-01
1.000327354704499738e+00
1.000649175698947735e+00
9.990689683776782237e-01
9.996068350287858895e-01
9.998770550661929546e-01
1.000257342164257324e+00
9.997156750738479536e-01
1.000069816513269760e+00
1.000157588577556433e+00
1.000473023403525952e+00
1.000624924359766688e+00
9.995865073825020986e-01
9.988839166307862394e-01
9.999249849841135296e-01
1.000156911287221506e+00
9.993464737144919230e-01
1.000604065116405206e+00
9.998740651780738675e-01
1.000404037948841252e+00
9.999545120170518775e-01
1.001166503980310374e+00
1.000031704057670945e+00
1.000043833092672640e+00
9.993949528336582011e-01
9.995790101373116521e-01
1.000799804228104106e+00
9.996736100357246357e-01
1.000810271349179548e+00
9.995801057195166095e-01
9.994901849799249227e-01
9.996664739378211539e-01
1.000046677948578822e+00
9.993751854727707107e-01
9.996198085020799873e-01
9.992474881404987963e-01
9.997237679758637086e-01
9.992009507013569491e-01
1.000496529057930628e+00
1.000930498624539311e+00
1.000237760208477544e+00
9.994299491271469993e-01
9.996634601575861145e-01
1.000481123887597690e+00
9.998713727466562728e-01
1.000687964554216602e+00
9.999279803019696100e-01
1.000873935545254501e+00
1.000672479655249303e+00
9.996582990480689102e-01
9.994559198061451211e-01
1.000453678104719968e+00
1.000263469837412655e+00
9.997191250731998213e-01
1.000214733001143719e+00
9.995233589697337662e-01
1.000082088371750055e+00
1.000381112469875156e+00
9.996824494390034177e-01
9.997347656230405333e-01
9.997532540094871134e-01
9.997313377521390709e-01
1.000263256729363892e+00
1.000384765111114183e+00
1.000199858033738565e+00
1.000333421313666538e+00
1.000073261657976387e+00
1.000610427149724035e+00
1.000115141446703326e+00
1.000273525358303495e+00
9.999663326491914361e-01
1.000239243614331697e+00
1.000222798927819623e+00
1.000643028495139975e+00
1.000755674254737881e+00
1.000249657922383628e+00
1.000072876404944244e+00
9.999828146773683812e-01
1.000360279985200052e+00
1.000260386797575451e+00
1.000918507804364532e+00
9.998737056751708652e-01
9.992840778250369205e-01
1.000234163693591638e+00
9.998159103197323816e-01
1.000238303885513824e+00
9.998570445051471189e-01
1.000293451266673683e+00
9.999111133368757676e-01
1.000779109206946682e+00
9.998907850107497941e-01
1.000151026648332664e+00
9.999467822782757143e-01
1.000048753142206648e+00
1.000273334601087472e+00
