0.000000000000000000e+00
0.000000000000000000e+00
0.000000000000000000e+00
0.000000000000000000e+00
0.000000000000000000e+00
0.000000000000000000e+00
0.000000000000000000e+00
0.000000000000000000e+00
0.000000000000000000e+00
0.000000000000000000e+00
0.000000000000000000e+00
0.000000000000000000e+00
0.000000000000000000e+00
0.000000000000000000e+00
0.000000000000000000e+00
0.000000000000000000e+00
0.000000000000000000e+00
0.000000000000000000e+00
0.000000000000000000e+00
0.000000000000000000e+00
0.000000000000000000e+00
0.000000000000000000e+00
0.000000000000000000e+00
0.000000000000000000e+00
0.000000000000000000e+00
0.000000000000000000e+00
2.775642074633652423e-02
4.775663332567834929e-01
1.671021791487259822e+00
2.090034307289350579e+00
1.523132087691744685e+00
8.791333870776640858e-01
4.967455685054522063e-01
3.344284974902173024e-01
2.745929301911778642e-01
2.647113635081473904e-01
2.767887111567496894e-01
2.832683609349539999e-01
2.733785801830362905e-01
2.574468833265284307e-01
2.593616056961980942e-01
2.867748665317045864e-01
3.492637539852282424e-01
4.465495486613422771e-01
5.725800000363437947e-01
7.587442398509782748e-01
9.319008134443410585e-01
1.092464141862678595e+00
1.251796762246002004e+00
1.365917117329373598e+00
1.450779003247583132e+00
1.525570477073335152e+00
1.583771088680101746e+00
1.591179199011239387e+00
1.522987075554124603e+00
1.416496020037038006e+00
1.283142524537784990e+00
1.166590242653601672e+00
1.052614516578048054e+00
9.961615269697567943e-01
9.392751469493135774e-01
9.165627874100125139e-01
8.901313222334027442e-01
8.957075359544384163e-01
8.893446161242944958e-01
8.919666493314737377e-01
9.039653915414225249e-01
9.231578226429436596e-01
9.324788726343833378e-01
9.476811307171587595e-01
9.665086928751380757e-01
9.920794196599692638e-01
1.001430799460622634e+00
1.011872619839050191e+00
1.015809850002308057e+00
1.023986806656051796e+00
1.025627294519659838e+00
1.020519622503519575e+00
1.014436180511818275e+00
1.018577913069633079e+00
1.005368489599138826e+00
9.964808015386098505e-01
9.872065905774265460e-01
9.819995744965065443e-01
9.826174749866404268e-01
9.827583561681307867e-01
9.710881787121437014e-01
9.707866537897574810e-01
9.827083400597000917e-01
9.909324014740381603e-01
9.949539496377488579e-01
9.987449037282506437e-01
1.012552154931712467e+00
1.010130730399076526e+00
1.016904340991594546e+00
1.017769678698750457e+00
1.018728023221368240e+00
1.016118071542686518e+00
1.016537144770310208e+00
1.013775508763191668e+00
1.005751789611117664e+00
1.003944146815285654e+00
1.002505552609558981e+00
9.998222288826678072e-01
9.938942257837569683e-01
9.956876120813180631e-01
9.939882808716955509e-01
9.952911356291395117e-01
9.935630746529606760e-01
1.000467519281465600e+00
9.958839220871605891e-01
9.967789891761408283e-01
9.975967300355432776e-01
9.939264827265450464e-01
9.947541584324198771e-01
9.990310389654992740e-01
9.921868784510621264e-01
9.961259246256148892e-01
9.935549229782592029e-01
9.971261632240550066e-01
9.976321886006465078e-01
9.986228554049336736e-01
1.000619525834387291e+00
1.000043412840291523e+00
1.000158144065628418e+00
9.999626827978329580e-01
9.998692956816205291e-01
9.976178188845626904e-01
1.003242725909613053e+00
9.936688390723621422e-01
9.991146975974343203e-01
9.981299121368569782e-01
9.960310882012843869e-01
9.956114666663197221e-01
9.963783548287848957e-01
9.964310928692775571e-01
1.000083327351324769e+00
9.986840165395807212e-01
9.999008929110581034e-01
1.001198360029185164e+00
9.977935658970839006e-01
9.987634652743565544e-01
9.974889776776033612e-01
1.001455252881093161e+00
9.957159182094585947e-01
1.000755183819936889e+00
1.000453583256579737e+00
9.999706421051752780e-01
1.000733640763079135e+00
1.002977584163454283e+00
1.002206338847245748e+00
9.987583725205452234e-01
1.000400228007746861e+00
9.996340959966575346e-01
9.995401905586176472e-01
9.999090496902942604e-01
1.000690019319828483e+00
1.003593805547147610e+00
1.000334098633016700e+00
9.984110164498929407e-01
9.993282267595956503e-01
1.001710763446144625e+00
1.000485966067509391e+00
9.965863032070532146e-01
9.973319745699733563e-01
1.000977609794447387e+00
1.003932021870674651e+00
9.992024585768272127e-01
9.976660877338603406e-01
1.003742903035648171e+00
9.999114459710822800e-01
9.979655847814403735e-01
9.992324228093290017e-01
9.993300932849054075e-01
9.957509060236202636e-01
1.001662350605185603e+00
9.984371392664046496e-01
1.000250894615026809e+00
1.001092842410590489e+00
9.970419682703918207e-01
1.000617825146243867e+00
9.998999106757754385e-01
9.973119457887299477e-01
9.992953760881410075e-01
9.979697176657181812e-01
9.974862869078958694e-01
1.002392027364946925e+00
9.961184309541861737e-01
9.973178011628688333e-01
9.999131335005579935e-01
9.959753169733981393e-01
9.989369781929048342e-01
1.000960325387386662e+00
1.000700796945978466e+00
1.001213359953586401e+00
9.996598984002583732e-01
9.962366682921479644e-01
9.975338520471038750e-01
9.985006114886902928e-01
9.991492015407192895e-01
9.964286538230642254e-01
9.969990165468957111e-01
9.972607593946943849e-01
9.955496921506227226e-01
9.992368921120513559e-01
9.987321119720201645e-01
9.985952662239961919e-01
9.978399108923972083e-01
9.988676979852547655e-01
9.979824636043981290e-01
9.974427678504861339e-01
9.961054238448714404e-01
9.986612124976316229e-01
1.000979273664746705e+00
9.953077149032054649e-01
9.989482412564354430e-01
9.984451666211576759e-01
9.977937909105545344e-01
9.985278622553880323e-01
9.978528763119757228e-01
9.968478018387408879e-01
9.944263936272775828e-01
9.990919811452768640e-01
1.001557786357790691e+00
9.994830251899072815e-01
9.997713349003790606e-01
9.973064642285212056e-01
9.980370330157071201e-01
1.000370665344908705e+00
9.981172748008619866e-01
9.981218622653211803e-01
9.993273829633910754e-01
9.991766425550384634e-01
9.963611696850294130e-01
9.974715110988064959e-01
9.986163434070853828e-01
9.971328218561241741e-01
9.992040986234015376e-01
9.979046055646974001e-01
9.974160380812492344e-01
9.970285539011706222e-01
9.966046114755172658e-01
9.951712639346231848e-01
9.965931418787919993e-01
9.958160630264174529e-01
9.958766050976456397e-01
9.966314860876059889e-01
9.950348436095746152e-01
9.958834429641396646e-01
9.963928078969684909e-01
9.944156354211877158e-01
9.969942460895729885e-01
9.956115390538375909e-01
9.954660028764877877e-01
9.962775833738927167e-01
9.959891970412747542e-01
9.964318832711263063e-01
9.975048833248683078e-01
9.968083007634400694e-01
9.978327405685727403e-01
9.970095923832598128e-01
9.971240243278487458e-01
9.953461449930676164e-01
9.852453241761092162e-01
9.757146377354507516e-01
9.661560238396698086e-01
9.533866547134264291e-01
9.448362989030070214e-01
9.290996625371662487e-01
9.196071428697749628e-01
9.134485008721102695e-01
9.011124804371778430e-01
8.909457611834098456e-01
8.772777782926998169e-01
8.686335133507973039e-01
8.601765803072878303e-01
8.463242991260445658e-01
8.361931093802101866e-01
8.263950102464098224e-01
8.161957053103040538e-01
