0.000000000000000000e+00
0.000000000000000000e+00
0.000000000000000000e+00
0.000000000000000000e+00
0.000000000000000000e+00
0.000000000000000000e+00
0.000000000000000000e+00
0.000000000000000000e+00
0.000000000000000000e+00
0.000000000000000000e+00
0.000000000000000000e+00
0.000000000000000000e+00
0.000000000000000000e+00
0.000000000000000000e+00
0.000000000000000000e+00
0.000000000000000000e+00
0.000000000000000000e+00
0.000000000000000000e+00
0.000000000000000000e+00
0.000000000000000000e+00
0.000000000000000000e+00
0.000000000000000000e+00
0.000000000000000000e+00
0.000000000000000000e+00
0.000000000000000000e+00
0.000000000000000000e+00
2.415475571618201298e-02
4.171497177635833387e-01
1.491638734296878210e+00
1.906200337481625207e+00
1.443085426367013202e+00
8.143082687512961382e-01
4.618628156950664310e-01
3.136043098520866490e-01
2.588303320313793399e-01
2.433716451965066419e-01
2.791029825548743681e-01
2.587319410782515927e-01
2.662510391224536255e-01
2.514416789602348934e-01
2.483321837776098773e-01
2.707004933451320206e-01
3.242863809609067283e-01
4.244444219181807143e-01
5.696285439982885501e-01
7.024392693212431205e-01
8.812263871915783087e-01
1.057198149621329852e+00
1.172216789765098577e+00
1.307173781421824499e+00
1.401420615769017664e+00
1.499122420026123059e+00
1.541176949991441170e+00
1.563809211195573257e+00
1.512792475082236132e+00
1.419711647969926327e+00
1.268505072372152265e+00
1.172101786566449588e+00
1.072603860022976585e+00
1.000556997750848831e+00
9.453802350740025950e-01
9.170520765421745768e-01
9.147477748949444099e-01
8.987374056015645651e-01
8.983647284792564136e-01
9.091400234964558402e-01
9.206295229701648708e-01
9.344250988259358293e-01
9.456156733530960423e-01
9.594535242067758762e-01
9.789969374737450547e-01
1.004288233054388524e+00
1.014577509102673858e+00
1.027079096811183812e+00
1.045223534478726402e+00
1.051824537652077618e+00
1.040999096011941072e+00
1.049695292782112377e+00
1.060809312126696824e+00
1.025929521083644769e+00
1.034270494898635651e+00
1.020582801807489393e+00
1.020200277276783529e+00
9.996026223228264840e-01
9.971663228290590375e-01
9.861941957506220602e-01
9.854413026172268442e-01
9.774611376819495323e-01
9.828328355911676306e-01
9.865045956751107292e-01
9.848228790931110588e-01
1.008854445724911120e+00
9.980985618395746828e-01
1.005971061816830936e+00
1.009663912007825237e+00
1.015227242164939092e+00
1.012345397190270502e+00
1.018146834601802331e+00
1.011265582116149364e+00
1.011052033311961029e+00
1.013195081797750863e+00
1.017120902737403965e+00
1.010233615765598669e+00
1.005387241360695239e+00
9.992369584566967999e-01
1.004175301249954799e+00
9.969763802913413908e-01
9.965353450988135853e-01
9.985747874159821569e-01
9.992517136710845627e-01
9.961474822463892709e-01
1.001776750611504063e+00
9.988836202342321613e-01
9.980102057538832172e-01
9.964495963221167152e-01
1.000157637296861912e+00
9.978882966333481042e-01
1.003333152843991716e+00
1.002745586757423535e+00
1.002938309183271315e+00
1.006894441459203815e+00
9.969268289723400844e-01
1.001611792602376649e+00
1.001361277999847754e+00
1.006260622914821212e+00
1.003634710511029482e+00
1.000173680529072184e+00
9.954858236846276798e-01
9.955930733015042611e-01
9.973573050425846853e-01
9.980233023711865270e-01
9.862060337021660850e-01
9.975217918485947965e-01
9.944501040585038698e-01
1.000898596214623293e+00
9.956107954784922942e-01
9.945247418266797146e-01
9.999244338854705871e-01
9.934358118114547942e-01
9.925910215343091147e-01
9.924104015907362353e-01
9.952716619114219121e-01
9.952087607435564642e-01
9.946342901992114571e-01
9.953718172328280822e-01
9.990900138611941150e-01
9.978171273665086272e-01
9.930809565022095109e-01
9.942616565709406773e-01
9.986896802834002163e-01
9.998047703396112373e-01
9.983737194807446036e-01
9.934312354864947014e-01
9.947061066825108044e-01
1.000529334258871916e+00
9.942826461671537830e-01
9.920304783532579718e-01
9.954463476188805116e-01
9.997917327500329687e-01
9.889194488631120050e-01
9.953546127705535929e-01
9.968973898029520608e-01
9.937116344465688478e-01
9.964666406462364678e-01
9.971213867438922795e-01
9.957725388423611657e-01
9.927521945049398999e-01
9.906363012789601852e-01
9.982598792996816295e-01
9.969136611448473628e-01
9.934910991158024673e-01
9.947211673317077896e-01
9.899516704235854503e-01
9.911464219272166920e-01
9.929916798208159312e-01
9.939645918840906980e-01
9.966294502407339051e-01
9.942386009646569933e-01
9.941764469629794654e-01
9.950041182004838447e-01
9.933165350489350232e-01
9.926947885576230535e-01
9.929812902800024821e-01
9.959764900904281015e-01
9.983674029150552132e-01
9.968125877044845540e-01
9.935461598907794345e-01
9.969206523322187152e-01
9.918756490566403849e-01
9.939567433694935783e-01
1.003822125273216903e+00
9.949343324047315029e-01
9.961746709225847152e-01
9.955239368472493799e-01
9.942771996969618220e-01
9.919885332758554553e-01
9.925683475624101915e-01
9.924656975732856212e-01
9.947495663913625830e-01
9.964626473906182946e-01
9.956377354665684187e-01
9.970709106338113692e-01
9.963539855416652102e-01
9.974911354744615544e-01
9.921938374099797953e-01
9.942061715867658300e-01
9.975735283993139024e-01
9.974423541554381378e-01
9.943163172887578005e-01
9.994013575016769124e-01
1.000626529291674727e+00
9.953148732487587802e-01
9.993990271652478663e-01
9.937421852776486819e-01
1.002416829759920303e+00
9.973593117921457640e-01
9.939539089412311457e-01
1.000614124299908925e+00
9.989668589574187685e-01
9.975670295994666370e-01
9.958346068312156074e-01
9.983891280942059909e-01
9.995774822052753139e-01
1.002843842505865890e+00
9.987349715547688689e-01
9.981029528840495990e-01
9.979714646598237815e-01
1.002938933669805133e+00
1.003243769712081290e+00
1.000084382067775612e+00
9.985714845175582832e-01
9.989866771165996084e-01
9.965657601389957820e-01
1.000411946257692808e+00
9.997593645068050261e-01
9.983926381323224852e-01
9.998092359084548297e-01
9.994173857405903583e-01
9.986986982908325761e-01
9.975865964380155049e-01
9.985924451313592520e-01
9.985544612153501864e-01
9.983505041221835130e-01
9.999776289771935556e-01
9.971966983412245966e-01
9.987470130616465935e-01
9.988819213681795484e-01
9.965882137808321772e-01
9.949652799155612737e-01
9.992409739210661446e-01
1.001428020139850217e+00
9.986470502229509716e-01
1.001952742870035662e+00
9.985573111757378717e-01
1.000064356628320938e+00
9.986496816846692770e-01
9.982343220713461029e-01
9.980834823062121330e-01
9.991598919083434227e-01
1.001021160268152244e+00
1.001399201724519017e+00
9.983089141946467349e-01
1.001915070867714253e+00
1.000191669640289938e+00
9.991122798549015860e-01
1.000109289393018352e+00
1.002570542596893155e+00
1.002672593898408016e+00
1.000008041235047829e+00
1.002673901351017305e+00
1.001446188527534309e+00
9.986750102356789505e-01
9.905420595411635887e-01
9.842633481193743261e-01
9.730706204411400106e-01
9.616622015065913187e-01
9.533211142513401404e-01
9.390458667963834660e-01
9.279851710805160359e-01
9.213093078893387355e-01
