0.000000000000000000e+00
0.000000000000000000e+00
0.000000000000000000e+00
0.000000000000000000e+00
0.000000000000000000e+00
0.000000000000000000e+00
0.000000000000000000e+00
0.000000000000000000e+00
0.000000000000000000e+00
0.000000000000000000e+00
0.000000000000000000e+00
0.000000000000000000e+00
0.000000000000000000e+00
0.000000000000000000e+00
0.000000000000000000e+00
0.000000000000000000e+00
0.000000000000000000e+00
0.000000000000000000e+00
0.000000000000000000e+00
0.000000000000000000e+00
0.000000000000000000e+00
0.000000000000000000e+00
0.000000000000000000e+00
0.000000000000000000e+00
0.000000000000000000e+00
0.000000000000000000e+00
2.553731569336261525e-02
4.407715634339711697e-01
1.525867939228959358e+00
1.966706701483413644e+00
1.457854294168642983e+00
8.390786877386872122e-01
4.748642778509868934e-01
3.248257453747405155e-01
2.790819146345535073e-01
2.624986767635609231e-01
2.791876323236066049e-01
2.787754328185511610e-01
2.693486334015947614e-01
2.651298902131453694e-01
2.588549438373322631e-01
2.732440776678913830e-01
3.441813405431430883e-01
4.174481070074667621e-01
5.437101548713583199e-01
7.071806375890293817e-01
8.794989581814144364e-01
1.020156973650596877e+00
1.176101587444011276e+00
1.268376934006341550e+00
1.377566707099885823e+00
1.484899162345182821e+00
1.521598035330136600e+00
1.547525921607680877e+00
1.452206639199026927e+00
1.371361049795861708e+00
1.276652317700076367e+00
1.149023863535066026e+00
1.051004951343826654e+00
9.730780397488627553e-01
9.199788327247550024e-01
9.052006799362792844e-01
8.905403744352218265e-01
8.877573077178048111e-01
8.857014434635980260e-01
9.027592665380487214e-01
9.141220998689231214e-01
9.145792280266323848e-01
9.397562949652898956e-01
9.459629936727738109e-01
9.654838719474777564e-01
9.814528907488226928e-01
9.921739534105136205e-01
1.007112614532069461e+00
1.021810316334723634e+00
1.018554579766044244e+00
1.040469251827087493e+00
1.031027212296616424e+00
1.027198615797642267e+00
1.023389408910695630e+00
9.993251882190782309e-01
9.894515906326165622e-01
9.780129411892392044e-01
9.816544662116778452e-01
9.726188970201885553e-01
9.758690272670047516e-01
9.548953445684722485e-01
9.773469945599249087e-01
9.731073528657867566e-01
9.760160790616874138e-01
9.821535626719667400e-01
9.814574212118410967e-01
9.841616267052502032e-01
9.932385105748375853e-01
9.940503214475542304e-01
9.962136767791129888e-01
9.962739268679539073e-01
9.966348217188325531e-01
1.009334173724173445e+00
1.002755061643691770e+00
1.004343341678066270e+00
1.005220515268657300e+00
1.003033400415674903e+00
9.976671027893677657e-01
9.990161513373546631e-01
1.000888190456452387e+00
9.985436368366146231e-01
9.917940212338257622e-01
9.925580223122874024e-01
9.974375007047366903e-01
9.909299186580399210e-01
9.878814149303021264e-01
9.874798631218327793e-01
9.908585780220580119e-01
9.952479715913125080e-01
9.893562146265936219e-01
9.955850037703855016e-01
9.965453737586511540e-01
1.002468471280998585e+00
9.893788007202071189e-01
1.004188089500996695e+00
1.002966239731934772e+00
9.991429477003919146e-01
9.966535649363833516e-01
9.980139049289609154e-01
9.921615764670357329e-01
9.967485880135447118e-01
9.977362912362425229e-01
1.004900940591990421e+00
9.966370428362578693e-01
9.970815760912896675e-01
9.962136021988681200e-01
9.948250723707556809e-01
9.954445516061122268e-01
9.927673544146867757e-01
9.943395897025016916e-01
1.000970017924350364e+00
9.951457756667908550e-01
9.989991313362734937e-01
9.963488234791373355e-01
9.939292595065990499e-01
9.914880641781527171e-01
9.967361562262088137e-01
9.975671037980317069e-01
9.936019724913636164e-01
9.948357851683348185e-01
9.971061243824914655e-01
1.001911880417820422e+00
9.996821790657521856e-01
9.935668845789138448e-01
9.985682016960077956e-01
9.994781414865709923e-01
9.900346275265936580e-01
9.908540408102419761e-01
9.985604646823107444e-01
9.947401817842228544e-01
9.907287349248815600e-01
9.969396434259720774e-01
9.953570356794748664e-01
9.952069446245085382e-01
9.938102693585771918e-01
9.944048406230381332e-01
9.902731364157951743e-01
9.967350627682955988e-01
9.959068405114279710e-01
9.898370670586817965e-01
9.990799448474274591e-01
9.980053091236347207e-01
9.933495313383912118e-01
9.936330492822718075e-01
9.933989807200482858e-01
9.944881015212201358e-01
9.946401077018813819e-01
9.960372454421245747e-01
9.978813190626663054e-01
9.963843870532499425e-01
9.961776708868649299e-01
1.000930616328626011e+00
9.916867519549691368e-01
9.937193353761312187e-01
9.956341563353586777e-01
9.951326175463309776e-01
9.973508853726170686e-01
9.936084177025850117e-01
9.927060162831866652e-01
9.938615228313564254e-01
9.933546350655209078e-01
9.993842951076739034e-01
9.950142961989878465e-01
9.925753200001938836e-01
9.960096036180106083e-01
9.972927787051232285e-01
9.989059611729288468e-01
9.955590815928863080e-01
9.959126983717857540e-01
9.943503203988900419e-01
9.990742709165362223e-01
9.982439773375679781e-01
9.932235418370836122e-01
1.001890175139829697e+00
9.944817613931641320e-01
1.000350898010686329e+00
1.000488685887265916e+00
9.952370241796233419e-01
9.968973292373493056e-01
1.002513021078518474e+00
9.976959758431640513e-01
9.978150941697530030e-01
9.998681984400923373e-01
1.000784014265621913e+00
9.951213435671404373e-01
9.972304606002520000e-01
9.997912405512952017e-01
9.984325306645230880e-01
9.951277296746583456e-01
9.994141985798568051e-01
1.000892323664446693e+00
1.000529008614915449e+00
1.002168041173270518e+00
9.998148505181119194e-01
9.996683665220386095e-01
9.975486290755184449e-01
9.971237835275739148e-01
9.944146759750279729e-01
9.975279107778117771e-01
1.001359712535666802e+00
9.968427163049133899e-01
9.958090826309583532e-01
9.970777779955505293e-01
9.979719783362528407e-01
9.996497714188867789e-01
9.993115817516846633e-01
9.991008977322178852e-01
9.981420260831360691e-01
9.989605695503398497e-01
9.980560164724062711e-01
9.986855522702187127e-01
9.978002212082863753e-01
9.995164848232394039e-01
9.980085174802407755e-01
1.001236742245299238e+00
9.992430159758031172e-01
9.973342506334021973e-01
9.990727536388868124e-01
9.987438918467772542e-01
9.985748339371206539e-01
9.993349687242489843e-01
1.001342368773138647e+00
9.997335082579659193e-01
9.987132530494787774e-01
9.989729326272072107e-01
1.000978395874488225e+00
9.984380979955449487e-01
1.000047667253922912e+00
9.988380542876083013e-01
9.966580676770926406e-01
1.000662803425313330e+00
9.993065643314188451e-01
1.003817141574563587e+00
1.000229634863130546e+00
9.990117791262561608e-01
9.987782375745696273e-01
9.977383783234029524e-01
9.994736677845036388e-01
1.001705993479002021e+00
9.993821709956494104e-01
1.001226310862521451e+00
9.976041888699294091e-01
9.999979926890537607e-01
9.993762572078329631e-01
9.960746526074578666e-01
9.976556019163410616e-01
9.929170792404282686e-01
9.766232586689718165e-01
9.673446625321611148e-01
9.577021917498479420e-01
9.468221566955975499e-01
9.353902484669228690e-01
9.282526479038484268e-01
9.132946433566155875e-01
