0.000000000000000000e+00
0.000000000000000000e+00
0.000000000000000000e+00
0.000000000000000000e+00
0.000000000000000000e+00
0.000000000000000000e+00
0.000000000000000000e+00
0.000000000000000000e+00
0.000000000000000000e+00
0.000000000000000000e+00
0.000000000000000000e+00
0.000000000000000000e+00
0.000000000000000000e+00
0.000000000000000000e+00
0.000000000000000000e+00
0.000000000000000000e+00
0.000000000000000000e+00
0.000000000000000000e+00
0.000000000000000000e+00
0.000000000000000000e+00
0.000000000000000000e+00
3.309670755237378859e-02
1.049261855716047576e+00
3.446314917018852064e+00
3.422058613256050208e+00
1.908162047756436275e+00
8.715885489863969271e-01
3.975445118329664074e-01
2.030201099492858485e-01
1.239495379731808955e-01
1.858219247353375680e-01
7.014830013240160866e-01
1.482532335009568047e+00
1.747246135964600100e+00
1.469379072662531982e+00
1.076715876769501534e+00
8.152748373197105103e-01
6.960769804222545210e-01
6.777890955751824098e-01
7.278871032116985829e-01
8.089778424299487458e-01
9.012683420512046517e-01
9.924807179137992152e-01
1.067632957552991479e+00
1.128586151367524604e+00
1.177829010843283175e+00
1.202456205788708044e+00
1.209319213020400907e+00
1.198897171611163603e+00
1.169627597056372315e+00
1.131145235735440568e+00
1.091862766398874252e+00
1.063296957024937983e+00
1.028071271764401384e+00
1.004360652803035769e+00
9.811880956420914179e-01
9.630026377143603433e-01
9.518175741759772324e-01
9.400461891075949650e-01
9.311043448602954742e-01
9.307264454134985820e-01
9.303354523833126111e-01
9.360848694031934647e-01
9.433454236702867313e-01
9.527592966231205329e-01
9.635395345899496755e-01
9.740996456561622496e-01
9.833798659211994142e-01
9.929580764005095928e-01
9.979720360736908935e-01
1.007018677618764402e+00
1.008905932145156115e+00
1.015333909827300207e+00
1.018415196932865197e+00
1.018332120664765972e+00
1.016730702458572111e+00
1.014431288605276649e+00
1.012985690523626747e+00
1.011100577902077191e+00
1.010609112901913242e+00
1.005315416151922214e+00
1.004341927894200515e+00
1.002898122828508543e+00
1.001160442709569498e+00
1.000254305298084345e+00
1.000786904037858527e+00
1.000165148078348443e+00
9.978592219713402489e-01
9.977066554297646661e-01
9.986240893531801444e-01
9.962206730567423341e-01
9.959142897428135965e-01
9.960489017929280431e-01
9.958214273255714399e-01
9.944313367196279119e-01
9.950166787160580339e-01
9.954729000222061197e-01
9.964716300600736654e-01
9.958966696750537473e-01
9.977139272160964190e-01
9.967437851200506849e-01
9.974236311273726452e-01
9.985610743526761590e-01
1.000194888918358060e+00
9.991567011595758885e-01
1.001564116749487310e+00
9.999782064318298858e-01
1.000600791064474970e+00
1.001902745668019623e+00
1.001160243968258978e+00
1.001547946078273021e+00
1.001766393019486889e+00
1.000726896292252199e+00
1.000383293696901044e+00
1.000711538339102313e+00
1.000427360713570080e+00
1.000166346952226171e+00
1.000426411594286025e+00
1.000516781480051076e+00
9.987448684152530065e-01
9.994569179674674952e-01
1.000215336422655366e+00
1.000003509204624219e+00
1.000242874055180975e+00
9.992731909833438841e-01
9.986402031542962465e-01
9.992038398076530381e-01
9.988991210091989759e-01
9.990799177543561171e-01
9.999789417777150691e-01
9.999291150718671028e-01
9.999287993418460863e-01
1.000865355465516915e+00
9.988504121405815672e-01
9.997149091438809476e-01
9.999942378210521232e-01
1.000482227455812501e+00
1.000711374331008097e+00
9.995234248076594330e-01
9.999860429951920038e-01
1.000205138049232501e+00
1.000625410510881608e+00
1.000219566351180367e+00
1.000678569168889531e+00
1.000467796523450303e+00
1.001039989321621082e+00
1.000629119006151813e+00
1.001139862893383858e+00
9.999042664082062881e-01
1.000286689948181262e+00
9.998889297876438764e-01
1.000112967401412423e+00
9.997692790664920448e-01
1.000651137215482267e+00
9.998243259927925841e-01
1.000870409797268268e+00
1.000962671483003108e+00
9.991745822437219093e-01
9.994230791566620642e-01
1.000697291410938661e+00
9.999657507222391439e-01
1.000865545627732445e+00
9.997472101858051463e-01
9.999937621617077665e-01
1.000762244451891547e+00
1.000881563136628793e+00
1.000833113333093660e+00
9.993100648715280698e-01
1.001047778896458018e+00
1.000494787870134683e+00
1.000309323634583469e+00
1.000057991342597763e+00
1.000373220257035900e+00
1.000078674987672001e+00
1.000310000771440277e+00
9.995582334919314027e-01
1.000384737225120224e+00
1.000234770906222703e+00
9.996427527999136586e-01
1.000468374928667137e+00
1.001037644112998670e+00
1.001805667800495625e+00
9.997507945752145408e-01
1.000945725779436524e+00
1.000881437257205908e+00
1.000335262004971693e+00
1.000407854428043919e+00
9.999901425697865776e-01
1.000602653073464632e+00
1.000639507426900998e+00
1.000074955543145183e+00
1.000536868693031822e+00
1.000610042354538765e+00
1.000429271312091695e+00
9.996019587943223428e-01
1.000535357917394785e+00
9.999276243942438747e-01
1.000353132529257394e+00
9.994345321047927166e-01
1.000406520812393563e+00
1.000098359788815117e+00
1.001144494707165711e+00
9.994642871441657972e-01
1.000770769755501277e+00
1.000013303379657659e+00
1.000543800381608728e+00
1.000833195979191181e+00
1.000478345415604542e+00
1.000760916665920153e+00
1.000256046062588000e+00
1.000658222029365163e+00
9.997572227005170342e-01
9.993011138456335818e-01
1.000393079603122848e+00
1.000313382506760718e+00
9.997100131617515650e-01
1.000044860113914913e+00
1.000174985919578319e+00
1.000145671188897856e+00
9.993436990515828233e-01
9.998636670691776196e-01
9.998510330800992607e-01
1.000290869075947109e+00
9.998023591700010426e-01
1.000089569480355767e+00
9.997827410862436537e-01
1.000046390555364262e+00
1.000466774307207984e+00
1.000386911463275741e+00
1.000186185373882486e+00
1.000491200767473776e+00
1.000206176448034112e+00
9.996615595473266058e-01
1.000234317058279032e+00
9.998751016869943387e-01
9.997177445592151379e-01
1.000024220668894293e+00
9.995471076722712844e-01
9.998940343515261286e-01
1.000050601327278521e+00
9.999509730221912696e-01
1.000487672889806223e+00
1.000801093991481094e+00
1.000020481919152715e+00
9.993499926594354710e-01
1.000042342924943650e+00
9.999057456931155219e-01
9.994286025089967884e-01
1.000172293626616415e+00
9.996780126289792623e-01
1.000564641883951778e+00
9.998164299709638714e-01
1.000216623476988920e+00
1.000295498017399476e+00
9.999095488295923762e-01
9.994849995180103974e-01
1.000760861687316261e+00
9.994695801643381783e-01
9.999981142128185896e-01
9.991682112415909423e-01
1.000243224224748984e+00
9.998354199279692045e-01
1.000002599436631945e+00
1.000162820282711751e+00
1.000165962459773628e+00
9.996087011154183299e-01
1.000062991684041780e+00
1.000218180515752620e+00
9.998644610774585217e-01
9.994751931741868711e-01
9.997267447282462971e-01
9.991254195781723579e-01
9.922073927018555395e-01
9.807610477967081408e-01
9.700693934724969880e-01
9.594059064627713518e-01
9.487704483211346629e-01
9.379148381936048828e-01
9.269146192761166247e-01
9.170441608014585633e-01
