0.000000000000000000e+00
0.000000000000000000e+00
0.000000000000000000e+00
0.000000000000000000e+00
0.000000000000000000e+00
0.000000000000000000e+00
0.000000000000000000e+00
0.000000000000000000e+00
0.000000000000000000e+00
0.000000000000000000e+00
0.000000000000000000e+00
0.000000000000000000e+00
0.000000000000000000e+00
0.000000000000000000e+00
0.000000000000000000e+00
0.000000000000000000e+00
0.000000000000000000e+00
0.000000000000000000e+00
0.000000000000000000e+00
0.000000000000000000e+00
2.619257470272554606e-05
3.527917921503436610e-02
1.049486393791180028e+00
3.451294173122239073e+00
3.438300066567709035e+00
1.913014646823248732e+00
8.792928441397359629e-01
4.068485990967266042e-01
2.068605394149326260e-01
1.268276969573234325e-01
1.889069581670669018e-01
7.042065292070639471e-01
1.494630423655655793e+00
1.767238954943509244e+00
1.492092265393759609e+00
1.103172754808739553e+00
8.409999565473417205e-01
7.270493228675992681e-01
7.153821727277892562e-01
7.604535089419435234e-01
8.376545227976387453e-01
9.211926013692836035e-01
1.001881824077640371e+00
1.069798028168232662e+00
1.126532951869854582e+00
1.169606891241587343e+00
1.188248932105414379e+00
1.193612583371628899e+00
1.180908450048889335e+00
1.152583289676348155e+00
1.117879994195812188e+00
1.081074877752343122e+00
1.052403228059451079e+00
1.024892072457202152e+00
9.995124218459168208e-01
9.797637519303437070e-01
9.598175806539966937e-01
9.483644903354786493e-01
9.392549298557341109e-01
9.319023613135918316e-01
9.339436712498239146e-01
9.351363979951624605e-01
9.431523971474061740e-01
9.509708423082235962e-01
9.598937853787526953e-01
9.717229514147417424e-01
9.800206288049772008e-01
9.863840140438009385e-01
9.937545669695914130e-01
9.987570578790094800e-01
1.004571924255436288e+00
1.008734095756620874e+00
1.010045871635186332e+00
1.013613567078347266e+00
1.013446343992173260e+00
1.015869944834189909e+00
1.013126691201238438e+00
1.013787689236168355e+00
1.012232812743900423e+00
1.009235551499309658e+00
1.007971595357983086e+00
1.005383070626048259e+00
1.005681896350261395e+00
1.003641135700335862e+00
1.000835736012807065e+00
1.002782349866817135e+00
9.993867968988278117e-01
1.000692937846242581e+00
9.999562190769663017e-01
9.992745278839584300e-01
9.978442927401797169e-01
9.965689103438705176e-01
9.965588406276992828e-01
9.976712301056369636e-01
9.961422439063785106e-01
9.954166608439580788e-01
9.962278387093600474e-01
9.971665106077192142e-01
9.981750871250438806e-01
9.976246641124782988e-01
9.991879841638603432e-01
9.997536165265872299e-01
9.999551306356121438e-01
1.000481254054630398e+00
1.002240848963750430e+00
1.000885724231644458e+00
1.002139866710467508e+00
1.002856619869504806e+00
1.003766800375418544e+00
1.001820692038201344e+00
1.001892896785305354e+00
1.001159768849747778e+00
1.002206721086178032e+00
1.001555224528926313e+00
9.995654966877068892e-01
1.000950528626973313e+00
1.002306396463911842e+00
1.000720563298628907e+00
1.001375416725225564e+00
1.000453185493760389e+00
9.991073353272068580e-01
1.000007377398727471e+00
1.000299658092122845e+00
9.993469801842280731e-01
1.000022415409308696e+00
1.000841695611680127e+00
9.997784905903834840e-01
1.000438038869477353e+00
1.000102267236289588e+00
9.994960190160092628e-01
1.000206279996463943e+00
9.984896134836681592e-01
1.000024553221573909e+00
9.997556506475938631e-01
1.000896200503101241e+00
1.000744189703199005e+00
1.001022751992411752e+00
9.999368359171477705e-01
1.000227872531539886e+00
1.000851372411114992e+00
1.000369794188020078e+00
1.000407210942609648e+00
9.995613374205211121e-01
1.000447831706384072e+00
9.999718769665930651e-01
1.000111573529002484e+00
1.000251493504744182e+00
1.000458639838182062e+00
9.998423524986326250e-01
1.000904387612312485e+00
1.000525711288211550e+00
1.000110796102565924e+00
1.000331025759190862e+00
9.995562730306576382e-01
9.989676842487085207e-01
9.998550221001206717e-01
1.000418367359149796e+00
9.995682409720040296e-01
1.001160235900799611e+00
9.997553329498447550e-01
1.000355212660609894e+00
1.000241429165195095e+00
9.999416833260453830e-01
9.999963509622952218e-01
9.998224046686243760e-01
9.992532461973848701e-01
1.000667080551481014e+00
1.000572562923431663e+00
1.000354924789419009e+00
9.998305691322960653e-01
9.997709684912580164e-01
1.000174241776271788e+00
1.000946834381019945e+00
1.000700018931672597e+00
1.000260590385604109e+00
1.000649609256105466e+00
9.998804675341810277e-01
1.000508106782398876e+00
9.996407019296832397e-01
1.000479447826831958e+00
9.992913556724238866e-01
9.997936517732518569e-01
9.995405463067520424e-01
1.000536507551240240e+00
1.000378263705988813e+00
1.000102399338612669e+00
9.996641284510664471e-01
9.995606580744602621e-01
1.000164870272631790e+00
1.000330489702449865e+00
9.998720278513885118e-01
1.000203912489909364e+00
1.000529918155065312e+00
9.999359974347223901e-01
1.000154797824882813e+00
1.000373123150953614e+00
1.000394497926981652e+00
1.000501745844815993e+00
1.000576037793761364e+00
1.000541307298615790e+00
1.000166229120850181e+00
1.000865511587410328e+00
1.000288007768453946e+00
9.999626065127810159e-01
1.000136979230521028e+00
1.000245487719063631e+00
1.000492691787378208e+00
9.996487377086052950e-01
1.000349650172086546e+00
1.000328178405431645e+00
1.000235624304863347e+00
9.995946798657535659e-01
9.999609591766258632e-01
9.995888904718983614e-01
9.995948395042584256e-01
1.000243236651996215e+00
1.000164788929839510e+00
9.996505495417110643e-01
9.997904299968526365e-01
1.000150426724058850e+00
1.000569661198133842e+00
1.000576593732998898e+00
1.000539533019868088e+00
1.000467591093649800e+00
9.999113817816630556e-01
1.000502075104157118e+00
1.000425537895058614e+00
1.000955585152820904e+00
1.000352744363642632e+00
1.000535083024341798e+00
9.999336241987044627e-01
1.000008186896979234e+00
9.999854094935701765e-01
9.998283026489889203e-01
1.000295990995417439e+00
1.000522374657890845e+00
9.999073495896501074e-01
1.000480058690233154e+00
1.000251823348256242e+00
1.000179263279723285e+00
1.000205800913412268e+00
9.999913683841791245e-01
9.995915256376605162e-01
1.000589442500799287e+00
9.998316784873079177e-01
1.000041827834283525e+00
9.998366119750816683e-01
1.000522812727339783e+00
9.996961701041253701e-01
1.000092521535073331e+00
9.999627645990263325e-01
1.000389152143947191e+00
1.000523327643314753e+00
1.000445223133799244e+00
9.993981439958171675e-01
1.000434543680584598e+00
9.997307960080779043e-01
1.000268454099652704e+00
1.000689872967917449e+00
9.998923988237096161e-01
1.000282767253770855e+00
1.000501322514401270e+00
1.000000561612898409e+00
9.942583356208265499e-01
9.830854684662120313e-01
9.720104678032862600e-01
9.606546138374468802e-01
9.497543394140731676e-01
9.390523418355901653e-01
9.279448419421757466e-01
9.168939192922382908e-01
9.057714532247299610e-01
8.957977574182042213e-01
8.853673108337155595e-01
8.745282047832823036e-01
8.642434395486227050e-01
8.533952425880541037e-01
8.430865090439554344e-01
8.333545252876219944e-01
8.229084893896049246e-01
