0.000000000000000000e+00
0.000000000000000000e+00
0.000000000000000000e+00
0.000000000000000000e+00
0.000000000000000000e+00
0.000000000000000000e+00
0.000000000000000000e+00
0.000000000000000000e+00
0.000000000000000000e+00
0.000000000000000000e+00
0.000000000000000000e+00
0.000000000000000000e+00
0.000000000000000000e+00
0.000000000000000000e+00
0.000000000000000000e+00
0.000000000000000000e+00
0.000000000000000000e+00
0.000000000000000000e+00
0.000000000000000000e+00
0.000000000000000000e+00
1.309101564776804989e-05
3.596718323836101822e-02
1.045271173337807280e+00
3.453361877454431017e+00
3.451544796148185323e+00
1.915865979912609651e+00
8.754759491634974689e-01
4.021741111878057162e-01
2.091345562473084230e-01
1.263909784374272205e-01
1.884642087421013468e-01
7.072390334062765849e-01
1.496471871347501148e+00
1.767277711178755872e+00
1.491135696971501279e+00
1.099799117400378945e+00
8.427264454064454791e-01
7.294525255526930207e-01
7.152092824672829918e-01
7.590823829280306523e-01
8.370758101600965784e-01
9.210582084642009448e-01
1.002450294483856030e+00
1.073339498420839311e+00
1.127340976488851565e+00
1.166159316918863542e+00
1.190623282126947791e+00
1.195929338038828504e+00
1.180589820751757557e+00
1.154333546055788862e+00
1.120221939118836607e+00
1.081029737155926762e+00
1.050334612089716124e+00
1.026067432472238972e+00
1.001068193399328177e+00
9.789763638812170043e-01
9.620563997833537773e-01
9.464333174031405171e-01
9.365872727185595714e-01
9.334078905218966549e-01
9.325845667871082156e-01
9.362671605740454650e-01
9.420050410355337300e-01
9.513290309987395554e-01
9.599716391514415692e-01
9.721410921568464092e-01
9.796522667163077847e-01
9.877682879649301029e-01
9.928667132351265412e-01
1.000586665908723472e+00
1.003131316485565971e+00
1.008282839654016882e+00
1.009186007764950821e+00
1.013652699943907942e+00
1.014294498641953979e+00
1.014392423979085356e+00
1.015358123066852913e+00
1.012369112141257022e+00
1.010725253071368401e+00
1.010221416405039374e+00
1.008531303439980764e+00
1.005073636960482908e+00
1.004394245975262612e+00
1.001086556131697503e+00
1.002495084456936913e+00
1.001155535422724840e+00
9.992955883840630715e-01
9.985889669198881879e-01
9.983165154408519815e-01
9.974771177018588730e-01
9.968144562598532099e-01
9.985482623314931860e-01
9.960663712050270568e-01
9.961744443435367469e-01
9.962477531026437960e-01
9.957079935581139019e-01
9.963592172969801819e-01
9.965903090716993207e-01
9.967677466620885607e-01
9.975104338786576763e-01
9.985863826104305341e-01
9.993709436105562283e-01
9.996919294154240632e-01
1.001018539835198951e+00
1.000620027006406287e+00
1.000337486406686960e+00
1.000061291652632578e+00
1.001379209308693508e+00
1.001239273890797365e+00
1.001164101726969902e+00
1.001788832418154085e+00
9.998525295070900265e-01
1.001238097992453335e+00
1.000132475484675876e+00
1.001537879112260443e+00
1.000946890233958220e+00
1.000849634538438560e+00
9.998330955419756361e-01
1.000698420645942610e+00
9.997437490082928813e-01
9.996949976263466153e-01
9.998676256564278386e-01
9.995332522152029497e-01
1.000879159674555430e+00
1.001054774858243679e+00
1.000485986658194104e+00
9.999183155221126329e-01
1.001133048213522780e+00
9.993061339762087103e-01
9.993968655193053996e-01
9.996611733397059441e-01
9.997675168922081079e-01
9.999166284457370324e-01
9.998552372696801749e-01
1.000111264310264536e+00
1.000102495110011258e+00
9.998144553480442509e-01
1.000170842144972205e+00
9.991534270620365810e-01
1.000356881487919791e+00
1.000618267855254873e+00
1.000221622698286295e+00
1.000365107398264231e+00
1.000612950131360090e+00
1.000401054159314240e+00
1.000340599692634447e+00
1.000851830702566891e+00
9.999878858035474716e-01
1.000783319902829760e+00
1.000247167619455979e+00
1.001145727675953445e+00
1.000724954242927289e+00
9.996089400767473876e-01
9.991702647760056788e-01
9.998705395459328571e-01
9.997481527976583848e-01
9.999664629333102628e-01
1.000367712112558927e+00
9.993484220347312874e-01
9.992637841250960884e-01
1.000987889113190255e+00
9.993980814179482808e-01
1.000246419266138664e+00
1.000609022353350364e+00
1.000077357146468282e+00
1.000574694579025481e+00
1.000668005333605670e+00
9.996263317337947818e-01
1.000323579047100120e+00
9.998645896490384599e-01
1.000482471175563104e+00
1.000084629721802898e+00
1.000536892021848701e+00
1.000285321197947441e+00
9.999956500662968706e-01
1.000345073039551114e+00
1.000221791140602612e+00
9.999101090248931900e-01
9.996065064327829264e-01
9.998622208824745616e-01
1.000492239080566836e+00
9.992164798758781386e-01
1.000230906099846884e+00
9.992637318314546713e-01
1.000617324281909415e+00
1.000019485972013511e+00
1.000137370443501483e+00
9.997322513160576962e-01
1.000301962011860057e+00
1.000419235529210527e+00
1.000080753139722667e+00
1.000050074883399365e+00
9.995850242614037207e-01
1.000008616281759632e+00
9.999388193666861602e-01
1.000140611566673998e+00
9.998140966787144590e-01
9.998937540600775220e-01
9.995875738258678256e-01
1.000145329689687390e+00
1.000042314095257234e+00
9.998861099298065325e-01
9.999782162747485881e-01
9.998093575299229485e-01
1.000622270878525510e+00
1.000389330694910539e+00
9.992656482108359661e-01
9.997082133318980768e-01
9.997804001114232175e-01
9.994306713894960392e-01
9.998250475425825012e-01
9.994879053889290654e-01
9.995564909855084723e-01
9.993704953887665443e-01
1.000376575136202151e+00
9.994854980649562348e-01
1.000598394904148147e+00
1.000128568892327818e+00
9.998513092620106013e-01
1.000354049215517405e+00
9.995906122604447663e-01
9.999892201584854590e-01
1.000178017996044888e+00
9.999100983354025640e-01
9.995216570359872765e-01
9.998130112007911352e-01
1.000463341370508186e+00
9.995969806701325844e-01
1.000575866304558303e+00
1.000155735224415254e+00
9.997828899674717773e-01
1.000781893646475851e+00
9.999368176053086144e-01
9.997222501774795100e-01
9.999871983178091339e-01
1.000212596211789151e+00
9.996668835781730156e-01
1.000171079393842533e+00
9.997503232109301585e-01
1.000598587168483711e+00
9.995612577557169143e-01
1.000430137967011301e+00
1.000642880946105873e+00
9.995818646613595648e-01
1.000464830935633431e+00
9.998962820347712110e-01
1.000435275851344397e+00
1.000224449278681371e+00
1.000517291995941083e+00
9.999576087881481001e-01
9.997489547277385036e-01
1.000023346861966811e+00
1.000135427512268249e+00
9.997585706105295289e-01
1.000346133351570854e+00
9.996906217588406030e-01
9.999808125478247822e-01
1.000543486947395921e+00
1.000055337806802003e+00
1.000197625459539719e+00
9.998488196484554003e-01
9.999788501136350760e-01
9.995046754162592029e-01
9.939707284766674533e-01
9.827540810961309381e-01
9.715416851465336068e-01
9.603163405605852354e-01
9.494663086350985104e-01
9.386308347694835019e-01
9.272135661305148657e-01
9.161119013326752825e-01
9.059478343002550504e-01
8.948376778341418092e-01
8.849745071443875233e-01
8.737233383685867327e-01
8.635264668408367816e-01
8.532879409114929592e-01
8.430145274880825879e-01
8.326645638999650156e-01
8.227874961037717760e-01
