0.000000000000000000e+00
0.000000000000000000e+00
0.000000000000000000e+00
0.000000000000000000e+00
0.000000000000000000e+00
0.000000000000000000e+00
0.000000000000000000e+00
0.000000000000000000e+00
0.000000000000000000e+00
0.000000000000000000e+00
0.000000000000000000e+00
0.000000000000000000e+00
0.000000000000000000e+00
0.000000000000000000e+00
0.000000000000000000e+00
0.000000000000000000e+00
0.000000000000000000e+00
0.000000000000000000e+00
0.000000000000000000e+00
0.000000000000000000e+00
1.309747456987016365e-05
3.450837990172517245e-02
1.047907108336880722e+00
3.446613396162292453e+00
3.430963633793831846e+00
1.913738315788308553e+00
8.750613285804439423e-01
4.040466944682845618e-01
2.051646729139478265e-01
1.259409713761737992e-01
1.879299327512390649e-01
7.078931062713081923e-01
1.496319006661180007e+00
1.761738523076236129e+00
1.485165135832196892e+00
1.103574162053562180e+00
8.418406301804264302e-01
7.262070329231514743e-01
7.170291650732379951e-01
7.636308679757295437e-01
8.409255718274651903e-01
9.247761930133393538e-01
1.002859551473951338e+00
1.073127205574827547e+00
1.125909498364360939e+00
1.164684486889954407e+00
1.189021157046183053e+00
1.190234121855726412e+00
1.180168292953020837e+00
1.150452251022446859e+00
1.116409828217092004e+00
1.078960241832593425e+00
1.048493986517810672e+00
1.021126716499203946e+00
9.972677088049234362e-01
9.778866028697796864e-01
9.586646471049461438e-01
9.451402860604098954e-01
9.364220017170267196e-01
9.323382766547935185e-01
9.321091749955562333e-01
9.370551406047531451e-01
9.413296666157333625e-01
9.503880585306440087e-01
9.605948067535655666e-01
9.708345348458706781e-01
9.802999383790989008e-01
9.874134709755445494e-01
9.937449271568197240e-01
9.983164812513311004e-01
1.003361523016314871e+00
1.005453868734268008e+00
1.009205279587750859e+00
1.011263785008412075e+00
1.013031361592881430e+00
1.012866690726558883e+00
1.013591052461745745e+00
1.012640371498302994e+00
1.008545577488151990e+00
1.009689397193356708e+00
1.005324052731085605e+00
1.003502446593408814e+00
1.001928598745153387e+00
1.000764828587485278e+00
1.001975816446717404e+00
1.001432602825363727e+00
9.993464266250101646e-01
9.979196678641714113e-01
9.981040673729348889e-01
9.970840480831250074e-01
9.980322151831004795e-01
9.959418552329967200e-01
9.979347323614872201e-01
9.946224705279792522e-01
9.967485347516973349e-01
9.949056831109649446e-01
9.957257831543918636e-01
9.962515549597278364e-01
9.965445876503477018e-01
9.985347530080513900e-01
9.987972741047583813e-01
9.985473201216583661e-01
9.991502658264873604e-01
9.995399951072466704e-01
1.000222410874342049e+00
1.001603637985023054e+00
1.002255953346897099e+00
1.000398853024818679e+00
1.000900858210546751e+00
1.001588731005412347e+00
1.001435911191461470e+00
1.000583637787525237e+00
1.001535481856781429e+00
9.997707931507060497e-01
9.995607882755578322e-01
1.000254284751984857e+00
1.000229587801952480e+00
9.993510512937519019e-01
9.985407129268552007e-01
9.995450061988849777e-01
1.000009655929545049e+00
1.000869994568082344e+00
9.999247860671558463e-01
9.994018401542844598e-01
1.001080207501988006e+00
9.997904915593295305e-01
9.998316241460538656e-01
1.000249679077480414e+00
1.000567344105182110e+00
1.000056061681241060e+00
9.996413709973704931e-01
1.000334967523748508e+00
1.000149388664971717e+00
9.995228640556550470e-01
9.991241735079744446e-01
9.993059864075924947e-01
9.994121785357104049e-01
1.000012341452610087e+00
1.001718526011710297e+00
1.000443634946032168e+00
1.000505939208790718e+00
1.000156677764653779e+00
1.000000872776317884e+00
1.000358333268332345e+00
9.999388710155274751e-01
1.000100817939890252e+00
1.000982675067319416e+00
1.000752528641190242e+00
1.000176397369067605e+00
9.996233737931559116e-01
1.000437036489801645e+00
1.000367441073296337e+00
9.996634855879400483e-01
1.000131005670957807e+00
1.000480100962536367e+00
9.996606104437232299e-01
1.000039499879155080e+00
1.000409427002399987e+00
9.994549236715476459e-01
9.996362715809041788e-01
9.999263628418334493e-01
1.000415478381457834e+00
1.001010122327376406e+00
9.999778545303691368e-01
1.000521954241532452e+00
1.000363074446347866e+00
1.000113378081894266e+00
9.999547057008917328e-01
1.000652114712720309e+00
1.000193690405889679e+00
1.000528971715457738e+00
1.000088964479843634e+00
1.000397798709120600e+00
1.000499763304836032e+00
1.000367177135026209e+00
1.000686698682252906e+00
9.997616940921764117e-01
9.999741230592776864e-01
9.993619099739575740e-01
1.000863176647151631e+00
9.998006678352314713e-01
1.000131790054598735e+00
9.998860395849600291e-01
1.000225171608383645e+00
9.999912039302052413e-01
1.000308254394739693e+00
1.000214867463734336e+00
9.999928049463471247e-01
1.000758466704068539e+00
1.000637335578273390e+00
1.000156544077640541e+00
1.000929597916222935e+00
1.000958755095519237e+00
1.000046200245840788e+00
1.000759900079321696e+00
1.000174143051538067e+00
1.000268609354633131e+00
1.000268530956257340e+00
9.999576626385042744e-01
1.000693424881150984e+00
9.998060685359360100e-01
1.000742280736256262e+00
9.999432979819155021e-01
1.000590860615290012e+00
9.996980496312681819e-01
1.000610969843393150e+00
9.999159206976235836e-01
9.997063703111844779e-01
1.000285708362629533e+00
1.000442944389822619e+00
1.000613054505441912e+00
1.000578553960356887e+00
1.000115980643705660e+00
9.994780499456538125e-01
1.000268528157655989e+00
1.000292065103604244e+00
1.000738424450813957e+00
9.997109132535687559e-01
1.000688023472950716e+00
9.996831395167562473e-01
9.999629791868090978e-01
1.000383631114120098e+00
9.998754930499731408e-01
1.000629152323885274e+00
1.000272047130560393e+00
1.000066822899364105e+00
1.000062625895944191e+00
9.995634249868209364e-01
1.000294441686132130e+00
9.999706292025767329e-01
1.000882442728145749e+00
1.000565420419521789e+00
1.000372426835389295e+00
1.000160670452475253e+00
1.000402388793027786e+00
1.000480753981578097e+00
1.000300955492471111e+00
9.998650036412767284e-01
1.000106346044202121e+00
1.000416298376536783e+00
1.000584776106926199e+00
1.000626959876424804e+00
1.000389422294914343e+00
1.000259816128606483e+00
1.000422837642527041e+00
1.000257259950136479e+00
9.997540155411982488e-01
1.000723967392617819e+00
1.000466753122125851e+00
1.000393488933542407e+00
1.000323808869147291e+00
1.000400201454773264e+00
1.000310079137924690e+00
9.999589342338957021e-01
1.000330641009595123e+00
1.000754791341725403e+00
1.000260979949136431e+00
1.000542208996183291e+00
1.000446755619083250e+00
9.998828123880604268e-01
1.000838547027312453e+00
1.000365311304844518e+00
1.000438680200952835e+00
9.944935692869859567e-01
9.837683965569589128e-01
9.720555503463496061e-01
9.611947760303428678e-01
9.499403782687746434e-01
9.386611835376733604e-01
9.282611352545732109e-01
9.170592001519183301e-01
9.058030015184318495e-01
8.954391704909095973e-01
8.854695043046220126e-01
8.747806422386258385e-01
8.642586818488924294e-01
8.539760248835454037e-01
8.438190872200069803e-01
8.330899395444448796e-01
8.225508126055428582e-01
