0.000000000000000000e+00
0.000000000000000000e+00
0.000000000000000000e+00
0.000000000000000000e+00
0.000000000000000000e+00
0.000000000000000000e+00
0.000000000000000000e+00
0.000000000000000000e+00
0.000000000000000000e+00
0.000000000000000000e+00
0.000000000000000000e+00
0.000000000000000000e+00
0.000000000000000000e+00
0.000000000000000000e+00
0.000000000000000000e+00
0.000000000000000000e+00
0.000000000000000000e+00
0.000000000000000000e+00
0.000000000000000000e+00
0.000000000000000000e+00
0.000000000000000000e+00
3.607788777410661507e-02
1.066850694916202213e+00
3.478461761197476410e+00
3.429281920401902717e+00
1.862803612021706412e+00
8.419195005948488797e-01
3.803145754355610197e-01
1.914276047128486424e-01
1.166859196984738195e-01
1.839854876695072305e-01
7.052591307826789890e-01
1.484126294624510400e+00
1.730312672511929772e+00
1.441740935262558088e+00
1.049167691707687977e+00
7.715953423707456738e-01
6.499511929678324362e-01
6.382091558012092936e-01
6.932026731074953929e-01
7.786265863958266031e-01
8.854262480771737387e-01
9.797708527930532041e-01
1.066563164611451064e+00
1.135669242577705296e+00
1.182450141536727228e+00
1.219406685058763706e+00
1.227970780349960433e+00
1.217280269939718051e+00
1.191792332974998869e+00
1.151518496592087715e+00
1.106772019337434187e+00
1.063842898358672517e+00
1.037696776342561300e+00
1.008900568663890551e+00
9.865650158647648604e-01
9.647615668914512055e-01
9.544794499795661302e-01
9.429473823761230777e-01
9.343823375814759302e-01
9.302883976859993576e-01
9.282771465478798500e-01
9.281565379400336102e-01
9.376478138367666526e-01
9.457087862369618625e-01
9.570593907604361128e-01
9.732519743843967008e-01
9.815845876193726172e-01
9.900105591859309495e-01
9.971331978010815611e-01
1.008942533434526334e+00
1.014533456745905449e+00
1.018198961085986287e+00
1.019153716490260431e+00
1.021445302214641027e+00
1.021380424663078879e+00
1.019219010961666338e+00
1.017007180523777254e+00
1.013921404043983454e+00
1.010996808042073480e+00
1.011138896289927258e+00
1.009562110360939124e+00
1.005601438017977411e+00
1.002838357166769834e+00
1.003693014743949119e+00
1.002030982542381210e+00
1.001010090324239155e+00
9.976307200715561763e-01
9.993940832546132080e-01
9.970367365103464108e-01
9.978121414522742594e-01
9.964446397566265601e-01
9.962285555646450685e-01
9.952400890221327900e-01
9.938374814958923498e-01
9.938230804301206867e-01
9.925550960536552170e-01
9.931141260186561182e-01
9.951408098072384023e-01
9.945142193240474882e-01
9.957279651543492482e-01
9.958531378271311407e-01
9.986389114641682774e-01
1.000747029035517821e+00
9.995684393057850947e-01
1.002510632427157766e+00
1.001858000996002085e+00
1.002884507590287022e+00
1.004148359673666890e+00
1.004391669274900867e+00
1.002323223736774738e+00
1.002216123756515254e+00
1.002782669787799064e+00
1.000403627323572575e+00
1.000676296219271455e+00
1.000172815426422446e+00
1.001857870200926648e+00
1.001850621553621146e+00
9.990427922972658914e-01
9.977166984277657802e-01
9.987203158689853533e-01
9.988057876510650912e-01
9.998692647167133352e-01
1.000428471968777266e+00
9.991135185452868495e-01
9.989281921934438646e-01
9.979967997106593547e-01
9.987768460936231607e-01
9.988856596360216056e-01
9.997624493434549287e-01
9.998193336025842370e-01
9.998394165679946877e-01
1.000494710392325848e+00
1.000139962605780974e+00
1.001086772035191252e+00
1.001426796365188387e+00
1.000064905746165245e+00
1.001305765240150025e+00
9.995647618611583907e-01
9.997329508516563656e-01
9.998841989769713390e-01
1.001083355493206373e+00
1.001651708659877515e+00
1.000943336125746930e+00
9.994213472201273207e-01
9.992349308274488529e-01
1.000023089854257030e+00
9.988777152450233343e-01
9.994458515584894176e-01
9.977941507175183133e-01
9.992056906296753471e-01
9.985186936818341019e-01
9.991844713194341088e-01
1.000354909156598193e+00
9.999357371008350537e-01
1.000237885900388868e+00
1.002456179335450948e+00
1.000519870007701373e+00
1.002366075667685541e+00
1.002840200202123500e+00
1.003417646288341070e+00
1.002184988869260662e+00
1.000044689624115080e+00
1.000810224640731327e+00
1.001140408134915560e+00
1.000103514402882698e+00
1.001089132847251095e+00
9.992215605830160330e-01
1.000980211142417309e+00
9.980733346520686000e-01
9.993753474011024540e-01
9.988116623494176505e-01
9.992855896381512837e-01
9.991814834996192163e-01
9.989551972741599339e-01
9.982966394382050135e-01
9.997790690158641080e-01
9.993067947147367125e-01
9.994284524248597812e-01
9.996293618902516442e-01
1.001063415865042439e+00
1.000683062948687363e+00
1.000813033079357428e+00
1.000931224085147786e+00
1.000481405103521126e+00
1.002376243380510124e+00
1.000531737540899524e+00
1.001876791367600994e+00
9.999051912858154534e-01
1.000726294941878702e+00
1.000099794698508626e+00
1.000170843046197966e+00
1.001288660405119879e+00
1.000214186741750444e+00
1.000303941023873433e+00
1.000350025418429878e+00
9.994543189721247778e-01
9.995120055766869571e-01
9.998875001700666676e-01
1.000454993688780991e+00
1.001509098963271116e+00
1.000005197533410550e+00
1.000902243827814120e+00
9.999569605653005899e-01
1.000005770511153580e+00
9.992996215986184039e-01
1.000431033237885181e+00
1.000854086105789520e+00
1.000587058736652102e+00
1.000077791652283832e+00
1.000168135556122273e+00
1.000597085079999671e+00
1.000860225841411877e+00
1.000547790422785743e+00
9.996701625362702792e-01
1.000141628902528002e+00
9.999777154276127122e-01
9.999786471171209223e-01
1.000225479595188594e+00
1.000201149945637580e+00
9.999952963628020441e-01
1.000771344385950279e+00
1.001079366681338234e+00
1.000391108820478658e+00
1.000699129453040737e+00
1.000504793078388577e+00
9.998767958975244285e-01
9.997274956329885720e-01
9.999910650521042221e-01
1.000249741799171588e+00
1.000333208523764172e+00
1.000200592315119597e+00
9.998163933026755767e-01
1.000470553346399560e+00
1.000582834510999719e+00
9.998698052811090253e-01
9.994941433122456198e-01
1.000431450721689375e+00
9.998407441000561890e-01
9.991140747251696652e-01
1.000098440728855786e+00
9.997190768584028886e-01
9.999219877542441237e-01
1.000281567880324074e+00
9.997829260581079236e-01
9.993528211386280002e-01
9.996931117952759793e-01
1.000027853275325951e+00
1.000592083900170737e+00
1.000220092873231215e+00
1.000750517660279115e+00
9.999449495007028954e-01
1.000564547854188024e+00
9.999584344586303075e-01
1.000158914636082530e+00
1.000121649650194122e+00
1.000167238988950658e+00
1.000009797453216498e+00
9.996372418650575353e-01
9.996379447277163877e-01
9.999763952674772804e-01
9.998935834663652544e-01
9.991960822595052916e-01
9.999487842038532470e-01
9.996093355791380031e-01
9.999067680244883016e-01
9.998180650705165151e-01
1.001039658884576022e+00
9.993332947083856110e-01
1.000099341005832088e+00
1.000110453374417840e+00
9.995460900306971652e-01
1.000711592070184119e+00
9.998108407231476313e-01
1.000266342177564605e+00
9.996096833723846498e-01
9.998925745692339717e-01
1.001098774629437971e+00
1.000204817288314452e+00
1.000004737403482391e+00
