0.000000000000000000e+00
0.000000000000000000e+00
0.000000000000000000e+00
0.000000000000000000e+00
0.000000000000000000e+00
0.000000000000000000e+00
0.000000000000000000e+00
0.000000000000000000e+00
0.000000000000000000e+00
0.000000000000000000e+00
0.000000000000000000e+00
0.000000000000000000e+00
0.000000000000000000e+00
0.000000000000000000e+00
0.000000000000000000e+00
0.000000000000000000e+00
0.000000000000000000e+00
0.000000000000000000e+00
0.000000000000000000e+00
0.000000000000000000e+00
2.808446100940190158e-05
3.487830878491769704e-02
1.071201357487417294e+00
3.472587807768098056e+00
3.406458540442670380e+00
1.876859870784868489e+00
8.385354800905727712e-01
3.797265316187946049e-01
1.912412351991724935e-01
1.177725583321278247e-01
1.811963941788531096e-01
7.064819088705506234e-01
1.485285918201069144e+00
1.728915745199926413e+00
1.438080814703649679e+00
1.044123772012722551e+00
7.744497542228966358e-01
6.433117502262913900e-01
6.410128993146437804e-01
6.959506368434212886e-01
7.833003462597067923e-01
8.789678716655894286e-01
9.773462396251269002e-01
1.064786977584840644e+00
1.131267224129496540e+00
1.189154201447173431e+00
1.219155401174245146e+00
1.236509827061282207e+00
1.222164264454914884e+00
1.192362216756419624e+00
1.148900061255795357e+00
1.106764489269980611e+00
1.069673098552913482e+00
1.036811505434250824e+00
1.009482307437696624e+00
9.869268818152071576e-01
9.691526799265063330e-01
9.537852142467823091e-01
9.408661694381701412e-01
9.337879097500781933e-01
9.280270984018341718e-01
9.291914778079789494e-01
9.286161374453903994e-01
9.336788270895521880e-01
9.456475928840787359e-01
9.590366908765570741e-01
9.694370480318466043e-01
9.810639280748518765e-01
9.903432323861558473e-01
1.000201333589897823e+00
1.007561795945020711e+00
1.011812991346938473e+00
1.018313568777017286e+00
1.019833741094489321e+00
1.023243334283397310e+00
1.020240519546107949e+00
1.018084830843249966e+00
1.018186190949435854e+00
1.016624456219243688e+00
1.012545552267408722e+00
1.011930188001032738e+00
1.007924510737445933e+00
1.008655201057159889e+00
1.004710718391842006e+00
1.002398637570408146e+00
1.001658372004606612e+00
9.990528667062956725e-01
9.998133595549185682e-01
9.974977653282172119e-01
9.986828608429236809e-01
9.982304245431820044e-01
9.988041048769243924e-01
9.965342966201624630e-01
9.949252042674624485e-01
9.924177840582767418e-01
9.950931080337154233e-01
9.917671416304142396e-01
9.936041835806490585e-01
9.918324556377459134e-01
9.936462900096515449e-01
9.946273861202400424e-01
9.991022406224969732e-01
9.977960192358469316e-01
1.000214859394334521e+00
9.999471133670971845e-01
1.002609877654793147e+00
1.003278458877309598e+00
1.003645589737998112e+00
1.003333437590982147e+00
1.002960726340438091e+00
1.004567910478479265e+00
1.003171387139463633e+00
1.001045291619423905e+00
1.002981823219672330e+00
1.000031399794128140e+00
1.001163933285901919e+00
1.000804857682564109e+00
9.994228375005741460e-01
1.000293535037188652e+00
9.980226052942300363e-01
9.988880694840102104e-01
9.981601558164059362e-01
9.991344555025827301e-01
9.982344209214747410e-01
9.978450609065196986e-01
9.989070042531289495e-01
9.994353022580200197e-01
9.980988207337880835e-01
9.976785963453614903e-01
1.001104734817401143e+00
9.999650289623408517e-01
9.999564824007336483e-01
9.979051693499181308e-01
1.000187048128331258e+00
1.000450150550381556e+00
9.999163194589771875e-01
9.990727386780181574e-01
9.999835258260816317e-01
1.001458110601584517e+00
1.001352554095197966e+00
9.993748435125610063e-01
1.000234112611640080e+00
1.000959289987077394e+00
9.993990946797965957e-01
9.998852319670143984e-01
9.981357876101469850e-01
9.993180597874693483e-01
1.000067887827766899e+00
9.986636766913389307e-01
9.978602418412665376e-01
9.992424362346058464e-01
9.996927965359013735e-01
9.988622423373912929e-01
1.000253487048893497e+00
1.000884709164881592e+00
1.001201229175657570e+00
1.001842940135650339e+00
1.001278883909182849e+00
1.002813592454136815e+00
1.002266091288901428e+00
1.001338138421468349e+00
1.002120021530816807e+00
1.001893562651603897e+00
1.000742285345389115e+00
1.000859263627671414e+00
1.000721491567104326e+00
9.999033301298110299e-01
1.001232596913613548e+00
9.988572731327761689e-01
9.993451500038462720e-01
9.994345291551508526e-01
9.982979684821519095e-01
9.991929599707534138e-01
9.989214425140524600e-01
9.994933986220638777e-01
9.986307167352564962e-01
1.000035269199939236e+00
1.000277399512177423e+00
9.990542102561361659e-01
1.000934876881075963e+00
1.000189749153553187e+00
1.001716593363198626e+00
1.001193893230118981e+00
1.002005744300944468e+00
1.001290250155435713e+00
1.001162106794425855e+00
1.002059413565710155e+00
1.000369030789132196e+00
1.001043749374273650e+00
1.001316859213419397e+00
1.000487831802976846e+00
1.001335585895108959e+00
1.000209941384559098e+00
1.000138268430389221e+00
1.000530688292388115e+00
9.998033652131934623e-01
1.000684102882711590e+00
1.000365427965717702e+00
1.000219273871080228e+00
9.992139755675445434e-01
1.001151248414013928e+00
9.992035488031927315e-01
1.000465605189506446e+00
9.995281413006750215e-01
9.996374379732809734e-01
9.997898013404024065e-01
1.000836338699919947e+00
1.000365117817555660e+00
1.000442600227730017e+00
9.997357969886820905e-01
9.999906895087654624e-01
9.999171325494320417e-01
9.997695576128557970e-01
1.000499464077349243e+00
9.994879556085998207e-01
1.000825750876223275e+00
1.000686126568573586e+00
9.987904136434798685e-01
1.000220735716371712e+00
1.000249492763157999e+00
1.000247511022575253e+00
1.000875367412865424e+00
9.998687152158398650e-01
1.000597964940232343e+00
1.000729540115844474e+00
1.000587051138384531e+00
1.000903472300573416e+00
9.995986983533893255e-01
9.999905764717006429e-01
1.000849588251008448e+00
1.000679351318660038e+00
1.000915020675165135e+00
1.000672205032762330e+00
9.993320096328306423e-01
9.997548494425676502e-01
9.996994155959976203e-01
1.000082988549415797e+00
9.992771749049944585e-01
9.992250193837601824e-01
1.000124473773184697e+00
9.998711190236545532e-01
1.000675389464971587e+00
1.000797271257887644e+00
1.000074277044878279e+00
1.001358610691700290e+00
1.000101392086201635e+00
1.000414945812813761e+00
1.000949216145981424e+00
1.000096898219373864e+00
1.000981129374388878e+00
9.999033522973725940e-01
1.000436773404092206e+00
1.000998161527934638e+00
9.999059733742262646e-01
1.000147250767695839e+00
1.000742734008276180e+00
1.000999622711989279e+00
1.000093602568397744e+00
9.999045773580376162e-01
9.995062690962625007e-01
9.993620583697684356e-01
9.998763297611913403e-01
1.000321394243246287e+00
9.995569307876733811e-01
1.000563168709938777e+00
1.000196391249312589e+00
9.999465514615495376e-01
1.000525558481608401e+00
9.996621276873833839e-01
1.000662495094413629e+00
9.997391386842168215e-01
1.000317204471621091e+00
9.997861625709328903e-01
9.998746418019373028e-01
9.995563220138491412e-01
1.000347754636696562e+00
1.000412333862616965e+00
1.000465792557962086e+00
1.000322074476507561e+00
1.000538919995343834e+00
