0.000000000000000000e+00
0.000000000000000000e+00
0.000000000000000000e+00
0.000000000000000000e+00
0.000000000000000000e+00
0.000000000000000000e+00
0.000000000000000000e+00
0.000000000000000000e+00
0.000000000000000000e+00
0.000000000000000000e+00
0.000000000000000000e+00
0.000000000000000000e+00
0.000000000000000000e+00
0.000000000000000000e+00
0.000000000000000000e+00
0.000000000000000000e+00
0.000000000000000000e+00
0.000000000000000000e+00
0.000000000000000000e+00
0.000000000000000000e+00
0.000000000000000000e+00
0.000000000000000000e+00
0.000000000000000000e+00
0.000000000000000000e+00
0.000000000000000000e+00
3.128953571560620412e-04
2.752424773236370609e-02
5.123926241648114610e-01
1.799939272809353064e+00
2.320725570210923738e+00
1.726060892208983066e+00
9.982242666907171769e-01
5.519942604010065201e-01
3.791118022654584863e-01
3.009556961660892482e-01
2.893261688775910501e-01
2.969820410063592764e-01
3.032760683661660517e-01
2.936983791445145764e-01
2.801903058389139112e-01
2.799228564412925002e-01
3.032800168240893379e-01
3.573870964471138056e-01
4.543762261889021103e-01
5.832805277803135846e-01
7.283537670655221286e-01
8.918326566744823047e-01
1.060885298515193975e+00
1.195139486816971131e+00
1.308778580730359575e+00
1.394656296620532476e+00
1.466229000286548345e+00
1.530133653985438658e+00
1.532296480307973496e+00
1.490249850223985151e+00
1.387157232959453479e+00
1.282110174814248271e+00
1.157650046826697032e+00
1.081636507335488995e+00
1.005466693270792966e+00
9.457358908020068178e-01
9.231663431800520847e-01
9.003994436992369677e-01
8.953766413376063049e-01
8.885426287772004716e-01
9.001315460585120887e-01
9.050591836142934943e-01
9.263843555267753382e-01
9.398863186759253141e-01
9.573937525656314174e-01
9.664950109358599883e-01
9.869953641780767617e-01
1.007708090669902301e+00
1.020024104749533533e+00
1.029670398276153032e+00
1.029651764996796892e+00
1.034532502696235756e+00
1.032383167019321091e+00
1.027365214251071635e+00
1.024847099443219722e+00
1.013720900139957193e+00
1.003992955421665112e+00
9.940173760697796901e-01
9.863884847513779697e-01
9.790538961968762166e-01
9.700647775810476992e-01
9.699298165993830434e-01
9.673416546393978077e-01
9.725201440834547739e-01
9.788273518654998506e-01
9.780608532657369958e-01
9.862809969626075146e-01
9.854645002751585281e-01
9.884954940889438824e-01
9.994039054634835662e-01
1.003326957598099645e+00
1.005365861843614983e+00
1.006746571671459645e+00
1.011513543516904923e+00
1.007397880311332150e+00
1.005571834967035505e+00
1.004856297187009417e+00
9.966850861080519541e-01
1.000512731650504028e+00
9.987852745623444495e-01
9.980767138155203222e-01
1.005498030316717362e+00
9.976896710738457630e-01
9.975506257383991437e-01
9.891211783580955430e-01
9.933142430387472688e-01
9.908069278777824618e-01
9.907877715297020993e-01
9.975024157216583198e-01
9.950940097032454634e-01
9.985221934150506629e-01
9.969638326624457036e-01
9.996099567531528951e-01
1.002554062020249326e+00
1.010653435128053612e+00
9.991970030664830693e-01
1.004334159068056120e+00
1.003306375211161949e+00
1.002420192927159670e+00
1.007077893634195975e+00
9.993807216546904959e-01
9.986667694399997686e-01
9.954425843272916019e-01
1.000762098727584037e+00
9.964805387244901613e-01
9.972484602902749184e-01
9.964951880737180634e-01
9.982124601331043845e-01
9.960217097216418347e-01
9.967944424242735080e-01
9.973916192618373922e-01
1.000316159835072938e+00
9.980510738909347257e-01
9.981283706140289258e-01
9.968251973883656136e-01
1.001178889430112129e+00
1.000523616272773753e+00
1.000133783161497369e+00
1.000225799206476029e+00
9.986017511055221840e-01
1.003612752261875407e+00
1.000975393838633876e+00
1.003157215644657096e+00
1.004534536858755267e+00
9.993622121835655792e-01
1.004919950938031770e+00
1.006684814300244923e+00
1.000687365739728163e+00
1.002273636944470692e+00
1.002115445240925551e+00
1.003603559175836324e+00
1.002575024120980762e+00
9.999781595047786409e-01
9.989705721033562691e-01
1.000157158551259640e+00
1.001331496667603460e+00
1.001666787979323514e+00
1.007797662434108066e+00
1.001083383692589424e+00
1.002360619681508913e+00
1.001695272631318412e+00
1.000837754636322297e+00
1.001655408008134351e+00
9.979898712493477930e-01
1.003236634863173604e+00
9.979673153146302322e-01
1.001894983235724235e+00
1.002423352391303091e+00
1.003204240387963297e+00
9.970518124153612272e-01
1.000593315752794643e+00
1.001786232841618718e+00
9.991363891851768875e-01
1.002907616840886362e+00
1.000814370752274973e+00
1.000610750435886986e+00
9.972808522068071779e-01
9.976660321046855184e-01
1.001153225746400866e+00
9.994252752425031305e-01
1.001280587468301286e+00
1.001839440082307631e+00
1.002555174301732022e+00
1.001398294481438134e+00
9.997254465685206926e-01
1.002058395900923271e+00
1.003419838272665787e+00
9.981122047837094335e-01
9.995749280138995774e-01
1.000548770756082728e+00
1.001487701630298988e+00
1.000166065442062546e+00
1.002969703187113870e+00
1.000682650685215780e+00
1.003378355977152747e+00
1.001650379789719825e+00
9.998645966476710223e-01
1.002022592616119923e+00
1.002490589479963168e+00
1.004699420150061862e+00
1.004969994489181895e+00
1.003093340425925240e+00
1.002493941920194809e+00
1.002196885710699092e+00
1.003093046726210913e+00
1.002163541025011595e+00
1.002523652713543934e+00
1.001268942387576022e+00
1.001181160400749226e+00
1.001520285758839002e+00
1.000672970452245680e+00
1.000115453783243735e+00
9.997559887042953841e-01
1.002314881513948874e+00
1.004103664740853663e+00
1.002022856736944689e+00
1.000658200905978568e+00
1.000765473964506658e+00
1.003578416273612994e+00
1.002201659204934980e+00
1.001636142471675983e+00
1.001335034931855938e+00
1.002119050246988996e+00
9.990492144523122064e-01
1.000188429085994146e+00
1.000171115338134964e+00
1.002554402668621281e+00
1.003111235925571387e+00
1.001574682943727090e+00
9.979444749886108301e-01
9.991332801129571006e-01
9.999443670988747979e-01
1.001536122937352724e+00
1.000540492749651067e+00
1.001812904787412029e+00
1.000763965036253200e+00
9.998253569709145694e-01
1.001108693447213538e+00
9.984197348588164100e-01
1.003347199177622162e+00
9.986978490488164217e-01
1.001419808852539672e+00
9.996803755642470479e-01
1.000079978917994161e+00
1.000148509541754160e+00
9.974179715612117025e-01
1.000142409416617584e+00
1.001207843341031856e+00
9.997808387829688614e-01
1.003150469831625813e+00
1.000486248494665942e+00
9.995557203439333627e-01
1.001655306117981592e+00
1.000788966540126390e+00
1.001962513377085751e+00
9.973792369607549224e-01
9.990276025720004061e-01
9.978534317880105586e-01
9.955428803653484371e-01
9.869677477914113872e-01
9.737966144828847925e-01
9.628793696623624276e-01
9.523139732441525673e-01
9.419354215459870838e-01
9.302513472857906196e-01
9.200307853310774053e-01
9.073155269596707706e-01
8.967046805013538791e-01
8.855797613728948470e-01
8.750600502977706752e-01
8.665032441539280983e-01
8.538257966455575776e-01
8.467226568040936430e-01
8.375362454634894815e-01
8.249194946175812948e-01
