0.000000000000000000e+00
0.000000000000000000e+00
0.000000000000000000e+00
0.000000000000000000e+00
0.000000000000000000e+00
0.000000000000000000e+00
0.000000000000000000e+00
0.000000000000000000e+00
0.000000000000000000e+00
0.000000000000000000e+00
0.000000000000000000e+00
0.000000000000000000e+00
0.000000000000000000e+00
0.000000000000000000e+00
0.000000000000000000e+00
0.000000000000000000e+00
0.000000000000000000e+00
0.000000000000000000e+00
0.000000000000000000e+00
0.000000000000000000e+00
0.000000000000000000e+00
3.416435581442338332e-02
1.017601728649096815e+00
3.401375158939697219e+00
3.424818166918907281e+00
1.949329529962091412e+00
9.003305391682497882e-01
4.187260278023339222e-01
2.170847369212648981e-01
1.335086004519552005e-01
1.908391722849420713e-01
6.928140873051640281e-01
1.468628503729419998e+00
1.754622662225058471e+00
1.494765415160656419e+00
1.112026389659413583e+00
8.495278900182191562e-01
7.357085824829387999e-01
7.200713549275069569e-01
7.675241891658003413e-01
8.411236617172128671e-01
9.212553095300544115e-01
1.004891527013211938e+00
1.068072451102474174e+00
1.121696847392401830e+00
1.162443500982456523e+00
1.185997249786173047e+00
1.191910798109443004e+00
1.177880097268233062e+00
1.151960990630485959e+00
1.120131990978116443e+00
1.084164634160574847e+00
1.054235760981655279e+00
1.027678836090181624e+00
1.002609241414752494e+00
9.796349975929172782e-01
9.658444368103404898e-01
9.504522291052033278e-01
9.397653357049957634e-01
9.363808145539512795e-01
9.340359808157332466e-01
9.350194238784809153e-01
9.406145510064692905e-01
9.506301000467749507e-01
9.586263527775598092e-01
9.680733007766972875e-01
9.787302488164856262e-01
9.875800110219979944e-01
9.917154427478108714e-01
9.971409248803806413e-01
1.001975090689518844e+00
1.004323195438146854e+00
1.008692375283658960e+00
1.011365472572842261e+00
1.013720671871235712e+00
1.012977324835773629e+00
1.015524795735302632e+00
1.012717305025823800e+00
1.013518312435602420e+00
1.009984154975617221e+00
1.010885616658031561e+00
1.007626252450159354e+00
1.005476137898796196e+00
1.004447596599611359e+00
1.002108000469981386e+00
1.000078537020375080e+00
1.001870606134546815e+00
9.991585411656197513e-01
9.983553125619439861e-01
9.985825428639535373e-01
9.960075552679785726e-01
9.951602505706051982e-01
9.946557301888756530e-01
9.954376936247301133e-01
9.943517667464772947e-01
9.956382164135947344e-01
9.935665085533716967e-01
9.970043068252879559e-01
9.959968160605476850e-01
9.975698604316511897e-01
9.977401805103093269e-01
1.000262779485675768e+00
9.995153815532585861e-01
1.002315050036077348e+00
1.001740948121642383e+00
1.002269186170291926e+00
1.002549895274998271e+00
1.003468079487603193e+00
1.002813294937490829e+00
1.003509674431226850e+00
1.001880607351206987e+00
1.001981826237243078e+00
1.003262574284395248e+00
1.000838576848510186e+00
1.001201708491018083e+00
1.000411233659977972e+00
9.999374310571820246e-01
9.995584591491618598e-01
9.992705259895818815e-01
9.991752440132416480e-01
9.998183072868090937e-01
1.000463225622990837e+00
9.998851425245642854e-01
9.988775720739548891e-01
9.991454808581466951e-01
9.999294289018874071e-01
9.997069060610606073e-01
9.999854905026346330e-01
9.994390841287923433e-01
9.992069714552400672e-01
1.000155068197840391e+00
9.992281778622348343e-01
1.000564374202252083e+00
1.000297482681745453e+00
1.000965320894426247e+00
1.000941555417134365e+00
1.000475088121275169e+00
1.000316011354096535e+00
1.000592041199937388e+00
1.000485119739100259e+00
9.999392515635980860e-01
1.000775393027867777e+00
1.000486261789961251e+00
9.999357191490274577e-01
9.999178576302323318e-01
9.999662538156051106e-01
9.995198707080912293e-01
9.988377094204162754e-01
9.995360345759354281e-01
9.980212908276120398e-01
9.996615146858081058e-01
9.989250988600227865e-01
9.987788194766455963e-01
1.000332619338715423e+00
1.000229286634726877e+00
1.000224993986484678e+00
1.000865473834482877e+00
1.001348963148227078e+00
1.001161574553772082e+00
1.001280840939544170e+00
1.000413930757327430e+00
1.000976084596974403e+00
1.000596304522593405e+00
1.000729987781997288e+00
1.000046991904793625e+00
1.000059943680170038e+00
1.000375700052543726e+00
9.996178240203853482e-01
9.994332085540933441e-01
9.999486947209751397e-01
1.000118245650507554e+00
9.993852361602236778e-01
9.991127242424577837e-01
9.994582320872293923e-01
9.996289792451372724e-01
9.999406345505610361e-01
9.992111596151458386e-01
1.000078022183473303e+00
9.997381528636607451e-01
9.999891659695472335e-01
1.000503421426403916e+00
1.000655524235402050e+00
1.000577848431427830e+00
1.000725290765219544e+00
1.000252605182613719e+00
1.000603255692170457e+00
1.000388232029405522e+00
1.000726668350665483e+00
1.000349215293856897e+00
9.998510493415508904e-01
1.000292709483571185e+00
9.998492832566606703e-01
1.000306148201816958e+00
9.999081153191157201e-01
9.999056762547844368e-01
9.999999952481561927e-01
1.000528377290979432e+00
9.994090345540179721e-01
9.994494416123255176e-01
9.996212186031816493e-01
9.996861182223583109e-01
1.000670538179487812e+00
1.000194102280889119e+00
1.000008200830958760e+00
9.993697501422066365e-01
9.996556743370016429e-01
1.000173198362119376e+00
9.997204762559410707e-01
1.000070704027849366e+00
9.996251516936731640e-01
1.000497468829828485e+00
1.000437783458708818e+00
1.000117739251265903e+00
9.995327657774700780e-01
1.000061214295004719e+00
9.996723127504887341e-01
9.994908350955969967e-01
1.000354324886788104e+00
1.000167753275287508e+00
9.998260864641076440e-01
1.000563953304835385e+00
1.000431816320272782e+00
1.000440853032400046e+00
9.999256835491089346e-01
1.000089199636933879e+00
9.996905056399099099e-01
9.998427773587554857e-01
1.000100522478455378e+00
9.994341455697473009e-01
1.000389047640092066e+00
1.000266889815063509e+00
9.997004483693551213e-01
9.996532074148528624e-01
9.998459241757595706e-01
1.000725387193313054e+00
9.998101985381405710e-01
1.000102754349686984e+00
9.995772522781088965e-01
1.000278504890911746e+00
1.000815999766415221e+00
1.000261011518045029e+00
9.996682775597506287e-01
1.000267351987948139e+00
1.000550058927298869e+00
1.000095821572469568e+00
9.994839516348154040e-01
1.000534444537487522e+00
9.999433094086047635e-01
9.999484639384135232e-01
1.000029951786400861e+00
9.996557486499036971e-01
1.000446987787595443e+00
1.000048353322778860e+00
1.000323899757926016e+00
1.000240538697588555e+00
1.000016204206296333e+00
1.000209339723772572e+00
1.000019198674609644e+00
1.000071010972389152e+00
9.997449576520821557e-01
9.997082772977856635e-01
1.000324562347821189e+00
9.996855163639510877e-01
9.966493716746738230e-01
9.867900909302765866e-01
9.756892387512430265e-01
9.646206424718287709e-01
9.534774995043864276e-01
9.424738288069444136e-01
9.313625918947965321e-01
9.207581395515250788e-01
9.099066889180909001e-01
8.991110147162965083e-01
8.883641187353481516e-01
8.782287559506204433e-01
8.674229546438597671e-01
8.570563299580096217e-01
8.468374289260274246e-01
8.365672816253162392e-01
8.264684922030247627e-01
