0.000000000000000000e+00
0.000000000000000000e+00
0.000000000000000000e+00
0.000000000000000000e+00
0.000000000000000000e+00
0.000000000000000000e+00
0.000000000000000000e+00
0.000000000000000000e+00
0.000000000000000000e+00
0.000000000000000000e+00
0.000000000000000000e+00
0.000000000000000000e+00
0.000000000000000000e+00
0.000000000000000000e+00
0.000000000000000000e+00
0.000000000000000000e+00
0.000000000000000000e+00
0.000000000000000000e+00
0.000000000000000000e+00
0.000000000000000000e+00
0.000000000000000000e+00
0.000000000000000000e+00
0.000000000000000000e+00
0.000000000000000000e+00
0.000000000000000000e+00
3.501197833958885619e-02
8.263110374575395323e-01
2.845531517076351324e+00
3.360199932678893386e+00
2.175814660036617720e+00
1.012852687353020364e+00
5.044313417243260211e-01
2.729738611067601406e-01
2.312785099509474529e-01
2.362769400456128377e-01
2.628989081766071600e-01
2.946298611379823407e-01
3.271807039034232978e-01
3.351058146005823635e-01
3.217385253181759275e-01
3.400286748367521428e-01
4.108815143762977740e-01
5.091530861079992532e-01
6.642900303102550197e-01
8.504670691341816857e-01
1.037238201705934948e+00
1.176920770883232104e+00
1.335852713118233392e+00
1.425750646581668502e+00
1.518152888462862782e+00
1.582976777510018751e+00
1.613851688549325258e+00
1.575230090506206881e+00
1.496585288630494448e+00
1.375459128615567517e+00
1.220370534978272303e+00
1.098523875555295515e+00
9.841268962174239965e-01
9.203752544293855031e-01
8.942235834298090102e-01
8.704849176630716778e-01
8.572884216644592881e-01
8.709243356276284986e-01
9.034311620612154314e-01
9.065882792860062711e-01
9.444981984285707455e-01
9.612912409963066951e-01
9.844699501664490038e-01
1.001979520262609835e+00
1.017511783554267080e+00
1.017622258440304073e+00
1.039125163720834077e+00
1.045975585532475716e+00
1.058508016319087641e+00
1.067335700699247436e+00
1.055609663466725134e+00
1.050977909770309582e+00
1.047685050355701142e+00
1.034517745344807560e+00
1.006183837442963247e+00
9.976179097959441133e-01
9.828265330544287970e-01
9.828339472322262793e-01
9.718151185444823259e-01
9.700411969285697156e-01
9.763189373610633437e-01
9.760810276901072946e-01
9.769990797393158788e-01
9.896006216142646528e-01
9.961745006086430987e-01
9.958736099109443130e-01
1.005514591012543812e+00
1.013161444356510899e+00
1.017758707902615134e+00
1.012547535650151209e+00
1.014841334299846354e+00
1.020241071249432085e+00
1.022131888552112233e+00
1.012522829069267383e+00
1.001766214346872852e+00
9.976026846343114540e-01
1.009428160148039266e+00
1.001994824645991322e+00
1.002693587342767811e+00
9.989393964325806730e-01
9.975209030732585802e-01
9.918425948091282862e-01
9.992083001004216092e-01
9.919563427676503231e-01
9.943700029845191635e-01
9.843321970756508943e-01
9.931100693699501658e-01
9.994109294461233084e-01
9.889744940854021671e-01
9.935358042544171209e-01
9.978472346070574872e-01
1.007024178506270573e+00
1.007569233798160768e+00
1.007478047612149430e+00
1.008631331885181170e+00
1.005407708664954214e+00
1.008052114172563574e+00
1.008787411488788033e+00
1.006014433206043002e+00
1.003938680424893759e+00
1.004355228180336734e+00
9.959033359150240017e-01
1.002041095077937705e+00
9.927128252350657656e-01
9.945233150099870301e-01
9.865410578276399001e-01
1.003922311859976935e+00
9.994797672586687165e-01
1.003434436864753199e+00
1.000437251463644595e+00
1.002548744819142357e+00
9.989084789579990575e-01
9.981461917956554464e-01
9.995610619196525493e-01
9.995432065725464721e-01
9.999407513843120432e-01
9.969266247732894159e-01
1.001461034451908150e+00
9.989808631711657450e-01
9.992058498877692818e-01
9.992214876498041187e-01
1.000662065944001755e+00
9.990265824298775188e-01
9.995786749289646833e-01
1.000447365686960355e+00
1.000545942076965344e+00
1.002944224954432251e+00
9.986149823661448766e-01
1.000011238639876066e+00
9.988278261078042952e-01
1.000078458003535786e+00
1.000347947873944543e+00
9.950960279557774513e-01
9.962838768398863953e-01
9.970358731894627402e-01
9.976841902170897614e-01
9.994937529843522794e-01
9.951674627505939785e-01
9.964816585601186105e-01
9.942220580470976232e-01
9.932833114897514637e-01
9.977221488396355031e-01
1.000870285690487860e+00
1.001261691153483957e+00
9.946578466429488730e-01
9.965275745297834664e-01
1.002026258370453782e+00
9.972193441130902114e-01
9.968724795963902485e-01
9.976621989983850414e-01
1.004468978323792339e+00
9.931470461982937481e-01
9.996748831456840900e-01
9.962613063244011302e-01
9.940475963195709586e-01
9.965257214061360447e-01
9.969759009234188118e-01
9.965258468530755476e-01
9.976789086710455834e-01
9.967413701208726051e-01
9.997024589835701303e-01
9.984070571958043594e-01
9.985577758473359600e-01
9.979704751112143946e-01
9.956027361308729118e-01
9.954512059523914491e-01
9.994930737501565021e-01
9.978950644017646754e-01
9.999685526677052350e-01
1.000030392278778324e+00
9.960293422218681192e-01
9.942314108412370066e-01
9.982999345305348937e-01
9.986430035421464124e-01
9.970823962967385601e-01
9.964207861638358921e-01
9.970949213373446751e-01
9.967144153598801459e-01
9.969277632844725234e-01
9.955702473725878132e-01
9.961328661724101474e-01
9.982517567975117689e-01
9.986061739636460377e-01
9.960617702670502283e-01
9.947384179466256526e-01
9.956253459362597313e-01
9.969755362964303202e-01
9.994421856568872498e-01
9.952673700688626779e-01
9.983756749578548417e-01
9.970719659129146928e-01
9.975072136616484064e-01
9.979849041799903064e-01
9.969706923297310119e-01
9.975811034743466976e-01
9.959870265925637733e-01
9.977319219377778214e-01
1.000707832972148603e+00
9.998346384773768580e-01
9.968375586854462123e-01
1.000285068992889936e+00
9.984445410743496563e-01
9.983145420873023035e-01
9.991496828130577157e-01
9.981419312314657732e-01
9.965140920781224709e-01
1.000657723378446162e+00
1.000811413015817219e+00
1.000678733933905384e+00
1.002180516240142261e+00
9.993969904232307133e-01
1.000806406005697591e+00
1.000285279228921187e+00
1.000237976356625369e+00
9.976280004104849386e-01
9.976825145687011620e-01
9.983148013351539340e-01
9.985025245115183301e-01
9.979138238992223409e-01
9.993643287905620287e-01
9.995650326027736288e-01
9.987087747767540158e-01
9.966355232004678877e-01
9.975306551562321822e-01
1.002040759444170925e+00
9.987670980307647994e-01
9.982185366458420361e-01
9.983731277361590495e-01
9.992638377938343197e-01
9.985573061052611665e-01
9.974335866106052162e-01
9.985576384721666088e-01
9.981850969080725555e-01
9.973522825183944729e-01
1.002146663077497779e+00
1.001611920437350145e+00
9.990594844129722096e-01
9.989701449292825997e-01
9.987601253316770178e-01
9.998044960181813323e-01
1.000322996967694777e+00
9.954733959823756084e-01
9.973327003825921411e-01
1.000751308144140372e+00
9.970080022627499927e-01
9.989475253853599135e-01
1.000489312549490029e+00
9.971280468298135968e-01
9.949045790121713306e-01
9.863024741430875819e-01
9.770849336323869094e-01
9.646758909847527041e-01
9.572940012438400093e-01
9.444603139780529677e-01
9.314509075222775492e-01
