0.000000000000000000e+00
0.000000000000000000e+00
0.000000000000000000e+00
0.000000000000000000e+00
0.000000000000000000e+00
0.000000000000000000e+00
0.000000000000000000e+00
0.000000000000000000e+00
0.000000000000000000e+00
0.000000000000000000e+00
0.000000000000000000e+00
0.000000000000000000e+00
0.000000000000000000e+00
0.000000000000000000e+00
0.000000000000000000e+00
0.000000000000000000e+00
0.000000000000000000e+00
0.000000000000000000e+00
0.000000000000000000e+00
0.000000000000000000e+00
0.000000000000000000e+00
0.000000000000000000e+00
0.000000000000000000e+00
0.000000000000000000e+00
0.000000000000000000e+00
3.163555386271491021e-02
7.538458016902486181e-01
2.500403863728893228e+00
2.825150489096587059e+00
1.855955364567961841e+00
9.229282976468059507e-01
4.291468237957820619e-01
2.488844182199825561e-01
2.016424139049484698e-01
2.020538864596296835e-01
2.275238832653865562e-01
2.514419195276934027e-01
2.692824404215342082e-01
2.947802730641015945e-01
2.800434721412393135e-01
3.108950466760654896e-01
3.751646942118576078e-01
4.954010106505217226e-01
6.511730298157606400e-01
8.245898683607532087e-01
1.000154098749483467e+00
1.155387147247917357e+00
1.302527843390176132e+00
1.400527232006927525e+00
1.495203598966519998e+00
1.559582255824412123e+00
1.605453338238068905e+00
1.585831186913108759e+00
1.478307271703084069e+00
1.347334974692774523e+00
1.206128027173173578e+00
1.067196062960762637e+00
9.630020672627054301e-01
8.983319874132051908e-01
8.602105500421092232e-01
8.492234929362643125e-01
8.537939353661359032e-01
8.642585420532606921e-01
8.776197294887781997e-01
8.966105050810331267e-01
9.229090223325578934e-01
9.297027295556081761e-01
9.522273129024679816e-01
9.808149848584233332e-01
9.897690162533226976e-01
1.013431471691421226e+00
1.015759988800555069e+00
1.032412350925636657e+00
1.030597727410839326e+00
1.037429052983993572e+00
1.041781297851576360e+00
1.030062370588901377e+00
1.025020911341538277e+00
1.013425633481353838e+00
9.977188566615877718e-01
9.819929683102733842e-01
9.812831589554910083e-01
9.637150560825927803e-01
9.548949902932210021e-01
9.552685467975124967e-01
9.559981147947039792e-01
9.585281436540650235e-01
9.753861925776818875e-01
9.756870668147630266e-01
9.753057592316187741e-01
9.796989694537594495e-01
9.900026168219873135e-01
9.940111715320286701e-01
9.987740832219678122e-01
9.985011383264172924e-01
1.001934642117271013e+00
1.002015842142677249e+00
1.001816074651763477e+00
9.980915505417695677e-01
1.002514916405027989e+00
9.910645810711673498e-01
9.894659325357718638e-01
9.902645192660498585e-01
9.860633700406015167e-01
9.755828760097893237e-01
9.890405272430186079e-01
9.906095110046129193e-01
9.822781100452768754e-01
9.892969079009462652e-01
9.809679869118583806e-01
9.845132201263291361e-01
9.888817513694846406e-01
9.926421247616334931e-01
9.963975320487901133e-01
1.001360887849221948e+00
9.997540861200746587e-01
1.007893138967765667e+00
1.001491684539303373e+00
1.008936643063522487e+00
1.002037563780000529e+00
1.012019412346915281e+00
1.013892530070362952e+00
1.005522177367269121e+00
1.005170837319799171e+00
1.000776088028521027e+00
1.003662518450384233e+00
1.003898994227905961e+00
1.005589447230636813e+00
9.970411991410894625e-01
9.939130699571135930e-01
9.992359927292201460e-01
9.926669225636562954e-01
9.981159975289186637e-01
1.000345233678885171e+00
1.004161385239995097e+00
9.992784201819047141e-01
1.006468453889237447e+00
9.982615197628313952e-01
9.961932787464333749e-01
9.935221942185602506e-01
1.002354240986440548e+00
9.984824134100702686e-01
9.997583769436948486e-01
9.956429197285919797e-01
9.985318455175057339e-01
9.956776104913310776e-01
9.939610424905140906e-01
9.968372857077988369e-01
9.987743015104906252e-01
9.969749406929007129e-01
9.945489185668868748e-01
1.004181526405840463e+00
9.997927217151473256e-01
9.986013944439250389e-01
9.925947238795774785e-01
9.926912217451004938e-01
9.982149313441698313e-01
9.938451461346673454e-01
9.958247585285372461e-01
9.968265835079145321e-01
9.970896776554729612e-01
9.936433646878798376e-01
9.952733407470196747e-01
9.923501748870829919e-01
9.976781870156758991e-01
9.952900263350674681e-01
9.943969518997113344e-01
9.937875782826919302e-01
1.000592505483900219e+00
9.930308089185756470e-01
9.990278997754521439e-01
9.973085547839257714e-01
9.972888176146851302e-01
9.968268774162984958e-01
9.972763945503837490e-01
9.991901246818982729e-01
9.999207428901718542e-01
1.001550142019555389e+00
9.971062864825062100e-01
9.979698054109066296e-01
9.934350139577985406e-01
9.980036384099743030e-01
1.000445425800377208e+00
9.958240453068142317e-01
9.930351770260154032e-01
9.969342722755203390e-01
9.993123623689148527e-01
1.001840884677544841e+00
9.994308377344960359e-01
1.000283569864420352e+00
1.002877555876263038e+00
1.000589555083084115e+00
9.976984262522615721e-01
9.980661035825857397e-01
9.989605979781864820e-01
1.000050271736398155e+00
9.993486125204832371e-01
1.002691155995754091e+00
1.000526845663016751e+00
1.001445622735097851e+00
1.000210750205748678e+00
9.964433018725489255e-01
1.004376322696854062e+00
1.005191238812204624e+00
9.988120505995806697e-01
9.984372404935514256e-01
1.000707572963233094e+00
9.964031932944240610e-01
1.002227581450895189e+00
9.955318645963007196e-01
1.000815175941849766e+00
1.004480055219714174e+00
1.000024287126914047e+00
1.002036628034006283e+00
9.997972034894379023e-01
1.001389377889274623e+00
9.990418203043113232e-01
9.996315983885756262e-01
9.985030924358599957e-01
9.961436017618393590e-01
1.002437793250426257e+00
9.995327159613155432e-01
9.974225338605391400e-01
9.988345286117712440e-01
1.002624004484922837e+00
9.987747117712451050e-01
9.989279986419984381e-01
1.001783148346927277e+00
1.000564460774024722e+00
9.999381857655254002e-01
9.990213248380658273e-01
9.982554154013595360e-01
9.987285760145343527e-01
9.960750126767861090e-01
9.991011074289889438e-01
1.001196327275737596e+00
9.981880160855233219e-01
9.986954177730386073e-01
9.965928157481871441e-01
9.978892373132381977e-01
9.951298177083127694e-01
9.986103187898305311e-01
9.973054443306945682e-01
9.949173329567230217e-01
9.958851836477413677e-01
9.960587416210325840e-01
9.946880755422274900e-01
9.987730824622363945e-01
9.950560612615386713e-01
9.975912199877647879e-01
1.001235914600759669e+00
9.959579136818318412e-01
9.958066301736195891e-01
9.992406050423552344e-01
9.942411426876560654e-01
9.965282522844897128e-01
9.966228950568596368e-01
9.957372617964672656e-01
9.966121190312874356e-01
9.990458288881570725e-01
9.967257585873675607e-01
9.972247838489429750e-01
9.980917483840496818e-01
1.000921323879806035e+00
9.975601715805569869e-01
9.971850775012631729e-01
9.978257073541204614e-01
9.986426014320319844e-01
9.941819614016030870e-01
9.987629182914240511e-01
9.962508720529831274e-01
9.980971843211704497e-01
9.971887640670105135e-01
9.930881867558655207e-01
9.848213441023793147e-01
9.742577961888744253e-01
9.636863912582824820e-01
9.549428749120102422e-01
9.435491643451235921e-01
9.325209901395451473e-01
