0.000000000000000000e+00
0.000000000000000000e+00
0.000000000000000000e+00
0.000000000000000000e+00
0.000000000000000000e+00
0.000000000000000000e+00
0.000000000000000000e+00
0.000000000000000000e+00
0.000000000000000000e+00
0.000000000000000000e+00
0.000000000000000000e+00
0.000000000000000000e+00
0.000000000000000000e+00
0.000000000000000000e+00
0.000000000000000000e+00
0.000000000000000000e+00
0.000000000000000000e+00
0.000000000000000000e+00
0.000000000000000000e+00
0.000000000000000000e+00
0.000000000000000000e+00
3.469900267387318604e-02
1.028243539837039533e+00
3.363785044216714759e+00
3.326194932995092834e+00
1.847350521780622090e+00
8.345886103077921891e-01
3.838849081766096405e-01
1.972610710306772763e-01
2.264614620067291473e-01
8.459622513752957929e-01
1.753937142341798650e+00
1.921817593513291733e+00
1.467377602315604435e+00
9.829701873977029214e-01
6.976015931749300902e-01
5.799019108666974009e-01
5.761359048485490408e-01
6.271336256501212070e-01
7.143752066334810857e-01
8.152825018589755501e-01
9.210998706449997631e-01
1.012438323382349514e+00
1.098012172993253044e+00
1.161844826095643102e+00
1.204509460059510317e+00
1.228969247053243619e+00
1.228696152237557460e+00
1.209586849010149123e+00
1.173875989873497172e+00
1.131469617032429653e+00
1.086208753625377277e+00
1.046919864604599626e+00
1.009272279391826288e+00
9.810305199330979775e-01
9.585323849064391055e-01
9.414468399363572493e-01
9.293075269158203033e-01
9.209374105211696193e-01
9.205204281539868250e-01
9.205584715426158304e-01
9.272208965939565672e-01
9.389200802696177073e-01
9.508575644790936421e-01
9.620211242611996783e-01
9.748373119347349958e-01
9.868302551816345858e-01
9.952182426282064620e-01
1.003718278150389276e+00
1.008891220529182675e+00
1.012099272276889117e+00
1.016856972942494330e+00
1.019846472653340719e+00
1.021828973859075784e+00
1.020027532627196365e+00
1.016934587223478070e+00
1.017513635418185958e+00
1.012913192355599623e+00
1.009664816722608105e+00
1.007405402806242911e+00
1.007941141392362905e+00
1.003482130794458804e+00
1.003165899513230208e+00
1.000060741185801794e+00
1.000210860436776983e+00
9.983889758752022558e-01
9.990766450312138502e-01
9.974129353233830431e-01
9.962816087572177182e-01
9.967972104161888502e-01
9.946465595098430423e-01
9.951252253420184157e-01
9.937715038594694406e-01
9.933113379488596184e-01
9.944026453717506042e-01
9.928257452598866495e-01
9.961944528842092694e-01
9.952392573075952154e-01
9.951270581838506102e-01
9.969946792534571944e-01
9.988372301438414036e-01
9.998039217245346943e-01
1.000474827810594602e+00
1.001782578902497001e+00
1.002567312149076129e+00
1.003483366611640282e+00
1.001105271794018536e+00
1.003531528037125753e+00
1.001117378767743649e+00
1.001777109528482423e+00
1.002418723724564753e+00
1.001744431869014296e+00
1.000970401680795430e+00
1.000377713144035896e+00
9.997664408928631508e-01
1.000471592913137586e+00
1.000524790353948923e+00
9.989995366137440769e-01
9.982717732017626355e-01
1.000206163118507963e+00
9.979366787037418085e-01
9.976828409818965238e-01
9.992094588936638599e-01
9.982492422137252408e-01
9.984866379580964457e-01
1.000178808052416324e+00
9.987667241157957010e-01
9.984779993199270898e-01
9.986318754854887070e-01
9.993634398786744866e-01
9.998346310642131085e-01
1.000542588045497894e+00
1.000781540380161871e+00
1.000442807060313521e+00
9.997375462622258846e-01
1.000159010912859969e+00
1.001295292025438100e+00
1.001373046571538694e+00
1.001731996532761348e+00
1.000812245373535303e+00
1.000855919451115961e+00
1.001075509189450319e+00
1.000674650923413234e+00
1.000178133326629082e+00
9.997163568417671842e-01
1.000615232602034554e+00
9.988838265071586786e-01
9.999551191165755304e-01
9.989889482662308584e-01
9.998035499981381413e-01
9.978513980451302334e-01
9.988081744797728811e-01
9.979662061947091045e-01
9.977803354674273928e-01
9.988366444240401876e-01
1.000095262912765959e+00
9.999916386802144563e-01
1.001118801089054378e+00
1.000707052618357684e+00
1.001239804392714872e+00
1.001646447316738575e+00
1.001952762347164017e+00
1.001593629354049719e+00
1.002125966893898656e+00
1.001778404308661719e+00
1.002244418039682783e+00
1.000733402556448715e+00
1.000764848412510455e+00
1.000420305486613870e+00
9.991891157666688006e-01
1.000034603569893710e+00
9.986003228927194941e-01
9.988602928221572697e-01
9.984705367424402400e-01
9.984839317098880285e-01
9.989814767926923356e-01
9.990494751497758230e-01
9.987518989055793606e-01
9.991032513514475077e-01
9.997065077184605908e-01
1.000026450420898660e+00
1.000731171343255621e+00
1.000536362568503757e+00
1.000817894619557391e+00
1.000346529364031900e+00
1.001283696069600770e+00
1.001444159904016695e+00
1.000915995700747851e+00
1.000487086041416118e+00
1.001294866258135796e+00
1.000573793293742408e+00
1.000791370036927308e+00
1.000256870989485680e+00
1.000029841334238334e+00
1.000401371418751850e+00
9.993804228539007184e-01
9.991946760705419095e-01
9.992387613129460888e-01
9.995984254685902348e-01
9.984785081558829045e-01
9.998594795625086462e-01
9.998911342176290962e-01
1.000326895231236968e+00
9.996480596678120056e-01
1.000366366548007591e+00
9.995737971446658765e-01
9.997172267753663411e-01
1.000172675176836057e+00
1.000539221546189461e+00
1.000409933637933069e+00
9.996849814227777298e-01
1.000033255566095347e+00
1.000286254037578759e+00
1.000221475058393317e+00
1.000496800352204119e+00
9.999376284208941756e-01
1.000309964325440948e+00
9.995878065831396153e-01
1.000711716514733229e+00
1.000102896492045756e+00
1.000674804623068681e+00
1.000020169339638443e+00
1.000358200609814618e+00
1.000111119347032895e+00
9.999610575267446899e-01
1.000015207222245017e+00
1.000023951099901609e+00
1.000721722805516301e+00
9.999426404136316782e-01
9.997591832461214523e-01
1.000384958187447548e+00
1.000077648704299937e+00
1.000119472958771683e+00
9.997480105726181954e-01
9.996673895670200594e-01
1.000182914054853711e+00
1.000077563184997409e+00
1.000545806312648445e+00
1.000245046958117001e+00
1.000212959718509209e+00
1.000183319406874549e+00
9.997578560269241299e-01
1.000225440497694240e+00
1.000448071458002852e+00
1.000364606108654186e+00
1.000525827983356209e+00
1.000251402965519620e+00
1.000018721787603315e+00
1.000531676568302553e+00
1.000352349763408810e+00
1.000442175293575486e+00
9.997264796879050675e-01
1.000196836857398353e+00
1.000036915819897398e+00
1.000414225143000824e+00
1.000246049282737637e+00
9.992380185893582345e-01
1.000591327830943733e+00
1.000423466932998995e+00
1.000039315849717614e+00
1.000527565413572573e+00
9.997829371337063620e-01
9.999826913899555469e-01
9.999878243765419894e-01
1.000261531898742229e+00
1.000187514996783822e+00
1.000666754078563203e+00
1.000613696729228064e+00
1.000315245329587821e+00
1.000306507228770458e+00
9.996562595160047859e-01
1.000114329851043982e+00
1.000626599151637652e+00
9.980145329912287755e-01
9.886392257762867120e-01
9.767113443621221469e-01
9.666196419365959969e-01
9.556647839993246407e-01
9.453206150869993829e-01
9.347052519655810743e-01
