0.000000000000000000e+00
0.000000000000000000e+00
0.000000000000000000e+00
0.000000000000000000e+00
0.000000000000000000e+00
0.000000000000000000e+00
0.000000000000000000e+00
0.000000000000000000e+00
0.000000000000000000e+00
0.000000000000000000e+00
0.000000000000000000e+00
0.000000000000000000e+00
0.000000000000000000e+00
0.000000000000000000e+00
0.000000000000000000e+00
0.000000000000000000e+00
0.000000000000000000e+00
0.000000000000000000e+00
0.000000000000000000e+00
0.000000000000000000e+00
4.677027785381669743e-05
3.522193539928528822e-02
1.026736687544924642e+00
3.343055239123474909e+00
3.299657376685837917e+00
1.831581832739677118e+00
8.317814833497100269e-01
3.801687330159249645e-01
1.977769055410476817e-01
2.285072142612776247e-01
8.437140177374738981e-01
1.738739095693748293e+00
1.909637781693120484e+00
1.460716488280523029e+00
9.789916002528956662e-01
6.986685796246415725e-01
5.850511320302891338e-01
5.787204399184908699e-01
6.329464157186673878e-01
7.193925109608635404e-01
8.198854613346956421e-01
9.240810829063300647e-01
1.020742151886306681e+00
1.097448783586506993e+00
1.155341956306875639e+00
1.202694496969764160e+00
1.227661531421367469e+00
1.226589853172971978e+00
1.208077671647388440e+00
1.175400556012654585e+00
1.128116472776358625e+00
1.087098256095404780e+00
1.046090116908634959e+00
1.010609167539853637e+00
9.794195984107074704e-01
9.582378699289328949e-01
9.406959487610924153e-01
9.311998852440567243e-01
9.219967644953266372e-01
9.203955633033512607e-01
9.236893031155957168e-01
9.263717412881019575e-01
9.379501642365211111e-01
9.486177248885494517e-01
9.657189790108302585e-01
9.777354691550856902e-01
9.867550662468957956e-01
9.968537081245738563e-01
1.002835590479182137e+00
1.009388978709881091e+00
1.015085410048243819e+00
1.020481660829797965e+00
1.019770035268905195e+00
1.020858161951427867e+00
1.019374356680403437e+00
1.019299133771335741e+00
1.013837290849044059e+00
1.013105200962552743e+00
1.008691858627745797e+00
1.008102213658106150e+00
1.004112633784472575e+00
1.001653217880206226e+00
1.002242631026390107e+00
1.000135927492492582e+00
9.980211177140135836e-01
9.996474881231733889e-01
9.980430185595757786e-01
9.969598489510537176e-01
9.948890408360094861e-01
9.971918640649917176e-01
9.935578668852514950e-01
9.955511272069235140e-01
9.945067185261183829e-01
9.934641649689549547e-01
9.937734739883878898e-01
9.924660819207161699e-01
9.949932410513420145e-01
9.961420588823508560e-01
9.969732431179504362e-01
9.974606210937564388e-01
9.988369559143763787e-01
9.984613368749936102e-01
1.000945638457991116e+00
1.002321664551358626e+00
1.001362923295697094e+00
1.003188692153438755e+00
1.002075978232343401e+00
1.002040529908350575e+00
1.002119574270475377e+00
1.002085274073766463e+00
1.002928197673502053e+00
1.001948408422036918e+00
9.997627333429551788e-01
1.001226306675353284e+00
9.990045737623838296e-01
9.991571254582558570e-01
9.988810588490621978e-01
9.999095812758722612e-01
9.989739351529349776e-01
9.994402746428581175e-01
9.993974012095074855e-01
9.979704787219875195e-01
9.998414837470621652e-01
9.985155880441035636e-01
9.996366312098489137e-01
9.985662688749288307e-01
9.981282574161516319e-01
9.982631076918581092e-01
9.977168813861740926e-01
9.991589094543070759e-01
9.989383753641518648e-01
9.994724986888258167e-01
1.000345635880438344e+00
1.000125013834251453e+00
1.000246503891990324e+00
1.000404559115330771e+00
1.000390039193839176e+00
1.000365234557271998e+00
1.000678625715456516e+00
1.000766666579676167e+00
1.000542509841238159e+00
1.000280893475260946e+00
1.000290114829321064e+00
1.000703910490080117e+00
1.000870507617745764e+00
1.000707989994814362e+00
1.000483333689548893e+00
1.000000225900739670e+00
9.991743446276906138e-01
9.987863872183418978e-01
9.982929820304190516e-01
9.980801851222019794e-01
9.980020792126774731e-01
9.983778228618164219e-01
9.993215081105379927e-01
9.987830450162231699e-01
1.000923451205911086e+00
9.996657610316195264e-01
1.000981105710374353e+00
1.001158483207402750e+00
1.000604035936894842e+00
1.001875357357111085e+00
1.002033796685597666e+00
1.001684386378685732e+00
1.001945117642112359e+00
1.002041319600765368e+00
1.000765636874433318e+00
1.000323140038288594e+00
9.998442097974726828e-01
9.999928152603869691e-01
9.988900285157175096e-01
9.992167537825245027e-01
9.992690773240874291e-01
9.993569369824365500e-01
9.977881357737726775e-01
9.984177083898475580e-01
9.988711360759057190e-01
9.987483129367411561e-01
9.993060781507373536e-01
1.000081149252389556e+00
1.000793277256837532e+00
1.000266755147419584e+00
1.000893735050104816e+00
1.000471157053518745e+00
1.001230511210800422e+00
1.000573596288763412e+00
1.001158480903528547e+00
1.001481392286937000e+00
1.001518366648384006e+00
1.001277748185066541e+00
9.998507569817156604e-01
1.000893994227902928e+00
9.999827581130372733e-01
1.000097395804209865e+00
1.000652698435134713e+00
1.000272098113058838e+00
1.000068564139631189e+00
9.997156607904630343e-01
9.999674031015616249e-01
9.993902275882706743e-01
1.000104978251245003e+00
1.000151953620817435e+00
1.000118175797165332e+00
1.000884876492319275e+00
9.995860926179465089e-01
9.997607222278342975e-01
1.000583348265368766e+00
1.000250364398152181e+00
9.999913324294439354e-01
1.000533988123859297e+00
1.000134209875406688e+00
1.000691085307174877e+00
1.000451021110051686e+00
1.000412381567888032e+00
1.001177428690577464e+00
1.000194867492221862e+00
9.999909824823185467e-01
1.000774482927714537e+00
1.000265114967452185e+00
9.996759546298398247e-01
1.000439180271404993e+00
1.000683056642411861e+00
1.000759654320882985e+00
9.999722541569078249e-01
1.000634689406875832e+00
1.000155416256540475e+00
9.999193361782605649e-01
1.000108253746782472e+00
1.000285781486229375e+00
1.000587552581912565e+00
1.000680832253293184e+00
9.998657407916891060e-01
1.000007334147201332e+00
1.000470003404384745e+00
9.998365023904971505e-01
1.000027884919410193e+00
1.000091033227128001e+00
1.000178442393079736e+00
9.997048504068501984e-01
9.998079561011181671e-01
1.000094034944291721e+00
9.996133728716968259e-01
9.998342977937202392e-01
1.000006078655145014e+00
9.999290769724220596e-01
1.000418382700788644e+00
1.000025020579966339e+00
1.000107511916438874e+00
9.997251531263194879e-01
1.000420653984307018e+00
9.998850226732990398e-01
1.000019062713322304e+00
1.000400954273225951e+00
1.000147656910195471e+00
1.000169264483596665e+00
1.000143346882692130e+00
9.999899402871380572e-01
9.999840883053590090e-01
1.000342544273332468e+00
1.000038438344457603e+00
1.000265364667351164e+00
1.000333965327978358e+00
1.000137511920552669e+00
1.000231515628909440e+00
1.000001686021253944e+00
9.996933142126505079e-01
1.000092083010896804e+00
1.000104766270023093e+00
1.000180249278480149e+00
1.000242073426112155e+00
1.000482541370220524e+00
9.998819412940638252e-01
1.000057097486766411e+00
9.984886468045024444e-01
9.882368830623082800e-01
9.773052273470361762e-01
9.658699722098079699e-01
9.556376785337272750e-01
9.454217413583269058e-01
9.346247708616073346e-01
