0.000000000000000000e+00
0.000000000000000000e+00
0.000000000000000000e+00
0.000000000000000000e+00
0.000000000000000000e+00
0.000000000000000000e+00
0.000000000000000000e+00
0.000000000000000000e+00
0.000000000000000000e+00
0.000000000000000000e+00
0.000000000000000000e+00
0.000000000000000000e+00
0.000000000000000000e+00
0.000000000000000000e+00
0.000000000000000000e+00
0.000000000000000000e+00
0.000000000000000000e+00
0.000000000000000000e+00
0.000000000000000000e+00
0.000000000000000000e+00
0.000000000000000000e+00
0.000000000000000000e+00
0.000000000000000000e+00
0.000000000000000000e+00
0.000000000000000000e+00
0.000000000000000000e+00
2.719397428633557948e-02
5.047808512640009626e-01
1.745454408375272770e+00
2.169626050156097552e+00
1.571535071889614166e+00
9.020534156027867345e-01
5.009977191613128600e-01
3.367471274912210433e-01
2.792218738371350373e-01
2.708497143310297228e-01
2.789671018538703029e-01
2.893660115155693435e-01
2.733711357915026285e-01
2.618427263083704659e-01
2.596071086155938845e-01
2.860886638472934229e-01
3.494843791555651835e-01
4.517798769641119816e-01
5.919347697928962759e-01
7.404563562081438732e-01
9.287884403277012479e-01
1.079901476259583104e+00
1.230391929620791691e+00
1.345445776348598299e+00
1.429630289274927524e+00
1.526327896561389341e+00
1.567433111540091684e+00
1.571487965069695569e+00
1.514791635950679449e+00
1.398529966180397377e+00
1.282069808158567303e+00
1.162616855609163613e+00
1.064449528310700277e+00
9.765364729327933313e-01
9.463715293181496069e-01
9.137087130621432962e-01
9.005624499929821836e-01
8.977588321520756365e-01
8.935531766907939266e-01
9.019265551759499955e-01
9.052599518258001021e-01
9.152982162169012170e-01
9.404992208688867095e-01
9.533999970588210582e-01
9.637113757252750990e-01
9.836126281231416524e-01
1.001999108646565384e+00
1.013715238724726131e+00
1.023243834112442574e+00
1.023069131922958119e+00
1.026387163697030536e+00
1.034325888758402812e+00
1.026475567328403393e+00
1.027324358528899362e+00
1.008212813443396971e+00
1.001773378525197655e+00
9.974117489939495762e-01
9.954633472125838933e-01
9.841705362397998869e-01
9.844934940128011736e-01
9.788796502578003267e-01
9.754151979404449557e-01
9.798816402132036751e-01
9.741668970968681007e-01
9.884519833865607064e-01
9.992520304358769589e-01
9.991523024971175060e-01
1.005752162547518758e+00
1.005875618891198586e+00
1.014914457399651138e+00
1.016115642795666796e+00
1.010176543667850924e+00
1.002830610034729286e+00
1.018213885285014886e+00
1.013099466611263377e+00
1.007958513649451326e+00
1.008075996220298087e+00
1.005614113560340250e+00
1.005559905763312445e+00
9.961298497185200329e-01
9.941540328613844846e-01
9.967398058329568489e-01
9.988300250420787396e-01
9.943401488679860512e-01
9.908415956413900716e-01
9.899253504346910981e-01
9.898031758172501915e-01
9.929125362319675130e-01
9.978824455971218033e-01
9.909422451478214766e-01
9.917016662919808656e-01
1.002824420463644950e+00
9.993415270697243447e-01
1.000412746162304689e+00
1.000795904231076783e+00
1.004042942395662497e+00
1.003293377155558996e+00
1.001906294252876028e+00
1.001027415526827724e+00
1.000325101653355864e+00
1.001231152375454014e+00
1.002930697348202393e+00
1.000429366555812383e+00
1.002446897515761659e+00
1.003496145786194838e+00
1.002732155066724307e+00
9.972029565724943589e-01
9.935747281700463285e-01
9.944237944867717616e-01
9.983814781062265720e-01
9.978539268947974605e-01
9.948682230037645402e-01
9.960314530842732106e-01
9.998217869906642630e-01
9.984636816969585382e-01
9.939198242324702726e-01
9.964713333338210965e-01
9.998908899164075104e-01
1.002535068093181714e+00
9.999048207179533909e-01
9.969466721122944852e-01
9.981383083060663131e-01
1.000023217938971865e+00
9.987211424064954546e-01
9.997476911345977157e-01
1.001963424016197202e+00
9.993554394019588116e-01
1.003519317280363365e+00
9.987710778253559019e-01
9.986670483189409309e-01
9.981086498732231194e-01
9.995085115500563777e-01
9.995909748508274850e-01
1.001018820549213650e+00
9.971240287479561371e-01
1.001330704147366468e+00
1.002354518773423520e+00
9.970183998659236657e-01
9.981719307937063634e-01
1.001667254360829151e+00
1.002932713288111843e+00
1.001510524444231720e+00
9.953781114109926387e-01
9.974242061649846169e-01
9.964061454451366151e-01
1.001294698570144082e+00
9.954856687625474043e-01
9.996468629378898463e-01
1.000634222171565835e+00
9.975708505679428129e-01
9.976200940332998757e-01
9.982945018508549984e-01
9.996492278169246681e-01
9.992841181506895154e-01
9.986827121167213273e-01
9.977362970381711271e-01
9.957250791171136095e-01
1.001006007987781166e+00
9.982057447520872318e-01
9.998155656181828554e-01
9.971092052536127959e-01
9.978787248751065375e-01
9.989057391087672322e-01
9.950857093133492759e-01
9.982855499898698470e-01
9.979640528965857404e-01
9.945192369625670548e-01
1.000039086199584926e+00
9.986562468213213695e-01
9.958003920741940185e-01
9.985855138416582788e-01
9.961544297822118033e-01
9.978660383588943139e-01
9.963906655304994864e-01
9.964711384850100107e-01
9.983601274397939651e-01
9.968290224543181477e-01
9.999746576721765257e-01
9.978450056216595643e-01
9.984995017549029850e-01
1.000305522035291439e+00
9.999486220471437425e-01
9.996362165466392558e-01
1.000626508921767410e+00
1.000715928101610253e+00
9.974245120120345254e-01
1.000025001147520909e+00
1.000047908995422175e+00
1.000086222142902548e+00
9.985836699234237335e-01
9.980751235961180523e-01
9.988965640803667556e-01
9.999575222849792500e-01
1.001872198482559817e+00
9.992445322849697886e-01
9.989137672164870585e-01
1.002718813624286609e+00
1.002499368030382643e+00
9.994710778050970301e-01
1.000047981527482532e+00
1.001379424627012904e+00
1.002576622322074007e+00
1.001074602100574307e+00
9.993284813726397431e-01
9.979572155542049128e-01
1.000200208862435991e+00
9.975427925322267741e-01
1.000193111815184110e+00
9.992153334949784860e-01
9.957709814696801276e-01
9.991892799332098285e-01
1.000708949871458753e+00
1.001683056963595053e+00
9.967535275979881870e-01
9.997716677569467025e-01
9.992317100864717139e-01
9.979964534400564968e-01
9.994269601916485612e-01
9.974942523816795470e-01
9.981469252502311873e-01
9.980959431674643056e-01
9.981798131937088536e-01
1.000501392528592159e+00
9.967765779280249872e-01
9.972051205090050052e-01
9.986098417217975642e-01
9.990798090949567500e-01
9.970801720134774282e-01
9.975555161072072741e-01
9.987560508194034403e-01
9.980198855523865209e-01
9.970181120719617818e-01
9.985803783368114583e-01
9.980811312154255210e-01
9.992845395018921106e-01
9.995034705235624761e-01
9.979096835773233476e-01
9.896671996641698277e-01
9.792614835040345245e-01
9.671807093309207071e-01
9.563475154469619488e-01
9.472250285942143133e-01
9.343526913022541791e-01
9.242134014735734482e-01
9.147879508183600628e-01
9.043258260024941153e-01
8.907629786631636737e-01
8.825116088881813647e-01
8.721558305453135373e-01
8.595157047227092173e-01
8.505472950555161837e-01
8.389783623002349255e-01
8.290347304264511497e-01
8.196928788926115539e-01
