0.000000000000000000e+00
0.000000000000000000e+00
0.000000000000000000e+00
0.000000000000000000e+00
0.000000000000000000e+00
0.000000000000000000e+00
0.000000000000000000e+00
0.000000000000000000e+00
0.000000000000000000e+00
0.000000000000000000e+00
0.000000000000000000e+00
0.000000000000000000e+00
0.000000000000000000e+00
0.000000000000000000e+00
0.000000000000000000e+00
0.000000000000000000e+00
0.000000000000000000e+00
0.000000000000000000e+00
0.000000000000000000e+00
0.000000000000000000e+00
0.000000000000000000e+00
0.000000000000000000e+00
0.000000000000000000e+00
0.000000000000000000e+00
0.000000000000000000e+00
0.000000000000000000e+00
2.517691670335448287e-02
4.865578408235998187e-01
1.684691737528120736e+00
2.152095840428259965e+00
1.547473070096851089e+00
8.850542929882779797e-01
4.947266515634535788e-01
3.386017879431681976e-01
2.877656010634092598e-01
2.698587250851199326e-01
2.742352661555995663e-01
2.873233416346153146e-01
2.768865242217838918e-01
2.681610017743713548e-01
2.620433546066012198e-01
2.949167597491530457e-01
3.497826853955985915e-01
4.544548328817141214e-01
5.876366096713175891e-01
7.610707490626644756e-01
9.412125810262290670e-01
1.111850133616058001e+00
1.240784385341206164e+00
1.367404891431660774e+00
1.457567952782703458e+00
1.546660550524502353e+00
1.587098023742962827e+00
1.586464282674747261e+00
1.524767079590308327e+00
1.429936838146180778e+00
1.289719249445075544e+00
1.159681120680726041e+00
1.069118848950210809e+00
9.996642576780352396e-01
9.315018051129617671e-01
9.149468591597064160e-01
8.929908398338469722e-01
8.964601561174312394e-01
8.914418997024528002e-01
8.994044374712312218e-01
9.080193257228029724e-01
9.263552257642552190e-01
9.429612898043800984e-01
9.514364293092844038e-01
9.686501183059912368e-01
9.820252338271715509e-01
9.863790041591499191e-01
1.013176792556386818e+00
1.020531251128580674e+00
1.028968940182725555e+00
1.036895819947677211e+00
1.034753755084069304e+00
1.023758830223362004e+00
1.019508894429564050e+00
1.021140309131650437e+00
1.006884117218054930e+00
9.986858586236061486e-01
9.900964224336824548e-01
9.813484238510098434e-01
9.734551580224125589e-01
9.706860579387422971e-01
9.783728127629949256e-01
9.791448522097435658e-01
9.791968081100589361e-01
9.811663409103094091e-01
9.900213594519788884e-01
9.952784642446101948e-01
1.002281390425332930e+00
1.007261724251424573e+00
1.004702100531839282e+00
1.008183922561581181e+00
1.017423966860411033e+00
1.015793501941040011e+00
1.010756782143000132e+00
1.010620331000410932e+00
1.012539000890275931e+00
1.010738140604276802e+00
1.002007284165416623e+00
1.000252456446630189e+00
9.975576809036951209e-01
9.971925659412118614e-01
9.925588630553825453e-01
9.918568559211764502e-01
9.894052457018555069e-01
9.895110417470354136e-01
9.930381052453027824e-01
9.916055526152179889e-01
9.931829866166240750e-01
9.955253853198083869e-01
9.911545346255781208e-01
9.971495787464766947e-01
9.959329571709503170e-01
1.000472447387023900e+00
9.946877985981438242e-01
9.993111894389453687e-01
1.001095173477448919e+00
9.998868713290921528e-01
9.992421279928005440e-01
9.965333652531404018e-01
9.997114595660238079e-01
1.001452566489623219e+00
9.953896930092589468e-01
1.004960926851313774e+00
1.000393723297999804e+00
9.947147236798988823e-01
9.969571171425042344e-01
9.957036560416808735e-01
9.973295326891512547e-01
9.916253868459184995e-01
9.975374044891432979e-01
9.940380187481840935e-01
9.968890522214839400e-01
9.937495929754820434e-01
9.933129362514775407e-01
9.962891239320103010e-01
9.940710493097336675e-01
1.002455479148635309e+00
9.949704905615666117e-01
9.969984578217097049e-01
9.972731824642915299e-01
1.000992603081846566e+00
1.001236290019118291e+00
9.946837964108339314e-01
1.001688685550226943e+00
9.977494524887379201e-01
9.944385192211889768e-01
1.000165456726497037e+00
9.999514514699577861e-01
9.956208774657666627e-01
9.975491378298434464e-01
9.968345351806482402e-01
9.982449525931491596e-01
9.993917138765994190e-01
9.997044937610281012e-01
1.000441828482510509e+00
9.983221271179856249e-01
1.001168401959034338e+00
9.996333899341235396e-01
1.002617077941543755e+00
9.993321136191593013e-01
9.997019781790112969e-01
1.003791324140392405e+00
9.995352804951840309e-01
1.001942482826886138e+00
9.987918975519582965e-01
9.966014934654593427e-01
1.001950018505715745e+00
9.995938098089318657e-01
1.001164470715935062e+00
9.984845769936082638e-01
9.999170024829625580e-01
9.969403320983620809e-01
9.979885563510995095e-01
1.001999808166783357e+00
9.974626669430110004e-01
1.000016085173246916e+00
9.972600013725777535e-01
9.966920056137956729e-01
1.000263060425896411e+00
9.977883660063247007e-01
9.989636047576485600e-01
1.001166484273667612e+00
1.001426638969021843e+00
1.000539442952726565e+00
9.985993657186489347e-01
1.001640502752930928e+00
1.000649102239387522e+00
1.000828232897920778e+00
1.000753136027473511e+00
9.987686742733377088e-01
1.000001884337199165e+00
9.985452220859686312e-01
9.988954981986503112e-01
9.990921183652295978e-01
9.989360238729959596e-01
9.984351736438864533e-01
9.978683662370727570e-01
9.988260111364180016e-01
1.000072419846187000e+00
1.000814249182066407e+00
9.988527846659704945e-01
9.958452789036876807e-01
9.977838980437229166e-01
9.997921563343893370e-01
9.987574046848795017e-01
9.993983848795349179e-01
1.000531312832395159e+00
1.000337899673292341e+00
1.001953710688810562e+00
9.999195574735796344e-01
9.981000303045920452e-01
9.987129907484442182e-01
9.993618338020502367e-01
9.994666798199071112e-01
9.996636031616231710e-01
1.002199064950484608e+00
9.994971310765943251e-01
9.976265972843284535e-01
9.992139757102375119e-01
1.001024134123894127e+00
9.961890286389316618e-01
9.970050907012661945e-01
9.999691064253115602e-01
9.967546788099113098e-01
1.001523015394015337e+00
9.985247314425953480e-01
9.977540254852127477e-01
9.971600165010030548e-01
9.970396230858019626e-01
9.965427930272769963e-01
9.985351909191189090e-01
9.970050504138885383e-01
9.992508278236648112e-01
1.002218874077031030e+00
9.996491722830579407e-01
9.950778780454418992e-01
9.986218399636334064e-01
9.977251343588132704e-01
9.990610642677142383e-01
9.968952745729611209e-01
9.975253922896901715e-01
9.965836963598172504e-01
9.975278002345067119e-01
9.971992807082297183e-01
9.989777765174751023e-01
9.992396239007462766e-01
9.992805681989327393e-01
9.984186829113963491e-01
9.959310751142869123e-01
9.988289354042698687e-01
9.986643020235799195e-01
9.972072671715036529e-01
9.984691961545827388e-01
9.976969484386372100e-01
9.965244382615167096e-01
9.971078869450790139e-01
9.992900259124439799e-01
9.880509270042062697e-01
9.787972714361075077e-01
9.673985065043421150e-01
9.558185704690005391e-01
9.428890356203273315e-01
9.321575388638938531e-01
9.244221531721033003e-01
9.108360686214053148e-01
9.018098204196556278e-01
8.924259199923187946e-01
8.808558284373610991e-01
8.690535253631661572e-01
8.601867247532483107e-01
8.486669423357765529e-01
8.401681014663264779e-01
8.297669162587424374e-01
8.207603728005290478e-01
