0.000000000000000000e+00
0.000000000000000000e+00
0.000000000000000000e+00
0.000000000000000000e+00
0.000000000000000000e+00
0.000000000000000000e+00
0.000000000000000000e+00
0.000000000000000000e+00
0.000000000000000000e+00
0.000000000000000000e+00
0.000000000000000000e+00
0.000000000000000000e+00
0.000000000000000000e+00
0.000000000000000000e+00
0.000000000000000000e+00
0.000000000000000000e+00
0.000000000000000000e+00
0.000000000000000000e+00
0.000000000000000000e+00
0.000000000000000000e+00
1.305118213372031085e-05
3.659340694174184616e-02
1.077042567824745278e+00
3.512637093382383835e+00
3.453497486410813888e+00
1.907986546215176826e+00
8.675006357385898204e-01
3.993981829121897587e-01
2.034603140436930802e-01
1.253508660730160151e-01
1.918415006012153257e-01
7.298645640036168780e-01
1.524745182503545404e+00
1.782585784773254689e+00
1.491741719223754092e+00
1.092644025898984461e+00
8.267433409340438910e-01
7.162677454229607887e-01
7.069118801886038472e-01
7.553206045658857892e-01
8.352645016562382230e-01
9.222306364222399022e-01
1.002798436363617096e+00
1.076773082407878501e+00
1.130309766004641947e+00
1.173331763702754715e+00
1.194502356872197302e+00
1.198966727160219570e+00
1.184399551924200766e+00
1.158607728868525255e+00
1.116604663076829151e+00
1.083144859071883515e+00
1.054655889056262508e+00
1.022757477700127149e+00
9.973258565121174701e-01
9.758621713611367321e-01
9.587131784459558270e-01
9.466760999286669698e-01
9.367621890804550544e-01
9.310201670348140501e-01
9.307585281629404683e-01
9.321825449049976342e-01
9.417283113274039774e-01
9.511117089490509491e-01
9.602284690261861932e-01
9.724500064956538292e-01
9.805007512406535009e-01
9.873838119675991676e-01
9.936896342045774544e-01
9.990764088221791850e-01
1.002796329339491477e+00
1.008211883532170283e+00
1.010243978899527884e+00
1.010823224375878127e+00
1.013106870940934545e+00
1.014743413767329461e+00
1.013848996897565691e+00
1.012251549193860845e+00
1.010794960598845105e+00
1.009209793329961080e+00
1.006745882417421134e+00
1.006225780779447909e+00
1.004167898191531405e+00
1.003385970672855176e+00
1.001941621858452702e+00
1.001852319309298078e+00
9.995915902744071380e-01
9.993544041050834714e-01
9.997474425325469927e-01
9.986387191817188702e-01
9.971852359511170771e-01
9.963682246026540623e-01
9.965304065918388909e-01
9.949843676658598479e-01
9.966809734571865365e-01
9.934265016363831302e-01
9.958870991957130547e-01
9.964651640422411694e-01
9.968349403193245140e-01
9.968257191835825370e-01
9.972538586373913549e-01
9.989078086796048250e-01
9.991177188350265359e-01
9.991392042676511265e-01
1.001075713197397299e+00
1.001017798923076407e+00
1.000702339631040827e+00
1.001108747890002482e+00
1.002237525335031521e+00
1.001530406555555253e+00
1.001120407322034334e+00
1.002012578304904755e+00
1.001609245416317462e+00
1.000222609451722589e+00
1.000396784918206050e+00
1.001363690414614371e+00
9.996784807168015430e-01
1.000562765315792024e+00
9.989719764433809823e-01
9.992659434398865059e-01
9.993955952539077536e-01
1.000001746996526331e+00
9.993118568590513284e-01
9.989245585411441475e-01
9.998254133312911573e-01
1.000292184989379107e+00
9.996590694925653331e-01
9.993100765243482231e-01
1.000519601947854609e+00
9.993647019904030593e-01
9.998583290209684948e-01
1.000329909846191079e+00
9.991638572821142095e-01
1.000347109730117090e+00
1.000105742037913359e+00
1.000195149965144470e+00
1.001589902540815036e+00
9.992741070861672625e-01
1.001185694108787771e+00
9.994413192763650367e-01
1.000580455996568530e+00
1.000890924843016228e+00
1.001646086378768841e+00
1.000525604899354271e+00
9.997570404155570190e-01
1.001063189929844777e+00
1.000290891365664514e+00
9.991965517492503723e-01
9.995080856864292373e-01
9.996170936082394709e-01
9.997841519234245133e-01
9.996627656978630538e-01
9.996774757515537457e-01
9.989485284245427366e-01
9.992308739542983265e-01
9.997214652290293824e-01
9.998131223479893581e-01
9.999972265429430962e-01
1.000497148990193930e+00
9.995875610923460330e-01
9.997081235953342304e-01
1.000749591294032959e+00
1.000377444249224590e+00
1.000796885755043553e+00
1.000351117054611549e+00
1.001018680362439017e+00
1.000999877223744727e+00
1.000843097311575169e+00
1.000545900926013587e+00
1.000261066262342124e+00
1.000341862448069552e+00
1.000843111666565699e+00
9.997902954199280323e-01
1.001183853908971910e+00
1.000705164419954274e+00
1.000549579831801372e+00
1.000190098083421963e+00
9.999294496150239464e-01
1.000197405458508770e+00
9.997861037228565895e-01
9.995090566232255336e-01
9.999657465308173787e-01
1.000548109165506849e+00
1.000763372510181437e+00
9.996536564824398674e-01
1.000060040970718545e+00
9.991708299781009162e-01
9.999997370289901433e-01
1.000469702300017305e+00
1.000396688351964603e+00
1.000705876673948724e+00
1.000370959691331496e+00
9.997368605779092254e-01
1.000542636838943178e+00
1.000074852323994401e+00
1.000713806832550956e+00
1.000320172123790652e+00
1.000120579393356302e+00
9.998483277572041139e-01
9.999901142473863747e-01
1.000848849140119290e+00
9.996503169746147055e-01
9.996657952310641360e-01
1.000014997381769577e+00
1.000307348241379568e+00
1.000482360412852101e+00
1.000369204591127437e+00
1.000291001236218280e+00
9.999261094879958733e-01
9.998165627902754204e-01
1.000085640225039540e+00
1.000243619991550315e+00
1.000685630045798247e+00
1.000221485317685399e+00
9.995076236535169745e-01
1.000400788749467251e+00
1.000515174983370947e+00
9.999736879483441809e-01
9.998984072528565026e-01
9.992726619711466141e-01
9.999645309098391666e-01
9.997520722109326519e-01
1.000367906913762317e+00
1.000277959814045214e+00
9.998946723098321998e-01
9.998376428357840240e-01
1.000609319418317433e+00
1.000682259801275231e+00
1.000051567722994639e+00
9.996424627357380910e-01
9.999535464579314414e-01
1.000092984483889058e+00
9.998184549860414938e-01
1.000309620335081640e+00
9.999719468414499657e-01
1.000115609795073635e+00
1.000357422872686142e+00
9.997286593893415230e-01
9.998944246959211579e-01
9.993966165078486119e-01
9.999451894840438726e-01
1.000536019053077874e+00
1.000409678553582760e+00
9.996116850802635456e-01
1.000137725125049837e+00
9.998353490234654917e-01
9.998510073471174042e-01
1.000804282705737069e+00
1.000254634950770827e+00
9.997884355366812859e-01
1.000030218264266635e+00
1.000146351753777862e+00
1.000369272279745259e+00
9.997564765672092291e-01
1.000098874189499831e+00
1.000316887191812887e+00
1.000290901201244642e+00
1.000122708793390602e+00
9.995256435381022486e-01
9.999419263565025862e-01
1.000084458194032244e+00
9.999106156963357694e-01
9.995332506684732055e-01
9.909834750102468615e-01
9.799253546790304137e-01
9.682362686236037908e-01
9.572672929539887132e-01
9.467785050159939209e-01
9.355772146310852300e-01
9.243858839249143866e-01
9.144323046135262034e-01
9.026499304211937913e-01
8.925400170617636686e-01
8.818080788798062786e-01
8.709814731374659891e-01
8.608313382094476829e-01
8.504393976611438477e-01
8.401143552594104724e-01
8.307278675460411099e-01
8.195782362459470560e-01
