0.000000000000000000e+00
0.000000000000000000e+00
0.000000000000000000e+00
0.000000000000000000e+00
0.000000000000000000e+00
0.000000000000000000e+00
0.000000000000000000e+00
0.000000000000000000e+00
0.000000000000000000e+00
0.000000000000000000e+00
0.000000000000000000e+00
0.000000000000000000e+00
0.000000000000000000e+00
0.000000000000000000e+00
0.000000000000000000e+00
0.000000000000000000e+00
0.000000000000000000e+00
0.000000000000000000e+00
0.000000000000000000e+00
0.000000000000000000e+00
0.000000000000000000e+00
0.000000000000000000e+00
0.000000000000000000e+00
0.000000000000000000e+00
0.000000000000000000e+00
0.000000000000000000e+00
2.742665800499296050e-02
4.247318306719672920e-01
1.542526274656254470e+00
1.917256119757810628e+00
1.401045931990158255e+00
7.943019718695952802e-01
4.312026355797605182e-01
2.974927589010046836e-01
2.327675156072759044e-01
2.382108182237369642e-01
2.227090819002971733e-01
2.352023345761099227e-01
2.387634259156672656e-01
2.208422444173782639e-01
2.286945929669609023e-01
2.526012933268034222e-01
3.160408277908631214e-01
4.068641159243844840e-01
5.468722440808533314e-01
7.266621647102722292e-01
9.186319329634469177e-01
1.062573357788798134e+00
1.225830205030077558e+00
1.330852190330563456e+00
1.437891977870659810e+00
1.519556476896399611e+00
1.578273236484519781e+00
1.564554219350400732e+00
1.514676779800238071e+00
1.403232321453903086e+00
1.275680664805903364e+00
1.147425264017656099e+00
1.052418687073523484e+00
9.904665398001556431e-01
9.360945065028933865e-01
8.903135251205235301e-01
8.899453031018119686e-01
8.790736234062229704e-01
8.896291941278423598e-01
9.001783706849455502e-01
9.135672517750221822e-01
9.102720339443493014e-01
9.333581471369570837e-01
9.450404444834672457e-01
9.663761133094969091e-01
9.935022965818047780e-01
9.902346075443597684e-01
1.008457572368694155e+00
1.019742930031898753e+00
1.029158927870895024e+00
1.026300365993801034e+00
1.034680963149253952e+00
1.029390211038490488e+00
1.019295659123260478e+00
1.001545345159777112e+00
9.998205257232658516e-01
9.875074665456989864e-01
9.737916323895343673e-01
9.773394630808864836e-01
9.767296221441253978e-01
9.610641707932238154e-01
9.764785732004930274e-01
9.739627580817670216e-01
9.640764796866693187e-01
9.833221263535205647e-01
9.873708724560099625e-01
9.893783484720419796e-01
9.928995398749761447e-01
9.951358116479382954e-01
9.923677175478661239e-01
1.006716733951812159e+00
1.004981983380763166e+00
1.007882694286619030e+00
1.007339517241422566e+00
1.006695333090816602e+00
1.014209684098090758e+00
1.002702546251777571e+00
1.003418296982405700e+00
9.974554148960778077e-01
1.002532951545045847e+00
1.003041940040588553e+00
9.978529231201164196e-01
9.959895025081404452e-01
9.820840100338357193e-01
9.904271590244974055e-01
9.862321685188272236e-01
9.851038606970352607e-01
9.857802112623730295e-01
9.863866461690925513e-01
9.937669662971594375e-01
9.894672292361970101e-01
9.930331633126097124e-01
9.901030556642611558e-01
1.002132875411539059e+00
9.968116653638385838e-01
1.000557667902932879e+00
1.002519010491178308e+00
9.984687445278263018e-01
9.954355050103277369e-01
9.989067894581051821e-01
1.007628039649401286e+00
9.898614109648323778e-01
1.000662511808705357e+00
9.978795703990053223e-01
9.938187576731133399e-01
9.976869497948032128e-01
9.944321281656862688e-01
9.977674886956682254e-01
9.958281999632521142e-01
9.970906707593644169e-01
9.999846520733619570e-01
1.000744203399823062e+00
1.000130009825765720e+00
9.941413587156439080e-01
9.986298213025122106e-01
9.976838263687196617e-01
9.969438096218222745e-01
9.972424052128119332e-01
1.001462841839609874e+00
9.978910311764517260e-01
1.000768841049948898e+00
9.996762596933573830e-01
9.980899087532031366e-01
9.992421855857047674e-01
9.961438929800020547e-01
1.004196101140089503e+00
9.968423736123653844e-01
9.936324604790862658e-01
9.980432497867079977e-01
9.973422146106720731e-01
9.996440073057953901e-01
9.970224886037294398e-01
9.974078841740272594e-01
9.965733328898854770e-01
9.903042180266405925e-01
9.907751908264812446e-01
9.936501184828229194e-01
9.916351949278339184e-01
9.928960317629628163e-01
9.982310461215690989e-01
9.914139505696740740e-01
9.968243564187238004e-01
9.958691820135240347e-01
9.970884257638169546e-01
9.891547946011189918e-01
9.955079000575022263e-01
9.982343497259417164e-01
9.971476756836237243e-01
9.988126281580217425e-01
9.956433990876768503e-01
9.978530825582984098e-01
9.949846803778998883e-01
9.987984214325263954e-01
9.951526603872601351e-01
9.990151403729344848e-01
9.971329979493147588e-01
9.949691198181707108e-01
9.935846974935458320e-01
9.971103166931815087e-01
9.950401472003915782e-01
9.968895048990825680e-01
9.989196327110519968e-01
9.988683998275952325e-01
9.962160192486742005e-01
1.000266068914595019e+00
9.978689390737220943e-01
9.949161788071189116e-01
9.934572214464566509e-01
9.944340837653335985e-01
9.971208064315522090e-01
9.953073532320193539e-01
9.961431200554050625e-01
9.951091644653755619e-01
9.923738919986624385e-01
9.976344945472926939e-01
9.918782514159035779e-01
9.960609778487903299e-01
9.929581037138964783e-01
9.914593187671282282e-01
9.934212017929979766e-01
9.948515099183002919e-01
9.888240940548544966e-01
9.919744626533569809e-01
9.917215047226921598e-01
9.927678618298304558e-01
9.927105576552210930e-01
9.958463126382716135e-01
9.924257911811862343e-01
9.924510135926003507e-01
9.948714497886581576e-01
9.923232157993338021e-01
9.949456407040216943e-01
9.897963433066397920e-01
9.940725341430673989e-01
9.974142314561824652e-01
9.948651013088359862e-01
9.944240846925787025e-01
9.949560617826141984e-01
9.944353812803300441e-01
9.962839187288309306e-01
9.963278699823359119e-01
9.954678912636034660e-01
9.979722105949053734e-01
9.984520522544044763e-01
9.994756273558980109e-01
9.955357235559382234e-01
9.972847907111994648e-01
9.956414393908430416e-01
9.968098134849268099e-01
9.944527572060559706e-01
9.967787017636736691e-01
9.956084146881868380e-01
9.994509637078038411e-01
1.000521777550462232e+00
9.978029055740936792e-01
9.985275657410764838e-01
1.000751523260587028e+00
9.969492811413248612e-01
9.949918065853896598e-01
9.994187069521609512e-01
9.960719316155720593e-01
9.995756836430156334e-01
9.953374781043251573e-01
9.956952811125456826e-01
9.972528524636293801e-01
9.965147960099989266e-01
9.972189426213047270e-01
9.998066552429341058e-01
9.983937075568406483e-01
9.985310414458722361e-01
9.996059054206354322e-01
9.959740876362790374e-01
9.979503334188161157e-01
1.000132418861650718e+00
9.989141760562487704e-01
9.992388470809783207e-01
9.975049785707681416e-01
9.941852813359385310e-01
9.960156722336762636e-01
9.992477529302910000e-01
9.981350793848641212e-01
9.976419262607658656e-01
9.990608508727051307e-01
9.989391132857708966e-01
9.995124995503733567e-01
9.964710301414521076e-01
9.860894611621486838e-01
9.807489829035750395e-01
9.680154263991969099e-01
9.551919085324738212e-01
9.465137360877642347e-01
9.340899758079918014e-01
9.233100305776206218e-01
9.108419777453108379e-01
