0.000000000000000000e+00
0.000000000000000000e+00
0.000000000000000000e+00
0.000000000000000000e+00
0.000000000000000000e+00
0.000000000000000000e+00
0.000000000000000000e+00
0.000000000000000000e+00
0.000000000000000000e+00
0.000000000000000000e+00
0.000000000000000000e+00
0.000000000000000000e+00
0.000000000000000000e+00
0.000000000000000000e+00
0.000000000000000000e+00
0.000000000000000000e+00
0.000000000000000000e+00
0.000000000000000000e+00
0.000000000000000000e+00
0.000000000000000000e+00
0.000000000000000000e+00
3.817476650509009362e-02
1.080372048221332593e+00
3.505759123830005208e+00
3.441917601895191137e+00
1.889168550069547647e+00
8.550702103465207538e-01
3.840132004369325447e-01
1.933424740966001032e-01
1.168516505632273689e-01
1.860661123264105155e-01
7.224264631065638875e-01
1.514261030775370109e+00
1.758792730212478395e+00
1.467423160173001451e+00
1.068214316977056599e+00
8.012589624517922893e-01
6.862088547018339035e-01
6.710583024834535504e-01
7.205402448452171704e-01
8.069890559898872384e-01
9.012519431555605642e-01
9.903343951323467786e-01
1.067934736562102360e+00
1.131089313412459996e+00
1.179605972362248067e+00
1.208379775674371492e+00
1.214936023736256976e+00
1.204125581181610727e+00
1.173798465943856506e+00
1.136550801412783418e+00
1.095455394909391700e+00
1.057714268740692409e+00
1.028068777945064571e+00
1.003306082106158348e+00
9.798946603546007106e-01
9.616719135353579695e-01
9.492074222552531193e-01
9.366553401291618508e-01
9.308040444556479054e-01
9.279198476342022106e-01
9.298589267272489023e-01
9.359816469235284764e-01
9.435854211032985717e-01
9.555123618768764926e-01
9.662586840461783178e-01
9.765682626003178157e-01
9.862286649431764030e-01
9.946097265881743699e-01
1.002588031983050465e+00
1.008628400626539801e+00
1.013174873132919318e+00
1.015736831173000843e+00
1.018099086706713008e+00
1.015706352652200772e+00
1.017853879262188732e+00
1.017916914519475968e+00
1.013776593229702705e+00
1.011912313487667525e+00
1.008482399373174410e+00
1.006647041053419622e+00
1.002100770588441714e+00
1.002871920745495915e+00
9.996138134827780020e-01
9.997802864871362383e-01
9.997565893095102796e-01
9.968213837581296755e-01
9.980732687574610518e-01
1.000146871813716754e+00
9.970429758410496168e-01
9.973660613004331488e-01
9.961925018840844803e-01
9.974411169631915985e-01
9.966751657968295763e-01
9.962413943559118579e-01
9.964591048601896262e-01
9.953471056872450484e-01
9.980921355918758175e-01
9.986124404901612905e-01
9.969152793233955201e-01
9.992990059038607820e-01
9.983679533634194359e-01
9.985305747092945161e-01
9.994247361248299599e-01
9.990792419290411841e-01
9.980434556658276390e-01
1.000479019052423313e+00
9.999281790648976154e-01
1.001823117027648147e+00
1.000727156329548784e+00
1.000845317081588970e+00
1.001395658304836456e+00
1.000752507009340375e+00
1.001065316105351100e+00
1.001958503559332581e+00
1.002224904059726418e+00
1.000966006272713038e+00
1.001262051722755286e+00
1.000808329298204624e+00
1.000771170313091485e+00
1.000732499658302688e+00
1.001427597198217168e+00
9.986311440215058788e-01
1.000805820494975018e+00
1.000892139712404649e+00
1.000738756960195319e+00
1.000482187729516692e+00
9.993433299683267546e-01
9.994908604764259907e-01
1.000195675264156536e+00
9.987559428350115676e-01
9.997737063937155444e-01
9.983032349195408717e-01
9.991358387303436173e-01
1.001294331651389147e+00
1.000142121102948423e+00
9.995455659765445366e-01
9.995798215070472725e-01
1.000821620138916179e+00
1.000132560370640133e+00
9.989240144373460195e-01
1.000550230075890834e+00
1.000322889515667946e+00
1.001263270884773293e+00
1.001603727881621442e+00
1.000677603188940168e+00
1.001459270972458127e+00
1.001076343636662092e+00
1.001475806492562848e+00
1.000624853218763377e+00
1.001132189771271275e+00
1.000112787321757013e+00
9.998760019489105755e-01
9.995922936572971818e-01
1.000508670924246335e+00
1.000413367884407378e+00
9.984176675641428522e-01
9.998645496688751688e-01
1.000359136882004618e+00
9.999307395198444581e-01
9.987441937838286155e-01
9.990535582996821207e-01
9.993648595413141544e-01
9.994205752907244777e-01
9.995704139027431490e-01
1.000067276070441658e+00
9.998101112590586093e-01
9.999020831838956180e-01
1.000383660942529396e+00
1.000368986767393498e+00
1.000261487749031897e+00
1.001010843671860995e+00
1.001064144184829363e+00
1.000907264765888982e+00
1.000919698309482575e+00
9.995929539445373990e-01
1.000399635440466062e+00
1.000227412364194768e+00
9.998271393386929384e-01
1.000308304657778091e+00
9.998277813065037378e-01
1.000211021067750616e+00
1.000371857503516981e+00
9.999583285573591107e-01
9.999323547175373861e-01
9.997022153822596735e-01
1.000344109677469673e+00
9.997113250032196863e-01
9.994128463056136669e-01
9.995943119832956247e-01
9.990208850085995351e-01
9.997805059347745216e-01
1.000541557853052099e+00
9.995259644999816562e-01
1.000112410810434449e+00
1.000326425283252663e+00
9.997477514162543821e-01
1.000564686139634007e+00
1.000208056305886162e+00
9.999695344274914799e-01
9.999749717193026077e-01
1.000624582878870905e+00
9.993067967017708053e-01
1.000208794402748458e+00
1.000525695812835902e+00
9.997906136431079505e-01
9.997092942086317491e-01
1.000023443673503820e+00
9.996350963436966275e-01
1.000517443611670609e+00
1.000335436725798832e+00
9.999116407847205013e-01
1.000794112859167306e+00
1.000117528576080606e+00
9.998627626417047054e-01
1.000632384514662077e+00
1.000345874207736241e+00
9.994929717147060799e-01
9.998944923853657629e-01
9.997165738920481548e-01
1.000083946499565668e+00
9.994705480349809212e-01
9.999370471193589349e-01
9.999115424552520448e-01
9.998427799127802551e-01
1.000086162435248394e+00
1.000330254508346561e+00
1.000137069650227417e+00
9.997593160473917662e-01
9.999124567614124937e-01
9.994597016745886409e-01
1.000676111788072253e+00
1.000390226188243359e+00
9.999034044024210921e-01
1.000186860661231636e+00
1.000087593919573914e+00
9.999159063428911809e-01
1.000350235680256716e+00
1.000354750148774619e+00
9.998423078613273285e-01
1.000326530441019157e+00
1.000364569688460437e+00
1.000057229063390007e+00
1.000193151737278852e+00
1.000300781441584963e+00
9.997169967083946451e-01
9.999709952809182623e-01
1.000359026939018570e+00
1.000045367339650326e+00
1.000272084720703836e+00
1.000048843153752420e+00
1.000109559577552876e+00
9.996417667026414877e-01
1.000258834169136968e+00
1.000498281318724203e+00
9.996037464105537174e-01
1.000187906414919281e+00
1.000392286812873621e+00
1.000166286166773943e+00
1.000026213208244918e+00
1.000076252939776422e+00
9.998143073518406254e-01
1.000257192331627687e+00
9.999707991206440161e-01
1.000053022821718818e+00
9.999517714616850128e-01
9.998324580949552454e-01
1.000375035260896883e+00
1.000184771782987037e+00
1.000185001135579954e+00
1.000015881638066206e+00
9.990098885603044820e-01
9.892941455871282486e-01
9.787235077972440411e-01
9.680368348202466056e-01
9.573981082348960170e-01
9.463363435875814522e-01
9.357238701748176180e-01
9.250276717707828222e-01
9.151445572180531007e-01
