0.000000000000000000e+00
0.000000000000000000e+00
0.000000000000000000e+00
0.000000000000000000e+00
0.000000000000000000e+00
0.000000000000000000e+00
0.000000000000000000e+00
0.000000000000000000e+00
0.000000000000000000e+00
0.000000000000000000e+00
0.000000000000000000e+00
0.000000000000000000e+00
0.000000000000000000e+00
0.000000000000000000e+00
0.000000000000000000e+00
0.000000000000000000e+00
0.000000000000000000e+00
0.000000000000000000e+00
0.000000000000000000e+00
0.000000000000000000e+00
0.000000000000000000e+00
3.784865381458715761e-02
1.081438326083803414e+00
3.501854332920799173e+00
3.433709072237232540e+00
1.888745924326975967e+00
8.513834569165704691e-01
3.841057244306574914e-01
1.956399656057361547e-01
1.184926093749403830e-01
1.871188735474497156e-01
7.174739391397589872e-01
1.510519232086198205e+00
1.769509203551440368e+00
1.465245002881553571e+00
1.063994109612273808e+00
7.980365210608775239e-01
6.822698899564275665e-01
6.720338453283289937e-01
7.224666083621033019e-01
8.076358558520170261e-01
9.004043218493802403e-01
9.903118365364415032e-01
1.071066120150431233e+00
1.136180101637749518e+00
1.179589548919821596e+00
1.209033925666530784e+00
1.217822537592548438e+00
1.199707186695021743e+00
1.174241994794420929e+00
1.134038450462081959e+00
1.091964805265298155e+00
1.058983365972065105e+00
1.029405334653227921e+00
1.000555004151155503e+00
9.810549121682937690e-01
9.600878606248384184e-01
9.486654375437317821e-01
9.373231684804514963e-01
9.308289979511348289e-01
9.284030552053201824e-01
9.284835998913865129e-01
9.356704438379156441e-01
9.437237857972541333e-01
9.553073640676179590e-01
9.662276216218417257e-01
9.767912930959450346e-01
9.853958883725372209e-01
9.954166829916173409e-01
1.001089571207675055e+00
1.008179812027874211e+00
1.014734021276846088e+00
1.017637744035850389e+00
1.019283720632083279e+00
1.019597711254796035e+00
1.018293419943541611e+00
1.016595878260614816e+00
1.014150443345265717e+00
1.011918514294352534e+00
1.009152385214530101e+00
1.007116763886022115e+00
1.004881856559995290e+00
1.001119189038797153e+00
9.991953216207497546e-01
1.001271386712614619e+00
9.980636048605737720e-01
9.986440593927479181e-01
1.000530962554083247e+00
9.983273169973162497e-01
9.992936248552850564e-01
9.980288326747235317e-01
9.993492084542644482e-01
9.979355286078417375e-01
9.972824388087559999e-01
9.973656105161237129e-01
9.968992924317986448e-01
9.979206756736918038e-01
9.960176196801299175e-01
9.959872072394660991e-01
9.978399859420292728e-01
9.974392125393806152e-01
9.993874733371789221e-01
9.983120929370031815e-01
9.994413314356220823e-01
9.992717474232655217e-01
1.001931004896424726e+00
9.997203016581219792e-01
1.000912820846973750e+00
1.002078656088769559e+00
1.002575758535140249e+00
1.002160197710151524e+00
1.002300540972185017e+00
1.001124735643631913e+00
1.001791860502816656e+00
1.001667812759147402e+00
1.000579935868823211e+00
1.001170234710835549e+00
1.000225607029793462e+00
1.001669401698580097e+00
9.994957168687093052e-01
9.992675041584450080e-01
1.000529187558763855e+00
1.000448706828157119e+00
9.998394328034113654e-01
9.995564037459345741e-01
9.992136850871772280e-01
9.990327294828418303e-01
9.997402213877932819e-01
9.995701296269680070e-01
9.999792971771491734e-01
9.989545584513608301e-01
9.994763866271447750e-01
9.991075120039552004e-01
9.991557367406719292e-01
1.000069054877731789e+00
9.999657407711131096e-01
9.990852268830189287e-01
9.995752304867170368e-01
1.000082869149762521e+00
9.993302811231384863e-01
1.000156295236621418e+00
1.000935870944775097e+00
1.000583621003738655e+00
1.001704287096007340e+00
1.001114401449090696e+00
1.001007791595662999e+00
1.001671173234077061e+00
1.001217696671788282e+00
1.001044963016902045e+00
1.000269262258573599e+00
1.000887607096592857e+00
9.999223109464899784e-01
9.992439141348031795e-01
9.999865481346823515e-01
9.996586505190214744e-01
9.995268495450517765e-01
9.997390977829150316e-01
9.990277620810007475e-01
9.996639895825387701e-01
9.992851731842490315e-01
9.989020854127422799e-01
9.991238079473602207e-01
1.000234421300737253e+00
1.000204033159400652e+00
1.001148776874134061e+00
1.000056825001371275e+00
9.995656862555210020e-01
1.000058029690072958e+00
1.000263445931253381e+00
1.000599304369089060e+00
1.000435658911608572e+00
1.000182047217825110e+00
1.001062266113037280e+00
1.000784908411203711e+00
1.000974933776084042e+00
1.000461766710808442e+00
1.000137085520296676e+00
1.000058026489844432e+00
1.000587241069939681e+00
1.000026899361326382e+00
9.997595200377636937e-01
1.000758368815802823e+00
1.000537679960908921e+00
1.000150379076448104e+00
1.000007884499275468e+00
1.001162806123725213e+00
1.000281988775610476e+00
9.999513940154729497e-01
1.000194331840265960e+00
1.000259178754099976e+00
1.000536156503821772e+00
1.000007734684575267e+00
1.000625793430522270e+00
1.000787267130906377e+00
9.993398027086198843e-01
1.000220669235355908e+00
1.000065253242717889e+00
9.996196895587576847e-01
9.998047884585788969e-01
1.000466647029935041e+00
1.000017208101709576e+00
1.000360518859668701e+00
1.000194045105633700e+00
1.000005875981078152e+00
1.000513037613287803e+00
1.000209936252048903e+00
1.000041775363499363e+00
1.000331528570989059e+00
9.996926205070655325e-01
1.000375721503396598e+00
1.000518378676308107e+00
1.000397892528373411e+00
9.997350175071397782e-01
1.000233824704372054e+00
1.000674563966612807e+00
1.000311522676720744e+00
1.000155578887824026e+00
1.000032497191427172e+00
1.000642738470962856e+00
1.000477770920068732e+00
1.000193479742402802e+00
1.000435302517480807e+00
9.997882863531244446e-01
1.000554543996320156e+00
9.994237759442939906e-01
9.995166127837717962e-01
9.999552923875139054e-01
9.997376680405386518e-01
1.000581305472088678e+00
1.000051103736251834e+00
1.000205336877804330e+00
9.999369780159457211e-01
9.999774337622293618e-01
9.999707495940080015e-01
9.997984598834510628e-01
1.000214587261172072e+00
1.000443479198159125e+00
1.000172380039980435e+00
1.000372804217719125e+00
1.000070024052187811e+00
1.000317303918574652e+00
9.999363469862833087e-01
1.000006341728478576e+00
1.000297227765291508e+00
9.994656733235083301e-01
9.998002110276332788e-01
9.999489230148492780e-01
9.996284351964050963e-01
1.000297184030387143e+00
1.000876960417979245e+00
1.000423572053946497e+00
1.000363088705228609e+00
1.000393746784830284e+00
9.993678157210981183e-01
1.000371557623227048e+00
1.000879306473560604e+00
9.997172485203121850e-01
9.999273391782607101e-01
1.000627162471741105e+00
1.000163017342494243e+00
9.999691598462610020e-01
1.000601036606549421e+00
1.000150006657391621e+00
1.000074051379221673e+00
1.000001603029800901e+00
1.000426190833482387e+00
1.000059643780622620e+00
9.995352591236248418e-01
9.996639901268581374e-01
1.000263768475339488e+00
1.000745577916941853e+00
9.986868119874031668e-01
9.893357486897828013e-01
9.790709815427165452e-01
9.681350981170366854e-01
9.570633178705302280e-01
9.469232890418587401e-01
9.360674294133907170e-01
9.253839016040905641e-01
9.157791097866403440e-01
