0.000000000000000000e+00
0.000000000000000000e+00
0.000000000000000000e+00
0.000000000000000000e+00
0.000000000000000000e+00
0.000000000000000000e+00
0.000000000000000000e+00
0.000000000000000000e+00
0.000000000000000000e+00
0.000000000000000000e+00
0.000000000000000000e+00
0.000000000000000000e+00
0.000000000000000000e+00
0.000000000000000000e+00
0.000000000000000000e+00
0.000000000000000000e+00
0.000000000000000000e+00
0.000000000000000000e+00
0.000000000000000000e+00
0.000000000000000000e+00
3.334058623540608104e-05
3.564668751952989462e-02
1.080843223773808148e+00
3.511346255218371848e+00
3.431060819208646695e+00
1.883712097270036967e+00
8.516644988339783229e-01
3.832369317672111309e-01
1.945391945761042185e-01
1.183259895503870202e-01
1.870747222203209825e-01
7.222070359422051444e-01
1.510988661144193168e+00
1.762668714308542883e+00
1.465264580758155688e+00
1.064282956426836346e+00
7.970242183907586542e-01
6.835216250830415952e-01
6.699946973200084921e-01
7.202951781837662049e-01
8.068678817095259470e-01
9.039580557312453246e-01
9.904498996752060247e-01
1.069424554134875915e+00
1.136516274640771540e+00
1.179237052026403942e+00
1.208402087218635845e+00
1.218284715580676858e+00
1.202678826117344002e+00
1.173002900665341519e+00
1.135212879924256457e+00
1.095693478138452415e+00
1.057686887402462972e+00
1.023690549813790707e+00
1.002713837648313788e+00
9.781916867271979177e-01
9.608091533846651044e-01
9.485010505097185574e-01
9.357758274368581652e-01
9.323090974175251011e-01
9.281142427335049572e-01
9.288453423944375009e-01
9.360595308101672396e-01
9.437836287500525057e-01
9.549547801034923289e-01
9.662028739116723663e-01
9.758659314779314364e-01
9.872570055313957260e-01
9.935548461829817324e-01
1.002842672188688500e+00
1.007763387248316711e+00
1.012707847386206561e+00
1.017879109826551387e+00
1.018076780552111149e+00
1.017707759054595984e+00
1.019399207539294805e+00
1.016689494481675782e+00
1.013979949737216613e+00
1.011857659133191811e+00
1.009423052865832116e+00
1.006369275074968428e+00
1.005035097650570641e+00
1.001174756938012500e+00
9.993837201440531892e-01
9.991354662806398723e-01
1.000806926885260184e+00
9.994289768154969167e-01
9.992268567872168994e-01
9.984323907213757954e-01
9.986851451686987735e-01
9.993922172465072862e-01
9.995445862829159811e-01
9.963112702476144555e-01
9.982912716711317413e-01
9.975473080130546899e-01
9.975957668796557876e-01
9.974332524926508015e-01
9.975244903659310491e-01
9.993130579999679464e-01
9.970724790072228449e-01
9.969219348662292646e-01
9.987642764421086339e-01
9.996423442701216633e-01
9.995060777671490593e-01
9.991502155850144895e-01
9.996071286265700850e-01
1.001279321641509013e+00
1.000916965699186978e+00
1.002187018615869230e+00
1.003042903523901019e+00
1.001412350715295441e+00
1.001725728550556971e+00
1.001911843626636545e+00
1.001849424443549630e+00
1.001704745390432860e+00
9.997576763306191827e-01
1.002988357066738612e+00
1.000606742757252698e+00
1.001291038864986493e+00
9.999262123938099656e-01
9.999708283786470364e-01
9.998861061863685284e-01
9.985516071653401937e-01
1.000441391676628156e+00
1.001154110800751562e+00
9.990198319171947894e-01
9.988716644665540656e-01
9.999776403274006631e-01
9.991829688444048285e-01
1.000135687218589808e+00
9.992793165597283478e-01
1.000935905837657458e+00
1.000477141205994291e+00
9.996366697344145624e-01
1.000320657152203419e+00
1.000200511520020985e+00
9.987967643535166085e-01
1.001418069774948183e+00
9.999055614221451505e-01
9.998593240998053799e-01
9.997585278204238479e-01
1.000072342620093258e+00
1.000034603237365038e+00
1.001043769185324672e+00
1.001242035800225416e+00
1.002067144941367838e+00
1.001451307073723429e+00
1.001779027975057579e+00
1.001450749802353268e+00
1.000789832769512389e+00
1.000943381071358385e+00
1.000066005224967691e+00
1.000894707899342873e+00
9.990933918493516419e-01
9.990964176071467362e-01
1.000711097461340016e+00
9.991321351514561577e-01
9.990776381951704810e-01
9.999652542054804361e-01
1.000448060455457089e+00
9.993258654055471313e-01
9.988058771791189505e-01
9.998832935933609223e-01
1.000126555750093127e+00
9.994458667254811912e-01
9.991938483571579654e-01
9.994778351130850780e-01
9.997662502989762556e-01
9.994611397054712354e-01
1.000473304921761564e+00
1.000452016750712492e+00
1.001269681176159887e+00
1.000717820599529517e+00
1.000497365075028844e+00
1.000748246593541779e+00
1.000108549190029894e+00
1.000690810979028456e+00
1.000960310976100720e+00
1.000932701077606568e+00
1.000333378865400746e+00
1.000791751519272799e+00
9.999885814259390493e-01
9.998299808496975416e-01
9.999458893550536853e-01
1.000012898696785557e+00
1.000703129555085225e+00
9.998438245109374511e-01
1.000752437790393579e+00
1.000478248974270734e+00
1.000398785725489903e+00
1.000954000257974430e+00
1.000371935881393615e+00
1.000231799600846960e+00
1.000016975881857118e+00
9.997097808297297217e-01
1.000576245886681814e+00
1.000993513890650055e+00
1.000720514244845427e+00
1.001069248979381099e+00
1.000784315317899020e+00
1.000482090723445960e+00
9.989462816073085838e-01
1.000155376903521631e+00
1.000763085393897134e+00
1.000011571997359239e+00
1.000064680403510708e+00
9.992896587110673412e-01
1.000434040175523176e+00
9.998774216635807344e-01
1.000667905143571179e+00
1.000264434083421694e+00
1.000656244949335916e+00
1.000476873746349860e+00
1.000563013475268548e+00
1.000184949369554488e+00
1.000270220514454689e+00
1.000700821299152832e+00
1.000639682280939358e+00
1.000244348430412433e+00
1.000355244970756230e+00
1.000622304854644096e+00
1.000339762335336280e+00
1.000058097796591161e+00
1.001090719541718244e+00
1.000521249216929087e+00
9.997703548241517746e-01
1.000033911100088879e+00
9.997861806748227220e-01
1.000235746046115981e+00
1.000495583461709748e+00
1.000234000279439206e+00
9.995427702747068377e-01
1.000339388682328412e+00
9.992647583302972647e-01
1.000836342312466876e+00
1.000365443798223009e+00
9.998390190979961067e-01
1.000098403711865869e+00
9.999280408135865494e-01
1.000117166082904241e+00
1.000581373859057877e+00
1.000187594406884761e+00
1.000019352794901950e+00
9.999911360355865364e-01
9.998918290050242685e-01
9.996958471133223778e-01
9.999559683451387793e-01
1.000249260700765142e+00
1.000145299573739877e+00
1.000055215259759045e+00
1.000142165035065922e+00
1.000165095190058917e+00
1.000296966119162301e+00
1.000268602723010991e+00
1.000280548730552832e+00
9.997282987522172482e-01
1.000489784282551087e+00
1.000161940502581004e+00
9.996738391505995969e-01
1.000065800842061758e+00
1.000548576570965187e+00
1.000189222446322912e+00
1.000288709931245856e+00
9.998805300889233028e-01
9.998584596034045813e-01
9.999080547565944999e-01
9.998274266863119708e-01
1.000076595733684792e+00
1.000319690401180406e+00
1.000335605753825519e+00
9.999715326518003877e-01
9.982962807685445972e-01
9.892310256273890712e-01
9.789196930929441320e-01
9.678251219318774190e-01
9.574075537899768840e-01
9.464149641118294598e-01
9.360888060504899411e-01
9.252718776533207512e-01
9.152232492597212055e-01
