0.000000000000000000e+00
0.000000000000000000e+00
0.000000000000000000e+00
0.000000000000000000e+00
0.000000000000000000e+00
0.000000000000000000e+00
0.000000000000000000e+00
0.000000000000000000e+00
0.000000000000000000e+00
0.000000000000000000e+00
0.000000000000000000e+00
0.000000000000000000e+00
0.000000000000000000e+00
0.000000000000000000e+00
0.000000000000000000e+00
0.000000000000000000e+00
0.000000000000000000e+00
0.000000000000000000e+00
0.000000000000000000e+00
0.000000000000000000e+00
0.000000000000000000e+00
0.000000000000000000e+00
0.000000000000000000e+00
0.000000000000000000e+00
0.000000000000000000e+00
4.000519904577564539e-02
8.949223050892058939e-01
3.065810792674381169e+00
3.588542903983396481e+00
2.308221832739127066e+00
1.118294670412298464e+00
5.344817601993454570e-01
3.025754207106335913e-01
2.392571773866154772e-01
2.368725708617466230e-01
2.642566893728021116e-01
2.989703088668176356e-01
3.351313588875754479e-01
3.415195516496189465e-01
3.434084232865852182e-01
3.721807678277101461e-01
4.207728342657686138e-01
5.362407362302400449e-01
6.794828345305180539e-01
8.475849533644644884e-01
1.023234649480946556e+00
1.185064970651697358e+00
1.296830563607649145e+00
1.389921643589077105e+00
1.471786472608908936e+00
1.533619927003792238e+00
1.560054546240726703e+00
1.533495160539971147e+00
1.437559159678148069e+00
1.320341826021378617e+00
1.196018556622813866e+00
1.074884184665410247e+00
9.770886892364181175e-01
9.149617588565287507e-01
8.735357646473425053e-01
8.616023387339908357e-01
8.579479339912213787e-01
8.709631624434363006e-01
8.846494577940661186e-01
8.996259619714407352e-01
9.226959555688295511e-01
9.543462092793082441e-01
9.665585415125329538e-01
9.886651600593454603e-01
1.003333426238847359e+00
1.011297482036325857e+00
1.026289767428374411e+00
1.040540400639768048e+00
1.034081960756190188e+00
1.046427272774524297e+00
1.039339011280219882e+00
1.039595659444791709e+00
1.026029304606822290e+00
1.022079240798072775e+00
1.009055987990891579e+00
9.942008436215727940e-01
9.814491484113104791e-01
9.698891834360722219e-01
9.697250502190922772e-01
9.770446166112272124e-01
9.676984520202658313e-01
9.696675751734884496e-01
9.755879961369438025e-01
9.762819893900993584e-01
9.917919535062250658e-01
9.917377131921063516e-01
9.990324652251615367e-01
1.005825571123124762e+00
1.009146609862413557e+00
1.008284773646337174e+00
1.008504230456963802e+00
1.016929892460664897e+00
1.014079620122862124e+00
1.001435048525008753e+00
1.003938333724088805e+00
1.000425290191126360e+00
1.001623141013808560e+00
9.949316746650583854e-01
9.932205057012665206e-01
9.936199024005425429e-01
9.927793848348476224e-01
9.887394810259173550e-01
9.887329651421904453e-01
9.872343144675790327e-01
9.908421747231042076e-01
9.882354005505252781e-01
9.885917796565916182e-01
9.924824783358778824e-01
9.943771257254890861e-01
9.949726970033753171e-01
9.953775319296338520e-01
9.977602483303218417e-01
9.982580966794427635e-01
9.992325178903527227e-01
1.001678924945772486e+00
1.003796866119631925e+00
9.998117607263282691e-01
9.990270236666848325e-01
1.002576381709244790e+00
9.960366879780943039e-01
1.001933142164572521e+00
9.952289978933485104e-01
9.917887861573596586e-01
9.973445901786279766e-01
9.957168888914966765e-01
9.935088620226905087e-01
9.959779783246589524e-01
9.920592203600772097e-01
9.988068193770941461e-01
9.951413822568773160e-01
9.940685322135105473e-01
9.966756345562420849e-01
9.946905935734617898e-01
9.981230705008719006e-01
9.990337572841625491e-01
9.994320917037339269e-01
9.982370830718446664e-01
1.002166666900424108e+00
1.000635787799360354e+00
9.990646422194231491e-01
1.002366575175126950e+00
9.982954885075732143e-01
1.000463152310739678e+00
1.000003288026206860e+00
9.969195577185344659e-01
9.984320041723587780e-01
9.978944960613147508e-01
9.990540862441400494e-01
1.000609083187417925e+00
9.976687673905594300e-01
9.982674276139213987e-01
9.979487208892876549e-01
1.002104892529273039e+00
9.960276180913478772e-01
9.993381554540246015e-01
9.987081726579233321e-01
9.966163162282262178e-01
9.994512756236081374e-01
9.994828337986312317e-01
1.001803427527436785e+00
1.002301166586973213e+00
9.981002591203628205e-01
9.964085413699893534e-01
9.968268621143766550e-01
9.994739821589461171e-01
9.987112445174576303e-01
1.001969771976551682e+00
9.999566680993275947e-01
9.969778720326184507e-01
9.969070553796336442e-01
9.957332577879947078e-01
9.974706189149443736e-01
9.967119163994683229e-01
9.956776298208556142e-01
9.982715632069242284e-01
9.995622132801267323e-01
9.960709164173759955e-01
9.985996439928049861e-01
9.980910222470782411e-01
9.966076440540961867e-01
9.972517340219219095e-01
9.991154906044327211e-01
1.000174890552621321e+00
9.961624101564220402e-01
9.994000691290702010e-01
9.990184962437226313e-01
9.979603267859235016e-01
9.981704214110312945e-01
9.976280301293839470e-01
9.969297874474629673e-01
9.958937860183544322e-01
9.968899125591577093e-01
9.938851676023993109e-01
9.982653717297073070e-01
9.956573595822207912e-01
9.973832272142851840e-01
9.953524416483395809e-01
9.955920285291169902e-01
9.938964076310031759e-01
9.934372101861637105e-01
9.974324773658213017e-01
9.969780805664185674e-01
9.963573878911806680e-01
9.964977811602663271e-01
9.937268438992251651e-01
9.976531271829058856e-01
9.941414492257707458e-01
9.953771896966470134e-01
9.950111278837880935e-01
9.973440168437333053e-01
9.952567473519788877e-01
9.982731034447989149e-01
9.963456154481158400e-01
9.944252843162970645e-01
9.945980221149337552e-01
9.972554107623227138e-01
9.956108597853750020e-01
9.975355258261024982e-01
9.968532562662055785e-01
9.961193053306224288e-01
9.977233624727349648e-01
9.967356790269948918e-01
9.976231490647424760e-01
9.961741724762438466e-01
9.961640602565133840e-01
9.958107965809435136e-01
9.950952163589245059e-01
9.965373837060551576e-01
9.963542259544080348e-01
9.942164484714066663e-01
9.985770083322266233e-01
9.957185693880912236e-01
9.975284323363997618e-01
9.982327496469459716e-01
9.955551156432289606e-01
9.972879994129831838e-01
9.957259981020913919e-01
9.954910171300787036e-01
9.974915201801877185e-01
9.954039437414047287e-01
9.975154452306694841e-01
9.967049951372308758e-01
9.966754207357856332e-01
9.964558603067975584e-01
9.967569936429344635e-01
9.964123810882306032e-01
9.977359883986733902e-01
9.978362516654806225e-01
9.954996203583217351e-01
9.970217336303205391e-01
9.954264309010921741e-01
9.977628873906175810e-01
9.972142527788159239e-01
9.972893825892646946e-01
9.979641679389776865e-01
9.946504800715799677e-01
9.962973019919205697e-01
9.983700032104659838e-01
9.974038915656795456e-01
9.970440659452470822e-01
9.935767858644574124e-01
9.863022486180964554e-01
9.765555544064106197e-01
9.637840336629155402e-01
9.559194586996881959e-01
9.423208222583465687e-01
9.333418601891837474e-01
9.228108582554036543e-01
9.096349778229394500e-01
9.007957484500749290e-01
8.893493927892225370e-01
8.800841036603259671e-01
8.702142963530533626e-01
8.572216171189189771e-01
8.507102925980383201e-01
