0.000000000000000000e+00
0.000000000000000000e+00
0.000000000000000000e+00
0.000000000000000000e+00
0.000000000000000000e+00
0.000000000000000000e+00
0.000000000000000000e+00
0.000000000000000000e+00
0.000000000000000000e+00
0.000000000000000000e+00
0.000000000000000000e+00
0.000000000000000000e+00
0.000000000000000000e+00
0.000000000000000000e+00
0.000000000000000000e+00
0.000000000000000000e+00
0.000000000000000000e+00
0.000000000000000000e+00
0.000000000000000000e+00
0.000000000000000000e+00
4.821012124304484736e-05
3.165660954973464197e-02
9.792209487878068552e-01
3.237555470901304577e+00
3.253807474212728312e+00
1.829195129095409156e+00
8.493126034911447908e-01
3.907535341523665773e-01
2.063455850490398535e-01
2.295568821709615404e-01
8.230465409051574976e-01
1.706858921728943379e+00
1.886917457978744217e+00
1.461703327448404366e+00
1.008420934371278666e+00
7.414498515826385416e-01
6.353526241427760457e-01
6.328649742828948987e-01
6.838353915086434753e-01
7.629802560213192475e-01
8.501965658684212945e-01
9.397995545427694219e-01
1.023456653947830475e+00
1.089478537341394659e+00
1.147000303783826114e+00
1.185411389563752804e+00
1.200567301962374378e+00
1.199801078159873136e+00
1.176854675389690463e+00
1.147490950826610678e+00
1.110599869746557555e+00
1.075169045974863291e+00
1.037783075766300467e+00
1.001195390746909553e+00
9.715532091308707319e-01
9.514319075426582728e-01
9.387028259491901894e-01
9.303134423763796956e-01
9.284678827903274367e-01
9.261782997179635046e-01
9.283950740276186719e-01
9.354197715962240256e-01
9.475744500311982232e-01
9.584678733824305574e-01
9.713576666861497566e-01
9.829427648096785708e-01
9.900404589210731743e-01
9.996948878833508134e-01
1.003628031518082109e+00
1.009504675007933283e+00
1.013697480335851164e+00
1.015762135788128795e+00
1.019272919884215867e+00
1.017831066861778266e+00
1.019504303869847250e+00
1.016811273538384741e+00
1.012637215923102740e+00
1.012587954264977164e+00
1.007265931812399762e+00
1.006117764608349230e+00
1.000906679659749665e+00
1.000170389396931592e+00
9.981959476453394764e-01
9.987657184695409862e-01
9.980428764707796052e-01
9.982328692195748809e-01
9.977607456397864505e-01
9.967012749914364589e-01
9.967327991790039254e-01
9.982298866638261714e-01
9.985660434273605501e-01
9.947468505503704872e-01
9.974430898189012851e-01
9.961705917341593386e-01
9.973542683200921077e-01
9.976597137956447758e-01
9.972057693415197210e-01
9.991173914235970122e-01
9.982419841076966005e-01
9.981766074668935174e-01
9.996220132015602999e-01
9.992807623403081596e-01
1.000562982713247395e+00
9.990896025160800331e-01
1.001823437106449388e+00
1.000628300548251248e+00
1.001202587795625654e+00
1.002201426119478267e+00
1.003388566818623984e+00
1.001921974936358595e+00
1.001880674569967100e+00
1.002647463378367965e+00
1.000848322460450524e+00
1.002129843811000232e+00
1.000628968538733066e+00
1.001242067911262801e+00
9.999910118760023670e-01
9.999216085313799018e-01
9.999945972761538071e-01
9.992453926360443939e-01
1.000227828357594273e+00
9.999057336179575373e-01
1.000316949662637844e+00
9.991728077102833838e-01
9.991955095468482151e-01
1.000107668697787000e+00
9.998892400477565889e-01
1.000855369129555417e+00
1.001316992831103869e+00
1.001104017044715633e+00
9.992598602319353596e-01
1.000880777011942335e+00
1.000932950918939524e+00
1.000963064069507968e+00
1.000675793597467722e+00
1.001155721739298343e+00
9.998537482839429114e-01
1.000212194810029986e+00
1.000756626496153823e+00
1.001164745617726393e+00
1.001093162169699013e+00
1.000211334878746472e+00
1.000671139797559173e+00
1.000239183992096548e+00
1.000841066851386296e+00
1.001254671411928365e+00
1.000488806982769319e+00
1.001147461930699700e+00
1.000928561760243918e+00
1.000058564845614173e+00
1.000098858421265113e+00
1.000265049583962007e+00
1.000016966358552750e+00
1.000156989473353741e+00
1.000019238413206057e+00
9.993044930337192655e-01
1.000070591362448136e+00
1.000272930961701556e+00
9.997291311498590627e-01
1.000806969306203165e+00
1.000658651109433084e+00
1.000657320217980040e+00
1.000531310700951249e+00
1.000223024494695689e+00
1.000541330798279116e+00
9.999573459052994995e-01
9.996384389610248888e-01
1.000714833499115608e+00
1.000204542156605481e+00
1.000775171353183390e+00
1.000757037703398300e+00
9.996874200754405360e-01
1.000060549656664355e+00
1.000030170014671427e+00
9.999873735788034068e-01
1.000059733641699422e+00
9.994235732510299286e-01
9.999811754588835422e-01
1.000145426484664535e+00
9.994164419844809855e-01
1.000134768711425703e+00
1.000266214674422560e+00
1.000436337347622828e+00
9.998219311698405276e-01
9.997359021822456171e-01
9.997546762878701809e-01
1.000281563173234245e+00
1.000400285476301443e+00
1.001047037948264995e+00
1.000244031095791408e+00
9.999813084437764177e-01
1.000371006440564203e+00
1.000537062301740665e+00
9.995804730858065534e-01
9.997992003252452742e-01
1.000998223662121323e+00
1.000469916719596286e+00
9.998078348317355202e-01
1.000096105888566456e+00
9.997646145778235072e-01
1.000468324868766024e+00
9.995355893547465120e-01
9.999074517497441583e-01
1.000184970972986198e+00
9.999091935584424329e-01
1.000584577138305287e+00
9.999409275310411349e-01
9.999923271686061987e-01
1.000539096836680297e+00
1.000213823198301766e+00
9.998569868743526490e-01
9.999806364975417639e-01
1.000316052959105972e+00
9.998099980740180470e-01
9.999200603227337281e-01
1.000064551673222946e+00
1.000331458006735286e+00
1.000073239728633157e+00
9.998161390832377426e-01
9.991383027584895826e-01
1.000573996565569557e+00
9.994551936999884756e-01
1.000382835496194334e+00
1.000094583538298165e+00
1.000106781052202187e+00
1.000344735291662346e+00
1.000221633117494235e+00
1.000129769918761902e+00
9.999620952381556016e-01
1.000702450641957730e+00
1.000360636299141737e+00
9.993251880310339841e-01
1.000009451179690201e+00
1.000244328096207447e+00
1.000098244195061437e+00
1.000203199828078926e+00
1.000155230304454523e+00
9.998346853990308647e-01
1.000539017060339875e+00
1.000404780513314051e+00
1.000076576740465129e+00
9.999235340214081003e-01
1.000489782560512131e+00
9.997816236876621021e-01
1.000481116568779916e+00
9.999101030109962540e-01
9.998653493681052273e-01
1.000457820474094817e+00
1.000377595492838445e+00
9.999518867749978002e-01
9.996778043938143732e-01
1.000065656414208304e+00
9.998847473242512551e-01
9.999384753149798133e-01
1.000339051470186646e+00
1.000211028164134097e+00
1.000364517760769401e+00
1.000020233309370621e+00
1.000092260199086480e+00
9.996314620788926408e-01
9.997018888263374814e-01
1.000044787725320461e+00
1.000145610608180302e+00
9.996261833578273803e-01
1.000051640169920875e+00
9.986669535092198569e-01
9.902666692070216659e-01
9.788846102911006319e-01
9.679952672702661909e-01
9.568563094255793100e-01
9.457751978269387516e-01
9.351767127884842434e-01
9.242555117225809136e-01
9.136874953252989151e-01
9.027344594404828060e-01
8.919110137951975492e-01
8.818917721494371476e-01
8.713687399106426756e-01
8.611613575966429179e-01
8.509092659116590518e-01
