0.000000000000000000e+00
0.000000000000000000e+00
0.000000000000000000e+00
0.000000000000000000e+00
0.000000000000000000e+00
0.000000000000000000e+00
0.000000000000000000e+00
0.000000000000000000e+00
0.000000000000000000e+00
0.000000000000000000e+00
0.000000000000000000e+00
0.000000000000000000e+00
0.000000000000000000e+00
0.000000000000000000e+00
0.000000000000000000e+00
0.000000000000000000e+00
0.000000000000000000e+00
0.000000000000000000e+00
0.000000000000000000e+00
0.000000000000000000e+00
0.000000000000000000e+00
0.000000000000000000e+00
0.000000000000000000e+00
0.000000000000000000e+00
0.000000000000000000e+00
0.000000000000000000e+00
2.107528206693500689e-02
3.395068140858408801e-01
1.221627892165703111e+00
1.600888645314045622e+00
1.175286202798427659e+00
6.829039613665445208e-01
3.832114718558206068e-01
2.723708264955285729e-01
2.351849366520026297e-01
2.532707838995434391e-01
2.386178323049444328e-01
2.471122811929190310e-01
2.400866972479027972e-01
2.338592288123415852e-01
2.401088416175544138e-01
2.656692162888897868e-01
3.185139538631275857e-01
4.332720053254617287e-01
5.618825391398775126e-01
7.522530065338336458e-01
9.651907389270105719e-01
1.126918765945085887e+00
1.316484034624481270e+00
1.418527795215604792e+00
1.543079688994451137e+00
1.669842097611898168e+00
1.703499179872831615e+00
1.695948812883411261e+00
1.624101732521502139e+00
1.475848627531307411e+00
1.337383852327009848e+00
1.201151399348048709e+00
1.085407594133863007e+00
9.865168514496682750e-01
9.367688050525633248e-01
9.279918758230869535e-01
9.095724306432564354e-01
8.816294413499458082e-01
9.122037221820470387e-01
9.195138596073622050e-01
9.287400331929637209e-01
9.389973415132737422e-01
9.641737641254906066e-01
1.007241322264923244e+00
9.815893140671224648e-01
1.031743229377101390e+00
1.068491122544468208e+00
1.066179919223138928e+00
1.102797965666690638e+00
1.106745057230974716e+00
1.092075761724133010e+00
1.075968673553645116e+00
1.075674513806011090e+00
1.060290146886005314e+00
1.041559714400221548e+00
1.027977380334939239e+00
9.911052614256640192e-01
9.947377094107077156e-01
9.864750831732079783e-01
1.002445986008032142e+00
9.922178511667295586e-01
9.933721803963542207e-01
9.825535466491585046e-01
9.925350426313581664e-01
9.990091606246985778e-01
1.021491203909118850e+00
1.029158990776529281e+00
1.023605173850912209e+00
1.033620631580531413e+00
1.016744825164198840e+00
1.033929556676734807e+00
1.009377095646577738e+00
1.017773735542249369e+00
9.996940806353746822e-01
1.001881065927744396e+00
9.946055146279517700e-01
1.028217246218819270e+00
1.020219450704758613e+00
1.020470660447396760e+00
1.023362265354962997e+00
1.012858983329909313e+00
1.010141284916064031e+00
1.012435284540137870e+00
1.014638395339436450e+00
1.014909687482877132e+00
9.958550161775269194e-01
9.987218050498199995e-01
1.002482405175441738e+00
9.930497115817471521e-01
9.818140740236932507e-01
9.914900408838080992e-01
9.926316774528032294e-01
1.003126359700555303e+00
9.947452157682201701e-01
1.000907374258152238e+00
9.967931365060600513e-01
1.004387137371036021e+00
1.007217274115464134e+00
1.006588764031848937e+00
1.008712513128494637e+00
9.977340347889734895e-01
9.990093523548310150e-01
9.890165504205951086e-01
1.007264117865975805e+00
9.886742735589306719e-01
1.005068137946490969e+00
9.869121006074871305e-01
9.967369632734308649e-01
1.010572888140369274e+00
9.949056043454360676e-01
9.982388444458288879e-01
9.956856498389843324e-01
9.883713539411981275e-01
9.904564681073395604e-01
9.859924472765986270e-01
9.982048404264837194e-01
9.921989954556234004e-01
9.946386690418812515e-01
9.955598670233675174e-01
9.881540968626736365e-01
9.981887117221835970e-01
9.999041756330385722e-01
1.000520009776848074e+00
9.986112345791445799e-01
9.958975314124642875e-01
9.986638617421289554e-01
9.939390264626828397e-01
9.942231236704149877e-01
9.914779004138286611e-01
9.928195433159224814e-01
9.955174964473475496e-01
9.989491765633163878e-01
9.982190151547389867e-01
1.005270591067623398e+00
9.999779035191087573e-01
9.972555779916930652e-01
1.004272885300640850e+00
9.928443307112955196e-01
1.000953695917844888e+00
9.913142341662503076e-01
1.005233643350164074e+00
9.946659440131231378e-01
1.004904225886971814e+00
9.904835594516834263e-01
9.885512671633686077e-01
9.989372220410677183e-01
9.899842627711371579e-01
9.936133619982407961e-01
9.945794550432496273e-01
9.960859090957587814e-01
9.850580647406116386e-01
9.947637215991365078e-01
9.942531801361256250e-01
9.852034081970720836e-01
9.908900707501003824e-01
9.842405797001574363e-01
9.921880837424338351e-01
9.980504532517266991e-01
9.950878250682972936e-01
9.902045411175242062e-01
9.910117522315465832e-01
9.944546942040387583e-01
9.911400173087848708e-01
9.919078711139178717e-01
9.869479904453344332e-01
9.938828623350707270e-01
9.951848492363083443e-01
9.946365361544439176e-01
9.934174230711336762e-01
9.933498126124553629e-01
9.973155843625751693e-01
9.931978610408795927e-01
9.935548687629099929e-01
9.937901485428805026e-01
9.901292003907115058e-01
9.953521183818950790e-01
9.909759504837908350e-01
9.985724620740932256e-01
9.944164599695328732e-01
9.984316379025908184e-01
9.975836887693998456e-01
1.003536412125802801e+00
9.946882649655808262e-01
9.910949394428045789e-01
9.975463411107386991e-01
9.985229400125101851e-01
1.000306377965984650e+00
9.896306381946936570e-01
9.941743408158724149e-01
1.001279690345464823e+00
9.930948558870942300e-01
9.960915997847440417e-01
9.981832154789181955e-01
1.000329026697905466e+00
1.004208330734657428e+00
9.962370794671778773e-01
9.934640612261673720e-01
9.962405681165109606e-01
1.002426986572916956e+00
1.000668658031552694e+00
9.985384447232900085e-01
9.965685822732073262e-01
1.002397121118606238e+00
9.976150807922122832e-01
9.970085938026463923e-01
9.979844630638724512e-01
9.964303782368832962e-01
9.983955262961634602e-01
9.981259036887564218e-01
1.000017996136735920e+00
1.001301680335598743e+00
9.985122406579753918e-01
9.970919450127841976e-01
9.985888196522184623e-01
9.957426752657337898e-01
9.960762414449583213e-01
9.955825042866947028e-01
9.907867815679528567e-01
1.001516705119843031e+00
9.938334869794166471e-01
9.904465234411329311e-01
9.957702106397139374e-01
9.929308042009972191e-01
9.917692943218643364e-01
9.865743436500532537e-01
9.924698054525300517e-01
9.975547150933381513e-01
9.911220633833363047e-01
9.927480773744056242e-01
9.971378225943902107e-01
9.929287851586087177e-01
9.920063887335659469e-01
9.912611374179908230e-01
9.942919480251821707e-01
9.956159171234909566e-01
9.914038640591634755e-01
9.873483898659366487e-01
9.949953196491263530e-01
9.957741861657434246e-01
9.929707635811855226e-01
9.913230312089897911e-01
9.974607248232418844e-01
9.968559046541650703e-01
9.992186529117639271e-01
9.950634822512055555e-01
9.957267248377094093e-01
9.960067795986609074e-01
9.970046250791273490e-01
9.948099275284356668e-01
9.941639454882683635e-01
9.945955800722394713e-01
9.956303333373244246e-01
9.967324703323188206e-01
9.998858392084585267e-01
