0.000000000000000000e+00
0.000000000000000000e+00
0.000000000000000000e+00
0.000000000000000000e+00
0.000000000000000000e+00
0.000000000000000000e+00
0.000000000000000000e+00
0.000000000000000000e+00
0.000000000000000000e+00
0.000000000000000000e+00
0.000000000000000000e+00
0.000000000000000000e+00
0.000000000000000000e+00
0.000000000000000000e+00
0.000000000000000000e+00
0.000000000000000000e+00
0.000000000000000000e+00
0.000000000000000000e+00
0.000000000000000000e+00
0.000000000000000000e+00
2.775352341064927481e-05
3.666252448396824931e-02
1.091156722492720554e+00
3.507090467058288752e+00
3.388762071572624546e+00
1.852052889708606598e+00
8.305480031421419440e-01
3.714113741478854980e-01
1.865463838081929393e-01
1.131410594748426673e-01
1.828606470163896824e-01
7.274408152287032969e-01
1.498893664484685528e+00
1.730391358042318029e+00
1.428828272776718533e+00
1.025618612185382528e+00
7.636602911427596840e-01
6.460005690644859966e-01
6.374022159514219910e-01
6.966243232020339349e-01
7.853921989951664351e-01
8.851167382947328077e-01
9.780937231613707761e-01
1.063792606106606975e+00
1.126525535656984767e+00
1.182489282396564478e+00
1.216027024340182727e+00
1.225191287832592568e+00
1.219054839111237243e+00
1.187219429139440008e+00
1.149615021977879348e+00
1.109204738962269898e+00
1.071581122717448542e+00
1.034966483066874554e+00
1.009769756839768551e+00
9.893059997899555924e-01
9.680887940578342121e-01
9.539284293856666874e-01
9.431516840109115396e-01
9.359582608788530322e-01
9.288231443425165601e-01
9.255673433682497508e-01
9.320022170064247158e-01
9.309710445011611935e-01
9.473833525189712113e-01
9.537856715930513873e-01
9.671116985977361580e-01
9.772868218325674317e-01
9.849359203410301689e-01
9.922190863761823909e-01
1.004882517035530221e+00
1.007559534717402006e+00
1.014057483336032517e+00
1.017423487090310052e+00
1.020812065217409526e+00
1.022801714820344987e+00
1.021713917476902544e+00
1.020001435393891098e+00
1.019827329226412393e+00
1.017100269570200943e+00
1.014490156066101045e+00
1.013095589305959887e+00
1.006511661330596663e+00
1.003097821742678697e+00
1.001761770406571994e+00
9.998751185740095693e-01
9.967238614453871604e-01
9.959885124418206281e-01
9.940203716485742635e-01
9.956440002243669429e-01
9.949466534203149637e-01
9.946674050505937004e-01
9.952106064428580812e-01
9.961022854529377746e-01
9.969516910753977168e-01
9.971354034748604045e-01
9.955215064083181575e-01
9.961922339342731414e-01
9.955737720118286171e-01
9.942344211019731315e-01
9.949015568382431063e-01
9.963323897467843970e-01
9.984209836599545751e-01
1.002048795596368391e+00
1.002153985430839001e+00
1.003870548380212391e+00
1.001532508111388831e+00
1.003804371778094007e+00
1.002476296288245639e+00
1.004177472504640845e+00
1.003611459404107675e+00
1.003671678132014078e+00
1.003823725145133405e+00
1.001812421844195944e+00
1.002673005822670937e+00
1.001053864205453836e+00
1.001895966480453204e+00
9.989143040912075167e-01
9.986059030813484449e-01
9.980812888261724192e-01
9.978108583834957024e-01
9.968806648496464362e-01
9.984410991418386505e-01
9.972658840318824325e-01
9.970726708301972385e-01
9.988291175085484142e-01
9.989651205680158963e-01
1.001696606556257363e+00
1.003126641112708661e+00
1.003495173227893611e+00
1.003434619193073640e+00
1.003909495441085875e+00
1.004138832232043033e+00
1.003840222309410279e+00
1.002521810394795931e+00
1.002029342550192048e+00
1.002893693062492542e+00
1.002086272928800481e+00
9.999818318684648988e-01
1.001488250188973472e+00
1.000896318412572983e+00
9.991641217806522812e-01
9.986876073642424467e-01
9.988881077629798710e-01
9.980102620157969007e-01
9.978974785030868544e-01
9.998238261846157382e-01
9.982009753943565933e-01
9.991516895219555439e-01
9.996484617519542093e-01
9.998991255892950569e-01
1.000256848949975685e+00
1.000707336507080880e+00
1.001162220786741885e+00
1.001457010951713800e+00
1.002295369975658268e+00
1.001909379304727121e+00
1.001918860887936358e+00
1.001377947870224050e+00
1.002116267551376394e+00
1.002363607641301835e+00
1.000911580161411685e+00
1.001272082343631409e+00
1.001135209926649061e+00
1.001535935861179061e+00
1.000723973600452954e+00
1.000565317375752272e+00
9.993490899151534768e-01
9.999203875609432579e-01
9.991316724651030379e-01
1.000179093417001619e+00
9.999927233363177237e-01
1.000556532731287751e+00
1.000042649435032738e+00
1.000645186033523037e+00
9.989647468402608199e-01
1.000960837613166676e+00
1.000045003473255534e+00
1.001299689292273865e+00
9.997685107565565943e-01
9.990812228636004599e-01
1.000575439267516797e+00
9.999682859826077852e-01
9.986892153509401293e-01
1.000054531908504796e+00
1.000342168904089224e+00
1.000348144630734515e+00
1.000957747477787763e+00
1.000565076569870593e+00
1.000578750259016880e+00
1.001460537303217935e+00
9.998963061107793981e-01
1.000192066895634557e+00
1.000860149114474407e+00
1.001149887588436371e+00
1.000244383626633704e+00
1.000147429808064370e+00
9.999198005950964419e-01
1.001304548294964736e+00
9.998262577925098871e-01
9.991105023990813905e-01
1.001157273895833866e+00
1.000445083820545422e+00
9.999858384257550581e-01
1.000063738166163230e+00
9.996480193451630081e-01
1.000362126777362359e+00
9.996968547624356383e-01
9.996798971273166412e-01
9.997662863150301726e-01
1.000003371086465087e+00
1.000157640785517055e+00
9.997299568871703679e-01
9.999463803992212352e-01
1.000509331014896475e+00
1.000643753985357653e+00
1.000687213816002563e+00
1.000499169144767331e+00
9.999474118891584773e-01
1.000501664941028102e+00
9.996774317333346760e-01
1.000391101974735797e+00
9.999730555027194212e-01
9.995154141499082989e-01
9.997979196424529036e-01
9.992430320428441481e-01
1.000084692150019494e+00
9.999001588417975039e-01
9.997129375861425471e-01
1.000627226245880186e+00
9.996577302795434106e-01
9.998284702290209935e-01
1.000795545091737182e+00
1.000340481301364992e+00
9.996660490723815462e-01
9.991280970055769206e-01
1.000089575472576042e+00
9.996299332290594641e-01
9.996928590498115330e-01
1.000105889888037058e+00
9.998556924595691786e-01
1.000343417935642965e+00
1.000010883251692961e+00
9.998035216997307462e-01
1.000305097085118389e+00
1.000312803789789484e+00
1.000215464450715963e+00
9.998067057148373182e-01
9.999985497375671883e-01
9.991576703553065597e-01
9.995476146283237551e-01
9.996345639039523334e-01
9.997305012523903800e-01
1.000314453230541467e+00
9.994173217393947928e-01
9.999179880454991398e-01
9.999020947849260876e-01
9.998154700109538329e-01
9.998760562549011688e-01
9.995772151757652546e-01
9.999739516003809392e-01
1.000136481486034290e+00
1.000000701038066708e+00
1.000360026067905972e+00
1.000546272044084306e+00
1.000511016280757115e+00
9.998594253693303679e-01
9.996871587397593295e-01
1.000231482342874623e+00
1.000204874407274902e+00
9.996122780302423294e-01
1.000206093355574977e+00
9.993937372710965938e-01
9.998556143409582653e-01
1.000035451059786196e+00
9.997762686005614574e-01
1.000256541158526025e+00
1.000501091437904444e+00
1.000543678837787720e+00
9.992038259161658553e-01
