0.000000000000000000e+00
0.000000000000000000e+00
0.000000000000000000e+00
0.000000000000000000e+00
0.000000000000000000e+00
0.000000000000000000e+00
0.000000000000000000e+00
0.000000000000000000e+00
0.000000000000000000e+00
0.000000000000000000e+00
0.000000000000000000e+00
0.000000000000000000e+00
0.000000000000000000e+00
0.000000000000000000e+00
0.000000000000000000e+00
0.000000000000000000e+00
0.000000000000000000e+00
0.000000000000000000e+00
0.000000000000000000e+00
0.000000000000000000e+00
0.000000000000000000e+00
0.000000000000000000e+00
0.000000000000000000e+00
0.000000000000000000e+00
0.000000000000000000e+00
3.409258517923306753e-02
8.155395714380937466e-01
2.944923664990692025e+00
3.449104805409622276e+00
2.270940556011699751e+00
1.142609417390749060e+00
5.315694322158763807e-01
3.106395009571852883e-01
2.480706784921252739e-01
2.445201533836390551e-01
2.697161340475237590e-01
2.923175443820892894e-01
3.109492792267086747e-01
3.291218758842918701e-01
3.410882822958363203e-01
3.659229437901468929e-01
4.072240666520687835e-01
5.159400152633212278e-01
6.549779009108726013e-01
8.248255741621884907e-01
1.004793251584247260e+00
1.133167514357632077e+00
1.272200067175146110e+00
1.341807633236408170e+00
1.436266517918286079e+00
1.507578957509782214e+00
1.541838871734841243e+00
1.513819206489670499e+00
1.426313020822486344e+00
1.331159806355235231e+00
1.195198104489810786e+00
1.071252680810510949e+00
9.920274393000557689e-01
9.260653632007905811e-01
8.884838295257522223e-01
8.650780306120059437e-01
8.672823067237831474e-01
8.684448362271005584e-01
8.887819470438045322e-01
9.170428436555480012e-01
9.259141534717186817e-01
9.475377044856261310e-01
9.693465557819462841e-01
9.968061617190160373e-01
1.010204970707232919e+00
1.018689424292583245e+00
1.033006432920572593e+00
1.030661230237142290e+00
1.035447680517584068e+00
1.039981447274301196e+00
1.047769729879899359e+00
1.042062245099372841e+00
1.029292815374851733e+00
1.015805912081150009e+00
1.008056450188725917e+00
9.980903951078411440e-01
9.867303076316407129e-01
9.750421953717123280e-01
9.744528914250124574e-01
9.724554439601753586e-01
9.740270342703004625e-01
9.720384558081661686e-01
9.813336510196392082e-01
9.836990563018559453e-01
9.936881351084123626e-01
9.909026649111831730e-01
1.000937621764131924e+00
9.992056110796216917e-01
1.003297065110584585e+00
1.011408553550372513e+00
1.011482853357993816e+00
1.005318817074553950e+00
1.009157908512805513e+00
1.007393338274577443e+00
1.003742024122746379e+00
1.001661164740671017e+00
9.953368673332585459e-01
9.998973826511289298e-01
9.936599891254626060e-01
9.972397930754437478e-01
9.966406504122833354e-01
9.904230499769481888e-01
9.913660027790029972e-01
9.890526420776806216e-01
9.943063083241800992e-01
9.958011300447578984e-01
9.966348702024178108e-01
9.939346547637022411e-01
1.002709359735329819e+00
1.000650052903057974e+00
1.001679823124422386e+00
1.000399799285453861e+00
9.984918732268052155e-01
1.001222160251790338e+00
9.999094871478922952e-01
1.003914783435085889e+00
9.997667224340325287e-01
1.003874777700683341e+00
9.962384840038936984e-01
1.002083568773447952e+00
9.961574216039728036e-01
9.983817541026388520e-01
9.975934197322411379e-01
9.966286115573484983e-01
9.963171271843597188e-01
9.923303916625705323e-01
9.975807864298672500e-01
9.898991872258608993e-01
9.952940408228313496e-01
9.954024660082507747e-01
9.962985450302972446e-01
9.972894776041927312e-01
9.991742827856061604e-01
9.943003344484228068e-01
9.998477305579052121e-01
9.952627729093196374e-01
9.984867510110793098e-01
9.970482475728791316e-01
9.986453435101156906e-01
9.974505438042517991e-01
9.954989096020139261e-01
9.977319237834466614e-01
9.959882539719325800e-01
1.000785244354015280e+00
9.985182768346732018e-01
9.986014180388703698e-01
9.983733929822429243e-01
9.974609837582913974e-01
9.957948128942246679e-01
9.951236156848675130e-01
1.001707054659638718e+00
9.985036972001878341e-01
9.962210831499630492e-01
9.973038649760169738e-01
9.982293395321956142e-01
1.000131164265213757e+00
9.980787912079893687e-01
9.989736799639554743e-01
9.999238312310672061e-01
9.998113435158563211e-01
9.991290956480632923e-01
9.958692243579984060e-01
9.985476714703589440e-01
9.971581718119257864e-01
9.982177521275422682e-01
9.984602034728646824e-01
9.976058712252746652e-01
9.980548810578552255e-01
9.995744083952895487e-01
9.989735010279306993e-01
9.980058361211356921e-01
9.986979602737975359e-01
1.001006088575010278e+00
1.001295974759461194e+00
9.965364465623626211e-01
9.945774609392992183e-01
9.962239936059102963e-01
9.975793572183550006e-01
9.938502715254855513e-01
9.980811328859707787e-01
9.969537830190727812e-01
9.971249935933622632e-01
9.969728490900791051e-01
1.000214305708499563e+00
9.965194231191706331e-01
9.969414551595781049e-01
9.962301035625015233e-01
9.988328259876079196e-01
9.969744649324873143e-01
9.977898970375971288e-01
9.968233770575859465e-01
9.988448935831197861e-01
9.989724839414527713e-01
9.979381786044405622e-01
9.998588292409426037e-01
1.000170805364174242e+00
9.974623315277439950e-01
9.947377377975559209e-01
9.993657004177038949e-01
9.962801158946739122e-01
9.984058781736409038e-01
9.962422612487765727e-01
9.977814627377137313e-01
9.964153316612994749e-01
9.953478968439333219e-01
9.973303348152875447e-01
9.996758958779538018e-01
1.000088348351924061e+00
9.993087609872075561e-01
9.968330989857729918e-01
9.969606613957737729e-01
9.977820545986020306e-01
9.997687847731463462e-01
1.000236800854870545e+00
9.993584743951869909e-01
9.989186761145513183e-01
9.983979886882745625e-01
9.984046722422544873e-01
9.966902833194796196e-01
9.970689551973290765e-01
9.977746566199973133e-01
1.002325976443163569e+00
9.977974801302302854e-01
1.000490655081572422e+00
9.988197505366206430e-01
9.972537664468308360e-01
9.984907174686872278e-01
1.000692309257070312e+00
9.971870956891685234e-01
9.986326445083224534e-01
1.000342654171553880e+00
9.978081890981974622e-01
9.970304229942378305e-01
9.995926426298444856e-01
1.001185906672401149e+00
9.997151921359535010e-01
9.999314025290253483e-01
9.982056688769326280e-01
9.981611874665179407e-01
9.988478988610629550e-01
9.992179424000350307e-01
9.967899295609176091e-01
1.000121100460692691e+00
9.977761495258700153e-01
9.985769216512284663e-01
9.965846785412879605e-01
9.980186823623046211e-01
9.996148036699159523e-01
1.000949187020131914e+00
9.996739143269370853e-01
9.987651141234981100e-01
1.000579032828794901e+00
1.000001154135084613e+00
1.001329507367948679e+00
9.988164903489890056e-01
9.992098843821523024e-01
9.987926692037661924e-01
1.000180688148792019e+00
9.984425067397526554e-01
9.995501668064666889e-01
9.985396001924392584e-01
9.934656940453957530e-01
9.844933389440357896e-01
9.719637981804294391e-01
9.627792232795789884e-01
9.516380018638580518e-01
9.393763224478637319e-01
9.297856452966624108e-01
9.184910894182736207e-01
9.052250787324011005e-01
8.973690168921736321e-01
8.869716963430275269e-01
8.759533077120088551e-01
8.637806305313528998e-01
8.555335276179817372e-01
