0.000000000000000000e+00
0.000000000000000000e+00
0.000000000000000000e+00
0.000000000000000000e+00
0.000000000000000000e+00
0.000000000000000000e+00
0.000000000000000000e+00
0.000000000000000000e+00
0.000000000000000000e+00
0.000000000000000000e+00
0.000000000000000000e+00
0.000000000000000000e+00
0.000000000000000000e+00
0.000000000000000000e+00
0.000000000000000000e+00
0.000000000000000000e+00
0.000000000000000000e+00
0.000000000000000000e+00
0.000000000000000000e+00
0.000000000000000000e+00
0.000000000000000000e+00
3.007075935591699278e-02
9.418741987832968121e-01
3.188111393828647167e+00
3.240749366296792111e+00
1.848364148230100756e+00
8.582826570070078986e-01
4.084230388430787895e-01
2.146305420762541216e-01
2.319653372092015109e-01
8.043222154053942807e-01
1.675869548018734223e+00
1.873660433784944290e+00
1.472645452812208600e+00
1.021948623832453107e+00
7.524010315108050628e-01
6.436066960208249865e-01
6.400315272856897941e-01
6.838280485391287078e-01
7.611359286973536920e-01
8.519425100195318068e-01
9.384118454826523292e-01
1.020514839304880184e+00
1.084688644954711290e+00
1.138650360281737717e+00
1.177762511871740081e+00
1.194125342826510838e+00
1.194002252250125018e+00
1.177181988623711595e+00
1.146571978397213476e+00
1.109941951724209286e+00
1.075281963191104584e+00
1.038106663282782671e+00
1.003050818188009785e+00
9.752027136254827200e-01
9.546946980151717055e-01
9.397923442650034653e-01
9.309091736958972074e-01
9.265831175441745504e-01
9.288280859962823044e-01
9.285267268742761759e-01
9.369624286565132465e-01
9.456656124174307454e-01
9.571134943109429472e-01
9.710707769484250296e-01
9.809286746854162242e-01
9.881496315174257417e-01
9.974056850994037493e-01
1.002959224947441941e+00
1.009204181304234726e+00
1.016346842257850325e+00
1.017507953352706274e+00
1.019611420896053389e+00
1.021189636788585986e+00
1.020867122136658756e+00
1.017462507468395172e+00
1.014622641126690317e+00
1.012519373401431944e+00
1.008514660724366463e+00
1.004228682744062962e+00
1.002437804980264691e+00
9.989542853423006852e-01
9.969020292272349204e-01
9.966972774012787806e-01
9.971904031865100881e-01
9.969429310607499373e-01
9.959837674103800831e-01
9.973909180097318972e-01
9.962504890612019492e-01
9.972713930470147314e-01
9.973042835389180905e-01
9.970731922920061940e-01
9.977499505006425240e-01
9.976870784127201963e-01
9.979056124840069986e-01
9.974865608326121125e-01
9.994474375571084090e-01
9.996479227949547353e-01
9.996432055272868045e-01
9.993848009449649572e-01
9.988610691693288191e-01
1.000174483859307184e+00
9.998818091739000158e-01
9.997748240555879295e-01
1.000490119312125614e+00
9.997958856331973232e-01
1.002432261188192175e+00
1.001186207371411063e+00
1.000261410786924321e+00
1.000346178781412299e+00
1.000697648102704562e+00
1.001690899462404305e+00
1.001186842249943476e+00
1.000538239024759246e+00
1.000346568104034883e+00
1.000577039291882242e+00
1.000146239339006815e+00
1.000110158504870395e+00
1.000127881889785852e+00
9.996570183329801518e-01
9.989629943209369367e-01
9.992622064781514490e-01
9.985606189558783319e-01
9.991814853202966029e-01
9.996703903279280379e-01
9.991212755220439945e-01
1.000660515371007531e+00
1.000911720614366951e+00
9.994585368821098381e-01
9.997395779751527822e-01
9.995260957306142391e-01
9.999750528582752596e-01
1.000205884023145142e+00
1.000666942029209583e+00
1.000517774364318768e+00
1.000224618932004983e+00
9.998304410138203480e-01
1.000337062016334544e+00
9.994502148905465289e-01
1.000469564623286178e+00
9.995445275582121036e-01
9.996757591910981899e-01
9.997073804441661826e-01
9.991339962363295912e-01
9.995031865336839738e-01
9.983801539915071466e-01
9.992702110972939700e-01
1.000820102368190190e+00
9.998942053008380570e-01
1.000183728375099390e+00
9.998814898834929021e-01
1.001020454101505974e+00
1.000874533623793194e+00
1.001107411480914644e+00
9.999672053818889905e-01
1.001255589493542431e+00
1.000153547946013077e+00
1.001041214174581917e+00
9.995693522529907060e-01
1.000377992681862338e+00
1.000489562325157289e+00
1.000106523780273982e+00
9.994834104411746134e-01
9.993761580312714443e-01
9.990753541524869386e-01
9.988749823557568908e-01
9.991451903597409201e-01
9.986785672648915702e-01
9.991278119377621225e-01
9.990373366490082896e-01
9.988536213033083477e-01
1.000082449673286744e+00
9.992775686643849964e-01
1.000034196141420750e+00
9.998671450085633294e-01
1.000063890882189055e+00
1.000541539434105953e+00
1.001095076273052387e+00
1.000744702966900102e+00
1.001533323755047888e+00
9.999977595365422411e-01
9.995400552182567289e-01
1.000522086430239543e+00
1.000427705519332910e+00
9.996429407861014971e-01
9.995742164171060873e-01
9.997789360730613417e-01
1.000193215096241595e+00
9.990381208379729427e-01
9.990843975638331598e-01
1.000051116332298262e+00
9.991576187007773502e-01
9.996249687708300691e-01
9.995679960054079105e-01
9.998355927073474536e-01
9.997571917390210006e-01
9.999443544373741721e-01
1.000030404906103954e+00
1.000041489680182361e+00
1.000088053283674450e+00
1.000606046844387587e+00
9.996755652990854113e-01
1.000431904516389858e+00
9.998877487535862141e-01
9.997667415140302216e-01
1.000536770861237823e+00
1.000328418756726512e+00
1.000321631804903744e+00
9.998352069195187708e-01
9.995370151032217931e-01
9.999997688158800413e-01
1.000539862144476322e+00
9.992422782578939122e-01
1.000316484329960343e+00
1.000154900366572397e+00
9.999868818146984140e-01
1.000089142929037722e+00
9.995949884958438281e-01
1.000669314730491699e+00
9.996894552528383660e-01
1.000179759278762681e+00
9.999886829862607573e-01
9.999176483498117829e-01
1.000816358178661769e+00
9.999908032173921990e-01
1.000956219348663412e+00
1.000519194605348883e+00
9.998376198144575122e-01
1.000205830625754411e+00
1.000283498732432941e+00
1.000247818159585522e+00
9.996254346735023999e-01
1.000933194409860061e+00
1.000093822967968560e+00
1.000283240789104244e+00
1.000459726698092133e+00
9.997950744208908835e-01
1.000159253483768884e+00
1.000182285501895807e+00
1.000170770798271880e+00
9.999122234086392780e-01
1.000375617620637758e+00
1.000213220987250073e+00
1.000073833099704101e+00
9.995183490227382839e-01
1.000617696573910420e+00
9.999624119361912866e-01
1.000416583524454284e+00
1.000133569768268504e+00
1.000067949220404540e+00
1.000410878052981900e+00
1.000448091545820040e+00
1.000692473907781377e+00
1.000151126643794797e+00
1.000166389840149828e+00
1.000091896253333834e+00
1.000015394479519149e+00
1.000047725067781501e+00
1.000474191864300755e+00
9.998972126270712080e-01
9.998455661836019859e-01
1.000012769325792306e+00
1.000394203201907750e+00
1.000156407234730205e+00
1.000051066454227477e+00
9.994899548507354403e-01
9.945634231524042024e-01
9.839047093719288650e-01
9.725851062188258789e-01
9.618395469841735101e-01
9.505951874343633312e-01
9.393329036501955054e-01
9.290541591482250894e-01
9.187362719403308065e-01
9.078153657476980554e-01
8.967495759173991221e-01
8.865416975142400569e-01
8.764168140697654596e-01
8.657932032306029368e-01
8.561251459225491800e-01
