0.000000000000000000e+00
0.000000000000000000e+00
0.000000000000000000e+00
0.000000000000000000e+00
0.000000000000000000e+00
0.000000000000000000e+00
0.000000000000000000e+00
0.000000000000000000e+00
0.000000000000000000e+00
0.000000000000000000e+00
0.000000000000000000e+00
0.000000000000000000e+00
0.000000000000000000e+00
0.000000000000000000e+00
0.000000000000000000e+00
0.000000000000000000e+00
0.000000000000000000e+00
0.000000000000000000e+00
0.000000000000000000e+00
0.000000000000000000e+00
0.000000000000000000e+00
0.000000000000000000e+00
0.000000000000000000e+00
0.000000000000000000e+00
0.000000000000000000e+00
3.105789892010213274e-04
3.479767088736322039e-02
6.091442246324588750e-01
2.008153977618508446e+00
2.477367029745492388e+00
1.800776093867888727e+00
9.922591832934359868e-01
5.431276290086950453e-01
3.423819732964342166e-01
2.773476026781107606e-01
2.492028802785000441e-01
2.483943076295370700e-01
2.554310482829165729e-01
2.511236108426330160e-01
2.513206043149772140e-01
2.585186358162042675e-01
2.715997932975903195e-01
3.501568337768090622e-01
4.486642842943049381e-01
5.965562643981717761e-01
7.736924908546660706e-01
9.496821325476234588e-01
1.112963088404277823e+00
1.266102095614198397e+00
1.338779505130520686e+00
1.430860135471551109e+00
1.488081673819712680e+00
1.533022078573530678e+00
1.528079912629552561e+00
1.481529481292876538e+00
1.370167086606450590e+00
1.251834406674597000e+00
1.145414623319889413e+00
1.058107359578685625e+00
9.690983099635834819e-01
9.382931511940614255e-01
9.136887892573117842e-01
8.908899602913581406e-01
9.001186041599997800e-01
8.861399482224286972e-01
9.011180199992966378e-01
9.009395271011296780e-01
9.173985065576159004e-01
9.362212454715771459e-01
9.457065173401316693e-01
9.673658619007580173e-01
9.858519291065407364e-01
9.941382818562929380e-01
1.015762956628530223e+00
1.017444327556795258e+00
1.039568572428117399e+00
1.047840316477699041e+00
1.041369377246751382e+00
1.042981785253338067e+00
1.029260056033112214e+00
1.025462632608623581e+00
1.015322101110177400e+00
1.001867236562267172e+00
9.856186953409763474e-01
9.804618248682628323e-01
9.715451827772774163e-01
9.783385860224650399e-01
9.681737825362343175e-01
9.668033736708639969e-01
9.702320837160495204e-01
9.841247390788387950e-01
9.986773491947161796e-01
9.966997193453092097e-01
1.009133075266809509e+00
1.006808317982043954e+00
1.014745652761653405e+00
1.019525870372967491e+00
1.012764133435683389e+00
1.013872049859787072e+00
1.010834407056018680e+00
1.010115984476560147e+00
1.008739368980480000e+00
1.009953816201700771e+00
9.987435364880110633e-01
9.980127378394799686e-01
9.927566748852033607e-01
9.995145409165056005e-01
9.908630541013325743e-01
9.935714442137029145e-01
9.928997064436393405e-01
9.969940509247642302e-01
9.924155808853460936e-01
9.945443229073149816e-01
9.943825345877365107e-01
9.938897804953110704e-01
9.933557816336036073e-01
1.003021504648140327e+00
9.980104327351690952e-01
9.988287381954062960e-01
1.000837809500694453e+00
1.002663755402587231e+00
1.006757021943077479e+00
1.000771466232302842e+00
1.003262619198616701e+00
1.008118487077624748e+00
1.001343703106877703e+00
1.008098621989633070e+00
1.000516636348318666e+00
9.998180895749831931e-01
9.981726228085635588e-01
1.002241735488313079e+00
9.999457729858182153e-01
9.979555788144665041e-01
9.981055082594528782e-01
9.984867823972779499e-01
9.982860816129719428e-01
9.986344800551196776e-01
9.965649503067623982e-01
9.965146309001695624e-01
1.000893786527069951e+00
9.986733162614788162e-01
9.985540141889117649e-01
9.982800085458087835e-01
1.002183327781689837e+00
9.964616443225977616e-01
9.955389979529936095e-01
9.969672016899427947e-01
9.986737727585600632e-01
9.969697284234523282e-01
9.982401157550414572e-01
9.974938928490727497e-01
9.967419231412649738e-01
9.946731985114830588e-01
9.981797880196340289e-01
9.980475443031353588e-01
1.000287754364684201e+00
9.985010922942537670e-01
9.933651098135320989e-01
9.960694592594503405e-01
9.986439858494661204e-01
9.966589638197951295e-01
9.966288248946207906e-01
9.952350965824242612e-01
9.956481514886698081e-01
9.997768413070396987e-01
9.955628094798744110e-01
9.950751359604261825e-01
9.928219220851705051e-01
9.959656119514668227e-01
9.961998382972047095e-01
9.949565742320904960e-01
9.990205844805445379e-01
9.982401785703117758e-01
9.974583062888944252e-01
9.978094304548503768e-01
9.939433281535837716e-01
1.000075582725295842e+00
9.970607103537965088e-01
9.969030480365658198e-01
9.958375891676821690e-01
9.952087367676840657e-01
1.001590390915558793e+00
9.970601954403393030e-01
9.986903505676116843e-01
9.952514003693897493e-01
1.000222094238155224e+00
9.997652209348146801e-01
9.963052658050463029e-01
9.968811312917295053e-01
1.001368761990789169e+00
1.000795772425675301e+00
9.970159400522374815e-01
9.990871398912601897e-01
1.000822326954924346e+00
9.993457288641500735e-01
9.978019747124871053e-01
1.001076447662077706e+00
1.000305997492194177e+00
9.980777308623597355e-01
9.979117556283948476e-01
9.948531434036976817e-01
9.986211270644930194e-01
9.992223365768757581e-01
9.985588394697830772e-01
9.937745717533735812e-01
9.958322906690680876e-01
9.988054293045940391e-01
9.980864740925889933e-01
9.959554147537262869e-01
9.981383691309513306e-01
9.944117566904934202e-01
9.939573301452293563e-01
9.952722103963483891e-01
9.943941897435215616e-01
9.960090327135971977e-01
9.963746790517610252e-01
9.963657458590444715e-01
9.949934061125428331e-01
9.952776043180335819e-01
9.966954266599318268e-01
9.961793216987109290e-01
9.962638150756679689e-01
9.966757774514815038e-01
9.970061254823964214e-01
9.950789044910163250e-01
9.967591559732615902e-01
9.964044503087017279e-01
9.959667174357363928e-01
9.975680743097230518e-01
9.973186662591189133e-01
9.958955474934039209e-01
9.957072258904786644e-01
9.956534318261387462e-01
9.943322748171125047e-01
9.943655885467705957e-01
9.944334968755699222e-01
9.947048443242435534e-01
9.968288251632555497e-01
9.969026929046035379e-01
9.966764793109036402e-01
9.966360549569549532e-01
9.984114507234069791e-01
9.976335966618987694e-01
9.953904568129519070e-01
9.979466288076039859e-01
9.970434620872506981e-01
9.966190263776267821e-01
9.983747699386832375e-01
9.963723854194027618e-01
9.957099987283437592e-01
9.970043549752550804e-01
9.981971870364229060e-01
9.990325890265109310e-01
9.985759770949922398e-01
9.970369820803454131e-01
9.976154977490339082e-01
9.976604370694005519e-01
9.996683019399666970e-01
9.973987143355622642e-01
9.997099215017266616e-01
9.987641175119429393e-01
9.968022151705627776e-01
9.964679915557301815e-01
9.908666150444308540e-01
9.778293728295922582e-01
9.655087804885040814e-01
9.559260619088842947e-01
9.450240549690154257e-01
9.351920007157931147e-01
9.216641471165629707e-01
9.131659588371822123e-01
9.008219785282848280e-01
8.879474576369140726e-01
8.788185903502652163e-01
8.689867327194420454e-01
8.588204870774398536e-01
8.494691714034187102e-01
8.389343889324524239e-01
8.272735630138230434e-01
8.204841296994752620e-01
