0.000000000000000000e+00
0.000000000000000000e+00
0.000000000000000000e+00
0.000000000000000000e+00
0.000000000000000000e+00
0.000000000000000000e+00
0.000000000000000000e+00
0.000000000000000000e+00
0.000000000000000000e+00
0.000000000000000000e+00
0.000000000000000000e+00
0.000000000000000000e+00
0.000000000000000000e+00
0.000000000000000000e+00
0.000000000000000000e+00
0.000000000000000000e+00
0.000000000000000000e+00
0.000000000000000000e+00
0.000000000000000000e+00
0.000000000000000000e+00
3.914673929632574449e-05
3.738189967175015865e-02
1.089150287925413574e+00
3.493128839226774751e+00
3.396159949503323894e+00
1.862853570657395208e+00
8.441555112870575694e-01
3.837442997176587767e-01
1.952212334837036545e-01
1.198021661155613121e-01
1.870916505326790658e-01
7.252605844052889550e-01
1.516276121437410751e+00
1.765958028194469787e+00
1.474064647167417030e+00
1.083558700190755619e+00
8.245206435991228044e-01
7.139786412834321361e-01
7.113734960069089119e-01
7.637242072839908191e-01
8.432346088596990308e-01
9.265669150251391040e-01
1.007862019360803441e+00
1.079449577947263705e+00
1.133345472752980587e+00
1.167153645274704221e+00
1.190484768158059925e+00
1.192226483329994924e+00
1.181367637667460002e+00
1.150786690513179167e+00
1.114313642998272069e+00
1.080795539207069833e+00
1.046654119725192178e+00
1.016947860283632155e+00
9.948313412107061549e-01
9.728185957827574226e-01
9.524539558444098386e-01
9.403453638273214787e-01
9.311566374090936016e-01
9.261702453635226595e-01
9.296586684935750355e-01
9.345350124795470670e-01
9.400902777639172925e-01
9.507899256109264563e-01
9.610226246832165309e-01
9.743059735523775799e-01
9.815841989445769356e-01
9.891285910029968820e-01
9.939727476963278185e-01
1.000831944693739040e+00
1.005801245548604284e+00
1.009164190500280167e+00
1.011057562897738960e+00
1.014261890833644264e+00
1.014587963200307863e+00
1.013490285704450100e+00
1.013928592123980676e+00
1.011724899503031239e+00
1.009437217411269572e+00
1.007608512043299376e+00
1.006514144770662256e+00
1.003694157073341753e+00
1.002315534331615465e+00
9.998225709506575187e-01
9.984251788990854415e-01
9.987272375896597554e-01
9.978776753602861538e-01
9.976361305886518593e-01
9.968004872307232311e-01
9.968970738935858389e-01
9.955928191386643755e-01
9.961995851986786832e-01
9.960507393067714599e-01
9.970191847703911980e-01
9.964401332797476751e-01
9.961410695692204387e-01
9.953711640396032401e-01
9.969208219876064536e-01
9.963230090937247319e-01
9.984252494533045752e-01
9.992787085882436360e-01
9.978354620298434119e-01
9.995370710492748056e-01
9.994063436066034090e-01
1.001060887287086532e+00
1.001181324994947275e+00
1.000380869835462816e+00
1.000652772838678262e+00
1.001061564889457189e+00
1.001118413502940951e+00
1.000065922040108912e+00
9.999042399219379984e-01
9.997644621562840062e-01
1.000514504946638406e+00
1.000489775585749141e+00
1.000410465273742666e+00
1.000509734052364097e+00
1.000020935367475827e+00
1.001083290905592227e+00
1.001266147909757986e+00
1.000529953101600089e+00
9.995287951072930888e-01
1.000305909008642358e+00
1.001828791712360944e+00
1.000408132142908135e+00
9.997982451418783167e-01
9.996559645111348091e-01
1.000412725471028441e+00
1.000411092337919916e+00
9.988324988099323010e-01
1.000474203082342806e+00
9.992164896804783814e-01
9.992919406003724081e-01
9.979112013306863371e-01
9.998351478847299356e-01
9.992293101535310029e-01
9.984143219571209871e-01
9.992291849213000843e-01
1.000388007907012655e+00
9.999755667121996705e-01
1.000793824251831721e+00
9.995904771133261590e-01
1.000471465316898234e+00
1.000732013337739090e+00
9.999772493841695420e-01
1.001440219943487087e+00
1.001250132881030819e+00
1.000096552459170507e+00
1.000857734767286900e+00
1.001038438806556075e+00
1.000895691920821839e+00
1.001130444829150035e+00
1.000848699984499435e+00
1.000930883835656093e+00
1.000222588360291764e+00
9.998048854084662374e-01
1.000859788981403709e+00
9.996385235914336809e-01
9.987296343724879621e-01
1.000382028194100048e+00
9.990490727368195323e-01
9.999752220640917288e-01
9.999035868875405519e-01
9.998161297055701002e-01
1.000040585438559670e+00
1.000263323084745082e+00
9.998466818132255574e-01
1.000260703509634252e+00
9.997454595137880151e-01
1.000629919879169272e+00
9.996432365855606461e-01
9.992995790254884936e-01
1.000231574134622159e+00
9.997055448542667699e-01
1.000300624033084729e+00
1.000873536559509835e+00
1.000833334614586567e+00
1.000260113953080232e+00
9.997658156785950156e-01
1.000987749118275705e+00
1.000039155899133059e+00
1.000074779048742535e+00
9.996633975332911426e-01
1.000396684024415395e+00
1.000774211244262801e+00
1.000502082670797321e+00
9.996772427515151493e-01
1.000155850803025936e+00
1.000037050856002807e+00
1.000214973056945178e+00
1.000601874756603227e+00
1.000969541142618713e+00
9.999917011026062674e-01
1.000329133784259472e+00
9.999795654116538923e-01
9.996970082677385516e-01
9.996216680787820552e-01
1.000551348206760061e+00
9.997104116440795885e-01
9.999798400497602602e-01
1.000800505217039005e+00
9.995552774862689338e-01
1.000014586131603656e+00
1.000180332025133012e+00
1.000488733628653204e+00
9.999838487381300656e-01
9.998515962995795370e-01
1.000513273042833218e+00
1.000387151822070386e+00
9.997690808066315160e-01
9.999659858974863091e-01
1.000647241636155149e+00
9.995552424161457949e-01
1.000686900056420026e+00
1.000135301615962868e+00
9.998904958382985875e-01
1.000422907118012850e+00
9.999678389517066002e-01
1.000007186136521620e+00
9.999303119511491200e-01
1.000605737619312263e+00
1.000449695846595377e+00
1.000071118242898738e+00
1.000094172599387043e+00
1.000181605468126955e+00
9.999937687406739162e-01
1.000120390736213949e+00
9.997163310811379988e-01
1.000689421600252205e+00
1.000551685657662393e+00
9.997741232005022960e-01
9.995524104725531656e-01
9.999770333053159543e-01
1.000146574538577804e+00
1.000603917626796235e+00
1.000392903826510471e+00
9.997101539070784026e-01
1.000005552478292481e+00
9.999328183625288968e-01
1.000322992518777765e+00
1.000544286791045012e+00
1.000371097471278947e+00
1.000435256158778152e+00
1.000185713964488743e+00
1.001041549363894889e+00
1.000231484415310179e+00
1.000497351463319529e+00
1.000650880418998634e+00
1.000435573212439921e+00
1.000406022025242203e+00
9.999136961233181520e-01
9.998003414076793716e-01
1.000508582981179950e+00
1.000362093079875336e+00
1.000184297179289805e+00
1.000537872284309016e+00
1.000073809987791051e+00
1.000352010522677748e+00
1.000447496362595112e+00
9.996987655516864635e-01
1.000306796901179185e+00
1.000280913876541389e+00
9.991114438611651272e-01
9.913312971643564175e-01
9.792260230391622855e-01
9.687067590931192074e-01
9.573165626914081905e-01
9.465779517599414161e-01
9.350531711571494764e-01
9.240924882616575742e-01
9.137886291341167366e-01
9.026468774317896182e-01
8.919406230489783649e-01
8.823256225702793554e-01
8.707699938980880683e-01
8.612162168206179969e-01
8.502302748825226741e-01
8.400677992313293485e-01
8.300463524254205749e-01
8.204766928184223929e-01
