0.000000000000000000e+00
0.000000000000000000e+00
0.000000000000000000e+00
0.000000000000000000e+00
0.000000000000000000e+00
0.000000000000000000e+00
0.000000000000000000e+00
0.000000000000000000e+00
0.000000000000000000e+00
0.000000000000000000e+00
0.000000000000000000e+00
0.000000000000000000e+00
0.000000000000000000e+00
0.000000000000000000e+00
0.000000000000000000e+00
0.000000000000000000e+00
0.000000000000000000e+00
0.000000000000000000e+00
0.000000000000000000e+00
0.000000000000000000e+00
5.219551162065510678e-05
3.772583952570184029e-02
1.087403310770808318e+00
3.500815460411248026e+00
3.415364614136019217e+00
1.876671789306554983e+00
8.351332518925701498e-01
3.822638704912932894e-01
1.954030110839682088e-01
1.198837695655692037e-01
1.865251678055399320e-01
7.273479303357998083e-01
1.520576510485555755e+00
1.772663159552394951e+00
1.475581262285235784e+00
1.085187750306327414e+00
8.219331031346212013e-01
7.150648510269040914e-01
7.107203483040251957e-01
7.630753513145301925e-01
8.437639921952359012e-01
9.299432369608644500e-01
1.009927137689723420e+00
1.079043778773969287e+00
1.136062236226319078e+00
1.174711522741426428e+00
1.193124648109707753e+00
1.197894513738886113e+00
1.183745092291445200e+00
1.151569272659638266e+00
1.115433277746314511e+00
1.080846390803244850e+00
1.047039330926477829e+00
1.020058985220968273e+00
9.941971369235752531e-01
9.717921201675752130e-01
9.543619596644161707e-01
9.417379630694453496e-01
9.321958629324094137e-01
9.317481631575484924e-01
9.265468480043701494e-01
9.340104448740049747e-01
9.407181826977462080e-01
9.514933177638476014e-01
9.636396433479796908e-01
9.707736086098776029e-01
9.802891923445259392e-01
9.890223971448869333e-01
9.960133077917943112e-01
1.001379966395645305e+00
1.004454441542367737e+00
1.008714081183700984e+00
1.010368226226940447e+00
1.011412311565998534e+00
1.014462689132604734e+00
1.014983778071952836e+00
1.013728105725207884e+00
1.011960511453543488e+00
1.008425160987957092e+00
1.005877107533483139e+00
1.005607487438781922e+00
1.003747600766127013e+00
1.000809116405765531e+00
9.992448235460029693e-01
9.984631982756649871e-01
1.001756470474685079e+00
9.984526225757960338e-01
9.981062536654604633e-01
9.992747126312376826e-01
9.956947463849237234e-01
9.962484265218353174e-01
9.958221700743671301e-01
9.963634403544509022e-01
9.949354333240124637e-01
9.963956812358630843e-01
9.944117918930075462e-01
9.963002628630265312e-01
9.961149896516624525e-01
9.980264438027890428e-01
9.978718712419137882e-01
9.987503513994823168e-01
9.987804283151346940e-01
1.000155098017039945e+00
9.994451213922725952e-01
9.993936881047715826e-01
9.995184269346532036e-01
1.000791145520762093e+00
1.000458801766791916e+00
9.999723568069542878e-01
1.000265786773020915e+00
1.000171931142085802e+00
1.001718316247957485e+00
1.000429155924101643e+00
1.000186520166222115e+00
9.990173680029372782e-01
9.999094532866950047e-01
1.000007944967700402e+00
1.000127488231009609e+00
1.000600939120154909e+00
1.000279802794531214e+00
9.997653575352760669e-01
9.997958413495358077e-01
1.000499121399059721e+00
9.996108974757503818e-01
9.994740862885548305e-01
9.988549554340782066e-01
9.992076870009156675e-01
9.999477900228562754e-01
9.987425687381783490e-01
9.987326685615808275e-01
9.987194698594352715e-01
9.959851629758772473e-01
9.982523369587351647e-01
9.983876814890767504e-01
9.975936676694674432e-01
9.982345154901579587e-01
9.978755737500702994e-01
9.990158715469872330e-01
9.989716528725871569e-01
9.995238840341742481e-01
9.989339666072548640e-01
1.000419456993003609e+00
9.996314359687602513e-01
9.994939581534101336e-01
1.000445277731888627e+00
9.999990889115182302e-01
1.000031230301355878e+00
1.000866556679208985e+00
9.997228574197466466e-01
1.000842605401032648e+00
1.000471159451203684e+00
9.990437028408111209e-01
1.000517705096061860e+00
1.000044312425030668e+00
9.987872246434861268e-01
1.000164439914211556e+00
9.996757920628642768e-01
9.993207486364970027e-01
1.000023146886559910e+00
9.989820411641783249e-01
9.996806655606932379e-01
9.994968469756992935e-01
1.000420997721890526e+00
9.990645345874606953e-01
9.989054552441404278e-01
1.000765452266869193e+00
9.999666525023105379e-01
9.995350645235949738e-01
9.996875131898066424e-01
1.000391830367062251e+00
1.000532978647335147e+00
9.995965608507860756e-01
1.000237908451456770e+00
1.000667638617460886e+00
9.996876613279713775e-01
9.999661981747233197e-01
9.997536373091924222e-01
1.000463188356584876e+00
9.993907739006449020e-01
9.993944170903193980e-01
1.000519789760118794e+00
1.000444041427219766e+00
1.000036994596156026e+00
9.996701038012929530e-01
1.000155838926338969e+00
9.999352809089360195e-01
9.999180222462132894e-01
1.000428985988931707e+00
1.000060441053668425e+00
1.000568155343851240e+00
1.000020616657351313e+00
9.995272833859168982e-01
1.000004545604865402e+00
1.000346797771328733e+00
9.994243257967992955e-01
1.000667288244841524e+00
9.999917110011575794e-01
9.999191159920576277e-01
9.999034331963775335e-01
1.000165804748740950e+00
9.995219683896264806e-01
9.999189396434348120e-01
9.999240107827993551e-01
1.000066645133367960e+00
9.998279075633702551e-01
1.000068820770996458e+00
9.996186605516369506e-01
1.000128918894095831e+00
1.000293990262813848e+00
1.000242011818645249e+00
1.000233755400375957e+00
1.000072541433103979e+00
1.000061967458517165e+00
9.998535697974147984e-01
9.998065656498709153e-01
9.999922047148243065e-01
9.994993990427399888e-01
1.000092680218724883e+00
9.999151085278334961e-01
9.996258236393790186e-01
1.000581830580810294e+00
9.995012196761776657e-01
9.996149516020759185e-01
9.996902578888420265e-01
1.000250733238062129e+00
1.000282518000204846e+00
9.994480982181994655e-01
9.997444735232910995e-01
9.999792144554435769e-01
1.000218875965697141e+00
1.000078239408101144e+00
9.999255234790219715e-01
1.000375329831245219e+00
1.000005252018583590e+00
1.000291617941336586e+00
1.000050790110677212e+00
1.000013903725303299e+00
1.000308282156955331e+00
9.999465137386961411e-01
9.998194294302926721e-01
1.000381139433901279e+00
1.000041595752859669e+00
9.994839067492152784e-01
9.997903297464799666e-01
1.000225113891000994e+00
9.998991680304584184e-01
1.000124465077965707e+00
9.998114324066389447e-01
1.000065513046737298e+00
9.998393316152967003e-01
1.000179079502630186e+00
1.000235985402878613e+00
9.999002420807830971e-01
1.000115290125019207e+00
1.000293718535376852e+00
1.000189093839553900e+00
1.000436174758218000e+00
1.000339055205681893e+00
1.000421240707814130e+00
1.000505276270245769e+00
1.000172352663595277e+00
1.000790190091505272e+00
9.989931713908254407e-01
9.904483707836213568e-01
9.796369411258319948e-01
9.689401452671559944e-01
9.574025607180517428e-01
9.462345309318458408e-01
9.349553194018310753e-01
9.243488707345308697e-01
9.138884105998810181e-01
9.034136112092155946e-01
8.926936996061619611e-01
8.821413969822528012e-01
8.714454816322114716e-01
8.609648715744472325e-01
8.505430746437574463e-01
8.402537847084334821e-01
8.300264348095683919e-01
8.195829452838181428e-01
