0.000000000000000000e+00
0.000000000000000000e+00
0.000000000000000000e+00
0.000000000000000000e+00
0.000000000000000000e+00
0.000000000000000000e+00
0.000000000000000000e+00
0.000000000000000000e+00
0.000000000000000000e+00
0.000000000000000000e+00
0.000000000000000000e+00
0.000000000000000000e+00
0.000000000000000000e+00
0.000000000000000000e+00
0.000000000000000000e+00
0.000000000000000000e+00
0.000000000000000000e+00
0.000000000000000000e+00
0.000000000000000000e+00
0.000000000000000000e+00
0.000000000000000000e+00
0.000000000000000000e+00
0.000000000000000000e+00
0.000000000000000000e+00
3.043961263647809615e-04
3.090923454337610524e-02
7.711990714285361648e-01
2.715476255464523536e+00
3.178626259838909007e+00
2.050513733707886477e+00
9.935090392270392590e-01
4.727155278258258764e-01
2.674484496242580667e-01
2.028746390806004385e-01
2.181509266063850483e-01
2.298134399309739451e-01
2.590899957838960210e-01
2.788515266672325632e-01
2.904430514867281654e-01
2.925543952382522184e-01
3.266355387005229205e-01
3.782456193290693047e-01
5.125058992196582786e-01
6.649683246067181752e-01
8.615899821569076300e-01
1.065806696146254007e+00
1.236214655799551920e+00
1.355762988739692476e+00
1.432030605969743409e+00
1.547328949054478597e+00
1.613483197522064261e+00
1.663943571314861147e+00
1.614088933915953428e+00
1.508220381358343243e+00
1.384232076154955804e+00
1.208676743651061258e+00
1.076571482230858967e+00
9.668833156730108902e-01
8.853067968253277575e-01
8.557477323775619649e-01
8.449168269482003613e-01
8.534161073560947441e-01
8.713284180950926494e-01
8.817612970698394115e-01
8.931977652880178642e-01
9.156265989249563475e-01
9.387092192307476823e-01
9.582675324945455486e-01
9.798359293420114691e-01
9.785894759382195440e-01
1.003674297256501369e+00
1.010897630328614571e+00
1.009416760335569263e+00
1.033011161769626263e+00
1.029434519438396034e+00
1.027927705232906552e+00
1.033922385924665566e+00
1.018335389574650085e+00
1.015745735380942261e+00
1.002988366863204028e+00
9.877275703842807175e-01
9.770908825198362235e-01
9.692539893613189017e-01
9.718364041906976114e-01
9.681139395591528141e-01
9.812219473759671295e-01
9.717322960537828624e-01
9.761654581009152620e-01
9.880139267339651532e-01
9.790395302104267783e-01
9.973938173631333726e-01
9.981062452930582474e-01
1.003680619474139002e+00
1.013471681184289430e+00
1.010245761721890512e+00
1.010859151243918008e+00
1.003871523006548916e+00
1.010912237063182895e+00
1.004936573768952845e+00
1.002539623645974931e+00
1.013336512902494713e+00
9.912151313509424133e-01
9.892055436858551154e-01
9.934511030028132517e-01
9.903757515745711393e-01
9.883543674125161438e-01
9.866205832243205576e-01
9.927654759983279842e-01
9.917959012653038142e-01
9.908788749734580570e-01
9.894433273823022290e-01
9.845924368905056845e-01
9.867162819730971313e-01
9.966557865019195495e-01
9.982377062556671010e-01
9.952870133852806944e-01
1.001661105372572358e+00
1.003201221735136706e+00
9.995107041971575956e-01
9.961610036236331345e-01
9.973149824213392023e-01
9.942730751599309080e-01
9.972615492770590118e-01
9.955543107110028656e-01
9.955532211019952893e-01
9.995561464629315607e-01
1.000305235406790727e+00
1.009125188797531880e+00
9.969883371165545460e-01
9.970036295357147527e-01
9.981246157187757539e-01
9.971413083725315651e-01
9.950121777514334687e-01
1.004954198294541357e+00
1.003056765619611213e+00
9.975226132637345922e-01
1.003301536713785858e+00
9.980304043954700832e-01
1.001999354091099192e+00
9.963432160193248510e-01
1.000993675332648269e+00
1.002794233085650077e+00
9.966166022442843886e-01
9.991477077007644425e-01
1.002397456057894987e+00
1.000932059073775138e+00
1.005296584752216837e+00
9.981036121556673413e-01
9.978987378528669794e-01
9.938898750316295105e-01
1.003638614497531334e+00
1.001372383834965740e+00
9.981126034575089623e-01
9.935030259570477584e-01
9.966302005159652921e-01
9.983178263035683564e-01
1.000724174306103498e+00
9.940091889671240910e-01
1.002244187885670046e+00
1.001237909039539575e+00
1.001030075879759007e+00
9.987398076827643800e-01
9.994817664100935639e-01
9.996250518770647409e-01
9.974219763639768921e-01
1.000429581009284696e+00
1.000939929524999883e+00
9.996147352297067856e-01
1.000760521918967250e+00
1.000225999964778900e+00
9.999431494214084948e-01
1.000058625460542361e+00
9.973959603169534338e-01
1.000240163541241012e+00
9.976727740643303033e-01
1.003458415688269323e+00
9.998924548643561838e-01
1.002682411837646725e+00
1.001768451174221752e+00
9.973982900166685761e-01
9.993563727552635667e-01
9.969616785005995796e-01
9.966167986742153762e-01
1.002520926587198158e+00
1.000669523488177948e+00
9.993944525060852735e-01
1.002523316920259866e+00
1.000455604673276877e+00
1.002576971424693042e+00
9.980232780291913297e-01
1.003525259832960037e+00
9.994253231622824973e-01
9.983840683238146552e-01
1.005583428183885353e+00
1.001051942388742955e+00
9.992282255695382753e-01
1.002993159180046945e+00
9.990085357051340376e-01
1.004356470015551395e+00
9.996573758358719974e-01
1.001429464516656820e+00
1.003292748755766794e+00
9.974322680332706748e-01
9.972291023637529506e-01
1.001758199309092268e+00
1.002517276372061561e+00
1.004483177402579752e+00
9.981904005796763402e-01
1.001064175349781760e+00
9.975715991995701692e-01
9.991396680341601000e-01
1.002382001400739853e+00
9.975833977135956099e-01
1.000892585625792419e+00
1.001328570857606959e+00
1.000572250189672996e+00
1.001062005808870836e+00
1.001218482381101005e+00
1.001154094757187751e+00
1.001485490360745745e+00
1.001111969241700983e+00
1.001698829930484758e+00
1.001038762523056125e+00
1.001136903897766883e+00
1.000435794750924368e+00
1.000358172352305841e+00
9.991921248478423667e-01
1.001746951541893527e+00
1.002902907535920818e+00
1.000382044690809380e+00
1.002427791426487858e+00
1.000769496798415981e+00
1.003203167097626025e+00
1.001824800928639014e+00
1.000822213967790253e+00
1.001296400537226461e+00
9.986981520731317286e-01
1.002985934317814909e+00
1.000173050121502039e+00
1.000535585279438866e+00
1.001394612633940806e+00
9.991502004335606202e-01
9.974804508901508049e-01
1.000507507998894763e+00
9.959441641493930186e-01
9.976010187123134365e-01
9.986148165578145885e-01
9.969544863639699939e-01
9.981263836322826766e-01
9.992210801747651860e-01
9.989298364280996267e-01
9.967395165431046644e-01
9.987572225729033359e-01
9.989177941129356864e-01
9.992707141483752054e-01
9.965670727788425998e-01
9.963610099321874580e-01
9.987214625564209136e-01
9.983766522639846430e-01
9.987917341461848286e-01
9.975364573431964033e-01
1.000100560519068482e+00
9.967013313851921241e-01
9.962830561194652157e-01
9.964851627571670312e-01
9.971899973896917180e-01
9.957566587680518611e-01
9.974247920936403222e-01
9.948226005601308319e-01
9.975604176944692369e-01
9.980528573467482012e-01
9.978391569226963131e-01
9.952244544286545924e-01
9.968060344793187033e-01
9.895662688911197602e-01
9.766316886488725091e-01
9.669294550168371360e-01
9.571587321818292304e-01
9.465065573726956227e-01
9.345878874743750453e-01
