0.000000000000000000e+00
0.000000000000000000e+00
0.000000000000000000e+00
0.000000000000000000e+00
0.000000000000000000e+00
0.000000000000000000e+00
0.000000000000000000e+00
0.000000000000000000e+00
0.000000000000000000e+00
0.000000000000000000e+00
0.000000000000000000e+00
0.000000000000000000e+00
0.000000000000000000e+00
0.000000000000000000e+00
0.000000000000000000e+00
0.000000000000000000e+00
0.000000000000000000e+00
0.000000000000000000e+00
0.000000000000000000e+00
0.000000000000000000e+00
0.000000000000000000e+00
0.000000000000000000e+00
0.000000000000000000e+00
0.000000000000000000e+00
0.000000000000000000e+00
2.994360710132852425e-04
1.857683193860636128e-02
4.446509522443936047e-01
1.575205875481259676e+00
2.053089671100166047e+00
1.475256184524073255e+00
8.418599371200135018e-01
4.859421286543646468e-01
3.083228391356923059e-01
2.658427985546747419e-01
2.584941081240414440e-01
2.601640226903971231e-01
2.716757425126937742e-01
2.520979013617133946e-01
2.442381881624267059e-01
2.517959198971790880e-01
2.619684299642383030e-01
3.281609362835987698e-01
4.305604820687532475e-01
5.841014409709972544e-01
7.615948437460013931e-01
9.233544455726164779e-01
1.130597879533858263e+00
1.255156154411278147e+00
1.372007197357911767e+00
1.470234826676370732e+00
1.555687950593778845e+00
1.612925487109225120e+00
1.573536343949655469e+00
1.538351218689645306e+00
1.419502406414515638e+00
1.299123169941082789e+00
1.173346900748447830e+00
1.060686470958323246e+00
9.750047268259777189e-01
9.269735790643396367e-01
8.956322620973140580e-01
8.941711200655405589e-01
8.970414823682744121e-01
9.036116214749075892e-01
9.117256523443368899e-01
9.043273362380392921e-01
9.141023321391129608e-01
9.364543519678334427e-01
9.591664506259292011e-01
9.694871853774855719e-01
9.787831653359594375e-01
9.976482800922079619e-01
1.015203458403123760e+00
1.019183187244816935e+00
1.032162562900450276e+00
1.026517232145155223e+00
1.039006058877026240e+00
1.038489597605636083e+00
1.041521500911556375e+00
1.014514098476345438e+00
1.006247245534897417e+00
1.014217043337758417e+00
9.927513977277105939e-01
9.914841885837845092e-01
9.861151545279465136e-01
9.886657921097874446e-01
9.801096396084086892e-01
9.791692437750029177e-01
9.795574764093699649e-01
9.863705932543856969e-01
9.829311809671890110e-01
9.902879188938222832e-01
9.990223772611946940e-01
1.002435438606111617e+00
9.966263249342839359e-01
1.008239686787401501e+00
1.009807920546477611e+00
1.008174627246580801e+00
1.002763836442427836e+00
1.000992313610157947e+00
1.005767949126139316e+00
9.977492326417524149e-01
9.910509166614461796e-01
9.945537079394805025e-01
9.899431476569694466e-01
9.902398212167592417e-01
1.000077083838157632e+00
9.911397369907496424e-01
9.897826321199659771e-01
9.819646888810866781e-01
9.896795601515523400e-01
9.900115961296549472e-01
9.880015852300777501e-01
9.869650509602901911e-01
9.908960069912000623e-01
9.945184412584334721e-01
9.931635946050538788e-01
9.899237236512760107e-01
1.001543769785326443e+00
9.996614217930540613e-01
9.979689241441668246e-01
9.937845606155688571e-01
9.963327535965631476e-01
1.000706411512875649e+00
1.001896864202016735e+00
1.001951228718625631e+00
9.955198274210309561e-01
9.971386910287507455e-01
9.992160561171867794e-01
9.948810902899504205e-01
9.937601115073599889e-01
9.976617881794301868e-01
9.978936766528084812e-01
9.904624874354854835e-01
9.992837849437595787e-01
9.955131210108397743e-01
9.951038068072670661e-01
9.977291994720900448e-01
9.899004555810915207e-01
9.942375623049480859e-01
9.955914915223059714e-01
1.000578408652084805e+00
9.952493820097422228e-01
9.973391850393102942e-01
9.928296305478129247e-01
9.948916625847437079e-01
9.986057768105984778e-01
9.928490930877815757e-01
9.976728696670289498e-01
9.957386011721658381e-01
9.964493213647371839e-01
9.946359331412297777e-01
9.925949795950349541e-01
9.955649786570162085e-01
9.937782492564979364e-01
9.962650700195602171e-01
9.942598321025531982e-01
9.929311040659226650e-01
9.906618521954819734e-01
9.958254797477935627e-01
9.974856324078661407e-01
9.954898668988892974e-01
9.924920194386270822e-01
9.952214954301442651e-01
9.906249648421511234e-01
9.977764350733454579e-01
9.958583261321551916e-01
9.948618253469727613e-01
9.908303632904533753e-01
9.926057308434499404e-01
9.933256612877658931e-01
9.918157124137004788e-01
9.944599481989176981e-01
9.930967694868231277e-01
9.947916702907574349e-01
9.926401617720068682e-01
9.946273269862562216e-01
9.919790034958873015e-01
9.943078833152514395e-01
9.951437110648484463e-01
9.947008010261386701e-01
9.963886465911100387e-01
9.974602325821878557e-01
9.927294452289425752e-01
9.982232317046786374e-01
9.965441408933847223e-01
9.934038301881876754e-01
9.964119948021415984e-01
9.965955441445146779e-01
9.949120004272876683e-01
9.959226330076359490e-01
9.998592620599624503e-01
9.955013384673803145e-01
9.950560468965967686e-01
9.963662911632734653e-01
9.964838234210808832e-01
9.977859966353342935e-01
9.922851145343006829e-01
1.000685711923973820e+00
9.985131443945632901e-01
9.988330789475834415e-01
9.973599269227990671e-01
9.962530102496511830e-01
1.002449207831824340e+00
9.992646971263816624e-01
1.001364637358235887e+00
9.989952279685527792e-01
9.988782729722344156e-01
9.985272403236440386e-01
9.999703914142302752e-01
1.003204881219490252e+00
1.002272037154800621e+00
9.954341730922994236e-01
1.000386722625965952e+00
1.000785064644499789e+00
1.000069814671155077e+00
1.002984884810715682e+00
1.002921078879660310e+00
9.998824819643533646e-01
9.986239117180789604e-01
9.959739503258122628e-01
1.001670202385884334e+00
1.001194062996463519e+00
1.000729140721970944e+00
9.969052009495177336e-01
1.001012479902920971e+00
1.000475365014558582e+00
9.992528712638999444e-01
9.969821265909947217e-01
9.957466729602759692e-01
9.960323280038938520e-01
1.000573917210919150e+00
1.000297507796865215e+00
9.955451722931453196e-01
9.968520263296025696e-01
9.971716420871840070e-01
9.988349249875456692e-01
9.964675428042604199e-01
1.000548332206759650e+00
9.984499728502815863e-01
9.971633420511644141e-01
9.992449065473537617e-01
9.956195846275998074e-01
9.958280152216266723e-01
1.000365095023807438e+00
9.993220641071102195e-01
9.975892487375398465e-01
9.989580581598376252e-01
9.993813707774412691e-01
9.961817840435297500e-01
1.000864315446116981e+00
9.981630829955747686e-01
1.000939876289080877e+00
9.964506964509630693e-01
9.985129504744518769e-01
1.000287870454949157e+00
9.961607776448563323e-01
9.984437416463669557e-01
9.983283330288987845e-01
1.001083581224888830e+00
9.986530738288027509e-01
9.991045762358569116e-01
1.000216024220769606e+00
9.999544132479214475e-01
9.964720840091039200e-01
1.000858225361470177e+00
9.997490759084897149e-01
1.000919240872312654e+00
1.001213381965996518e+00
9.993467276908485353e-01
9.963919369766802703e-01
9.916335457301259648e-01
9.781864954589194472e-01
9.675060105798535259e-01
9.571366998506498636e-01
9.484506531296044152e-01
9.327057066528386953e-01
9.254673260424647330e-01
9.163566605406805454e-01
