0.000000000000000000e+00
0.000000000000000000e+00
0.000000000000000000e+00
0.000000000000000000e+00
0.000000000000000000e+00
0.000000000000000000e+00
0.000000000000000000e+00
0.000000000000000000e+00
0.000000000000000000e+00
0.000000000000000000e+00
0.000000000000000000e+00
0.000000000000000000e+00
0.000000000000000000e+00
0.000000000000000000e+00
0.000000000000000000e+00
0.000000000000000000e+00
0.000000000000000000e+00
0.000000000000000000e+00
0.000000000000000000e+00
0.000000000000000000e+00
0.000000000000000000e+00
0.000000000000000000e+00
0.000000000000000000e+00
0.000000000000000000e+00
0.000000000000000000e+00
0.000000000000000000e+00
2.522100541061443948e-02
4.805021781057989272e-01
1.608834409532109433e+00
2.022959731775072267e+00
1.485538975912248594e+00
8.454423019881697199e-01
4.798486522043173275e-01
3.154823892854677347e-01
2.593575358971108580e-01
2.509760191944914731e-01
2.552373901994837713e-01
2.633994122233880852e-01
2.467431979922490859e-01
2.382759801590113857e-01
2.413699064693252960e-01
2.695475944857012029e-01
3.239331273376636067e-01
4.262715921586084922e-01
5.813093473710773118e-01
7.500040376045226109e-01
9.420650094063401925e-01
1.123152301802085251e+00
1.244304354281969394e+00
1.359218025546073516e+00
1.455061554462802942e+00
1.520418154277334288e+00
1.578445187044529296e+00
1.579631890935342842e+00
1.506600357651280975e+00
1.376209532813971403e+00
1.261524097501231845e+00
1.131660666528524262e+00
1.031078827694172473e+00
9.641084737234112412e-01
9.117080828047859908e-01
8.958872620928672870e-01
8.711362783192090342e-01
8.722520038412694410e-01
8.870571115204778367e-01
8.873102206357237343e-01
9.081427884871697831e-01
9.062987053411900584e-01
9.218049318310155282e-01
9.428603161709726566e-01
9.642384746348244828e-01
9.825752351203008716e-01
9.927264648006806080e-01
1.004595556563191883e+00
1.016981993153545982e+00
1.038198676987723612e+00
1.046623711576786908e+00
1.038099326092344121e+00
1.032257045407600327e+00
1.035802594982025981e+00
1.019990796212602469e+00
1.015305453328882113e+00
1.010774973016950185e+00
1.001506655446214200e+00
9.925549241201596651e-01
9.859023470337253681e-01
9.881094697571148888e-01
9.908231491997648854e-01
9.821776733595161124e-01
9.864996579112246256e-01
9.904631336713213274e-01
9.992963212156039665e-01
9.937999877360033096e-01
1.003805868482410046e+00
1.013603837324591694e+00
1.007619983577413558e+00
1.006305622777118769e+00
1.011590093569137094e+00
1.009712574696346454e+00
1.017241578911473709e+00
1.013460841530796852e+00
1.012918477813029794e+00
9.976047071404966493e-01
9.984814458260735659e-01
1.004204366653486336e+00
9.965378566370903801e-01
1.000685186539066240e+00
9.962865970621799239e-01
9.949218356058342483e-01
9.909891425727970216e-01
9.950379731102341196e-01
9.933027962254965537e-01
9.972700609674530758e-01
9.973930221836246890e-01
1.003877582347825870e+00
1.001832407518189916e+00
1.005775888162580234e+00
9.982037268375927308e-01
1.006406864739131768e+00
1.002269693765604375e+00
9.988411644395723821e-01
1.006781860384642791e+00
1.008948039199472069e+00
1.008564067994594415e+00
1.002097111549279607e+00
1.007843674190513905e+00
1.005766571702066736e+00
1.010120327739154167e+00
1.008275899360936645e+00
1.006843646204979459e+00
1.005805340201568532e+00
1.005470015956909879e+00
9.985662307548347494e-01
1.000394945503632504e+00
1.005222558989528947e+00
9.986566155342283535e-01
1.001754493237849042e+00
1.003421449307939639e+00
1.001861271386934149e+00
9.992122739925860531e-01
9.962608192972679522e-01
9.998355083172810742e-01
1.002665688367747387e+00
1.002815164094864819e+00
1.006434949167576143e+00
1.002403940891433809e+00
1.003812443040048796e+00
1.005332299539154928e+00
1.002554004556975409e+00
9.982182995022574890e-01
1.005639578466525741e+00
1.000438999981230204e+00
1.004779426472534931e+00
1.002404068105717361e+00
1.003479706689213158e+00
1.002899232705132704e+00
1.008053328216496958e+00
1.010665535161244799e+00
1.005879402068637685e+00
1.006267563194155779e+00
1.004837578375743501e+00
1.005030006385111196e+00
1.001205222657727711e+00
1.005306361571597584e+00
1.002249340118541721e+00
1.005297216026791673e+00
1.003846407385820205e+00
1.002594370129873402e+00
1.005106267370076578e+00
9.997722889533920965e-01
9.986521353374698817e-01
9.968811810348391367e-01
1.004831055046207178e+00
1.003957465387523840e+00
1.003088985416857870e+00
9.946607141481556003e-01
9.994990441078285270e-01
1.003492077624016376e+00
1.003875317655321453e+00
1.001644342102641305e+00
1.002531734620148551e+00
1.000443429308411458e+00
1.002741377037363213e+00
1.000444014487967603e+00
1.003506936770704572e+00
1.002344619261929193e+00
9.995041322513574800e-01
1.000271530779160756e+00
1.000062520806442201e+00
1.000338837898991917e+00
1.002849964126836690e+00
9.982477436647906321e-01
1.002522212312468408e+00
1.002542992090743823e+00
9.997883968767056206e-01
1.001463333800055810e+00
9.983792374113237278e-01
1.001578939941711877e+00
1.000459562221622356e+00
1.000466464300094005e+00
1.005691670748522837e+00
9.993156530696183371e-01
1.002415152257898123e+00
1.000122368956540164e+00
9.952477680861347986e-01
1.000842196255013583e+00
9.952075967113530597e-01
1.000679482338096449e+00
1.000506766298045802e+00
9.991253311969670037e-01
1.000580362437798909e+00
9.950182153171287514e-01
1.000900706012278985e+00
9.958596580158144418e-01
1.000100205328163128e+00
9.981500520412370792e-01
9.954705743165134235e-01
9.985381581835964804e-01
9.977243820706723776e-01
9.972758435909394592e-01
9.958375310907151556e-01
9.988717142481480238e-01
9.998767427355618187e-01
1.000445841472609620e+00
9.958786736740102841e-01
1.002668521765708531e+00
9.993058191790050726e-01
9.999424798909262169e-01
9.992882737542794214e-01
9.985779094852108573e-01
9.994982287422942147e-01
1.000045787212668680e+00
9.988797235333258806e-01
9.989607515054087505e-01
1.000671313756647862e+00
1.001421861425559667e+00
9.987203469844554427e-01
9.978163112809682600e-01
9.993732797629514275e-01
9.965393542611538091e-01
9.956900182172275793e-01
9.984117643320199464e-01
9.974931849763364333e-01
9.963590089447440512e-01
9.997132495235427907e-01
9.986876303632074015e-01
9.995133771256979882e-01
9.971027849441419511e-01
9.986986607678944861e-01
9.982826162104760925e-01
9.982601471685697003e-01
9.972924739295819796e-01
9.987390521017482925e-01
9.969210084786886972e-01
9.982141367389265607e-01
9.958306199354015620e-01
9.931816631724161848e-01
9.953582594067736933e-01
9.954877515044027181e-01
9.975830987104672420e-01
9.968690126630356252e-01
9.985419953504804935e-01
9.989035130499961390e-01
9.991102391641750735e-01
9.983587646725956555e-01
9.987003396565246049e-01
9.976602347311156471e-01
1.000503204259057588e+00
1.001826283866756206e+00
9.998325256025408780e-01
9.980110706349959449e-01
9.973591174199343268e-01
9.890956845522426155e-01
9.761432818410342716e-01
9.693644217221939474e-01
9.560337073238558414e-01
9.448000699938288172e-01
9.321031575761702381e-01
9.243975054137889558e-01
9.140421556652412738e-01
