0.000000000000000000e+00
0.000000000000000000e+00
0.000000000000000000e+00
0.000000000000000000e+00
0.000000000000000000e+00
0.000000000000000000e+00
0.000000000000000000e+00
0.000000000000000000e+00
0.000000000000000000e+00
0.000000000000000000e+00
0.000000000000000000e+00
0.000000000000000000e+00
0.000000000000000000e+00
0.000000000000000000e+00
0.000000000000000000e+00
0.000000000000000000e+00
0.000000000000000000e+00
0.000000000000000000e+00
0.000000000000000000e+00
0.000000000000000000e+00
0.000000000000000000e+00
0.000000000000000000e+00
0.000000000000000000e+00
0.000000000000000000e+00
0.000000000000000000e+00
1.561450191072432704e-04
2.284422151613447333e-02
4.946190293319889242e-01
1.725453923634781672e+00
2.225455405568567357e+00
1.650572334611782432e+00
9.622175466191733584e-01
5.234311359279860687e-01
3.537681108638454086e-01
2.852737505913888749e-01
2.815948899458248222e-01
2.910721467768740967e-01
2.953964834205173307e-01
2.927877093856687263e-01
2.743759050365320862e-01
2.785764194509143810e-01
2.962669367394401565e-01
3.428087706400302914e-01
4.380969207427450884e-01
5.716392909846786941e-01
7.334176642138073854e-01
8.964466030832233256e-01
1.062928228830028132e+00
1.180262217328396313e+00
1.304381090044559821e+00
1.391521243990653245e+00
1.481921707092232809e+00
1.527098756546450886e+00
1.526803105092754853e+00
1.489658511583149991e+00
1.403594682197758958e+00
1.273711095669828541e+00
1.165394054432290716e+00
1.066249565838283120e+00
9.924164725768308548e-01
9.494543039866569778e-01
9.179164184886355882e-01
9.034146312187633088e-01
8.959372669706621162e-01
8.862366160997193765e-01
8.952609956101306166e-01
9.125394583729028453e-01
9.214700566830804629e-01
9.417907862909571381e-01
9.632143863074852375e-01
9.697544709782095484e-01
9.954084853706316460e-01
1.009756198536382987e+00
1.015287824240385772e+00
1.032033208572767924e+00
1.038436888853501383e+00
1.040027889664171701e+00
1.035660231906556872e+00
1.042706599472648987e+00
1.028567990328768778e+00
1.022275940105832115e+00
1.008102285644179474e+00
1.002912713167879666e+00
9.828189070962209950e-01
9.885724866158080992e-01
9.706043205969829835e-01
9.766597450793743640e-01
9.758829743988876038e-01
9.834970761732556577e-01
9.823084175598119083e-01
9.871501273078953087e-01
9.893697545771642510e-01
9.980581534069057348e-01
1.000325513219521012e+00
1.009546196062600876e+00
1.011517766351001546e+00
1.014134779613819815e+00
1.017179126789872212e+00
1.016788596768947617e+00
1.014874139579530210e+00
1.012141790663774410e+00
1.013519803949543885e+00
1.011320254232862981e+00
1.006399119469364445e+00
1.005398298928663392e+00
1.001555019074309660e+00
1.000220350002889891e+00
9.962317514256792128e-01
9.947932098718933469e-01
9.926372401345138208e-01
9.948879757980843008e-01
9.949738835859401886e-01
9.977840892900036174e-01
9.951523714396486309e-01
9.990941635287575728e-01
9.958249966825278854e-01
9.992313024168113511e-01
9.996748830716789547e-01
1.003858802463018840e+00
1.004680433630371850e+00
1.007571602599564020e+00
1.003518960725701348e+00
1.007609442159711710e+00
1.007019195726643890e+00
1.005215343499204605e+00
1.001727538513404570e+00
1.007146809056525205e+00
1.001684991583120521e+00
1.001611910124006188e+00
1.003329817421203529e+00
1.000357490002762306e+00
9.991900312348880320e-01
1.002612794428233256e+00
1.004951661530338214e+00
1.001707969920814456e+00
1.002228310634114550e+00
1.002689748720624330e+00
9.975521204481523352e-01
9.996874766640567733e-01
9.990949056072534473e-01
1.000000640318372547e+00
9.980605748234364638e-01
9.982071330159855149e-01
1.000474493114821284e+00
1.000283648989223950e+00
9.977108387886389762e-01
1.002129818792619087e+00
1.003936667800449545e+00
1.001735683224709073e+00
1.002594599420258081e+00
1.000464641580384617e+00
1.002852158524437653e+00
1.002943426401211147e+00
1.004477810186058084e+00
1.006323916082124237e+00
1.000640470380803171e+00
1.000637562492652899e+00
1.005741318069532708e+00
1.001324962382870387e+00
1.003488430704617906e+00
1.004379847238553225e+00
1.003412244713704382e+00
1.002750765992576953e+00
1.006942292026745900e+00
1.004014809367756778e+00
9.996995492982988507e-01
1.002514937407882112e+00
1.004169463586437772e+00
1.005704157165478341e+00
1.003876314098621769e+00
1.002599667015238616e+00
1.000556659318414532e+00
1.001756086734592932e+00
1.003842349893975028e+00
1.006539904527016249e+00
1.003731984921603981e+00
1.000992197817146323e+00
1.003850120879382413e+00
1.004694246802282587e+00
1.004341086551647333e+00
1.001769379762096124e+00
1.002166737662125717e+00
1.001369056863035123e+00
1.001916138327275441e+00
1.000149949362237667e+00
9.991258011861590127e-01
1.002845434696254312e+00
9.983033932924758602e-01
1.000460728763148621e+00
9.986512126637261400e-01
1.001207419581509717e+00
1.000058698329095996e+00
9.987327014294842265e-01
9.995211074678901353e-01
1.003011048501088132e+00
1.000003140411301450e+00
1.001211582458449767e+00
1.000791384832804720e+00
9.978644601724749874e-01
1.001719568819884110e+00
1.000350522626576311e+00
9.997341430803505791e-01
1.000083732547706550e+00
9.986913172121714144e-01
9.997172954178427107e-01
1.001575764035751881e+00
9.984860226513621040e-01
1.002151628026222374e+00
1.001811357024063653e+00
1.001822765992764985e+00
1.003037438830488792e+00
1.001044492532131791e+00
1.000662785751084360e+00
1.001390406743488892e+00
9.994756999049679846e-01
1.000161503955935727e+00
9.971481347539344897e-01
1.000554597000564483e+00
9.999243164654935123e-01
9.998473652289996405e-01
9.996030763907453043e-01
1.000245407603199466e+00
9.998217544464004236e-01
9.989289577275186627e-01
9.970364905679437451e-01
9.984412646304891004e-01
1.001309992496381529e+00
1.001611526748831693e+00
9.971261082296495326e-01
9.972355160017535303e-01
9.976499279810823184e-01
9.989688008601510516e-01
9.969325281969666497e-01
9.990034340649154299e-01
9.960902928901748110e-01
9.965663132870797858e-01
9.964561027825797890e-01
9.967757165365923600e-01
9.980235409099007526e-01
9.978044960817046283e-01
9.976503112125956196e-01
9.970797197449807747e-01
9.985046628869428398e-01
9.981445083780184913e-01
9.980043483337861510e-01
9.985847314328574198e-01
9.977641212882744082e-01
9.981337110454024941e-01
9.994799122070718855e-01
9.958942706579152482e-01
9.966725145165413746e-01
9.970939017992623832e-01
9.976902443362205553e-01
9.948471393607264401e-01
9.998460483909157315e-01
9.986002631010580943e-01
9.988529124366065659e-01
9.982175965222929159e-01
9.984909203905961705e-01
9.969501138405599816e-01
9.978106837236390136e-01
9.973665822743383869e-01
9.970759835151843387e-01
9.925684406570183249e-01
9.827182646017005307e-01
9.711917633952690254e-01
9.576396760306907785e-01
9.495826193173289020e-01
9.370664025141307585e-01
9.288780859318476191e-01
9.154547831688024662e-01
9.072771800354799687e-01
8.944168708548956293e-01
8.852155585396802584e-01
8.733042739362393281e-01
8.633723865759406202e-01
8.551438667131202598e-01
8.419657890614224982e-01
8.324469384722317233e-01
8.220622285154424169e-01
