0.000000000000000000e+00
0.000000000000000000e+00
0.000000000000000000e+00
0.000000000000000000e+00
0.000000000000000000e+00
0.000000000000000000e+00
0.000000000000000000e+00
0.000000000000000000e+00
0.000000000000000000e+00
0.000000000000000000e+00
0.000000000000000000e+00
0.000000000000000000e+00
0.000000000000000000e+00
0.000000000000000000e+00
0.000000000000000000e+00
0.000000000000000000e+00
0.000000000000000000e+00
0.000000000000000000e+00
0.000000000000000000e+00
0.000000000000000000e+00
0.000000000000000000e+00
3.331935334149764560e-02
1.018639815637456536e+00
3.392972026141710451e+00
3.427241812118587916e+00
1.935068004424148835e+00
8.954479565625166337e-01
4.174149411204239324e-01
2.166983039361162211e-01
1.317938008767056968e-01
1.891181301908253509e-01
6.945641817665959561e-01
1.464094979407672525e+00
1.749563992829771486e+00
1.493083431192687049e+00
1.112585806379794207e+00
8.530624869906899832e-01
7.367583011249879688e-01
7.245425953485202797e-01
7.682528923899915041e-01
8.418400761835191926e-01
9.237690545340498938e-01
1.004655554695730535e+00
1.071248377936530272e+00
1.127626771656010440e+00
1.163291637272072965e+00
1.185953038686143657e+00
1.189780898672558873e+00
1.176073632532968816e+00
1.149477598108401111e+00
1.115408656583572800e+00
1.081670259928062094e+00
1.047092585425780209e+00
1.024202894414182108e+00
9.987820235260366220e-01
9.784007262426789309e-01
9.626400880616777789e-01
9.482171478222756189e-01
9.378762843981807151e-01
9.340743536997742069e-01
9.348473076477551436e-01
9.355244334223724589e-01
9.404416875800881703e-01
9.467987286215734377e-01
9.601040426909114300e-01
9.708063576072953893e-01
9.806035053935967527e-01
9.863241455097057075e-01
9.918584607536433673e-01
9.987531143595095307e-01
1.000872621772766369e+00
1.007090850024092044e+00
1.008235526968665363e+00
1.011536680538895228e+00
1.016205216849728865e+00
1.012867124257143203e+00
1.014833970735421920e+00
1.013366262592244826e+00
1.011366100215095987e+00
1.010426778299272410e+00
1.008655768512237705e+00
1.006489369586007765e+00
1.002647896962459706e+00
1.002953772744603844e+00
1.003497470723177853e+00
1.002044528065224149e+00
9.990929593224874283e-01
9.985230430320174433e-01
9.975751272204380626e-01
9.979249058633673508e-01
9.957258798747999906e-01
9.966499006613982470e-01
9.967094613420930393e-01
9.945610073062731704e-01
9.944460746746300872e-01
9.934994712282396723e-01
9.949811683688415398e-01
9.957156795106352210e-01
9.969383092079602271e-01
9.970003788958428093e-01
9.978497265913230940e-01
9.983748457575711832e-01
1.000234527331620882e+00
1.001434686249589090e+00
1.002838326025286664e+00
1.001698501885534665e+00
1.002201145144956396e+00
1.001916341280802314e+00
1.001803529802281600e+00
1.002446353693317915e+00
1.001408754968896142e+00
1.002345288693658798e+00
1.001357690562035163e+00
1.001089937096618643e+00
1.001312253558056087e+00
9.999968991741673419e-01
1.000114902346720402e+00
9.998254243646066408e-01
9.985705153823267732e-01
9.984484285716630492e-01
9.988977897774489190e-01
9.996594484559452320e-01
9.993466037129926649e-01
9.998690957481430885e-01
1.000073389598692408e+00
1.000013306836387228e+00
9.997838087487230796e-01
9.993789448916647888e-01
9.987281340897892212e-01
9.992059997706057572e-01
1.000357056282271673e+00
1.000038513254420280e+00
1.000164146997170267e+00
1.000471476886259481e+00
1.001143466910573654e+00
1.000966460464902896e+00
9.996943632743358066e-01
9.998143172893066977e-01
1.000302192201716123e+00
1.000981057220591053e+00
1.000529325158619365e+00
1.000089663900858961e+00
1.000182251674623934e+00
1.000465970026188423e+00
9.993875114003774041e-01
1.000075031693074434e+00
9.995482233072058298e-01
9.995827858308414804e-01
9.995322984206193029e-01
9.995759209468277895e-01
9.992175601109916094e-01
9.990943682682501548e-01
9.991716025447193728e-01
1.000112475288500224e+00
9.997235379425978286e-01
9.998979268195742343e-01
1.000430896894941357e+00
1.000733391712662623e+00
1.000715056158363536e+00
1.000550994766145951e+00
1.000586222947138504e+00
1.001282952715569108e+00
1.001440350362719389e+00
1.000514669313360638e+00
9.997793645188592926e-01
1.000547413599115032e+00
9.992687479215619506e-01
1.000246812496713433e+00
1.000030789627683436e+00
1.000224224027447484e+00
9.998469839667086800e-01
9.992238504257195952e-01
9.993883303438750865e-01
9.986381891699531721e-01
9.992958599189609714e-01
9.994751401596032592e-01
9.994040588795493063e-01
9.993086952967297210e-01
9.999507522315340680e-01
9.999137257976469240e-01
1.000282457493617549e+00
1.001127948768992137e+00
1.000405050445837052e+00
1.000559699200581854e+00
1.000585079769169772e+00
1.000728651053081952e+00
1.000943971868274662e+00
1.000800578462258672e+00
9.998904122347134216e-01
1.001047174295849107e+00
1.000189976534098468e+00
1.000396901192809107e+00
1.000397253311126500e+00
9.997339693714194508e-01
9.998763664568200982e-01
9.999679638470571064e-01
1.000536298494786092e+00
1.000053519584314765e+00
1.001128990546952480e+00
1.000081899582520029e+00
1.000040405229465579e+00
1.000165114223928065e+00
9.992946035795186033e-01
9.996770937182708483e-01
9.998667973898618389e-01
1.001366575994770525e+00
9.998882482709524622e-01
1.000622945053120771e+00
1.000135119481780688e+00
1.000142629062022337e+00
9.996323677452766399e-01
1.000041366719420122e+00
1.000184735362775967e+00
1.000214108419930081e+00
9.999204635149000486e-01
1.000135390862731954e+00
1.000241341363768077e+00
1.000939248703636153e+00
9.997501180671916066e-01
1.000777630524419148e+00
9.998512809576100002e-01
1.000646851617814859e+00
1.000796125655500246e+00
9.998217909086201116e-01
1.000098817646314586e+00
1.000255651004382074e+00
1.000288661287854985e+00
1.000138961086846301e+00
1.000181481780782144e+00
9.995697214142500453e-01
1.000072667108136582e+00
9.998987312069974598e-01
1.000067034502770902e+00
9.998146754392354119e-01
1.000327475845271374e+00
1.000154343348115038e+00
1.000118429726354341e+00
1.000655706030931125e+00
1.000633356251934947e+00
1.000434620357675275e+00
1.000183084341806916e+00
1.000118210609127978e+00
1.000422242164040743e+00
1.000713568318794433e+00
1.000443040999468014e+00
9.998128582232201911e-01
1.000638484745170809e+00
1.000443170616545530e+00
1.000162019430184568e+00
9.997667137255791259e-01
1.000246633097845228e+00
9.998177565305726988e-01
1.000537821982740327e+00
9.997928994108232770e-01
9.997784274325572929e-01
9.997643608899571266e-01
1.000034622073659341e+00
1.000348532598736462e+00
1.000329576480603500e+00
1.000050862529394458e+00
1.000193925814354401e+00
9.999225701109497599e-01
1.000247405800901657e+00
9.959429259532550649e-01
9.857315532390833468e-01
9.744230279755369262e-01
9.626667915411806220e-01
9.513745324503919409e-01
9.406376551166865108e-01
9.301259608854586247e-01
9.199448834596483104e-01
9.086719308079013180e-01
8.976153228287526709e-01
8.867903409890667277e-01
8.766221527075642728e-01
8.663135586754213691e-01
8.555949493109499260e-01
8.450942631070118560e-01
8.354990797669472613e-01
8.249546330681318818e-01
