0.000000000000000000e+00
0.000000000000000000e+00
0.000000000000000000e+00
0.000000000000000000e+00
0.000000000000000000e+00
0.000000000000000000e+00
0.000000000000000000e+00
0.000000000000000000e+00
0.000000000000000000e+00
0.000000000000000000e+00
0.000000000000000000e+00
0.000000000000000000e+00
0.000000000000000000e+00
0.000000000000000000e+00
0.000000000000000000e+00
0.000000000000000000e+00
0.000000000000000000e+00
0.000000000000000000e+00
0.000000000000000000e+00
0.000000000000000000e+00
0.000000000000000000e+00
0.000000000000000000e+00
0.000000000000000000e+00
0.000000000000000000e+00
0.000000000000000000e+00
1.552840089077720074e-04
2.746330724413909713e-02
5.420951747902140738e-01
1.821608417114254586e+00
2.220965208539505298e+00
1.642122997371002535e+00
9.240405241927742708e-01
5.146193886789205418e-01
3.316623842243026643e-01
2.803071607270860022e-01
2.659405600309746598e-01
2.709729265524521979e-01
2.847916084544592219e-01
2.680782693785955795e-01
2.606962743761727097e-01
2.617108595737451249e-01
2.827891902363516841e-01
3.550642651519522186e-01
4.539850405903984587e-01
5.941894376820128221e-01
7.563978079351377781e-01
9.386734975516863866e-01
1.097214118822244622e+00
1.237337001551276128e+00
1.362759576411385565e+00
1.445896168717353714e+00
1.518412588035322308e+00
1.553961461590470217e+00
1.558438270189352437e+00
1.499564255922601896e+00
1.404247071677245273e+00
1.277508650944146895e+00
1.169045226865991438e+00
1.057361788225962052e+00
9.831837215265573082e-01
9.373219661462783847e-01
9.112802581447797534e-01
8.885576647751307622e-01
8.905199410462688592e-01
8.997018742580736861e-01
8.992266762477150177e-01
9.115947333272168551e-01
9.224194806638287281e-01
9.298177890161964942e-01
9.457776432396725053e-01
9.675958208688412165e-01
9.842565784973952292e-01
1.013373122033109475e+00
1.010754709117499317e+00
1.023794707555011341e+00
1.025341436788259175e+00
1.033705357869385555e+00
1.033901105560949052e+00
1.030605015774754385e+00
1.024398336939814858e+00
1.012164836874215101e+00
1.005814486371991112e+00
9.966833652548366951e-01
9.899580064138193691e-01
9.865794330283040869e-01
9.754340936335331724e-01
9.713937454250161085e-01
9.745103089899135318e-01
9.816870264629113940e-01
9.831199968266863820e-01
9.854462683455649241e-01
9.845416925176067036e-01
9.970539937785056761e-01
1.002212780521940072e+00
1.012019776000066429e+00
1.014012228576888441e+00
1.011074625660481674e+00
1.013748170886169975e+00
1.020903579883325474e+00
1.016959679754596557e+00
1.018438897250012687e+00
1.010438738420312177e+00
1.009408705556136709e+00
1.006476195650939376e+00
1.001445315028322458e+00
1.001867266403491552e+00
9.969862548894510290e-01
9.973295820846019843e-01
9.976882330546351652e-01
9.926203845356177391e-01
9.929310659049706000e-01
9.987651078710180208e-01
9.983631036569579065e-01
9.955624735694827976e-01
9.992081216061654558e-01
9.976128826176426934e-01
9.995633941636635766e-01
1.000922919235431197e+00
1.004165553793528787e+00
1.003906934732459622e+00
9.997420836307113756e-01
1.001672937397673602e+00
1.004322981181534846e+00
1.006689984266413207e+00
1.001997762536167125e+00
9.971214918216814160e-01
1.003771715523797292e+00
9.998165951845368049e-01
9.979908367732882590e-01
9.985408174749191845e-01
1.001488825644661462e+00
9.962955200815014623e-01
9.998818028540419345e-01
9.987162057468770282e-01
9.972345604366477101e-01
9.991528570671411869e-01
9.983878245457080691e-01
9.981535329220678765e-01
9.912254067971254523e-01
9.978330417203099545e-01
9.954816273881835764e-01
1.000294117237493063e+00
1.000054968982042825e+00
9.966602640524506729e-01
9.975339872581403533e-01
9.945879547895081219e-01
9.977224708981677903e-01
9.982393078410913834e-01
1.000236254399630820e+00
9.979247153611600085e-01
1.001145830031435091e+00
9.993158118974218018e-01
1.000860601081574375e+00
9.998288948167375345e-01
9.993449337456242754e-01
9.972746565281072062e-01
9.964207209952582467e-01
9.980198005816079965e-01
9.992099023060161400e-01
9.923368382954785849e-01
9.978076649604702419e-01
9.963148466173378237e-01
9.959342094729412009e-01
9.972298293320661644e-01
9.940279898415453896e-01
9.936178085255588099e-01
1.001855626111067599e+00
9.979340125015598861e-01
9.977621902386267783e-01
9.985056194608933344e-01
9.991873310667240826e-01
9.954556862260431904e-01
9.973496832816970414e-01
9.972888797375722980e-01
9.973264643410107988e-01
9.977869690985686768e-01
9.990580208439471255e-01
9.988685199807620929e-01
9.949312922479465193e-01
9.949310909536255298e-01
9.926380984462966905e-01
9.990596515156321411e-01
9.965004295763327802e-01
9.967326543831744878e-01
9.954535759671258033e-01
9.983495956362887780e-01
9.975872084328122336e-01
9.995964191354761441e-01
9.951918149478270470e-01
9.996685767330336647e-01
9.969786823707089685e-01
9.991506733565934661e-01
1.000220962531375157e+00
9.960346515342001217e-01
9.969452893835700769e-01
9.978750576170229980e-01
1.001820470704934518e+00
9.960946466820507217e-01
9.947311366343850603e-01
9.974426212922923307e-01
9.986112371921327391e-01
9.983495656156797793e-01
9.987806926783198147e-01
9.991746597153842169e-01
9.998922927797344595e-01
1.000314321442511867e+00
1.000375798128948057e+00
9.982458882389769750e-01
9.991097153632511052e-01
1.000236024579463257e+00
1.000990490680886857e+00
9.985976451806162224e-01
9.984663732323084684e-01
1.000101564694151790e+00
1.000205543506497152e+00
1.001588821333405432e+00
1.000798978332633427e+00
1.002658237505381855e+00
9.987791224173689919e-01
9.947780025674928250e-01
9.998599552695149884e-01
1.000192960911078899e+00
9.969689879827340340e-01
9.978139356449955422e-01
9.975423473255826678e-01
9.982948336164333414e-01
9.991309949909743526e-01
9.993519679261207989e-01
9.990627455022992320e-01
9.993809935157287327e-01
9.980062899762239814e-01
9.994953849903172038e-01
9.981272107733498711e-01
1.000592783561464083e+00
9.983687903335523028e-01
9.973500072571874764e-01
9.983276683249838745e-01
9.989205324080236981e-01
9.981031242049707153e-01
9.995303517665773407e-01
9.974912830295923349e-01
9.990324278548440295e-01
9.984741624990928210e-01
1.000776561675338350e+00
9.971596413499048683e-01
9.986167754728110246e-01
9.977871007072708354e-01
9.969068800522876694e-01
9.991058269972338257e-01
9.983337125491934527e-01
9.985398470943513960e-01
9.977292564232772554e-01
9.969255007997830376e-01
9.992588638726302985e-01
9.979013880569848061e-01
9.979855611295403994e-01
9.993964988034135244e-01
9.981556514229303900e-01
9.993643977489828911e-01
9.958085300431087639e-01
9.987481815343284275e-01
9.987444247688173071e-01
9.996247804571971596e-01
9.899662099787545078e-01
9.792888326041475633e-01
9.653457368771440894e-01
9.529247964401990068e-01
9.435568060596092321e-01
9.329050901059257050e-01
9.215467734211957307e-01
9.114057472390351133e-01
9.017710810318061432e-01
8.905993106886805899e-01
8.808288105952903901e-01
8.703136827284084776e-01
8.610214187506174399e-01
8.495844630959420440e-01
8.382739680477263589e-01
8.286583140167164130e-01
8.162370566505211533e-01
