0.000000000000000000e+00
0.000000000000000000e+00
0.000000000000000000e+00
0.000000000000000000e+00
0.000000000000000000e+00
0.000000000000000000e+00
0.000000000000000000e+00
0.000000000000000000e+00
0.000000000000000000e+00
0.000000000000000000e+00
0.000000000000000000e+00
0.000000000000000000e+00
0.000000000000000000e+00
0.000000000000000000e+00
0.000000000000000000e+00
0.000000000000000000e+00
0.000000000000000000e+00
0.000000000000000000e+00
0.000000000000000000e+00
0.000000000000000000e+00
1.304381290794913247e-05
3.682178102296206068e-02
1.082011020960192971e+00
3.493361713776216515e+00
3.429226836572778936e+00
1.896623795551674041e+00
8.655822243803088512e-01
3.906259567532459065e-01
2.008144132263916803e-01
1.246060310078715705e-01
1.899298240856682751e-01
7.288888918548922513e-01
1.520977648536976368e+00
1.774725420883196847e+00
1.479236871997780423e+00
1.091887867248745536e+00
8.285645506750622946e-01
7.162063895983677986e-01
7.082770228797603540e-01
7.588506949242755928e-01
8.374969280427279061e-01
9.212387753476651842e-01
1.007170636073971393e+00
1.075458139673967972e+00
1.127595097924509515e+00
1.168953765720610827e+00
1.192369939249260380e+00
1.198056467993285690e+00
1.181076044284504079e+00
1.152388739093108683e+00
1.116374048800103047e+00
1.082173588946405030e+00
1.047022789183000624e+00
1.022168494530013350e+00
9.957105992170846021e-01
9.744656976961384443e-01
9.576909574670505743e-01
9.433855456657126437e-01
9.336026890101986053e-01
9.299973576079741955e-01
9.298615093511567453e-01
9.344959006121995593e-01
9.434436631831014664e-01
9.514095264016911857e-01
9.605956106291247965e-01
9.710191495630126068e-01
9.804529537337125511e-01
9.888851840023072937e-01
9.950307907999536017e-01
9.999390683777659161e-01
1.004342536673161979e+00
1.007380927176904306e+00
1.010485066523458819e+00
1.012137114896740409e+00
1.012894397520635703e+00
1.014872584168760250e+00
1.014994716751856263e+00
1.012998114650819126e+00
1.009944852859537168e+00
1.007657100188079413e+00
1.006705374236396722e+00
1.004835501464523162e+00
1.002011580996812423e+00
1.001376451598499084e+00
1.002332633907549786e+00
1.000061883075983982e+00
1.000241362562285241e+00
9.983790830746390732e-01
9.995917533058631399e-01
9.986689582461231174e-01
9.976658060902441338e-01
9.967093486807592218e-01
9.962342907364737377e-01
9.954692716100409511e-01
9.948571603539043684e-01
9.967472415370711714e-01
9.951834781088898518e-01
9.953874843886584278e-01
9.957595449233475060e-01
9.970979930147843007e-01
9.985570133136395521e-01
9.989696346920229342e-01
1.000460423140121069e+00
1.000656095868630802e+00
1.000590294128028468e+00
9.988895790143126341e-01
1.001839312203700816e+00
1.002278022163269888e+00
1.001866763057222220e+00
1.002728569699508743e+00
1.002043653291449399e+00
1.001878106547845260e+00
1.000218879614027445e+00
1.000687800590202015e+00
1.001531905863104033e+00
1.000640870602325316e+00
1.000170794549851694e+00
1.000805148833260771e+00
9.999357250685637633e-01
9.996469705057446919e-01
9.993591684706906175e-01
9.993345987773386563e-01
1.000016143043795269e+00
1.000139540086596002e+00
9.995937202148675871e-01
9.991463944473299996e-01
9.995489381123120465e-01
1.000012606133274140e+00
9.996126672393740309e-01
9.997181167976831873e-01
1.000265384133596669e+00
1.000233701366513017e+00
9.991836799566472527e-01
1.000423997038549784e+00
1.000302369246760081e+00
9.995467858975978226e-01
9.993188337013453326e-01
1.000130563849524368e+00
9.999344092738351453e-01
1.000880727317451147e+00
1.000904266979808499e+00
1.000287992535629167e+00
1.000680913581095677e+00
1.000323302825433247e+00
1.000354714382241550e+00
1.000956607428563405e+00
1.000630667472957036e+00
1.000643885191214943e+00
9.988164272381059305e-01
1.000699186773972515e+00
9.995338277522274328e-01
9.997521177869572728e-01
9.998848725619167155e-01
9.986036768259168861e-01
9.998895311774321781e-01
9.990909994685711615e-01
9.996933887364725102e-01
9.998695484359504393e-01
9.998676281528930954e-01
9.986625984785091337e-01
9.994726937580861170e-01
9.995145904833948602e-01
1.000803193804899127e+00
1.000389310619158367e+00
9.997378540399383118e-01
1.000660641637373782e+00
1.000672000650500326e+00
1.000475158868532333e+00
1.000661460162855176e+00
1.000954643488952467e+00
1.000161967468774948e+00
1.000287315623261675e+00
1.000702391881563624e+00
1.000391055834180642e+00
1.000185139643326337e+00
1.000381412023706007e+00
1.000485100650643666e+00
1.000514602722268442e+00
1.000421106678413885e+00
9.998750147952076839e-01
1.000440233404161994e+00
9.996955484810147174e-01
9.996568906444293079e-01
1.000372688216006667e+00
1.000299302411038260e+00
9.998825491468786852e-01
1.000493807534569957e+00
1.000107723665972781e+00
1.000091349058912282e+00
1.000015496572416618e+00
1.001016649311688322e+00
1.000479337170652627e+00
9.999228073247179438e-01
1.000020008760811097e+00
1.000606999647053241e+00
1.000508825600108453e+00
1.000157480045911429e+00
1.000139196864270774e+00
1.000352567432518214e+00
1.000169363733598882e+00
1.000811405517168406e+00
1.000591787904565155e+00
9.994492437097795001e-01
1.001184976169744889e+00
1.000057049064418946e+00
9.997319210020002567e-01
1.000075135151809125e+00
1.000875685371483303e+00
9.999013061665388280e-01
1.000124212379992494e+00
1.000402564912484804e+00
1.000054390079610389e+00
1.000645124140461917e+00
1.000586141356727410e+00
1.000656831380356548e+00
1.000545817212725286e+00
1.000114940152161180e+00
1.000216181874500787e+00
1.000373015046857716e+00
1.000680296507437061e+00
1.000476154822296682e+00
1.000492819720062432e+00
1.000274847065801609e+00
9.999043636508487820e-01
9.998926133125284332e-01
9.996389317189923185e-01
9.997950040422548534e-01
1.000035029394536812e+00
9.999681530056325762e-01
1.000237232610238669e+00
1.000049891914162270e+00
9.994977023838419461e-01
9.998626793827577464e-01
9.999970087507471517e-01
1.000706463699636339e+00
9.997469412985516835e-01
1.000080283025837291e+00
1.000297535229947243e+00
9.999866286648267932e-01
1.000089250735416657e+00
1.000188294992588656e+00
1.000173286510485093e+00
9.997377741247522875e-01
1.000382897441681740e+00
9.996006130731277528e-01
1.000396364520334425e+00
9.998163876359815738e-01
1.000551739624036429e+00
1.000492210752801592e+00
1.000464462483668715e+00
1.000404918890909434e+00
1.000116274493939139e+00
9.999372001401010124e-01
1.000213915500755002e+00
1.000280105603478908e+00
1.000265820946923956e+00
9.997478466824570864e-01
1.000342461693248808e+00
9.996636159389423737e-01
9.999204615212378133e-01
1.000018676757773894e+00
9.998553956484280691e-01
9.989743639342426595e-01
9.902471221769696408e-01
9.794863117398477925e-01
9.682362021900383642e-01
9.568766987093089149e-01
9.463776965801878882e-01
9.350492540686992093e-01
9.242083919100885225e-01
9.133645595628027136e-01
9.026426226321718760e-01
8.919970677217332611e-01
8.811391003059054761e-01
8.710296592170655439e-01
8.604178031020646156e-01
8.498827573741820629e-01
8.395521335125819551e-01
8.293120765827354246e-01
8.193077014845649986e-01
