0.000000000000000000e+00
0.000000000000000000e+00
0.000000000000000000e+00
0.000000000000000000e+00
0.000000000000000000e+00
0.000000000000000000e+00
0.000000000000000000e+00
0.000000000000000000e+00
0.000000000000000000e+00
0.000000000000000000e+00
0.000000000000000000e+00
0.000000000000000000e+00
0.000000000000000000e+00
0.000000000000000000e+00
0.000000000000000000e+00
0.000000000000000000e+00
0.000000000000000000e+00
0.000000000000000000e+00
0.000000000000000000e+00
0.000000000000000000e+00
3.913392756710738470e-05
3.614812457441685806e-02
1.085003676859485289e+00
3.513299226953610965e+00
3.436395477388026531e+00
1.901482765915900375e+00
8.598366955795218036e-01
3.935143850128771659e-01
2.006381906895899070e-01
1.219490571544363383e-01
1.919045034469559485e-01
7.296038314004319458e-01
1.524697487064669899e+00
1.785312691875323265e+00
1.484775666409705375e+00
1.092527231015442357e+00
8.266994680414024854e-01
7.150783847208534993e-01
7.058178719865723094e-01
7.538352053463250879e-01
8.346320410421541602e-01
9.211954951783593026e-01
1.002025801703708474e+00
1.076537780092434726e+00
1.129231173446288761e+00
1.171644745897579609e+00
1.193305389716050824e+00
1.194103574052251648e+00
1.181395909726608906e+00
1.154820563766261854e+00
1.117479180212110235e+00
1.080381871468186095e+00
1.049422798704343629e+00
1.022013212138326743e+00
9.955819493482825910e-01
9.749246233829081953e-01
9.563073811981176453e-01
9.437125433126849483e-01
9.360060164637404867e-01
9.314457379093497025e-01
9.308868462143680134e-01
9.319778407268424214e-01
9.392941423752556585e-01
9.494602788991990394e-01
9.610679059728722828e-01
9.698667969287525503e-01
9.788638119314626573e-01
9.876231342362316035e-01
9.927955927129713531e-01
1.001006129212046902e+00
1.004064433839365167e+00
1.008549698052462862e+00
1.011361942562850835e+00
1.012995179862918205e+00
1.014421879332761733e+00
1.014319598356895336e+00
1.014698562998151754e+00
1.014032028512867223e+00
1.011198718409801911e+00
1.008003137578718844e+00
1.006123818187023122e+00
1.004451176759542763e+00
1.003986164983335483e+00
1.001780655908524276e+00
1.002973081106086184e+00
1.000185492961398470e+00
1.000344551572907692e+00
1.000182831368344960e+00
9.994418113833899442e-01
9.989693138052579968e-01
9.967364510399246980e-01
9.956102819498563461e-01
9.966872739582093299e-01
9.952754379663947271e-01
9.969238711436212430e-01
9.958853978123758388e-01
9.961694228699239373e-01
9.951416371022460128e-01
9.967988601534735205e-01
9.984269113151248431e-01
9.986411524740855805e-01
9.977329601564914885e-01
1.000149862998820582e+00
9.993356997974842670e-01
9.992997704317609919e-01
1.002349278190240556e+00
1.000341104927878977e+00
1.001794708813003476e+00
1.000570926495631952e+00
1.001594237160656764e+00
1.001134285563372250e+00
1.000627983930299836e+00
1.001972524297809919e+00
9.984236800236123699e-01
1.000619881365499619e+00
1.001198555422797565e+00
1.000948663323036447e+00
1.000952996643725834e+00
1.000984476806678458e+00
1.000295707504461173e+00
1.000167009343875257e+00
9.996120993349677519e-01
9.996233795994653448e-01
1.000613331942267203e+00
1.000510165235383608e+00
1.000188872167891763e+00
9.990063749283832895e-01
9.999915492946657158e-01
9.998196949959817781e-01
9.999844113994263983e-01
9.993644088901124656e-01
9.993533634602672633e-01
1.000339081790170503e+00
1.000145823428899350e+00
9.994600382604108546e-01
9.998086550199284384e-01
1.000556564368852985e+00
1.000417194926587205e+00
9.999942913090346108e-01
1.000758707172986206e+00
1.001416788683489267e+00
1.001065537611042666e+00
1.000847436310339234e+00
1.000635088149204988e+00
1.001421456912188646e+00
1.000491912170782927e+00
1.000597995501466553e+00
1.000757680876444233e+00
9.999781981652163809e-01
9.999777930192631503e-01
1.000806326901086951e+00
1.000099028485060160e+00
9.993651774675161858e-01
9.998602741962473450e-01
9.997484605120764423e-01
1.000072009013121876e+00
1.000179190150331410e+00
9.994121599162753000e-01
9.992406601307726177e-01
9.992007076862707837e-01
1.000315294941110711e+00
9.996206267325375983e-01
1.000395704392817997e+00
1.000509548181860664e+00
1.000485703886690558e+00
1.000456039647655615e+00
1.000353522376555393e+00
1.000463159146234737e+00
1.000559601419140465e+00
1.000352441145766047e+00
1.000132592763958606e+00
1.001295907788689377e+00
1.000387923652962252e+00
1.000010422394955745e+00
1.001515884552989899e+00
9.999684769068526435e-01
1.000157289126188065e+00
1.000143854681402100e+00
9.998834631068169720e-01
1.000474830689863648e+00
9.993185638318852204e-01
9.999715155192974159e-01
9.999311926129074157e-01
1.000316303271494789e+00
1.000443300765929466e+00
9.997928543882049768e-01
1.000202119806319123e+00
1.000461112485670379e+00
9.996898578716153505e-01
9.999946629095460837e-01
9.998437974451803711e-01
1.000023252420512154e+00
1.000376000501164597e+00
1.000201497293580211e+00
9.996867931358256465e-01
1.000205201896502860e+00
1.000086188592056224e+00
1.000527944951294268e+00
1.000484657085807916e+00
1.000561546479623587e+00
1.000190905237694716e+00
1.000517277758346202e+00
1.000605650802257385e+00
9.997511809626319357e-01
1.000008555084670459e+00
1.000327971346833378e+00
1.000735369250409956e+00
1.000767806698474649e+00
1.000183356507291066e+00
9.998000482769781039e-01
1.000029626994915599e+00
1.000286905024827089e+00
9.997070128345817430e-01
1.000461166084603892e+00
9.998622056544795855e-01
9.995121339192133414e-01
1.000681561082052529e+00
1.000554495495658225e+00
9.995123464709082528e-01
1.000182093267208305e+00
1.000021704568111236e+00
1.000012304512645001e+00
9.997709555700606820e-01
1.000642585266813045e+00
1.000718288939946188e+00
1.000017476961235108e+00
9.997135595056091395e-01
1.000229470429334189e+00
1.000013480444221781e+00
1.000388087490682754e+00
9.993437217348788426e-01
1.000197955423069773e+00
9.999752649462785303e-01
1.000450505445525273e+00
1.000200266882074418e+00
9.999107766772784567e-01
1.000290642559097165e+00
9.998944648378712552e-01
1.000419803366813909e+00
1.000037767692580459e+00
9.997051192157180299e-01
1.000618219220308136e+00
1.000599959539419048e+00
9.995818764486421593e-01
9.997822344398477057e-01
1.000599911535167807e+00
1.000292458000176188e+00
1.000532400425294899e+00
9.999233805255129948e-01
9.997460191913312144e-01
9.999590364259763886e-01
9.999810261169403969e-01
1.000225346473462951e+00
9.994583386983240114e-01
1.000272107879755179e+00
9.997392204257420367e-01
1.000132873114332632e+00
1.000185707626432219e+00
1.000021609568836567e+00
1.000615255007154758e+00
1.000256403550655815e+00
1.000239800624897812e+00
9.993445759900339009e-01
9.905722067202715753e-01
9.792047807403968518e-01
9.679039580915671515e-01
9.569039750500960562e-01
9.460458680044064872e-01
9.349360767107501857e-01
9.243297574252619109e-01
9.128628040376987052e-01
9.025846613704084920e-01
8.915767933379575849e-01
8.809146923867341439e-01
8.708732307259052785e-01
8.601790132915471121e-01
8.503158475626996227e-01
8.398125185548341864e-01
8.294804760172989067e-01
8.192894127965906215e-01
