0.000000000000000000e+00
0.000000000000000000e+00
0.000000000000000000e+00
0.000000000000000000e+00
0.000000000000000000e+00
0.000000000000000000e+00
0.000000000000000000e+00
0.000000000000000000e+00
0.000000000000000000e+00
0.000000000000000000e+00
0.000000000000000000e+00
0.000000000000000000e+00
0.000000000000000000e+00
0.000000000000000000e+00
0.000000000000000000e+00
0.000000000000000000e+00
0.000000000000000000e+00
0.000000000000000000e+00
0.000000000000000000e+00
0.000000000000000000e+00
0.000000000000000000e+00
3.566525968898920373e-02
1.010713091152817489e+00
3.350191308671002233e+00
3.331515036123517959e+00
1.862582448875763630e+00
8.408612949203250198e-01
3.851506792516510291e-01
1.955386203372604104e-01
2.232609647322566226e-01
8.227974925541751139e-01
1.723889682004633661e+00
1.902015643811587164e+00
1.461725058889433271e+00
9.814726392082790962e-01
6.801297659784256711e-01
5.572623703899195480e-01
5.427778954518498455e-01
5.955396915980565309e-01
6.787785772407699536e-01
7.878840011151655442e-01
8.978817990545264749e-01
1.000302290958517970e+00
1.089982597107867823e+00
1.168902278489787117e+00
1.218029781510387100e+00
1.245129762190608336e+00
1.251065659965341137e+00
1.234027971016806946e+00
1.197821394673444173e+00
1.147884464635127166e+00
1.098728519012398985e+00
1.052395466076491592e+00
1.017625769563452742e+00
9.871988644549228864e-01
9.613116031712068965e-01
9.421224346258610938e-01
9.311213836117743226e-01
9.256420438015936503e-01
9.177053029318373856e-01
9.148876440966791090e-01
9.207471499516028945e-01
9.305172256602467495e-01
9.425845096835028247e-01
9.581087165588291210e-01
9.741452532337997461e-01
9.839593639573711581e-01
9.987761076952098582e-01
1.009874112043917194e+00
1.017428923387800221e+00
1.019610192882644428e+00
1.026261594926010323e+00
1.026133193746854300e+00
1.026278033711463200e+00
1.022617641216821083e+00
1.019966834581182979e+00
1.013744566072799946e+00
1.009677160482613356e+00
1.008276899950831806e+00
1.003185173548995168e+00
9.989725314055578620e-01
9.989844848969753333e-01
9.999019406417278821e-01
9.979382664967643146e-01
9.971677324484296001e-01
9.966095800745589095e-01
1.000158788429168943e+00
9.999132426504769855e-01
1.000847669277270757e+00
9.994153799842296904e-01
1.001111719290919355e+00
1.001130504001983779e+00
9.988251921360665753e-01
9.990048213093567497e-01
1.000408691196858602e+00
9.972046100813931613e-01
9.958973018231139784e-01
9.978595943771599863e-01
9.964793641178394390e-01
9.968101061265843832e-01
9.990257194984588640e-01
9.952365434669542266e-01
9.997148847420205264e-01
9.999901706587208672e-01
1.000029182089790192e+00
9.983401765936301686e-01
1.000108252981519508e+00
1.005242605642869602e+00
1.002397989058283478e+00
1.002015729265087307e+00
1.002812068196247575e+00
1.003841364729803454e+00
1.002849979139907033e+00
1.000973068262696941e+00
1.002014857935649372e+00
1.000373848757040385e+00
1.001237853294283386e+00
1.000898065187545427e+00
1.001239353955108990e+00
9.989644401613491098e-01
1.000929555448770492e+00
1.000064220892593170e+00
1.000789595418716926e+00
1.000563406583976134e+00
9.977641847496416805e-01
9.987072133997724199e-01
1.000352159117780415e+00
9.992863142886825312e-01
9.993602893225563832e-01
9.987086320030703623e-01
1.000069578217036792e+00
9.993055008844839993e-01
1.001117209621451565e+00
1.000866354937002711e+00
9.991047798989597384e-01
1.002032242810255935e+00
9.995364539772966239e-01
9.997666221847464341e-01
9.999167799196837514e-01
1.000837610766889485e+00
1.000464462798503318e+00
1.001292259326219458e+00
1.000519359436814470e+00
1.000729873914671719e+00
1.000647585215431734e+00
1.000211949687911828e+00
1.001601333386799464e+00
1.000854077936514930e+00
1.000983343420866145e+00
9.995481466868213483e-01
1.000517166865125818e+00
9.994393259816468644e-01
1.000102090481964190e+00
9.997771808973479057e-01
1.000945655113344879e+00
1.001079697355768960e+00
1.000428882988099399e+00
9.989977703947545695e-01
1.000609255019855093e+00
1.000410459668329866e+00
9.994824816810577994e-01
1.000299639317838052e+00
9.997174663741743572e-01
1.000445287659204041e+00
9.997750445993063284e-01
1.000238218717553806e+00
9.997423797745237373e-01
1.000198731464397195e+00
9.995941702616241153e-01
1.001512148396987323e+00
1.000156496055477628e+00
1.000727996626433969e+00
9.999632596068380730e-01
9.993649455167056272e-01
1.000680879545321700e+00
1.000115021462756104e+00
1.000274879582877530e+00
1.000935056132346457e+00
1.000208915166706403e+00
1.000266545012399755e+00
9.998712733310843870e-01
1.000804784203232156e+00
9.994511668769053836e-01
9.996865713593506841e-01
9.994659651136470480e-01
1.000495738380076105e+00
1.000849014428623951e+00
9.999950506947392626e-01
1.000455008885997144e+00
9.999961519321279857e-01
1.000668116525242013e+00
1.000456616843940827e+00
1.000669930785610839e+00
9.997563213885830580e-01
9.994740831737257691e-01
1.000272054666615951e+00
9.991136277584689029e-01
1.000411815515706015e+00
1.001288884684423008e+00
1.000007788327351266e+00
9.987872353956277482e-01
9.993455862164152270e-01
1.000153433467728670e+00
1.000236211724903290e+00
1.000388373966815125e+00
1.000038085845124103e+00
9.999625965003453576e-01
9.987513051278676945e-01
9.995214873200817252e-01
9.996746871072507146e-01
1.000839029214486198e+00
1.000452057583498977e+00
1.000593895660795818e+00
1.000310475188143533e+00
1.000613899546204388e+00
1.000960697068257188e+00
1.000113268256225263e+00
9.998301850375203026e-01
1.001189636459043131e+00
1.000441464357542998e+00
9.993229985268708981e-01
1.000069237778569597e+00
9.993007916845219052e-01
9.994143694682104950e-01
1.000538391938710969e+00
9.993896780425035598e-01
9.989483718822056435e-01
9.997589127483472726e-01
1.000379380830162201e+00
9.992497489500788976e-01
1.000175616292089176e+00
9.999159708140797909e-01
1.000262885107296107e+00
9.995120191594895065e-01
1.000020115166221801e+00
9.998975353430072932e-01
1.000537651442231279e+00
1.000497100032623266e+00
1.000210733169563104e+00
9.998544054670116532e-01
9.998042305527017337e-01
9.994173985507863733e-01
1.000489239032573696e+00
1.000255083371579978e+00
1.001223574926735305e+00
9.995621541090519147e-01
1.000408530302458798e+00
1.000094011630618729e+00
1.000271640889274449e+00
9.994207004174776587e-01
1.000178653143585672e+00
9.991806913188643335e-01
9.996425664298748126e-01
1.000602968892818412e+00
9.996872713880834427e-01
9.991659915801309744e-01
1.000465829846074906e+00
9.995851102960857659e-01
1.000255925614091934e+00
9.998410785189071337e-01
1.000705021653699456e+00
9.992668663849154642e-01
9.994220385582055499e-01
1.000448032904286411e+00
1.000120485554092165e+00
1.000250066984294195e+00
9.997321321236000147e-01
1.000361095098109887e+00
1.000076090692668895e+00
1.000709543481414610e+00
9.996368251719255360e-01
1.000041010542815911e+00
1.000615724676638507e+00
9.997486154100447830e-01
9.996959606235503726e-01
1.000167139351216150e+00
9.996963823522428960e-01
9.997985981938011246e-01
9.999059728615606879e-01
1.000228589405384616e+00
