0.000000000000000000e+00
0.000000000000000000e+00
0.000000000000000000e+00
0.000000000000000000e+00
0.000000000000000000e+00
0.000000000000000000e+00
0.000000000000000000e+00
0.000000000000000000e+00
0.000000000000000000e+00
0.000000000000000000e+00
0.000000000000000000e+00
0.000000000000000000e+00
0.000000000000000000e+00
0.000000000000000000e+00
0.000000000000000000e+00
0.000000000000000000e+00
0.000000000000000000e+00
0.000000000000000000e+00
0.000000000000000000e+00
0.000000000000000000e+00
0.000000000000000000e+00
0.000000000000000000e+00
0.000000000000000000e+00
0.000000000000000000e+00
0.000000000000000000e+00
3.560593304448414487e-02
7.730978457642686541e-01
2.671769663878726941e+00
3.078112597278626961e+00
1.949114391877861507e+00
9.744216567695025422e-01
4.556685008693898142e-01
2.640849117758433673e-01
2.150900994788121079e-01
2.130655273241635894e-01
2.488264461629464130e-01
2.652132876452315546e-01
2.918380099574742759e-01
2.870844688388300425e-01
2.915455640956793881e-01
3.240118805919463552e-01
3.757020806126910029e-01
5.039837917921681232e-01
6.651132022030343816e-01
8.505376917359881439e-01
1.032586399664960908e+00
1.214211205663521698e+00
1.345767043403414798e+00
1.441288090586761772e+00
1.534475737134923579e+00
1.591271013335125106e+00
1.620882967769934124e+00
1.588698152132935304e+00
1.507815316650117587e+00
1.365040454853103657e+00
1.219634820942336217e+00
1.069581463211168426e+00
9.674144624803350245e-01
8.937583577908129184e-01
8.559322144736217775e-01
8.472519382114698239e-01
8.564148931771543571e-01
8.614824417084383512e-01
8.876940461174896990e-01
8.860181217231826167e-01
9.213412081981413593e-01
9.416715235605355172e-01
9.594737186565943654e-01
9.842792907337006847e-01
1.006927082503941362e+00
9.958811426890511465e-01
1.029340848740905034e+00
1.033058759310670371e+00
1.037406479437187112e+00
1.033232057636247037e+00
1.047591658774576828e+00
1.026958076678555765e+00
1.030799728290377359e+00
1.016534180386354791e+00
1.000907750881651070e+00
9.909399932369327146e-01
9.876571363115148605e-01
9.740159772317337206e-01
9.581195002246372106e-01
9.623567170925660941e-01
9.669449527782912890e-01
9.622648797607105120e-01
9.704250170827110056e-01
9.759207359104586921e-01
9.975068937668438718e-01
9.900959051681744727e-01
9.982806366169837409e-01
1.005492922785119037e+00
1.007358297971421512e+00
1.011609784502768949e+00
1.008467702229882468e+00
1.013710661983689976e+00
1.012399762845971996e+00
1.005328056239574774e+00
1.006658154148010853e+00
1.003694321860932659e+00
9.981393541953890169e-01
9.943555587215577862e-01
9.945563608267543598e-01
9.911220397976647778e-01
9.909650566893752899e-01
9.900834439662433706e-01
9.882921451366235566e-01
9.875544730386733860e-01
9.870719435458711333e-01
9.950918961430329501e-01
9.976750793749625812e-01
1.002635683236295705e+00
9.990986758032506243e-01
9.932688117284824703e-01
9.943387823409008952e-01
9.952313236516027173e-01
1.002358382095354772e+00
1.001267066246350090e+00
1.004685810908703569e+00
1.003172596423530294e+00
9.984611595678896112e-01
1.002940878411753500e+00
9.986133247494970444e-01
9.981867215210279420e-01
9.964643087095980123e-01
9.994577321239229706e-01
9.957018184915297221e-01
9.941298994648238851e-01
9.939669173559375626e-01
9.908605765061325732e-01
9.907781425888024796e-01
9.906870393751764370e-01
9.979519348590680794e-01
9.894938400549879720e-01
9.971745840058076071e-01
9.848454038320508808e-01
9.923043314605213272e-01
9.877350276681163832e-01
9.919752490876970752e-01
9.948492046749998208e-01
9.903783924068562117e-01
9.953721281521142883e-01
9.985566490740840351e-01
9.975259325252140430e-01
9.976808276156192701e-01
9.965656299154443953e-01
9.926921391879334200e-01
9.937393782561155797e-01
9.950910391714494763e-01
9.922223720898718513e-01
9.937678152410489574e-01
9.899274883071298436e-01
9.965496694941133882e-01
9.983245602401170649e-01
9.941886075306084480e-01
9.901682828527967883e-01
9.924096071927506202e-01
9.926643578488913988e-01
9.959324297531579884e-01
9.975199426211718290e-01
1.001127525727775858e+00
9.939923446075185076e-01
9.946105131399701760e-01
9.952936655039148484e-01
9.934871575793614573e-01
9.940850378754794159e-01
1.000702525306755852e+00
9.958866422752242764e-01
9.904869352213497846e-01
9.924746869331224630e-01
9.986255878736260971e-01
9.945200956274604653e-01
9.953776548968680249e-01
9.934117664188636398e-01
9.917418665898641850e-01
9.944994354963292427e-01
9.996167738229650990e-01
9.939852600794605308e-01
1.001685418493560853e+00
1.000941194440450266e+00
9.963835852719548081e-01
9.954407277937179499e-01
9.944727198700311632e-01
9.966268841523665545e-01
9.980761871359110637e-01
9.975094637930410624e-01
9.975970345842053444e-01
9.988150848191896802e-01
9.944913597811620987e-01
9.997421499941854250e-01
9.994424333070839328e-01
1.000859524862899530e+00
9.962672982410967215e-01
9.972491432315750970e-01
9.936210866709833667e-01
9.972669186481747383e-01
9.985930511009171173e-01
9.974066996423168741e-01
9.965536678952837679e-01
9.993575603229848392e-01
9.968961771245943293e-01
1.000950751227921653e+00
1.001545881343792743e+00
9.978143861414318083e-01
9.970912661323688697e-01
9.969716159442201242e-01
1.000438985727357899e+00
9.994859008493228725e-01
9.989560642032826454e-01
9.988252209847406915e-01
9.957248701899157339e-01
9.994379214544872880e-01
9.972479982090329820e-01
9.963432481494146620e-01
9.958000810792309032e-01
9.952487195514351237e-01
9.979608717627411751e-01
9.967865378136420151e-01
9.957805852218566400e-01
9.955073627214929832e-01
9.962485563606058303e-01
9.944685866912823524e-01
9.976591630599220828e-01
9.947484716058544452e-01
9.953970984953047774e-01
9.951416872966660776e-01
9.952883704735876469e-01
9.949017533713724326e-01
9.954440828573059008e-01
9.953219477402781568e-01
9.954666212858235275e-01
9.918550527842868725e-01
9.942981878241653471e-01
9.980123441540232898e-01
9.964532008465855073e-01
9.950899547076771379e-01
9.943400240519409961e-01
9.942060441243720792e-01
9.916549496286803933e-01
9.957357085047855438e-01
9.966769864996111172e-01
9.978379790355426104e-01
9.956874177436845219e-01
9.945972320320345395e-01
9.986532436077503183e-01
9.959838373053763183e-01
9.968551931851603598e-01
9.969420574207020769e-01
9.967971734586967836e-01
9.952724475983201202e-01
9.988489268451132830e-01
1.002134691270937239e+00
9.989553259171063404e-01
9.965998951625949509e-01
9.991036185599316832e-01
9.977789322311229059e-01
1.000193934096758719e+00
9.989537625378354102e-01
9.973875804760842234e-01
9.981615507990758696e-01
1.000556986149123251e+00
1.001773177296264805e+00
9.985657402842379460e-01
1.003104195813304012e+00
9.993040402283891455e-01
9.999122390981867170e-01
1.000233632162486952e+00
9.989040344439334973e-01
1.001626998387261436e+00
9.949618695832577187e-01
1.000308475735713021e+00
1.000790159501017351e+00
9.969018902806215943e-01
9.880129471425210808e-01
9.763908255824204074e-01
9.684056578800067649e-01
9.546084278306072868e-01
9.447995980502037483e-01
9.343164969638061423e-01
