0.000000000000000000e+00
0.000000000000000000e+00
0.000000000000000000e+00
0.000000000000000000e+00
0.000000000000000000e+00
0.000000000000000000e+00
0.000000000000000000e+00
0.000000000000000000e+00
0.000000000000000000e+00
0.000000000000000000e+00
0.000000000000000000e+00
0.000000000000000000e+00
0.000000000000000000e+00
0.000000000000000000e+00
0.000000000000000000e+00
0.000000000000000000e+00
0.000000000000000000e+00
0.000000000000000000e+00
0.000000000000000000e+00
0.000000000000000000e+00
0.000000000000000000e+00
0.000000000000000000e+00
0.000000000000000000e+00
0.000000000000000000e+00
3.037538092182956472e-04
3.701287256554835342e-02
7.898219578426022291e-01
2.755079522294944905e+00
3.208289832218546689e+00
2.037383581536197141e+00
9.949417107223117451e-01
4.713515091911755772e-01
2.625678812992056632e-01
2.160947847701203406e-01
2.166185570315047881e-01
2.346816534824060219e-01
2.708616416190066101e-01
2.835798387343606564e-01
3.038547338893889949e-01
3.199849193235266842e-01
3.409544214335233359e-01
3.924825731742704882e-01
5.011260757712158176e-01
6.533525985032172523e-01
8.430128107894270251e-01
1.037838196021030335e+00
1.202488745966429073e+00
1.316616457630438886e+00
1.441643004220939162e+00
1.513702090868871197e+00
1.586843969143409527e+00
1.642695822035910025e+00
1.585676642750838194e+00
1.488912102135794058e+00
1.362589828971645600e+00
1.209266290998363136e+00
1.072128962707281197e+00
9.644049041874572792e-01
9.064038982424355018e-01
8.637255096317321135e-01
8.441312507158899026e-01
8.558587051854927852e-01
8.626289062296021992e-01
8.858273462076016180e-01
9.033667928038841000e-01
9.345174455739052588e-01
9.576362352862214378e-01
9.695321939338578110e-01
9.872138430879620064e-01
9.995918807504337034e-01
1.012565747633043634e+00
1.030018609034321297e+00
1.030426561390394458e+00
1.037752808147017092e+00
1.044907276490498749e+00
1.041722770420767663e+00
1.031930187451295833e+00
1.005531126497516414e+00
1.006998666996115066e+00
1.001248493449166332e+00
9.772326911506755698e-01
9.778011594334233836e-01
9.734008208774873605e-01
9.677200963308657533e-01
9.655547361165693898e-01
9.624891893974437673e-01
9.688566417647198614e-01
9.773474991734240058e-01
9.829242258333207305e-01
9.860351383927986602e-01
1.001654838928065949e+00
1.004626468348969404e+00
1.012281702402045402e+00
1.012358041699743083e+00
1.016405739805350095e+00
1.012826260235468512e+00
1.016161809451096687e+00
1.008818796905585069e+00
1.013436417282265634e+00
1.015012577734665022e+00
1.008022010385186018e+00
1.002455011040646937e+00
1.001887258760858268e+00
9.997330370996254656e-01
9.932465882644931909e-01
9.875308708576218120e-01
9.957512462688256072e-01
9.874192553170477726e-01
9.875984948689739973e-01
9.866917330236324446e-01
9.886140095284110529e-01
9.922396003415540067e-01
9.945332121199736974e-01
9.915508222017066498e-01
9.958684985184136362e-01
9.963219233147456722e-01
9.956917263988184219e-01
9.970688752267087285e-01
9.992762042138360057e-01
1.004161079951082725e+00
1.001930208828439861e+00
9.976113936219006550e-01
1.002618111809989054e+00
1.002852671799463913e+00
9.958074634901351585e-01
9.936733106006633287e-01
9.945140065336267599e-01
1.001168165676995736e+00
9.949302783131250827e-01
9.990848382290266061e-01
1.000934596052069470e+00
9.977277001245656862e-01
9.926732324029096111e-01
9.952765654067072809e-01
9.974330912012177031e-01
9.924561254698663904e-01
9.899929242247097472e-01
9.883234463953409765e-01
9.942982782146820853e-01
9.966668625084396105e-01
1.000141741319668709e+00
1.000078642203874990e+00
9.943157761301916198e-01
9.966494610410003840e-01
9.940573414229535443e-01
9.925045572950479400e-01
9.989724110230517873e-01
9.956292556929690063e-01
9.958121075069051864e-01
9.975624214454954508e-01
9.969810777802483592e-01
9.909501099515767297e-01
9.941734237937149832e-01
9.985452490590599472e-01
9.941391070888380144e-01
9.957366308326147664e-01
9.934474939291605411e-01
9.922972765145057217e-01
9.971500075284144282e-01
9.918056597881275138e-01
9.931985466808550544e-01
1.000804910645685553e+00
9.960429638450131185e-01
9.955056643334926347e-01
9.967592739291116777e-01
9.947767453878476607e-01
9.979919324698804939e-01
9.981243905171061082e-01
1.002209657870839710e+00
9.932899967813910713e-01
9.971725842099126158e-01
9.955524625209321021e-01
9.972257083378266440e-01
9.950855649057528396e-01
9.922380239512339495e-01
9.974210108862613389e-01
9.961768268291324446e-01
1.002579824378180495e+00
9.979747475825663239e-01
9.984681959486786385e-01
1.000581905581348074e+00
9.994277991116127247e-01
1.000095603282732393e+00
9.999665733828241310e-01
1.003113097926916275e+00
9.989299815022132378e-01
1.000510287402198495e+00
1.001672226118860864e+00
9.987636460200149946e-01
1.001332263479654205e+00
1.001096757820528316e+00
9.978555564792888077e-01
9.972632283680987753e-01
9.995466993358094188e-01
1.002318577152521151e+00
1.001502395467774198e+00
9.990959096995274402e-01
1.000634219882889031e+00
1.001534369050424589e+00
1.002432680356827976e+00
1.002916363639885899e+00
9.995674693139277034e-01
1.001133991849898708e+00
1.001970977520418415e+00
1.000939620108674877e+00
9.988574578591061792e-01
1.003584215303252591e+00
9.977146920988436696e-01
1.004158905928321133e+00
1.001333976125029945e+00
1.000474085606968710e+00
9.989977903230909950e-01
1.001700613899589865e+00
1.001534793271205981e+00
1.001007500670501260e+00
9.985415000600550428e-01
9.984679557725304466e-01
9.973822635042405294e-01
9.967910544608686862e-01
9.985642204719439308e-01
9.963017588740580299e-01
9.960223756413419949e-01
9.968791050071640347e-01
9.968775284647110047e-01
9.937105077365926409e-01
1.000071522687033143e+00
9.981267111098119926e-01
9.952008824053880653e-01
9.913725128352233185e-01
1.000927771067231520e+00
9.975707263438650108e-01
9.979933402143078558e-01
9.979263924022522270e-01
9.997505723803219446e-01
1.001463579031481199e+00
9.969365123735424161e-01
9.996325989242282883e-01
9.999704406525238287e-01
9.960012522063502738e-01
1.003001982709904816e+00
9.970370592397831411e-01
9.969183289752159283e-01
9.965871181414274194e-01
9.971448821356404535e-01
9.981515069395259232e-01
9.982228434565690867e-01
9.966051580394611475e-01
9.965230146358200480e-01
9.975527174372599282e-01
9.957928770522903594e-01
9.958317477460613132e-01
9.974075619126808734e-01
9.959812602159774375e-01
9.990711818506751163e-01
9.967493593717954292e-01
9.976079979630002592e-01
9.974017884344039686e-01
9.966913574581180990e-01
1.000655976299225536e+00
9.972983921100366800e-01
9.974293188627108009e-01
1.002490440184501619e+00
9.975561975079068056e-01
9.982235779664940800e-01
9.966800574942632496e-01
9.977042171652642510e-01
9.978247627804920361e-01
9.961546782872539030e-01
9.955923521610280380e-01
1.001472082720604062e+00
9.956555320049985669e-01
9.958681037427333793e-01
1.000160274251364445e+00
9.977738759084147091e-01
9.869132414098740202e-01
9.749765774495960935e-01
9.661547152709543118e-01
9.546294396698942197e-01
9.441523830477547286e-01
9.328610981033810257e-01
