0.000000000000000000e+00
0.000000000000000000e+00
0.000000000000000000e+00
0.000000000000000000e+00
0.000000000000000000e+00
0.000000000000000000e+00
0.000000000000000000e+00
0.000000000000000000e+00
0.000000000000000000e+00
0.000000000000000000e+00
0.000000000000000000e+00
0.000000000000000000e+00
0.000000000000000000e+00
0.000000000000000000e+00
0.000000000000000000e+00
0.000000000000000000e+00
0.000000000000000000e+00
0.000000000000000000e+00
0.000000000000000000e+00
0.000000000000000000e+00
6.245959797245409755e-05
3.374477299060632540e-02
1.023652080919704055e+00
3.349598767271649180e+00
3.299430287521161187e+00
1.825413065445815386e+00
8.313014236448652561e-01
3.787777133556177178e-01
1.970008291227552943e-01
2.277471379898086401e-01
8.431234043678982326e-01
1.745289130935563815e+00
1.901100648622514599e+00
1.461964764425165431e+00
9.884728732488190506e-01
6.976034787476769194e-01
5.849820236640443927e-01
5.779238053456668966e-01
6.344096027184428221e-01
7.210082931191521549e-01
8.201137168442574898e-01
9.226132881817264986e-01
1.015306294510506691e+00
1.091710067515643257e+00
1.155055839499256498e+00
1.203771236387045640e+00
1.231275318572823352e+00
1.226068997979128383e+00
1.208641132870871715e+00
1.170322535065783764e+00
1.127577292019561028e+00
1.087778780849149030e+00
1.042685001329022976e+00
1.006209528002494746e+00
9.773961425725684604e-01
9.542928953439524520e-01
9.379594888747353476e-01
9.280582037627977954e-01
9.218547859983556858e-01
9.187400048618576953e-01
9.180636375668683735e-01
9.296417714612135175e-01
9.367996213645891634e-01
9.509117111530110966e-01
9.658609464024983104e-01
9.790846242362267748e-01
9.896416524527099634e-01
9.965124326459784410e-01
1.006786801824547384e+00
1.012610687033273393e+00
1.017775479323235421e+00
1.018180709410271723e+00
1.021116738734743734e+00
1.020336962712771411e+00
1.018579257589475429e+00
1.018914035511420568e+00
1.013510308107698821e+00
1.009315679763101326e+00
1.008787634019573387e+00
1.002557486326625558e+00
1.003072988234022134e+00
1.001194703434094668e+00
9.991864766846435542e-01
9.989212046359959851e-01
9.976090384299187708e-01
9.984476469146421618e-01
9.993162253710650145e-01
9.962041586767330648e-01
9.998256973989526619e-01
9.985541118296226148e-01
9.982352959442859497e-01
9.983918319054239099e-01
9.964020778448712257e-01
9.964180821160868451e-01
9.962448002541500758e-01
9.958997856518045921e-01
9.965123340490976700e-01
9.970939786187525966e-01
9.974041664912040028e-01
9.967036312760737538e-01
9.976495786201979854e-01
9.977354773829648638e-01
9.972644595501800602e-01
1.000070001248381191e+00
9.992953661477790295e-01
1.000932448698736543e+00
1.000752262139051663e+00
1.001571595336457454e+00
1.002051025157151276e+00
1.001435479477446933e+00
1.000216290570355993e+00
1.001581426853002776e+00
1.000632226926488455e+00
1.001905372809964501e+00
1.000191179138482322e+00
1.000591510659676553e+00
9.998325567067567476e-01
1.000620151722056095e+00
1.000091844253646167e+00
1.000676209279935280e+00
9.995989466614880747e-01
9.998269361009626266e-01
9.998521659869801237e-01
9.998668143256146390e-01
9.991718565456096934e-01
9.994921241742329432e-01
9.987735307824701092e-01
9.989083620676864061e-01
9.990142284986540666e-01
9.994177358387553722e-01
9.991651309347363563e-01
9.998072809101351544e-01
9.993802488070654411e-01
9.999854532250291861e-01
9.998077076575889732e-01
1.000401002479387458e+00
1.000385023603391099e+00
1.000388207281685427e+00
1.000457043356332010e+00
1.000364423558996574e+00
1.000339722448339019e+00
1.000952361518104183e+00
9.997368166090133679e-01
9.995605511509296770e-01
9.999175650750649069e-01
1.000156100192451269e+00
1.000180200609073422e+00
1.000260123805053913e+00
1.000396370770590959e+00
1.001022020087565911e+00
1.000197263078024035e+00
9.995498982409714017e-01
9.992113287565282942e-01
9.999279927942653634e-01
1.000507100820675621e+00
1.000031351063920715e+00
1.000419450076229344e+00
1.000419505317107438e+00
9.997464464953118579e-01
9.999295677264359306e-01
1.000064589072726440e+00
9.988141227723280613e-01
9.998479464537876060e-01
9.999467209834373982e-01
9.993998129706128664e-01
1.000363396169039909e+00
1.000462977815064436e+00
1.000205515175780935e+00
9.998505501730116096e-01
1.000141638949980205e+00
1.000767085430964931e+00
1.000247699242241106e+00
1.000704955110946592e+00
1.000874771222904913e+00
1.000259086510969064e+00
1.000342022188609681e+00
9.998560997079435353e-01
1.000255402140669991e+00
9.994696667181309779e-01
1.000111630446185673e+00
9.998246332028675187e-01
9.996387795730545811e-01
9.994854693874977158e-01
9.994277083129070594e-01
9.999937335342586886e-01
1.000544944263856095e+00
9.993965332932279733e-01
9.999838509809595433e-01
9.995211187552522913e-01
9.996260450314160551e-01
1.000487868884717191e+00
9.996727424531429707e-01
9.997803696520453087e-01
1.000140234728394306e+00
1.000033831929221462e+00
1.000953858705783128e+00
1.000608965001723138e+00
1.000048376717152632e+00
1.000736429524477389e+00
1.000213970201000890e+00
1.000361314499046417e+00
9.991602984517048425e-01
9.998990826282788680e-01
9.997011642706581380e-01
9.997723535869063038e-01
1.000350007110490713e+00
1.000243961603983767e+00
1.000482013297286477e+00
1.000058202871960678e+00
1.000197620050442104e+00
1.000120203425967969e+00
1.000325000458522018e+00
1.000499485289602308e+00
9.999258447150896068e-01
1.000437370311713980e+00
1.000013214411170415e+00
9.997084597502919889e-01
9.995991004699730231e-01
1.000177482807126372e+00
1.000170896846077850e+00
1.000026796378236549e+00
1.000554846566362732e+00
1.000125285870537839e+00
1.000263183689601432e+00
1.000014845789362949e+00
1.000012455665414191e+00
1.000188259189725537e+00
1.000160483161473879e+00
1.000299938352988915e+00
9.993902035929949079e-01
9.998633080429535358e-01
1.000586940886755372e+00
9.998529015279846721e-01
1.000488808476821312e+00
1.000308955526815646e+00
1.000864151113544320e+00
1.000388885661865457e+00
1.000132066657008822e+00
1.000306811680859553e+00
1.000198986166056070e+00
1.000080340571398496e+00
1.000023632922641958e+00
1.000075002737265129e+00
1.000319581831546012e+00
1.000117917355524355e+00
9.999236608800670112e-01
1.000481764407051166e+00
1.000351871557024097e+00
1.000188128596630754e+00
9.996413058365403170e-01
1.000427170379060371e+00
9.999920099757010350e-01
9.998398160643692245e-01
1.000211317853304749e+00
1.000320725949252587e+00
9.995150825611403000e-01
9.999260781369057050e-01
1.000036724422998402e+00
9.998479523961346649e-01
1.000244350026978868e+00
1.000360959537228922e+00
1.000075345748201006e+00
1.000106012660940680e+00
1.000368764572510560e+00
9.999104048742750717e-01
1.000496096360386389e+00
9.999823488570053209e-01
1.000172167117126198e+00
1.000065368081475947e+00
9.999911438895638938e-01
1.000070863820099909e+00
1.000392582129935759e+00
1.000471737513473958e+00
9.988108943904522308e-01
9.896981795163732887e-01
9.788549725918771482e-01
9.679438943676221818e-01
9.577055850300812967e-01
9.468040968068766050e-01
9.364295286224989523e-01
