0.000000000000000000e+00
0.000000000000000000e+00
0.000000000000000000e+00
0.000000000000000000e+00
0.000000000000000000e+00
0.000000000000000000e+00
0.000000000000000000e+00
0.000000000000000000e+00
0.000000000000000000e+00
0.000000000000000000e+00
0.000000000000000000e+00
0.000000000000000000e+00
0.000000000000000000e+00
0.000000000000000000e+00
0.000000000000000000e+00
0.000000000000000000e+00
0.000000000000000000e+00
0.000000000000000000e+00
0.000000000000000000e+00
0.000000000000000000e+00
0.000000000000000000e+00
0.000000000000000000e+00
0.000000000000000000e+00
0.000000000000000000e+00
0.000000000000000000e+00
0.000000000000000000e+00
2.318912922976253468e-02
4.468199767331531569e-01
1.503200174483744433e+00
1.882432999471451263e+00
1.380063374585146718e+00
7.688393315209309797e-01
4.355571921302776039e-01
2.878071447958642781e-01
2.609410177552960453e-01
2.473711553433605159e-01
2.631079484586484885e-01
2.765610998598795334e-01
2.744151249969378203e-01
2.512535464301877686e-01
2.477465432930347211e-01
2.741133544935179800e-01
3.366096741192273201e-01
4.369883225536685400e-01
5.753946621988098586e-01
7.401165966181894040e-01
9.432819676356256622e-01
1.140120196887375759e+00
1.270636347810823130e+00
1.418346796065063975e+00
1.556670191725413321e+00
1.598415477159885523e+00
1.674217598904252258e+00
1.645949963096869473e+00
1.575137845644548396e+00
1.454057230236267317e+00
1.313154964029145111e+00
1.198975079861467119e+00
1.080154096508961770e+00
1.009705070601864874e+00
9.642610528646268220e-01
9.292627488750171416e-01
9.162929781260075179e-01
9.148281129643981435e-01
9.153896841574539200e-01
9.007583123954079340e-01
9.139880712350851866e-01
9.413209027432203335e-01
9.484163591107952485e-01
9.773954196867045141e-01
9.914874219675474665e-01
1.016474470922411388e+00
1.042223469901227384e+00
1.055760571461554997e+00
1.062995245235339281e+00
1.073662378580549026e+00
1.074301427510331530e+00
1.065705364845466407e+00
1.063928985576487074e+00
1.050523139041708465e+00
1.032783512150159622e+00
1.031238490130820251e+00
1.003314072273538526e+00
9.914676629892240634e-01
9.957011659025207795e-01
9.927828989553203476e-01
9.869859139044573348e-01
9.968178191446946945e-01
1.000163236687299673e+00
1.015261799648575769e+00
1.025948934307015836e+00
1.028379378420745782e+00
1.037172853852939669e+00
1.054472019438763342e+00
1.055178591624056139e+00
1.046228121474539030e+00
1.046018952176573258e+00
1.037623548683379582e+00
1.032029512867745469e+00
1.020045690109999903e+00
1.018774774790347060e+00
1.019218826319202575e+00
1.014948852393065648e+00
1.018381261261128712e+00
1.010471384847572374e+00
1.025392260881685225e+00
1.024893361796005875e+00
1.016064816407496130e+00
1.019919573551128833e+00
1.010059529969910663e+00
1.002372599936203423e+00
1.006322687893739465e+00
1.007339625464875876e+00
1.007698080259156637e+00
1.001930485648178326e+00
9.953822617317422683e-01
1.005595665477711842e+00
9.967253003287549484e-01
1.008665607852791579e+00
1.009260872197223824e+00
1.017816020517457343e+00
1.010311478985456590e+00
1.013225759682006233e+00
1.008527911314484715e+00
1.014169218810519357e+00
1.011760375352986241e+00
1.019769011943412851e+00
1.011051193474672649e+00
1.005803143489314433e+00
1.016041891888898929e+00
1.004924637154872347e+00
1.006304220977385144e+00
1.010233540937973906e+00
1.004576813691553605e+00
1.005899640928198169e+00
1.005701320644484476e+00
1.008075142873057661e+00
1.009196983565002093e+00
1.008544009832768262e+00
1.009708941994513554e+00
1.005886644706720512e+00
1.007213112678574607e+00
1.006369660896582197e+00
1.009387488226582086e+00
1.009755696957462368e+00
1.011776876642192846e+00
1.009520507104581410e+00
1.007321227168277211e+00
1.010602093411548053e+00
1.007103733736029127e+00
1.006442169879754545e+00
1.008540128683406589e+00
1.012730990158962063e+00
1.009395640182908283e+00
1.004575091569319456e+00
1.006610271523492806e+00
1.004759276764466858e+00
1.007352565987138959e+00
1.006427987447377381e+00
1.003602989641344312e+00
1.002614048422526549e+00
1.006664617566420450e+00
1.004240037624534843e+00
1.008660520132616645e+00
1.008851401851423635e+00
1.002635710237363531e+00
1.002937483669159580e+00
1.004908987979264090e+00
9.978105637821055307e-01
1.002241177481043799e+00
1.008320299330936143e+00
1.002449497256407307e+00
1.007528080890771172e+00
1.004526739341729202e+00
1.004182994612974555e+00
1.009119960500250990e+00
1.005136404707330788e+00
1.002439857745121010e+00
9.985051915017501001e-01
1.001293250416390723e+00
1.004309511829758028e+00
1.002913942079098675e+00
1.008212195599912153e+00
1.001186222137705917e+00
1.001349888968116053e+00
1.001908243979568347e+00
1.005329155255047180e+00
1.004566765673151840e+00
9.973796643816599250e-01
1.002554891115727820e+00
1.001262432501151878e+00
9.996302900828650806e-01
1.002121852319742157e+00
1.008413069994663624e+00
1.004753684534966718e+00
1.002470668366387763e+00
1.001572884327759816e+00
1.005418632792119960e+00
9.979416598185392173e-01
1.000827929250368120e+00
1.007711499894567764e+00
1.003297423510701947e+00
1.002996898200233300e+00
1.005617430962262526e+00
1.001485936480102534e+00
1.001840479761216152e+00
1.003418856153013072e+00
1.005433696287557410e+00
1.006329090132119797e+00
1.000080311873394301e+00
1.001426328042546610e+00
1.004557348100606928e+00
9.965461627451157600e-01
9.992532570435300743e-01
1.004947092334917302e+00
9.978590012386502339e-01
1.001224726245529828e+00
1.002191325902613839e+00
9.990453398746506064e-01
1.001387851909099957e+00
1.000723831928530538e+00
9.973278910831340216e-01
1.000786563398035067e+00
1.000436769621723343e+00
9.975645129017658430e-01
1.003526778640140726e+00
9.991825569439582999e-01
9.965615368874866098e-01
9.989165951278995426e-01
9.974822652072060647e-01
1.001122250702856542e+00
1.001366428384009799e+00
9.980328326735551370e-01
9.974825787524407295e-01
9.946312282232874225e-01
9.985778849819758607e-01
9.976213269579176091e-01
1.001969854906737734e+00
9.989093908802042510e-01
9.968993261023578745e-01
9.997586919210214029e-01
9.993019666922414723e-01
9.975230207232625990e-01
9.985517438778451771e-01
9.996859781651769028e-01
9.992824012389751598e-01
9.968836662219692224e-01
9.985424153218173116e-01
9.970935342731259698e-01
9.978284546790928689e-01
9.999782759791784326e-01
9.957448552962240296e-01
9.990036781463733639e-01
9.966045616561456377e-01
9.974631195115317706e-01
9.975649136026264463e-01
9.943754722503266308e-01
9.978665080116371211e-01
9.953779613132597293e-01
1.000720873781743236e+00
9.986411300154099946e-01
9.984692152425159728e-01
9.968359046502209830e-01
9.986137564744514972e-01
9.956831235141021530e-01
9.955242734920800585e-01
9.963553032515082286e-01
9.940138419392569036e-01
9.965258995579108214e-01
9.963465789520676852e-01
9.988004178851025427e-01
9.900859346353608759e-01
9.810988541962060161e-01
9.698811165443721460e-01
9.606197135852793112e-01
9.498985177351596532e-01
9.377397315592311822e-01
9.270228541949709911e-01
9.165554311453670833e-01
9.064322161045859083e-01
