0.000000000000000000e+00
0.000000000000000000e+00
0.000000000000000000e+00
0.000000000000000000e+00
0.000000000000000000e+00
0.000000000000000000e+00
0.000000000000000000e+00
0.000000000000000000e+00
0.000000000000000000e+00
0.000000000000000000e+00
0.000000000000000000e+00
0.000000000000000000e+00
0.000000000000000000e+00
0.000000000000000000e+00
0.000000000000000000e+00
0.000000000000000000e+00
0.000000000000000000e+00
0.000000000000000000e+00
0.000000000000000000e+00
0.000000000000000000e+00
0.000000000000000000e+00
3.728628259795388478e-02
1.086359798694486845e+00
3.521521341066025546e+00
3.437508256400711559e+00
1.882126994800949360e+00
8.430556818914205497e-01
3.828559613839217501e-01
1.921597635213191657e-01
1.162909093320787235e-01
1.902490886957032001e-01
7.286407759301397613e-01
1.526749818353600796e+00
1.760280118608979594e+00
1.463503821991250842e+00
1.053856199009836070e+00
7.939627768510804096e-01
6.768802640312135965e-01
6.714358876219623795e-01
7.199062978193052631e-01
8.090811550817046394e-01
9.015281632861518180e-01
9.920456383584386195e-01
1.068106675564157504e+00
1.124333987783764144e+00
1.171356188035224566e+00
1.204073347863293675e+00
1.212429705578241146e+00
1.202693182111333803e+00
1.171001868192563800e+00
1.138457167463412967e+00
1.099158866675695068e+00
1.062450941208047839e+00
1.033118764159193681e+00
1.001699483255244161e+00
9.862942712698021808e-01
9.658680571003245285e-01
9.522848718167703508e-01
9.404106564384077105e-01
9.344461320360482048e-01
9.278800692465198896e-01
9.283264418796597361e-01
9.343214383593165806e-01
9.409496636875410713e-01
9.524000512227801529e-01
9.623208090644230772e-01
9.735884085910913033e-01
9.794602492061272869e-01
9.888055600203264905e-01
9.955375015405933947e-01
9.997743172909024922e-01
1.004112871722309341e+00
1.008251723198292371e+00
1.015380291602031804e+00
1.016761246559486853e+00
1.020306278689628865e+00
1.022210166692842703e+00
1.020613629198440231e+00
1.020633382776727993e+00
1.017696693540856012e+00
1.012057005206268734e+00
1.011531336034662498e+00
1.006749338112808978e+00
1.003343891163839707e+00
1.001448706988007586e+00
9.988409100381983041e-01
9.974803651216880285e-01
9.976196705786156693e-01
9.942433601614463212e-01
9.934308509341615023e-01
9.951264030700913699e-01
9.958871358721218536e-01
9.949479987837156481e-01
9.945821047866255649e-01
9.948070462130653713e-01
9.954590569224505137e-01
9.954476608959623718e-01
9.945383726111013400e-01
9.944760170788762288e-01
9.955051190202729439e-01
9.966705232357317978e-01
9.971659413751816636e-01
9.996208414666162279e-01
9.997746445563615580e-01
1.003399225703844211e+00
1.003164397338115688e+00
1.005088289948800506e+00
1.004116798292154167e+00
1.005566420593143828e+00
1.003376536903507255e+00
1.002798005804453885e+00
1.002320773469948634e+00
1.001760444540705564e+00
1.001037064748207861e+00
1.001095107228532344e+00
1.001071727726867699e+00
9.997338649846565506e-01
9.991904382097589465e-01
9.980644569630229279e-01
9.976261757320089574e-01
9.968624750668908518e-01
9.957091330752739777e-01
9.960809871131227622e-01
9.959143106204872975e-01
9.970289326331727153e-01
9.987969286067137631e-01
1.000191342951094242e+00
1.002307073045424657e+00
1.003102425042804668e+00
1.003140096013979132e+00
1.003060454804579171e+00
1.003791829389685031e+00
1.002843488871588029e+00
1.003537684545177999e+00
1.003225095324822291e+00
1.002486864844555514e+00
1.001702972290596128e+00
1.001458388033541480e+00
9.998617505556834928e-01
9.994997882345642015e-01
9.992027721932447148e-01
9.990273479975243509e-01
9.988299357174816873e-01
9.980771427258015027e-01
9.980984458050381480e-01
9.980565362335168667e-01
9.971267079283023804e-01
9.973330712771373285e-01
9.984243288669703009e-01
9.993731870672075690e-01
9.994772639817379734e-01
9.988940746974979135e-01
1.001476567879218349e+00
9.995930348552447553e-01
1.001151137016426107e+00
1.000727064800775334e+00
1.001197865173834911e+00
1.001395083095453442e+00
1.002097106797042336e+00
1.002505252426325821e+00
1.001658904668206063e+00
1.000342193235929766e+00
1.000741301184145060e+00
1.001270265494716982e+00
1.000195554857526981e+00
1.000558221797875902e+00
1.000036621388981972e+00
9.992057634020987678e-01
1.000126179410162575e+00
1.000603973932382429e+00
9.996238836778711390e-01
9.998348485705640387e-01
1.000126968947719019e+00
9.996763227544852581e-01
1.000138592999372467e+00
9.999342425807347112e-01
9.998964439878180732e-01
9.998177372455678835e-01
9.997466140412550883e-01
1.000783224313002817e+00
9.999536280301636326e-01
9.993430482881602295e-01
1.000662383235360275e+00
1.000180531172168097e+00
1.000933275306900017e+00
1.000065963089993293e+00
1.000997584243793481e+00
1.000556228001570735e+00
1.000857401033779626e+00
1.000345424447156573e+00
1.000277693010080293e+00
1.000740553214138906e+00
1.000651079221739126e+00
1.000082594618884269e+00
1.000634135189371277e+00
1.000636891894727487e+00
1.000462632338595670e+00
1.000191541326479250e+00
1.000306774195944604e+00
1.000473821045572587e+00
9.993836437080726443e-01
9.998125694759338877e-01
1.000126750198838899e+00
9.998403945409003457e-01
1.000728721158089973e+00
9.997761128208014769e-01
1.000447556392027870e+00
9.996194963115504484e-01
1.000211236587735364e+00
1.000177445572071111e+00
1.000305410745708112e+00
9.999702761912068194e-01
9.998420485338466168e-01
1.000468850022267153e+00
9.999339697742082311e-01
9.993597443110716627e-01
1.000326592867513353e+00
9.997209240003992470e-01
9.998242632374749750e-01
9.999382777663589073e-01
1.000453984769141380e+00
1.000079582734425765e+00
9.997971400682648113e-01
1.000462452956069503e+00
1.000522967496791038e+00
9.997388606663630828e-01
1.000319380306581074e+00
1.000130569173189876e+00
1.000567871256275998e+00
1.000130154352396161e+00
9.999065189237908990e-01
9.998107033016645495e-01
9.995393962218932504e-01
9.991889260027145836e-01
9.997933454372254225e-01
1.000060927503094499e+00
9.996775731578853019e-01
9.997543865621999482e-01
9.995541841265449534e-01
1.000017861362380911e+00
1.000746614369331544e+00
1.000336750134842800e+00
9.999532630550749257e-01
1.000585759881404302e+00
9.998630998993714991e-01
9.999593312730071792e-01
9.998744715302307906e-01
9.997856875520580999e-01
1.000296399266636493e+00
9.995194767075250564e-01
9.999753658864994899e-01
1.000388551129807846e+00
9.996819707094499741e-01
1.000498310887137032e+00
1.000790094424450771e+00
9.999992567951578870e-01
9.996254078565801615e-01
1.000123084015207553e+00
1.000171163609058667e+00
1.000261378146787949e+00
1.000373617485147859e+00
9.993482939754932959e-01
1.000192483687943890e+00
1.000123349488673652e+00
9.999622945713474431e-01
9.998981070986939779e-01
1.000559465463998432e+00
1.000098956020631924e+00
9.999779108308648468e-01
1.000019536965863320e+00
1.000361371814657119e+00
9.960761651349153700e-01
9.864649474692258613e-01
9.750031585604924667e-01
9.645656124961002886e-01
9.536420949080938181e-01
9.436049765311956827e-01
9.321502230345886097e-01
9.217145749973566504e-01
9.115004000923822014e-01
