0.000000000000000000e+00
0.000000000000000000e+00
0.000000000000000000e+00
0.000000000000000000e+00
0.000000000000000000e+00
0.000000000000000000e+00
0.000000000000000000e+00
0.000000000000000000e+00
0.000000000000000000e+00
0.000000000000000000e+00
0.000000000000000000e+00
0.000000000000000000e+00
0.000000000000000000e+00
0.000000000000000000e+00
0.000000000000000000e+00
0.000000000000000000e+00
0.000000000000000000e+00
0.000000000000000000e+00
0.000000000000000000e+00
0.000000000000000000e+00
0.000000000000000000e+00
0.000000000000000000e+00
0.000000000000000000e+00
0.000000000000000000e+00
0.000000000000000000e+00
3.517658059952823157e-02
7.975493216082482073e-01
2.742194514253229354e+00
3.210522892616671342e+00
2.034326615926435711e+00
1.008272469289105855e+00
4.668990518021098324e-01
2.817989647632056505e-01
2.277900704259642195e-01
2.371336042299535818e-01
2.630058250475432180e-01
3.007946496648887802e-01
3.178327868838697889e-01
3.133796848614541219e-01
3.281725231546953614e-01
3.481438722872980396e-01
4.079557116534551220e-01
5.183680807632076171e-01
6.819219186939788901e-01
8.442733693333356326e-01
1.034788464010208964e+00
1.176919721031248756e+00
1.301159024234970429e+00
1.413022649236211015e+00
1.490875613879355299e+00
1.549578608133439506e+00
1.582536869873691909e+00
1.538442521121228257e+00
1.466129010425625490e+00
1.324592559840896300e+00
1.190565637349651817e+00
1.062507814644592319e+00
9.785733778491518819e-01
9.018026245335144520e-01
8.747226277383983728e-01
8.537534222742860779e-01
8.548024986712903228e-01
8.600335462547725740e-01
8.821594169846918021e-01
8.909707334051382155e-01
9.213607524736073806e-01
9.436940332533434450e-01
9.574365393801904656e-01
9.797952309848955155e-01
9.957599269213418536e-01
1.000120072379935943e+00
1.013957775675188300e+00
1.027752345257569422e+00
1.035289524199228151e+00
1.035324072451883959e+00
1.036744965613965119e+00
1.028406897721286573e+00
1.019402259261301902e+00
1.009666729696648391e+00
9.940943156103289047e-01
9.795657814563609733e-01
9.779663202581636572e-01
9.647360553836029640e-01
9.666871009266656545e-01
9.643102873349850279e-01
9.599013437179103603e-01
9.720937082093766834e-01
9.747701022129977577e-01
9.785767414031861788e-01
9.850780215838711440e-01
9.941498873621718024e-01
1.010472043358673133e+00
1.014450494845009931e+00
1.018568653187734263e+00
1.018642400749646182e+00
1.019637852072155182e+00
1.013820788995378752e+00
1.012309223151187654e+00
1.012059650860206661e+00
1.006380438987055648e+00
9.973066394346333796e-01
9.915665923987861952e-01
9.913012895187250928e-01
9.884901442029565555e-01
9.894889652817194792e-01
9.895689093368837952e-01
9.942697676126400763e-01
9.932945349648516498e-01
9.894760099966327660e-01
9.981272085644712355e-01
9.926479032394712743e-01
9.942058069236410223e-01
9.973855490457375073e-01
9.988186070690714402e-01
9.990138612906405147e-01
1.000208531874291040e+00
9.987169558902209143e-01
9.974188199903626373e-01
9.968590917746467106e-01
9.987328720567615337e-01
9.983331794257197522e-01
9.937388105175867237e-01
9.959972356030588614e-01
9.968132990420813799e-01
9.984729417003467278e-01
9.987245881482960108e-01
9.939136968083590595e-01
9.955689954654007856e-01
9.900714481874737238e-01
9.884669878794672959e-01
9.911868211873112733e-01
9.914938595668703059e-01
9.936812983475653560e-01
9.963381196398158890e-01
9.928781555467340869e-01
9.907190815829408637e-01
9.928705123813892364e-01
9.930897212674144603e-01
9.940598115541290358e-01
9.967544140379024364e-01
9.967782872119212989e-01
9.938593398424316883e-01
1.000603745874578676e+00
9.955716552305876599e-01
9.884377495212575138e-01
9.937318332334094118e-01
9.927980995670092623e-01
9.918302785274447642e-01
9.921618526023457951e-01
9.967501538100397296e-01
9.970486580693352918e-01
9.930344282905889663e-01
9.927297243450010633e-01
9.971680740855003444e-01
9.974863272041104567e-01
9.920071316781017279e-01
9.972024829804447821e-01
9.963963666249532336e-01
9.934493673647667444e-01
9.952964224613736199e-01
9.934096767544184914e-01
9.960109801827512488e-01
9.982536694859820425e-01
9.936901260057172669e-01
9.952625410559726715e-01
9.934473712131463019e-01
9.957767823052147138e-01
9.953862804383328822e-01
9.953784798224711849e-01
9.985160662325710534e-01
9.940544800562360894e-01
9.923491702986125818e-01
9.982051302710173157e-01
9.939178134660656694e-01
9.951926632239729287e-01
9.951997197682126428e-01
9.956130616954613766e-01
9.955795804362962409e-01
9.954725372442552178e-01
9.962004810150065781e-01
9.943797842200620130e-01
9.949117340916576735e-01
9.948454187789393943e-01
9.973003489416808476e-01
9.973722906645251518e-01
9.988344221067179118e-01
9.986224889170500774e-01
9.939882014779131136e-01
9.949885144337664578e-01
9.961256198777060922e-01
9.994617933159961609e-01
9.953922963367817234e-01
1.000084763013812106e+00
9.932530090765052666e-01
9.948059616330720001e-01
9.978672296331347891e-01
9.958709830496577098e-01
9.931664694429298557e-01
9.974271400237926244e-01
9.964523802352746040e-01
9.961558198247171259e-01
9.958564519770093382e-01
9.949953031726310737e-01
9.969560041184469812e-01
9.970955053742737162e-01
9.937133031366427449e-01
9.949187609721169556e-01
9.962607645686035740e-01
9.993562190705329584e-01
9.957330787815641404e-01
9.963647661966040792e-01
9.971376745770528238e-01
9.971760456155726038e-01
9.987628531760109896e-01
9.962244200262821980e-01
9.959451383724784446e-01
9.945076830138547264e-01
9.971406772305154709e-01
9.978109436707501834e-01
9.974192110391295607e-01
9.937132539670752163e-01
9.957810784228637857e-01
1.000242747911078034e+00
9.978887636673765549e-01
9.973121047585935539e-01
9.958533525576661605e-01
9.973236802099436638e-01
9.998115050145031102e-01
9.969629830199574494e-01
9.967460057093687764e-01
1.000703997010314650e+00
9.978688665056414386e-01
9.988837482969382675e-01
9.991029304062304384e-01
9.983542000296322660e-01
9.999427509724200247e-01
1.000199863133248490e+00
9.992193069503214620e-01
1.000813625517951388e+00
9.991650320425962128e-01
9.979882276219460557e-01
9.985552065937981503e-01
9.993465564800850798e-01
1.000776893716159410e+00
9.963670512989258876e-01
1.001469717703043605e+00
1.001235365497501473e+00
9.989769466218352267e-01
1.000228693923730372e+00
9.979809051276438137e-01
9.988462757786898960e-01
9.984016249359709549e-01
9.997110730296903114e-01
9.959951104488657947e-01
9.972437951902048958e-01
9.973558577944622305e-01
9.966370262222964405e-01
9.977221703888164983e-01
1.000508186593978444e+00
9.991405722436557113e-01
9.970600932518636217e-01
9.989283430326473256e-01
9.990813602926822412e-01
9.981191719138630125e-01
9.972173275852458385e-01
9.916487401423866865e-01
9.825499513931006401e-01
9.708700041210770459e-01
9.583165852434852860e-01
9.499462265131108918e-01
9.374097553562008578e-01
9.275704274399734217e-01
9.164749370147836638e-01
9.084402157815800738e-01
8.943147152322028504e-01
8.851037129543244397e-01
8.755185201866164668e-01
8.642049256032394711e-01
8.537990511075309596e-01
8.436594486800818027e-01
