0.000000000000000000e+00
0.000000000000000000e+00
0.000000000000000000e+00
0.000000000000000000e+00
0.000000000000000000e+00
0.000000000000000000e+00
0.000000000000000000e+00
0.000000000000000000e+00
0.000000000000000000e+00
0.000000000000000000e+00
0.000000000000000000e+00
0.000000000000000000e+00
0.000000000000000000e+00
0.000000000000000000e+00
0.000000000000000000e+00
0.000000000000000000e+00
0.000000000000000000e+00
0.000000000000000000e+00
0.000000000000000000e+00
0.000000000000000000e+00
0.000000000000000000e+00
0.000000000000000000e+00
0.000000000000000000e+00
0.000000000000000000e+00
0.000000000000000000e+00
3.546808648850326151e-02
8.058908479215816101e-01
2.832047201733796093e+00
3.257015051805498551e+00
2.110757342846312223e+00
1.052963938876320782e+00
4.936825578010760607e-01
2.843972614010846778e-01
2.343080680381212366e-01
2.361428081452189576e-01
2.682247361754507842e-01
3.139386163865909851e-01
3.296251305247585028e-01
3.475003591642185086e-01
3.375492352118482087e-01
3.612236487389945960e-01
4.153796768964335140e-01
5.231878982992279603e-01
6.605880173986369286e-01
8.471119696706667090e-01
1.031306940389014493e+00
1.195159441802555955e+00
1.309306555776790670e+00
1.407677864163617620e+00
1.511562186776893135e+00
1.569285456835335602e+00
1.593892192443469913e+00
1.572206416276165974e+00
1.489277003385879539e+00
1.341449218348305772e+00
1.198745448380956757e+00
1.074456369060961203e+00
9.770552878610884173e-01
9.057607392225013321e-01
8.720866725680659348e-01
8.647265979843463679e-01
8.647091553294065092e-01
8.728331484098657000e-01
8.849077403189168356e-01
9.096656861145565598e-01
9.340981234416556589e-01
9.486032663667767206e-01
9.731306237457634234e-01
9.869805084175444776e-01
1.005529239971566069e+00
1.020534316544635667e+00
1.035837483477037635e+00
1.043779117554811231e+00
1.048865055804043767e+00
1.035972602032446233e+00
1.046750697206384695e+00
1.031118060446292839e+00
1.031281348004964071e+00
1.014958108523051461e+00
1.007706172346832796e+00
9.855655060426987690e-01
9.828662873710705128e-01
9.736353922114094894e-01
9.735694663998520904e-01
9.721709814982552045e-01
9.681818442058627294e-01
9.808121356698724647e-01
9.779267751580100754e-01
9.896539608578177605e-01
9.972416142756421742e-01
1.007281266696819166e+00
1.023043855419036641e+00
1.024801467623464912e+00
1.023949112356655977e+00
1.027749997347408017e+00
1.023807378132218338e+00
1.027884155934237098e+00
1.022954291765614032e+00
1.020076287825463224e+00
1.011701171252119114e+00
1.007627022517773252e+00
1.004079359780124969e+00
1.000266864551450086e+00
9.943736485887271215e-01
9.953141429676406471e-01
9.929959589058561242e-01
9.987717854266348061e-01
9.946123300346616514e-01
1.002995488501515320e+00
1.001271468038223311e+00
1.000096499539776751e+00
1.002207260256723798e+00
9.983269232542912874e-01
1.002333589269524872e+00
1.006230920611725033e+00
1.006344382739538412e+00
1.008575333510517424e+00
1.006083946860454104e+00
1.004821914353365209e+00
1.004570812332959973e+00
1.006166764063408881e+00
1.002495493050632902e+00
1.005285920474408901e+00
1.001992928318868881e+00
9.994991751276958158e-01
1.004900637386445528e+00
9.986340924412522302e-01
1.004101145192901834e+00
1.002832916324218893e+00
1.000677328491620832e+00
1.000975734602020051e+00
9.971292098218305089e-01
9.970372327246136424e-01
9.986819806298188329e-01
9.968870577395914090e-01
9.984393799362717425e-01
1.000460162292614141e+00
9.978890710048019530e-01
1.005237670303551933e+00
9.999766754016150561e-01
1.002407051111553260e+00
9.995501231049475077e-01
9.997975487944898987e-01
9.996390796731363659e-01
9.991451512739837337e-01
1.001776067670655523e+00
1.001983205048623704e+00
9.999485509916895554e-01
1.001845498152061698e+00
9.944323188946773140e-01
1.000790837104191811e+00
9.979125040024439119e-01
1.002239638796675214e+00
9.980037972729726148e-01
9.992479027046586859e-01
1.001942216092672755e+00
9.982665625166999845e-01
1.000060974009774339e+00
9.972623234984188123e-01
9.997572919069828146e-01
1.000778117011317914e+00
1.000186157930112785e+00
9.974460639867014367e-01
9.987515475957170485e-01
9.989805309214552231e-01
9.990413655906678070e-01
1.002945992801824726e+00
9.958778447826250879e-01
1.000552554148744111e+00
1.001157573231698406e+00
9.995540048595523697e-01
9.970873802004301956e-01
1.000304695554373513e+00
1.001097380738229958e+00
9.972590465379888025e-01
9.984325776234447281e-01
9.996861408872613763e-01
9.991518251986560850e-01
1.000155057570841111e+00
9.982702909224352439e-01
9.977693707855346261e-01
9.984325846556790784e-01
9.964422362260966226e-01
9.959610782474953572e-01
9.965426876499933195e-01
9.982512994021518482e-01
9.968870649153099839e-01
9.994359036005061592e-01
1.002585022380554580e+00
1.000130326337793640e+00
9.968850010352363622e-01
9.968741791882645975e-01
9.978940428587316225e-01
9.962605122787659973e-01
9.965769595785614055e-01
9.967338096764210009e-01
9.970330463644651031e-01
9.975426640931612798e-01
9.983553062595945660e-01
9.954882852887739775e-01
9.970724477531430763e-01
9.963902867670526575e-01
9.972420813119474703e-01
9.979306756580423876e-01
9.962732333454169531e-01
9.966258488315877795e-01
9.981614368566903428e-01
9.968687922172885241e-01
9.987505390437846353e-01
9.982254501470001484e-01
9.975196832973431960e-01
9.963246949808881592e-01
9.967523907326149013e-01
9.988218449615932082e-01
9.961862712256582819e-01
9.973039687115571317e-01
9.981760066592514358e-01
9.964397845485638561e-01
9.965621815235378156e-01
9.980144799069926576e-01
9.957693149643181973e-01
9.995482298378588482e-01
9.952874369877440230e-01
9.961005861736974554e-01
9.967859224698234488e-01
9.977422392307672139e-01
9.975752499155201569e-01
9.977129745011599216e-01
9.979832316548584714e-01
9.981874109071174894e-01
9.952619464993845977e-01
9.999202220004625996e-01
9.984914868520243791e-01
9.942206612582040748e-01
9.975086386809599581e-01
9.960108825870140903e-01
9.965042561451510350e-01
9.953453747472668089e-01
9.961770511507589410e-01
9.977767534994524956e-01
9.990535096979689111e-01
9.971725480755427862e-01
9.980971589804685795e-01
9.992979187099330085e-01
9.971468403888512633e-01
9.972153969368761084e-01
9.961173296696246293e-01
9.954330995969044027e-01
9.939288118637630287e-01
9.961621600347441152e-01
9.969120989986581804e-01
9.955344299655464191e-01
9.960312753864112301e-01
9.967799431955012279e-01
9.962631881779113741e-01
9.970305119823498208e-01
9.972020363472366977e-01
9.991867785173035310e-01
9.965781929030875785e-01
9.949558098159836383e-01
9.974121802983046958e-01
9.964930254083680383e-01
9.970003977269952244e-01
9.968441399631136068e-01
9.953708307373712039e-01
9.909172567063112558e-01
9.802997073061081590e-01
9.719287463763698343e-01
9.599393157840047097e-01
9.467853117117069894e-01
9.372975113693240434e-01
9.267872503576399801e-01
9.156390793584989751e-01
9.055254801038460366e-01
8.939906143263983695e-01
8.831120584054164002e-01
8.724365944229384162e-01
8.640332129397011451e-01
8.539651946661336313e-01
8.429512271404762114e-01
