0.000000000000000000e+00
0.000000000000000000e+00
0.000000000000000000e+00
0.000000000000000000e+00
0.000000000000000000e+00
0.000000000000000000e+00
0.000000000000000000e+00
0.000000000000000000e+00
0.000000000000000000e+00
0.000000000000000000e+00
0.000000000000000000e+00
0.000000000000000000e+00
0.000000000000000000e+00
0.000000000000000000e+00
0.000000000000000000e+00
0.000000000000000000e+00
0.000000000000000000e+00
0.000000000000000000e+00
0.000000000000000000e+00
0.000000000000000000e+00
0.000000000000000000e+00
0.000000000000000000e+00
0.000000000000000000e+00
0.000000000000000000e+00
0.000000000000000000e+00
0.000000000000000000e+00
2.299597635541179505e-02
3.779423825774980705e-01
1.380963115684487930e+00
1.760909888637946619e+00
1.300974681808150235e+00
7.753470288399456622e-01
4.340016129830358560e-01
3.074000373098634276e-01
2.581253016217193719e-01
2.627793143007732257e-01
2.625994643005540308e-01
2.659390754721146499e-01
2.596554571072053341e-01
2.418117859397593550e-01
2.320351515039991985e-01
2.657278982452729310e-01
3.305023112583698741e-01
4.301374607802499472e-01
5.617549869052389511e-01
7.493738457574080636e-01
9.042198258857051529e-01
1.110697836108276215e+00
1.239911930508714732e+00
1.376148736213243406e+00
1.452813436223965526e+00
1.549395494665497086e+00
1.607843189425623764e+00
1.593576690516157246e+00
1.532883503277752357e+00
1.436829604321618437e+00
1.301082898095839768e+00
1.155642299667344775e+00
1.057168475098709814e+00
9.778522682609364081e-01
9.231477016385426504e-01
8.963038279156803068e-01
8.875285297136147333e-01
8.783745135813606497e-01
8.834823548411696592e-01
8.999356404211927840e-01
9.087149727233050367e-01
9.158995693276295036e-01
9.377484798116528797e-01
9.338794991128922529e-01
9.680615151634290871e-01
9.736400258813500130e-01
9.977208028992085032e-01
1.012503446379161343e+00
1.017513728872527112e+00
1.019208314284245853e+00
1.027848582809931965e+00
1.039853250243102156e+00
1.023633938493215823e+00
1.023105616660138883e+00
1.003490225763041810e+00
9.952456200372962192e-01
9.937075886456278040e-01
9.875198330333212482e-01
9.758945136578239810e-01
9.752668749051699448e-01
9.691539490299542203e-01
9.767884031104834275e-01
9.760063365560582849e-01
9.828858106268750783e-01
9.844966684352512987e-01
1.004558863890879339e+00
1.000012816235818391e+00
1.006203355094665186e+00
1.010906968874401457e+00
1.013977822027507303e+00
1.011460095095274792e+00
1.011288123852764453e+00
1.011957506052357347e+00
1.008189706511378736e+00
1.005584470253586105e+00
1.000260271546701940e+00
9.965256970420942606e-01
9.906953727927302333e-01
9.881476827756121573e-01
9.890146548734619625e-01
9.957653374556379999e-01
9.877654861876794534e-01
9.892786717356260029e-01
9.900365239478059465e-01
9.891070081456498908e-01
9.908843969250441530e-01
9.889217421804832320e-01
9.926744583367610453e-01
9.879379554990701529e-01
9.870376097530739745e-01
9.849901890743755217e-01
9.914525208621949304e-01
9.915155769900506622e-01
9.959343624144387785e-01
9.918154286358422667e-01
9.947750295633527307e-01
9.882217643053492484e-01
9.906927677692212164e-01
9.892035979753871500e-01
9.965806044567601107e-01
9.940317132958200741e-01
9.930797561783784033e-01
9.927204147794199685e-01
9.905596391838935588e-01
9.918788889085080607e-01
9.852678600956025212e-01
9.911452779544870362e-01
9.949242610699868816e-01
9.989442279993798746e-01
9.919697056364249477e-01
9.919843574914933848e-01
9.909261793131304286e-01
9.894805562943168598e-01
9.935039723158771707e-01
9.987817543822703481e-01
9.948122338642474416e-01
9.916219874419069935e-01
9.930351220394986189e-01
9.988061573624329448e-01
9.934148860626944577e-01
9.959469684620635421e-01
9.915665823861228301e-01
1.002284750706472494e+00
9.961038410711108293e-01
9.948005159731556635e-01
9.891802883425272475e-01
1.000397509631921533e+00
9.981167326276589868e-01
9.907323638822607137e-01
9.889189533926162623e-01
9.960564921201766619e-01
9.928693617196906462e-01
9.926496916229391454e-01
9.902769803618969302e-01
9.918972181615944850e-01
9.909992201598063488e-01
9.899965498888960713e-01
9.932461650684472065e-01
9.908140227086015273e-01
9.967154825280293284e-01
9.913488794994902431e-01
9.941536912759442179e-01
9.904758928752005476e-01
9.949971195305172822e-01
9.941434299804483565e-01
9.929640680308808864e-01
9.985461269896277470e-01
9.934036589762399450e-01
9.964033361067471395e-01
9.996493977538918330e-01
9.974175020814920467e-01
9.906884050238986550e-01
9.975561124552819736e-01
9.952956959343635113e-01
9.935734729365182094e-01
9.950715850592609657e-01
9.978677769288650801e-01
9.942277613305007256e-01
9.945864395924096657e-01
9.964856213919759398e-01
9.948743683713945352e-01
9.940156007626295143e-01
9.942690488098717694e-01
9.957135270793713300e-01
9.992767378382121368e-01
1.002700800184763485e+00
9.957602187127584381e-01
9.970684976753292350e-01
9.967541824852340637e-01
9.997237703722963165e-01
9.988118570053514667e-01
9.969491971811652586e-01
1.002140273533568937e+00
1.001075815056208018e+00
9.961054671698891250e-01
9.985503690849339975e-01
9.976811815740809219e-01
9.997222634159511623e-01
9.978510716857039720e-01
9.978488450096429929e-01
9.971746925326165911e-01
9.987042525467902943e-01
9.995678115552047993e-01
9.953595411435441909e-01
9.998503433763098469e-01
9.969908075826888760e-01
9.972864161104054714e-01
9.973321142880589019e-01
9.973505286664159364e-01
9.985198220690549853e-01
9.981802990012466070e-01
9.986809383773529447e-01
1.000614211438536127e+00
9.979555530521067030e-01
9.988217909418576346e-01
9.993739403421265655e-01
9.970340275247241424e-01
9.966747906144153291e-01
9.974676583872499336e-01
1.000357892433004769e+00
9.998735957929227869e-01
9.996260780007161229e-01
9.985731218020537092e-01
1.000300920648183212e+00
9.973757945892803845e-01
9.940062779312530683e-01
9.981235544876662091e-01
9.977405891796915505e-01
9.960044065957533999e-01
9.976685264763179850e-01
9.973207069459179008e-01
9.982749669929070757e-01
9.937937027329769579e-01
9.977891848050081114e-01
9.969202328643894662e-01
9.976562692267161303e-01
9.974330086800294870e-01
9.987451976369798867e-01
1.001841700959830606e+00
9.993467311996323543e-01
9.966446255688925504e-01
9.939217074368297267e-01
9.994724643898854621e-01
9.969533078228864920e-01
9.961293824793354679e-01
9.966221626877858064e-01
9.993069630915082380e-01
9.963408299768284904e-01
9.989122403046577503e-01
9.949565073892586708e-01
9.966070821002566138e-01
9.942402260802956082e-01
9.932458357647103719e-01
9.956585331848761822e-01
9.947790614715318336e-01
9.998198080763565088e-01
9.990732171816318896e-01
9.984885023722910313e-01
9.993498558817291988e-01
9.960981920354645691e-01
9.974371207170013021e-01
9.945512658495503366e-01
9.978482231157989046e-01
9.978164472391840567e-01
9.956994979591883288e-01
9.965353032664268085e-01
9.855136064417054920e-01
9.778154430114520679e-01
9.657922701824592782e-01
9.578375325530118500e-01
9.479082210358954486e-01
9.351960016640757933e-01
9.219366200421108548e-01
9.132266652019751518e-01
