0.000000000000000000e+00
0.000000000000000000e+00
0.000000000000000000e+00
0.000000000000000000e+00
0.000000000000000000e+00
0.000000000000000000e+00
0.000000000000000000e+00
0.000000000000000000e+00
0.000000000000000000e+00
0.000000000000000000e+00
0.000000000000000000e+00
0.000000000000000000e+00
0.000000000000000000e+00
0.000000000000000000e+00
0.000000000000000000e+00
0.000000000000000000e+00
0.000000000000000000e+00
0.000000000000000000e+00
0.000000000000000000e+00
0.000000000000000000e+00
0.000000000000000000e+00
3.676827782406161260e-02
1.071254443517810850e+00
3.487450281800772878e+00
3.431030783227615011e+00
1.888434111917506764e+00
8.527133065843666149e-01
3.899172305313771125e-01
1.986453959320318985e-01
1.198719613198145351e-01
1.861787088536911994e-01
7.187833895262822903e-01
1.505591260111424745e+00
1.761691070950180293e+00
1.464142355068563717e+00
1.070583654595688161e+00
8.004807103528113199e-01
6.856401900197119925e-01
6.694898735387218025e-01
7.208396062002413451e-01
8.099831568675402993e-01
9.020675755210276758e-01
9.881703801066873405e-01
1.067730185668367415e+00
1.128538970501566929e+00
1.176490531245197868e+00
1.203637032404159202e+00
1.211466760236874274e+00
1.197003011753114521e+00
1.170545306212168457e+00
1.133967153869535727e+00
1.095687142907319389e+00
1.062127065423846162e+00
1.028419189793263744e+00
1.004067014257479684e+00
9.802836321440066003e-01
9.636815745085559604e-01
9.486931636082979180e-01
9.367333494126538485e-01
9.356909542795811552e-01
9.297121420076129850e-01
9.300897744012511792e-01
9.326616824486458901e-01
9.437676213465903130e-01
9.564467377675599513e-01
9.628528936401569149e-01
9.748786336034532818e-01
9.828201192528107644e-01
9.908160715641751715e-01
9.985168591983507591e-01
1.003610220292446398e+00
1.010758918416374552e+00
1.011141889750580836e+00
1.015922563111134380e+00
1.017108303855902784e+00
1.016539011404762771e+00
1.016680194315948915e+00
1.015038376401232512e+00
1.014481243277325140e+00
1.010964444380191951e+00
1.007619620447308018e+00
1.007882714226469467e+00
1.004131891887849459e+00
1.000008261367351325e+00
9.986933510921434110e-01
1.000549579501048392e+00
1.000290120313196196e+00
9.976605664332609535e-01
9.963788602187972909e-01
9.975966482840965543e-01
9.972745157204129240e-01
9.956618265902922316e-01
9.946281648362103045e-01
9.956629579046818446e-01
9.951367748509701849e-01
9.951340668547768997e-01
9.954324236734292120e-01
9.958136618282917851e-01
9.962162417525572966e-01
9.964503869681745618e-01
9.986452653670223611e-01
9.989915345466925389e-01
9.986467204580140589e-01
9.982836807112897004e-01
1.001256295271404140e+00
1.000826756791605820e+00
1.001471669605480397e+00
1.001964358397782640e+00
1.003265815567350616e+00
1.001491622054476061e+00
1.001184257983236625e+00
1.001300523485556759e+00
1.001811427544878175e+00
1.000377915618554603e+00
1.000530898076789299e+00
9.998662796524252494e-01
1.000259221265894283e+00
9.994307319266523271e-01
9.998119664345644919e-01
9.981980127671965519e-01
1.000052869124144372e+00
9.978332287267209777e-01
9.992852218566494749e-01
9.999751633476784418e-01
1.000156509992473630e+00
9.984149034307484571e-01
9.990184901973609977e-01
1.000277369728281185e+00
9.996414493681470281e-01
9.994025998411699696e-01
1.000309386003659373e+00
1.000511479068044274e+00
1.000858955050431875e+00
1.001029132940720823e+00
1.000906990826609499e+00
1.001648389684779650e+00
1.001503672621539831e+00
1.001245331267852423e+00
1.001206344722946895e+00
1.001038565630969046e+00
1.002090666678282060e+00
9.998431680913654196e-01
1.000628883610925612e+00
9.997579556131677148e-01
9.993101939716980686e-01
9.994061456923856168e-01
9.997625573993283998e-01
9.984525195100051320e-01
9.985320970583499989e-01
9.991676084935959823e-01
9.995060040377187205e-01
9.984598060095399852e-01
9.989389279123881416e-01
9.990710511653918546e-01
9.995945510641188747e-01
9.991711852561788731e-01
9.995086535291219931e-01
1.000360662939891565e+00
1.000218848164229568e+00
1.000748356624302060e+00
1.001524075464179431e+00
9.998002673852632860e-01
1.000441462641159518e+00
1.001045690923019205e+00
9.997875687725791272e-01
1.000983248850898288e+00
9.999109994590472672e-01
1.001142579240554387e+00
9.997777477752795017e-01
1.000769622133476311e+00
1.000352473430542233e+00
1.000024681334110932e+00
1.000457652248240681e+00
9.999822880924318369e-01
9.991195617742181234e-01
9.991290188088454149e-01
9.998485515193176187e-01
9.989650333934798621e-01
1.000118259333801163e+00
1.000266108964336986e+00
9.994036293621917366e-01
1.000242729683042064e+00
9.998110248918603560e-01
1.000165841906681008e+00
9.994250110843032608e-01
9.997479127402121302e-01
1.000193793635199002e+00
9.996969371478600097e-01
1.000065574386932665e+00
9.999908604659152322e-01
1.000382379182523040e+00
9.991980983023374119e-01
9.999129279921055158e-01
1.000266953951370885e+00
9.998414444127053935e-01
1.000339730524577364e+00
9.997547813497233982e-01
9.999202342996433845e-01
1.000041930016678959e+00
1.000142987216325441e+00
9.997601801236285501e-01
9.997892243260080303e-01
1.000338301270053076e+00
1.000342714933008637e+00
1.000330367385594110e+00
9.999541322217405659e-01
9.998172694172612340e-01
9.993731100173016690e-01
1.000107916886672443e+00
1.001053635022051580e+00
1.000161673830396669e+00
9.997927044416445863e-01
9.999314926215340238e-01
1.000287609157636703e+00
1.000120457858858058e+00
9.996918262386140785e-01
9.996961852572517904e-01
1.000985813636201094e+00
1.000887327124974080e+00
1.000728573344041195e+00
1.000515668325407281e+00
9.995429924337642102e-01
1.000887978651076482e+00
9.997487538226594861e-01
1.000771145612643132e+00
9.999244864701255509e-01
9.999793630629894015e-01
1.000627702796400342e+00
9.995175974224780324e-01
9.996076849483759297e-01
1.000105281648548727e+00
1.000342568309446012e+00
1.000366117637188745e+00
1.000210943023052579e+00
1.000088923935748442e+00
1.000250532794504155e+00
1.000644629704023236e+00
1.000335137901572580e+00
1.000581637255237410e+00
1.000155387610403679e+00
9.996846541931256880e-01
9.993443122641032517e-01
9.995893427013058385e-01
9.998508912289530981e-01
1.000054918359871259e+00
1.000263721780958237e+00
1.000416737834431524e+00
1.000558420650477842e+00
9.998314157301373406e-01
1.000432177268056666e+00
1.000242887926583446e+00
1.000494012399577137e+00
1.000396122851971770e+00
1.000117509231665647e+00
1.000347776238077691e+00
1.000370882393234018e+00
1.000354166903890452e+00
1.000204289395507873e+00
1.000979872037806473e+00
1.000160485557357148e+00
9.999615641847892089e-01
9.998777329199259878e-01
1.000410359466959553e+00
1.000544418257604873e+00
1.000430010427043381e+00
1.000015372375628875e+00
1.000527294681640811e+00
9.999092261351013589e-01
1.000179527670931545e+00
9.998538089935294915e-01
1.000266979803181577e+00
9.984085696374411789e-01
9.900152069630581142e-01
9.787365746847110914e-01
9.678192731906131163e-01
9.573756160365476386e-01
9.464244032555474417e-01
9.359516723486188683e-01
9.257826558136645900e-01
9.147882957801551917e-01
