0.000000000000000000e+00
0.000000000000000000e+00
0.000000000000000000e+00
0.000000000000000000e+00
0.000000000000000000e+00
0.000000000000000000e+00
0.000000000000000000e+00
0.000000000000000000e+00
0.000000000000000000e+00
0.000000000000000000e+00
0.000000000000000000e+00
0.000000000000000000e+00
0.000000000000000000e+00
0.000000000000000000e+00
0.000000000000000000e+00
0.000000000000000000e+00
0.000000000000000000e+00
0.000000000000000000e+00
0.000000000000000000e+00
0.000000000000000000e+00
0.000000000000000000e+00
0.000000000000000000e+00
0.000000000000000000e+00
0.000000000000000000e+00
0.000000000000000000e+00
0.000000000000000000e+00
1.408345368096838683e-02
3.766445583459896440e-01
1.298002057512654517e+00
1.708528079218175844e+00
1.253864026904595530e+00
7.615321261683390963e-01
4.232431139609274529e-01
2.984716196049221892e-01
2.382105828338309805e-01
2.542799036625064679e-01
2.296499095036508564e-01
2.513261686261987760e-01
2.397751007004935431e-01
2.121521915076802212e-01
2.211015416675504719e-01
2.473298321546628931e-01
3.146810286375089083e-01
4.369795253346686059e-01
5.407654282109602972e-01
7.067701829439291261e-01
8.764463004703795246e-01
1.049770248344270795e+00
1.200633351920485481e+00
1.310315257736743177e+00
1.373738469747023627e+00
1.525024637260105287e+00
1.539733255337053519e+00
1.558507097300100730e+00
1.520932604957452527e+00
1.364720342491631877e+00
1.259002721387027401e+00
1.142198904187388564e+00
9.953900292546636885e-01
9.352059448515454010e-01
9.157157089043694853e-01
8.769389832036431631e-01
8.742543523915000669e-01
8.667236262475094266e-01
8.777806734734028282e-01
8.880710104975757524e-01
8.816934128489104516e-01
9.188635623914305217e-01
9.376232617532118674e-01
9.618929212995193101e-01
9.834893835991359579e-01
1.006863449551964829e+00
1.000983130071159799e+00
1.015432217434249385e+00
1.035759654654445416e+00
1.036846189059854151e+00
1.035268794936470726e+00
1.039465334088529369e+00
1.040652220150766860e+00
1.023714247559772250e+00
1.011463535290218596e+00
1.021640506507390356e+00
9.977020502340351316e-01
1.010360311914295206e+00
9.888970187738211903e-01
9.920595148115828321e-01
9.904057829476398123e-01
9.872761619318495274e-01
9.891699927827592997e-01
9.919679711342143102e-01
1.024834886584274685e+00
9.981461031896309288e-01
1.006506707155849334e+00
9.961050067436869604e-01
9.948505210253371089e-01
1.021916866651044753e+00
1.011752112992506003e+00
1.020099922944239124e+00
1.010366943671344275e+00
1.009808965643895995e+00
1.004829375965968108e+00
1.007913870117101096e+00
1.013197857737318852e+00
1.008118216814039902e+00
9.956796124248187274e-01
1.001480516817207622e+00
9.884593118649268595e-01
1.001253408301515879e+00
9.973900009337929307e-01
9.892653864901074234e-01
9.854825618684499577e-01
1.001565920927021791e+00
9.953019681169780197e-01
9.972923546212490997e-01
9.956917366067897790e-01
9.842095676959659034e-01
9.978004085671360324e-01
9.870024862315426306e-01
1.008357743455506217e+00
1.007529309847514210e+00
1.017079882375371058e+00
1.005275738651731698e+00
1.023776704993208941e+00
1.001989996618119605e+00
1.006719105021194993e+00
1.014897011609638300e+00
9.978021077996250821e-01
1.003020997176793605e+00
1.000649119309662938e+00
1.000865078677621200e+00
1.003318864905234475e+00
1.003866526007277660e+00
1.001879569418210103e+00
1.004612215218475768e+00
9.937025518711962713e-01
9.952514714652190841e-01
9.922246172913461448e-01
9.966441457985786290e-01
1.005233216674388030e+00
9.994798460383707006e-01
9.961929768210525671e-01
1.002087486232367652e+00
9.998604029718061170e-01
9.951321211072627904e-01
1.000575953647474314e+00
1.004437256224749442e+00
9.985756682512647586e-01
1.001539543239283070e+00
9.989508487507733347e-01
1.007316957378547428e+00
9.880070473058040204e-01
1.008017816321658877e+00
9.920058650559545610e-01
1.000392315451443137e+00
9.960203410450245709e-01
1.004767737745839273e+00
1.000422292459528295e+00
9.961058479995247295e-01
9.976979675361606903e-01
1.001349272454396422e+00
9.920588926853881606e-01
1.005750939077244110e+00
9.915376935513859902e-01
9.924703368521452518e-01
1.000861309415603584e+00
9.992513779087960346e-01
1.000390827088693868e+00
1.000491779955493765e+00
1.002377893106847218e+00
9.959102127287795536e-01
9.924964052519307245e-01
1.005595239136915842e+00
9.976043314688710639e-01
9.964554192336857463e-01
1.005900117330897903e+00
9.978522530459984496e-01
9.970974797305828252e-01
9.992892738091034843e-01
9.913527025116692926e-01
9.988389734485036975e-01
1.002637946299941962e+00
1.004891569111063587e+00
9.978293792741699253e-01
9.955806254505582542e-01
1.002697761858402981e+00
9.980484543667372810e-01
1.001327649639280892e+00
9.997348396711647212e-01
1.000105112935369078e+00
1.003386704666711315e+00
9.984040087970246224e-01
9.994042467524266726e-01
9.898663906437041859e-01
9.974669793453102562e-01
1.003761178255262232e+00
9.997126635151738494e-01
9.989733215954574863e-01
9.957125594503030142e-01
9.990269578461266065e-01
1.004229781735147986e+00
1.003472592937207919e+00
1.000878190905164944e+00
1.002579566695111835e+00
1.000250281269780217e+00
9.965939948373161439e-01
9.982703676528900116e-01
1.004908850352969729e+00
9.982787599676086199e-01
9.943535125461491209e-01
9.988260393123662428e-01
9.970673501549722761e-01
1.006397483082811961e+00
9.971376504040473376e-01
1.005106189065051003e+00
1.001990837611480334e+00
1.000494408461785056e+00
9.949170422629070032e-01
9.942645400154938029e-01
9.969938486325546911e-01
1.001028280921530511e+00
9.960922968715226755e-01
1.000881548280354805e+00
9.967268904589384748e-01
1.000817344168691170e+00
1.003801171988221608e+00
1.005577592203403592e+00
9.973991749907167303e-01
9.972119529247337466e-01
1.004731713538989268e+00
9.987743524172697507e-01
1.002166008869507463e+00
9.920132659341432957e-01
1.000917969097163684e+00
9.926897175894615621e-01
9.950936863464846516e-01
9.998109846564552372e-01
9.985418747695213870e-01
9.970949769362680293e-01
9.958226686454588750e-01
9.932262470001471666e-01
9.936710641642186870e-01
9.986083559353664540e-01
9.917237976203819860e-01
1.002312413371187594e+00
9.960937804768652537e-01
9.980940583377919673e-01
9.963393325352009056e-01
9.946018509605979441e-01
1.002865710160539159e+00
1.000870251906802899e+00
9.969095204117880415e-01
9.995166145275850011e-01
1.000230885815654780e+00
9.995483025851066294e-01
9.948750001920554364e-01
1.003416236994199240e+00
9.955173853440016929e-01
9.992071866560013893e-01
9.980734533706163703e-01
9.981123573405383809e-01
1.002824418349013591e+00
1.001774840141953282e+00
9.940228404234578985e-01
1.005676914467332983e+00
1.003836556367564858e+00
1.002023403154665981e+00
9.964210014983283514e-01
9.967536214373819980e-01
9.999989419126160684e-01
1.005974180668166795e+00
1.000866161326592341e+00
9.992858959907187089e-01
1.002603753765481276e+00
1.001764889824988680e+00
9.958533242081746284e-01
9.964561859847693714e-01
9.976625572710443590e-01
9.954946164052626001e-01
9.944372641352937636e-01
9.961888454455463116e-01
