0.000000000000000000e+00
0.000000000000000000e+00
0.000000000000000000e+00
0.000000000000000000e+00
0.000000000000000000e+00
0.000000000000000000e+00
0.000000000000000000e+00
0.000000000000000000e+00
0.000000000000000000e+00
0.000000000000000000e+00
0.000000000000000000e+00
0.000000000000000000e+00
0.000000000000000000e+00
0.000000000000000000e+00
0.000000000000000000e+00
0.000000000000000000e+00
0.000000000000000000e+00
0.000000000000000000e+00
0.000000000000000000e+00
0.000000000000000000e+00
0.000000000000000000e+00
0.000000000000000000e+00
0.000000000000000000e+00
0.000000000000000000e+00
0.000000000000000000e+00
0.000000000000000000e+00
1.596258734403674731e-02
3.871394021995984702e-01
1.350067929731631811e+00
1.713217852932501062e+00
1.280905873115918192e+00
7.695708794135283082e-01
4.326432140957924277e-01
3.090733280948956829e-01
2.559593662782719270e-01
2.464524447696704035e-01
2.519431383942028480e-01
2.546297860226114929e-01
2.126569927273805616e-01
2.142832472659170207e-01
2.170997361643157431e-01
2.492650721041851369e-01
3.274855884621126756e-01
4.265612736374408409e-01
5.434749145350941113e-01
7.227562693360559676e-01
9.140327268750585432e-01
1.086392973081893976e+00
1.257644954121564407e+00
1.331417890948259020e+00
1.434879476281684552e+00
1.570902259579715077e+00
1.601590990075115517e+00
1.600570237129325779e+00
1.587222291653714423e+00
1.437840188046714207e+00
1.288236262647086905e+00
1.171016706353483539e+00
1.041913603743106709e+00
9.995491642574335645e-01
9.271431441118842542e-01
9.043865481224052649e-01
9.030274342558475276e-01
9.006505046808239712e-01
9.008389873882256538e-01
9.036704284950307642e-01
9.290395836467567614e-01
9.392039956594908645e-01
9.582212266067301476e-01
9.797222573327962758e-01
9.996264673781914967e-01
9.922423491005837315e-01
1.007842143489654507e+00
1.027968806096308585e+00
1.045114325626286034e+00
1.045725697137731780e+00
1.035243013116289523e+00
1.030549283002088146e+00
1.035923814343340021e+00
1.032356196019263983e+00
1.017959663335695542e+00
1.009216548171251837e+00
9.724003005104042696e-01
9.930415955900426805e-01
9.798364903132174009e-01
9.761754088844794008e-01
9.781496746140864174e-01
9.810712232880505201e-01
9.832749041121958689e-01
9.887581239966117819e-01
9.803136251608307594e-01
9.896441527808390592e-01
9.941051495946209293e-01
1.017989207013392461e+00
1.002466376049228280e+00
1.003491776717974293e+00
1.013324205256712185e+00
1.019769321067929502e+00
1.024113858807059074e+00
1.002499879356362200e+00
1.019996244935337248e+00
1.012735372793144739e+00
1.015417061051256509e+00
1.009434083933157922e+00
9.973937106955568233e-01
9.972393231829407290e-01
1.000519683772056689e+00
9.968292411663071118e-01
9.864940075712945733e-01
9.938584670613855865e-01
1.006899037469434877e+00
9.932158300075685231e-01
9.944476046623194065e-01
9.908234792417568437e-01
1.010111343951042073e+00
1.008366832336859975e+00
1.005366962213531057e+00
1.003469092166942245e+00
1.013608348447550211e+00
1.007059718273508597e+00
1.016347748438343412e+00
9.919136285357846861e-01
1.012919996765453412e+00
1.015564231236751436e+00
1.002506487340488084e+00
9.992807769119201877e-01
9.956192553869427364e-01
1.002537253193518385e+00
9.957408338661094538e-01
1.006218489476707667e+00
1.004332450521218778e+00
9.997557477708063356e-01
9.999352518246870103e-01
9.957418990458750674e-01
9.914893333549572585e-01
1.001620737581049747e+00
1.001899698510274606e+00
9.987857930180804589e-01
9.969978242670981539e-01
1.000173731634182550e+00
1.001321123553314374e+00
9.958806533670405692e-01
9.972812804104886908e-01
9.965286896416905016e-01
9.943116622826232431e-01
1.002839425861736133e+00
9.963242369771651008e-01
1.001168938494993776e+00
1.001995294094853994e+00
1.001205207702124733e+00
9.994158819219679524e-01
1.000833153825041455e+00
1.001872214833072761e+00
9.971456622257173219e-01
1.000607207580052727e+00
9.900973049680200644e-01
1.008960950339605978e+00
1.001320350530178871e+00
9.969942023751715565e-01
9.910125327779180093e-01
1.001409501681787662e+00
9.971628447723884792e-01
9.965408207304906618e-01
9.987950377287244663e-01
1.001189029999824509e+00
1.004150635648779932e+00
1.002829869017980657e+00
9.936181807053476867e-01
9.952383817254666365e-01
9.982203435090599708e-01
1.000224719426613174e+00
9.961728593773792051e-01
9.953388514149449362e-01
1.002717046301494719e+00
9.930117948418574203e-01
9.914912266798984186e-01
9.875703045737149743e-01
1.001947728520209413e+00
9.969000872808762015e-01
1.007867174772467456e+00
1.001305207844166878e+00
9.997509530333394956e-01
9.976161364607015747e-01
9.996595456167168825e-01
9.952457137287294975e-01
9.952574841723923482e-01
1.003705867504754767e+00
1.000756676945385948e+00
9.981289242335004142e-01
1.000697898443644096e+00
1.004012156452388282e+00
1.004271584488499736e+00
1.001268072954879962e+00
1.002359074526323557e+00
1.010312862029416392e+00
1.001263217833357366e+00
9.935234659339521324e-01
1.009169455567349827e+00
1.005253271388938607e+00
1.004778027681715091e+00
9.958466240229573163e-01
9.973076977241511765e-01
1.001956107642904659e+00
9.989488071994657714e-01
1.000777648843570011e+00
9.986040236282747173e-01
9.935489275009194987e-01
9.976733145326025509e-01
1.001308977792808808e+00
1.004875005235038588e+00
1.002642901379104723e+00
9.917245524086426567e-01
9.945049646448390623e-01
9.981447651047576919e-01
9.963560129529924758e-01
9.978093041165418953e-01
1.005566811936125182e+00
9.976519003683778086e-01
1.003417794034292987e+00
1.005109094662011593e+00
9.916049289988103643e-01
9.955889443448238119e-01
9.998877103484089535e-01
9.962806332755217431e-01
9.970159594211847054e-01
9.942363843228464448e-01
9.908884603414366277e-01
9.984042073127312733e-01
1.007506375266118193e+00
9.978565299305194314e-01
1.006755828320794244e+00
9.972032708669836820e-01
9.974762605870760579e-01
1.000949593642040059e+00
9.972159500964425938e-01
1.000739166799602176e+00
9.970575501389896678e-01
1.000089856760147278e+00
9.993263884388614571e-01
9.956205263429178665e-01
9.981783077203379984e-01
9.961140951642162289e-01
9.977955012940152857e-01
9.959344274773996863e-01
9.979424551054958403e-01
9.993923961611675955e-01
9.977362220139883719e-01
9.944161958577771854e-01
9.970549001777995191e-01
9.993122133435158316e-01
9.941976801015306453e-01
9.912909306294884759e-01
9.951533611896619114e-01
9.966048541660166293e-01
9.968930416529595551e-01
1.001742686961136330e+00
9.989388005741234311e-01
9.932837598743220475e-01
1.000900834969070452e+00
1.001496433513685780e+00
9.959795886977150792e-01
9.995347469513137240e-01
9.958002755538789552e-01
9.908778407474666539e-01
9.981424396458089543e-01
9.971303778892409708e-01
9.956410979513711235e-01
1.002025985017597209e+00
9.968354766152714985e-01
9.980864999470059340e-01
9.919012661003662190e-01
9.971868115737759775e-01
9.983717269652140347e-01
9.953426096344439866e-01
1.000514269746851426e+00
1.000267276848193498e+00
9.955121834351488008e-01
9.995946469842329485e-01
9.994181820059503396e-01
9.963568864800634861e-01
