0.000000000000000000e+00
0.000000000000000000e+00
0.000000000000000000e+00
0.000000000000000000e+00
0.000000000000000000e+00
0.000000000000000000e+00
0.000000000000000000e+00
0.000000000000000000e+00
0.000000000000000000e+00
0.000000000000000000e+00
0.000000000000000000e+00
0.000000000000000000e+00
0.000000000000000000e+00
0.000000000000000000e+00
0.000000000000000000e+00
0.000000000000000000e+00
0.000000000000000000e+00
0.000000000000000000e+00
0.000000000000000000e+00
0.000000000000000000e+00
2.815692730933758625e-05
3.481471092892676061e-02
1.038786734868288875e+00
3.418164652365811573e+00
3.396105403501282982e+00
1.876461471666028835e+00
8.513660840055442547e-01
3.887808379019907501e-01
1.994273937192776180e-01
1.197898674585560486e-01
1.809260842937565894e-01
6.855367092004386320e-01
1.454699314807327282e+00
1.713499052100162734e+00
1.444913544932609373e+00
1.053372567023455053e+00
7.820888558535704638e-01
6.670797599261791833e-01
6.490463064844010921e-01
6.981408229672452226e-01
7.867284546604235151e-01
8.768448783949582825e-01
9.756026611561290363e-01
1.062312072621594661e+00
1.131209976555483054e+00
1.182801595806273198e+00
1.215891845859374820e+00
1.230536736689474386e+00
1.218998500371607729e+00
1.186623979635485382e+00
1.145892004324460700e+00
1.108201286318104772e+00
1.061522489677862779e+00
1.031953107371652578e+00
1.009457302952134539e+00
9.847590533375413235e-01
9.676938673010192504e-01
9.541593680723210458e-01
9.426471919055646742e-01
9.361672746360080177e-01
9.307741253789534319e-01
9.257376544639859262e-01
9.291034888383471468e-01
9.370360341929170334e-01
9.454135389756728181e-01
9.578892558989269279e-01
9.714754929967118757e-01
9.821952876725442705e-01
9.911733864395926297e-01
1.004347831288955106e+00
1.010218754895986670e+00
1.016863831345239610e+00
1.018757045107538284e+00
1.020425605599962315e+00
1.024437869381060295e+00
1.020830018686905483e+00
1.019126294405652722e+00
1.018409443036366158e+00
1.013989084805063001e+00
1.010205262714673369e+00
1.010389998292295921e+00
1.003889841988383491e+00
9.998700056480336329e-01
1.001508025082227249e+00
9.986981257154274871e-01
9.988112666127442196e-01
9.982330897493536526e-01
9.979056681230860093e-01
9.965220767992725159e-01
9.981821213107316959e-01
9.988409135254586735e-01
9.960661078988292116e-01
9.996063786280064978e-01
9.965840145533267913e-01
9.963767009989659140e-01
9.975712054685766939e-01
9.978364973071766064e-01
9.975324888608183560e-01
9.959298980402340185e-01
9.962639892849600720e-01
9.973918515224480252e-01
9.991425291464243186e-01
9.991168460370267734e-01
9.983200508113548866e-01
1.000710851751079655e+00
1.000129046598871474e+00
1.000278433961258262e+00
1.002400917676015801e+00
1.003056089659541517e+00
1.001746472051134651e+00
1.001562373912787685e+00
1.001967192747269753e+00
1.003370192141821216e+00
1.000705178024906994e+00
1.001460778995797218e+00
1.002426222292331470e+00
1.000743279969875887e+00
1.001353576092441022e+00
1.000512139652285803e+00
1.001094242702563752e+00
9.996038466877873452e-01
1.001084456526496691e+00
9.997360720969922232e-01
1.000574270236309626e+00
9.989973037560222480e-01
1.000161963484670569e+00
1.000025364675259265e+00
9.992305063930253528e-01
9.998493722066938982e-01
9.987809567969175850e-01
1.000089270706777222e+00
9.998181350996355743e-01
1.000679606045527414e+00
1.000047130551595664e+00
1.000487298253064150e+00
1.000623159206107005e+00
9.996179984764714810e-01
1.000573113777295076e+00
1.000250155262189855e+00
1.000295805180937414e+00
1.000651908523346734e+00
9.998080659012615889e-01
1.000772419603821017e+00
9.995087478993919250e-01
1.000254087600251029e+00
1.001456491071692545e+00
1.000272042146052920e+00
1.001144220850778810e+00
9.997571126270528019e-01
9.989740309204099278e-01
9.997761520763864818e-01
1.000118446322667998e+00
1.000634006632041828e+00
1.001325538958727446e+00
1.000529084646734956e+00
1.000884090163300932e+00
1.000554950001223631e+00
1.000325205346285218e+00
9.993116282044870458e-01
9.991919326483762465e-01
9.996858647877280291e-01
1.000558816433186671e+00
9.994127528232823465e-01
1.000059341071912078e+00
1.000648754283573361e+00
1.001168658143944512e+00
9.997924852851862720e-01
1.000080257485489232e+00
9.998622716314791159e-01
1.000504611175139225e+00
9.995474052783099861e-01
1.000334669872294580e+00
1.001241386150468315e+00
9.997635116545260381e-01
1.000456277937950000e+00
1.000761358020483272e+00
9.997149941192632339e-01
9.993746533145566602e-01
1.001193384982964618e+00
9.998649200870641796e-01
1.000763861608756189e+00
9.995883765655790842e-01
9.999956731788807174e-01
9.996929338551850952e-01
1.000291685095295202e+00
9.998141018215915832e-01
9.997298632273421415e-01
1.000943188790150762e+00
1.000739891706943885e+00
9.998398118514966182e-01
1.000465583081139309e+00
1.000977315989284966e+00
1.000821763667238518e+00
9.998500552572783251e-01
9.997570187813884512e-01
9.998405411962570932e-01
1.000596719632354858e+00
1.000519310982568522e+00
1.000738696283599349e+00
1.000310170350946493e+00
9.999416609572441272e-01
1.000392245449176709e+00
1.000497426105415588e+00
9.999569268700070346e-01
1.000393410526615234e+00
1.001090190078715914e+00
1.000218944361285001e+00
1.001052715138323723e+00
9.995384383089062075e-01
1.000590424100957554e+00
1.001140910231855807e+00
9.993952778038980300e-01
9.999712646003681149e-01
1.000371639964837245e+00
9.998791814425305180e-01
9.994027109382963570e-01
1.000381608193196659e+00
1.000002086182579353e+00
9.994423194634555196e-01
1.000838739381144205e+00
9.997739798030645941e-01
1.000201564292918954e+00
1.000240898095759334e+00
1.000036906604397258e+00
1.000653024382742284e+00
9.996445998908013442e-01
9.999520547318645480e-01
1.001031622036899327e+00
9.998316952996060269e-01
1.000365303326283595e+00
9.998912720774006946e-01
1.000009964886727110e+00
9.992342125034751055e-01
1.000359168157401779e+00
1.001203077757186533e+00
1.000936005753339408e+00
1.000036272875393317e+00
1.000074848428467611e+00
9.999968870782216523e-01
1.000740602954373282e+00
9.995176513995422951e-01
1.000093361340937070e+00
1.000279234607956313e+00
1.000046873288816807e+00
1.001275231957515999e+00
1.000146813679027247e+00
9.998850922604244351e-01
1.000157370012714431e+00
9.994752342305356363e-01
1.000887201065081999e+00
1.000814586779535054e+00
1.000473844923782885e+00
1.000660839250048229e+00
1.000097692539694938e+00
9.996493433150680508e-01
9.999779782363997782e-01
9.998471126370184203e-01
1.000082228751012714e+00
1.000342767790866505e+00
1.000287863471265082e+00
1.000423372976457559e+00
9.999789090992322604e-01
1.000536711391265321e+00
1.000084113164354305e+00
1.000730843190415609e+00
9.996735736113455673e-01
1.000038249122579215e+00
1.000582904650884286e+00
9.996601680764956033e-01
1.001019386767482144e+00
1.000254673694202179e+00
1.001047700450842681e+00
1.000472902011538157e+00
1.000207721604520206e+00
9.997525633071350226e-01
1.000114688941384333e+00
1.000034266465439359e+00
9.998921400762574851e-01
1.000536369062820174e+00
9.996795710449352113e-01
