0.000000000000000000e+00
0.000000000000000000e+00
0.000000000000000000e+00
0.000000000000000000e+00
0.000000000000000000e+00
0.000000000000000000e+00
0.000000000000000000e+00
0.000000000000000000e+00
0.000000000000000000e+00
0.000000000000000000e+00
0.000000000000000000e+00
0.000000000000000000e+00
0.000000000000000000e+00
0.000000000000000000e+00
0.000000000000000000e+00
0.000000000000000000e+00
0.000000000000000000e+00
0.000000000000000000e+00
0.000000000000000000e+00
0.000000000000000000e+00
2.702682321617589961e-05
3.388425118979754985e-02
1.040059697727719668e+00
3.398682928620399668e+00
3.351558575514342220e+00
1.839036902629817227e+00
8.188294054005609279e-01
3.755349332472863177e-01
1.907519246578396055e-01
2.229154781934344076e-01
8.358532743814895971e-01
1.743136270698983248e+00
1.910687790909141759e+00
1.453258163299632644e+00
9.685214754521989100e-01
6.723864461103666867e-01
5.475186280626358482e-01
5.404464218899703853e-01
5.874822871965581506e-01
6.777431641848391530e-01
7.904382634058519930e-01
8.983301559512533174e-01
1.005192491604128824e+00
1.098282621337730802e+00
1.166239948589294029e+00
1.222437621701133459e+00
1.250898111723702133e+00
1.255633422276448030e+00
1.231724542958354984e+00
1.198489662425037405e+00
1.151576390448281417e+00
1.101341296805181225e+00
1.053224818811279162e+00
1.020412497066307767e+00
9.835669989363072796e-01
9.597213166913365345e-01
9.424769522269601518e-01
9.282154153490159709e-01
9.190934694531553983e-01
9.165562890953310449e-01
9.129880646110996034e-01
9.228463631067113093e-01
9.303346655072938232e-01
9.431009492107640391e-01
9.570919927724809151e-01
9.720038496047697096e-01
9.849581647083759384e-01
9.971701559454705377e-01
1.005499309103722538e+00
1.015371489820019235e+00
1.025384595326616965e+00
1.025600147553448860e+00
1.026477074677200729e+00
1.023953491262991067e+00
1.025568566228059142e+00
1.020997795770173022e+00
1.015657862740248829e+00
1.012750299983304458e+00
1.007750445227752367e+00
1.002119302217191033e+00
1.000367990180122124e+00
9.984328619712226072e-01
9.974153159332022067e-01
9.972856949379061975e-01
9.996304565225827554e-01
9.978792562028134805e-01
9.993590173026141166e-01
9.984305994882495261e-01
1.001085952050444039e+00
9.990796910537315112e-01
9.971238264166030207e-01
9.977267424206576196e-01
9.973218300322626018e-01
9.974803710666816370e-01
9.986708038638494322e-01
9.982214953167023452e-01
9.984631105525362260e-01
9.966038882344308014e-01
9.958843697987080912e-01
9.972700195513483079e-01
9.971528818615177370e-01
9.991712062972377684e-01
9.972763417244463469e-01
9.996603394815212207e-01
9.977158387343506574e-01
9.996456551025532100e-01
1.001274319293692372e+00
9.991120584197424881e-01
1.000213370008450786e+00
1.001861207054649316e+00
1.001405531486468492e+00
1.002258765045513922e+00
1.002826610311684297e+00
1.001939366528132425e+00
1.000762762972061015e+00
1.001131977829125885e+00
1.000802897292590643e+00
1.001425260396967998e+00
1.001233725856218504e+00
1.001290967864620685e+00
9.992524845444806791e-01
9.986211670416491604e-01
1.000337556332891342e+00
9.996562559968253936e-01
9.975836338780378343e-01
9.987908020866596015e-01
9.995569841230090846e-01
9.989191634373858486e-01
1.000298364533404705e+00
9.989425460722611838e-01
9.990769129968269935e-01
9.997322029391445541e-01
9.992102385196839354e-01
1.000177561928162095e+00
9.997560854733101854e-01
9.994311022483729490e-01
1.000784981171067178e+00
1.002438538266049672e+00
1.000742147484609879e+00
9.999509111776423431e-01
1.001113920418206682e+00
9.999536310279212303e-01
1.001701204708015158e+00
9.993183681946916641e-01
9.988933335274282621e-01
9.987176994398310192e-01
1.000923002423873553e+00
9.999713444610922597e-01
9.998147585652542579e-01
1.000252439858632103e+00
1.000623848401558824e+00
1.000725091306333248e+00
1.000985783944981611e+00
1.001477312367773820e+00
9.999981303628507900e-01
1.000638947420475544e+00
1.000265716192729304e+00
1.000271888945673204e+00
1.001485683181581043e+00
9.999246176742123682e-01
1.001882118690212931e+00
1.000239759594731659e+00
1.001054459387417994e+00
1.000308754756149998e+00
1.000038203946746806e+00
1.000294645596095489e+00
9.997712414916513080e-01
1.000383071073555952e+00
1.000995219281895166e+00
9.995383640925410429e-01
9.998888843255673287e-01
1.000070201431732198e+00
9.997765831979684714e-01
1.000102569353454207e+00
1.001469442002770993e+00
1.000615443931226922e+00
1.000248501399660039e+00
9.998580165728289115e-01
1.000050613307339686e+00
1.001530424510365114e+00
1.000046814045959298e+00
1.000351347710058958e+00
1.001118877775071248e+00
9.992867249333011737e-01
1.001224868480966590e+00
9.999265781224728755e-01
1.000230560112721045e+00
1.000465373438372163e+00
1.000611102137621833e+00
1.000277295689613544e+00
1.000494177933224593e+00
1.000264147884941446e+00
1.000086054042824690e+00
1.000092433004576176e+00
1.000019683240342072e+00
9.995058206115607913e-01
9.999150259845692723e-01
9.991326593939809930e-01
1.000140008712260942e+00
1.000669122138603040e+00
1.000729320847062009e+00
9.998098416161049773e-01
9.994037723478961244e-01
1.000908899487933379e+00
9.999412282173090194e-01
9.991448167063288199e-01
1.000987906036291841e+00
9.999539478311459950e-01
1.000032828783465888e+00
1.000354793229217165e+00
1.000203515287604983e+00
1.000308515760889083e+00
1.000615047724231710e+00
1.000192571568718991e+00
9.997539658016642017e-01
1.000575186258034321e+00
9.997503840615581394e-01
1.000899523626315624e+00
1.000495276375712228e+00
1.000074750749084362e+00
1.000244066510100671e+00
1.001172340216819112e+00
1.000577693019553127e+00
1.000151891591551045e+00
9.998183759485630429e-01
9.997898863581591300e-01
9.997364289871945031e-01
1.000491649048187437e+00
1.000387296458618680e+00
9.999294932788594936e-01
9.995986888446891649e-01
1.000263930163617809e+00
9.992205333693932046e-01
9.997026449107077051e-01
9.999327955631787113e-01
1.000103739706728057e+00
1.000686942227056564e+00
1.000555225084438948e+00
9.996126366854749534e-01
1.000781702672635332e+00
9.996903588907088967e-01
9.996222985514200410e-01
1.000392412903153616e+00
1.000408996956465568e+00
1.000413125072193044e+00
1.000598677260554625e+00
1.000331182619785597e+00
1.000951479352980789e+00
1.000968687717191719e+00
1.000304150337012032e+00
1.000401113736634651e+00
1.000109655372283690e+00
9.994459267786510726e-01
9.993010562883388737e-01
9.998888034376645084e-01
9.994268963536209194e-01
9.993302876574976512e-01
1.000688921533170461e+00
1.000202407182586350e+00
9.993945532285428701e-01
1.000501977430170664e+00
9.992843100408848045e-01
1.000068965203282367e+00
1.000277757760261510e+00
9.999472040941266293e-01
9.996502914748215396e-01
1.000202054982682220e+00
9.989390561160624848e-01
1.000196556332125342e+00
9.999858192297589321e-01
1.000650728747537022e+00
9.998192464146690162e-01
1.000557484953755738e+00
1.000155026050095763e+00
9.995734084339520376e-01
1.000037745405106371e+00
1.000686173895931397e+00
9.998649247615807312e-01
1.000472779658445832e+00
1.000829531357894542e+00
