0.000000000000000000e+00
0.000000000000000000e+00
0.000000000000000000e+00
0.000000000000000000e+00
0.000000000000000000e+00
0.000000000000000000e+00
0.000000000000000000e+00
0.000000000000000000e+00
0.000000000000000000e+00
0.000000000000000000e+00
0.000000000000000000e+00
0.000000000000000000e+00
0.000000000000000000e+00
0.000000000000000000e+00
0.000000000000000000e+00
0.000000000000000000e+00
0.000000000000000000e+00
0.000000000000000000e+00
0.000000000000000000e+00
0.000000000000000000e+00
0.000000000000000000e+00
0.000000000000000000e+00
0.000000000000000000e+00
0.000000000000000000e+00
0.000000000000000000e+00
3.504721524415337769e-02
9.014543708978438596e-01
3.027765926948218667e+00
3.472945254760260170e+00
2.277636847773794937e+00
1.137849232910604469e+00
5.416729396036306099e-01
2.649160766459253136e-01
2.143624759735870411e-01
1.888194756695668330e-01
2.155057683728318352e-01
2.024341298822188440e-01
2.453551969465646021e-01
2.622463945855181833e-01
2.536002402640665787e-01
2.914082689308531982e-01
3.646544309281811724e-01
4.878972482743316186e-01
6.330099292125215271e-01
8.929346332322060098e-01
1.091117699988877421e+00
1.237939342051620928e+00
1.376611249463369324e+00
1.480572954727099155e+00
1.551840884647996521e+00
1.632991603276822801e+00
1.685008547641289711e+00
1.621660706003291041e+00
1.522234252003428656e+00
1.404860340404469277e+00
1.186152117581346754e+00
1.091385827527212360e+00
9.689266719404971973e-01
8.646760510585090875e-01
8.451554432643625381e-01
8.210802854439385179e-01
8.330956567498642995e-01
8.632148287908364415e-01
8.679578556018132662e-01
8.843206708555827467e-01
9.364747280919287764e-01
9.411638877842050110e-01
9.676767429534695042e-01
9.883387037865891678e-01
9.975889959295893838e-01
1.018021592178819157e+00
1.026030756882461814e+00
1.015989496621767518e+00
1.052402785718896672e+00
1.042591450703455491e+00
1.030150542903530253e+00
1.032496066918830779e+00
1.030794387667023804e+00
1.007987436083490840e+00
9.809859802966507392e-01
9.733741635469792541e-01
9.584036048872909275e-01
9.581004408963236241e-01
9.745172972203699491e-01
9.566426438751066685e-01
9.534495569529268799e-01
9.603860417925761395e-01
9.744485877544958319e-01
9.803588097116507916e-01
9.623677933107178673e-01
9.809504587450040836e-01
9.956217365504190786e-01
9.731754277885397153e-01
9.846973422760307848e-01
9.919005170956348705e-01
9.850509945194437789e-01
9.826220813827449829e-01
9.971346537452546732e-01
9.921302683739492423e-01
9.782995849079813011e-01
9.969766719764108220e-01
9.860323275596074577e-01
9.858688702408612281e-01
9.549127160639351297e-01
9.726118401350974940e-01
9.771279975795179595e-01
9.688561197732635799e-01
9.842245440621223418e-01
9.496015090570931738e-01
9.646517328784867118e-01
9.831003318439098804e-01
9.812304603183734653e-01
9.892262163541738484e-01
9.789980604154718824e-01
9.741902627399633419e-01
9.782763434696349902e-01
9.863707881533919641e-01
9.960210021474128483e-01
9.930780587733561982e-01
9.850395027885853194e-01
1.001547240359399238e+00
9.903182068054576792e-01
9.845524488075341196e-01
9.926655876182161053e-01
9.983906375951587808e-01
9.893770497962868227e-01
9.899388763845465844e-01
9.958138839752507243e-01
1.007368226107036913e+00
9.952305309904061481e-01
9.942749171936272612e-01
9.929768643812205697e-01
9.940568184152794862e-01
9.923998493740522342e-01
9.927819422052120979e-01
9.922860661289215622e-01
9.910185080466781260e-01
1.009641133277646041e+00
9.893712276891090118e-01
9.965473303863573440e-01
1.003195113223870338e+00
9.982674817926557864e-01
1.003168933605695923e+00
9.947397006438092326e-01
9.998792981955950676e-01
9.953038882699489776e-01
9.994325640151202617e-01
9.945406908279390557e-01
9.939098623108506558e-01
9.931218785561849449e-01
9.964318506983830259e-01
9.988785771316355255e-01
9.993516643812564437e-01
9.916397878913285613e-01
9.978353404932605031e-01
9.980035004481179195e-01
9.874099351291448778e-01
9.934916762814156588e-01
1.007481908514360702e+00
9.988952799475729893e-01
9.923853742466357541e-01
9.922708383311308333e-01
9.937383027738329044e-01
9.946931148780412402e-01
9.973060837790687083e-01
1.002071822324827499e+00
9.923549021631602463e-01
9.927495427851206200e-01
9.925743612624450263e-01
9.932376977939962881e-01
9.853452169569576480e-01
9.874275179136514646e-01
9.977785304853555859e-01
9.926827271287924637e-01
9.910477410723209646e-01
9.971760526706402450e-01
9.885506897241661539e-01
9.921128851550888861e-01
9.936457275596545236e-01
9.943362336708216898e-01
9.854090638008653480e-01
9.856122562387098496e-01
9.855807535144498477e-01
9.891202618855999829e-01
9.915023808972951436e-01
9.860849307094309291e-01
9.853133501021247298e-01
9.877436629612120766e-01
9.842939912204948794e-01
9.857103523987094107e-01
9.842165529862281215e-01
9.818196380898419617e-01
9.839639902033266994e-01
9.941450300195898704e-01
9.835471010246067403e-01
9.772215632072581704e-01
9.868784818678711934e-01
9.817470093168910727e-01
9.864701423914286060e-01
9.864840444292917176e-01
9.786212599354492392e-01
9.868954190777358138e-01
9.862817555311932383e-01
9.913349739761773138e-01
9.911254165561860230e-01
9.911728212612948008e-01
9.849369787402417753e-01
9.878623898485027199e-01
9.797927927225508205e-01
9.915653918206289719e-01
9.900681947567719909e-01
9.927443649143263826e-01
9.900125990991862635e-01
9.975110986339730257e-01
9.830305545639692610e-01
9.876569245627938587e-01
9.954248524147936150e-01
9.870554347232957104e-01
9.948034713488780323e-01
9.945115465805176580e-01
9.907071789836564557e-01
9.901956381753235226e-01
9.947559392261630107e-01
9.987769023527689471e-01
1.000802630405320137e+00
9.970134565765967904e-01
9.940788821861147317e-01
9.917689007141232693e-01
9.921288873538278708e-01
9.900769239677669198e-01
9.868195904248401318e-01
9.976397210392005110e-01
9.904349641128168402e-01
9.954630767877155062e-01
9.930240830527701235e-01
9.929535905667419282e-01
9.899057311238876888e-01
9.906228040278278746e-01
9.969139075735299338e-01
9.914650830411929627e-01
9.920378046451280296e-01
9.940108495011581446e-01
9.899962606736395498e-01
9.838676843136108241e-01
9.935545617346717151e-01
9.937861405800378911e-01
9.964194612499901460e-01
9.967660423054182095e-01
9.927789484733764436e-01
9.965634281145716589e-01
9.946058179185669479e-01
9.934084886749336984e-01
9.939069060423187940e-01
9.910168297442846219e-01
9.978771659970467889e-01
9.970254179842104048e-01
9.966088748422352595e-01
9.951852279921931110e-01
9.923988573722462014e-01
9.918164201268561131e-01
9.961024614499051077e-01
9.968035849165757245e-01
9.980256100855359191e-01
1.001808309070500558e+00
9.913063685499685640e-01
9.966338997837419500e-01
1.000258025336510981e+00
9.957220944214296710e-01
1.003301238155880792e+00
1.004839244441190660e+00
9.987733127297614422e-01
1.000851650121729719e+00
9.958726569504385839e-01
9.993865882533146117e-01
1.000840015374032443e+00
9.974747151168495973e-01
1.001493866827405599e+00
9.993452395473995109e-01
9.953159987840044520e-01
9.986451461807571706e-01
