0.000000000000000000e+00
0.000000000000000000e+00
0.000000000000000000e+00
0.000000000000000000e+00
0.000000000000000000e+00
0.000000000000000000e+00
0.000000000000000000e+00
0.000000000000000000e+00
0.000000000000000000e+00
0.000000000000000000e+00
0.000000000000000000e+00
0.000000000000000000e+00
0.000000000000000000e+00
0.000000000000000000e+00
0.000000000000000000e+00
0.000000000000000000e+00
0.000000000000000000e+00
0.000000000000000000e+00
0.000000000000000000e+00
0.000000000000000000e+00
0.000000000000000000e+00
0.000000000000000000e+00
0.000000000000000000e+00
0.000000000000000000e+00
0.000000000000000000e+00
2.822401781736132501e-02
7.056272361486201072e-01
2.630195281043369526e+00
2.988829756905392099e+00
1.889341151663699980e+00
9.524590403432303676e-01
4.203244845417365982e-01
2.396712060224459595e-01
1.742582996974348652e-01
1.876994345529619523e-01
1.873183240896289792e-01
2.418030325303549555e-01
2.335801546150640673e-01
2.450884651349589938e-01
2.567693478120522399e-01
2.986521906924872183e-01
3.627077207328369135e-01
5.056212164930071751e-01
6.478714402419842866e-01
8.396119854831818330e-01
1.071836374943354819e+00
1.226445443733118035e+00
1.379003820013044557e+00
1.509188307008535457e+00
1.614402062400374316e+00
1.689582700703815554e+00
1.712662139744749457e+00
1.664574421972219831e+00
1.572415531313368309e+00
1.406143986194019035e+00
1.230590199312857846e+00
1.065284142419026470e+00
9.747620526764604332e-01
8.886442581348114045e-01
8.672493337950222259e-01
8.472904230573569118e-01
8.795335508742946340e-01
8.913108634311996958e-01
8.873182498360411286e-01
9.033767711108724452e-01
9.477010265927419130e-01
9.433148940934058535e-01
9.658586975560243815e-01
9.781958002896470328e-01
1.015372538827183702e+00
1.026757771502560868e+00
1.015323652524929843e+00
1.041212599824138607e+00
1.052556021801691166e+00
1.051401783433561832e+00
1.057711385629165335e+00
1.029699175827068158e+00
1.025743481470927865e+00
1.012820834862235841e+00
9.892040657825665884e-01
9.885142486406867102e-01
9.902282826303842045e-01
9.646016886483707031e-01
9.784010091334849335e-01
9.483781846224506040e-01
9.752418193919680789e-01
9.617900220445871895e-01
9.691138188699313094e-01
9.883884424189252060e-01
1.005063212098836090e+00
9.889252075591158375e-01
1.014978835510788491e+00
1.012680872872669280e+00
1.013361628496985523e+00
1.013290805475874912e+00
1.010224798188296802e+00
1.004892651065040887e+00
1.018341158839991767e+00
1.011794841854050109e+00
1.006455396352616161e+00
1.012719979251142099e+00
1.002754525096992255e+00
1.007983759331043894e+00
9.902544224410149143e-01
1.004255767911055974e+00
9.900848133757621516e-01
1.000373241554113557e+00
9.892421942621077990e-01
1.000823154277096894e+00
9.907560476378152181e-01
9.915141066623103239e-01
1.004049589730976466e+00
9.999817591650438375e-01
9.958025122006805008e-01
9.954299860046470494e-01
9.980998261854913123e-01
1.005101835368530150e+00
1.020936467290484151e+00
1.010494172692853576e+00
1.004201611864886434e+00
1.000898367082154961e+00
1.006656825942770839e+00
1.006738065063985221e+00
1.012079341271632460e+00
1.006258110180707321e+00
1.001939831307903761e+00
9.922922118490068444e-01
9.887408460099074148e-01
1.004344832927620557e+00
9.976496284873903608e-01
9.964298256587383884e-01
9.956440256462042449e-01
9.953091180981492592e-01
1.007515249218264852e+00
9.986771605926365591e-01
9.934710125668383407e-01
1.000810456940426141e+00
9.966172007889891882e-01
9.907574914398150634e-01
9.943947910422942238e-01
9.998805511574513361e-01
1.006756243712761956e+00
9.933616898495974956e-01
9.941342194575891744e-01
1.000458697277688325e+00
9.982045911866010979e-01
9.941196797896932891e-01
9.970354484597313549e-01
9.948461506130263921e-01
9.982047922812076202e-01
9.973068561088271888e-01
9.973107260146928388e-01
9.928742553595920617e-01
9.960971748696522132e-01
1.000055258441421957e+00
9.988037738600556992e-01
1.006004540258728985e+00
1.009166274343937797e+00
1.001007444820009251e+00
9.941923216212339431e-01
1.005257488089833728e+00
9.944729281731193860e-01
1.001853580981034719e+00
1.008222165524411684e+00
1.003720025638581648e+00
9.980742505574552448e-01
1.005505023719562407e+00
9.809918879345380649e-01
1.007792364418290898e+00
9.997252959864559863e-01
9.966110727714969642e-01
9.976329908483553277e-01
1.004966712896325998e+00
9.934785772856028485e-01
1.012035293216137832e+00
9.984595162659183343e-01
9.903267920818294989e-01
9.937641900214146951e-01
9.926924060503939939e-01
1.004311974857469814e+00
9.926319144249243775e-01
9.901586308372259948e-01
9.969724365748673378e-01
9.935042278128608517e-01
1.002491536643750347e+00
9.949494449964271237e-01
9.988113302232619617e-01
9.986817305125730293e-01
9.979820814590479872e-01
9.984400637511205989e-01
9.975079557347290571e-01
1.000389595276613752e+00
9.914235380742899562e-01
9.956727406163674576e-01
9.987952494347265286e-01
9.978937539474218577e-01
9.952212808116974729e-01
1.006441414816715341e+00
9.989769566678856627e-01
9.988787337419469115e-01
9.857908364074688956e-01
1.003918536279828633e+00
1.000278958341122904e+00
1.002974408527872674e+00
1.002088482704184269e+00
9.995685848713390387e-01
9.987573028621673510e-01
9.936521672609973654e-01
1.001265478162226108e+00
9.997332074828085835e-01
9.953851141873669706e-01
9.996771425923718368e-01
9.976632273265534367e-01
1.001586069869497164e+00
9.952266610350997134e-01
9.988364816961634585e-01
9.955046214029713569e-01
9.980117187315699079e-01
9.955924277627548058e-01
9.909161790036355999e-01
9.965026181391235527e-01
9.987228665369598524e-01
9.912104606591543021e-01
9.965642962760563606e-01
9.990459570318809268e-01
9.944493113018073593e-01
9.968652840736901277e-01
9.898696647719298358e-01
9.952500299709290399e-01
9.928685344834172755e-01
9.920275651179070175e-01
1.001757717164180717e+00
9.921988745805978560e-01
9.924947477787752215e-01
9.941076634880905427e-01
9.953150807049891968e-01
9.942033677974327910e-01
9.938044088032634837e-01
9.950128445522493648e-01
9.985609338537966284e-01
9.994770129412348103e-01
9.957097735360643798e-01
9.948657968805665330e-01
9.954431626122746124e-01
9.957766531056295722e-01
9.937298435346338943e-01
9.971729073790497333e-01
9.946384622626750494e-01
9.962224921200943939e-01
1.002507622420010458e+00
9.946103348758723595e-01
1.003117225548070257e+00
9.985925690928031395e-01
1.000204593736081060e+00
9.983305465817632340e-01
9.980161287830020544e-01
9.956175459115155224e-01
1.000184767122812790e+00
9.947914484340224517e-01
9.972713650711945155e-01
9.957946076686611248e-01
9.996147894624431984e-01
1.001492517803023174e+00
1.003458854825815871e+00
1.003231787198409330e+00
9.987505609195140854e-01
9.988888457814978361e-01
1.000978481518419283e+00
1.002824964727286883e+00
9.967561162991953605e-01
9.950225900791729305e-01
1.000199653086531359e+00
9.968868343023372658e-01
1.003309310786615338e+00
1.002144440636821621e+00
1.001520388024793151e+00
1.000432076892765476e+00
9.980840925915649420e-01
1.004214362889182421e+00
9.997475050495669979e-01
