0.000000000000000000e+00
0.000000000000000000e+00
0.000000000000000000e+00
0.000000000000000000e+00
0.000000000000000000e+00
0.000000000000000000e+00
0.000000000000000000e+00
0.000000000000000000e+00
0.000000000000000000e+00
0.000000000000000000e+00
0.000000000000000000e+00
0.000000000000000000e+00
0.000000000000000000e+00
0.000000000000000000e+00
0.000000000000000000e+00
0.000000000000000000e+00
0.000000000000000000e+00
0.000000000000000000e+00
0.000000000000000000e+00
0.000000000000000000e+00
0.000000000000000000e+00
3.357264469636977305e-02
1.038170200065342774e+00
3.377009951031267221e+00
3.339241911244945626e+00
1.830589599271171597e+00
8.246666937641735640e-01
3.726177364543032389e-01
1.926707844000581926e-01
2.223146515853165472e-01
8.379290520172559820e-01
1.746897679559794136e+00
1.911692561227312348e+00
1.449132089699843640e+00
9.707232740061008114e-01
6.682877279132922732e-01
5.506994973235878055e-01
5.310382178809680553e-01
5.885927646219002440e-01
6.823579657030919288e-01
7.879209166239145024e-01
8.961974925217830457e-01
1.010000083734493126e+00
1.093086365431649831e+00
1.167728247428386545e+00
1.223853210519777024e+00
1.248767188777314407e+00
1.254798061816389865e+00
1.235996830151404602e+00
1.195151956225516621e+00
1.145157185432053248e+00
1.100158570004691194e+00
1.051574000997715475e+00
1.015172030544801984e+00
9.829393772351359138e-01
9.604504156587192476e-01
9.410842303779397566e-01
9.274042182476716079e-01
9.217480901759028677e-01
9.163848040862815347e-01
9.133561124106365225e-01
9.177470447983951951e-01
9.321572231109926943e-01
9.466459834068092771e-01
9.591231942776631270e-01
9.749292533744300382e-01
9.849154120233190035e-01
9.987592784182015571e-01
1.008947159865716703e+00
1.015020085205966760e+00
1.021334811676227750e+00
1.027197268392783691e+00
1.026714199599832567e+00
1.025235444385287797e+00
1.023023380382688252e+00
1.020213201889001553e+00
1.014100583769178998e+00
1.011406714077878632e+00
1.006912198101431510e+00
1.002795178409890964e+00
1.000764261053425530e+00
9.996441214906481854e-01
9.979750426817635134e-01
9.980347966457836506e-01
9.981097934796485660e-01
9.978833847300430104e-01
9.992487711740045686e-01
9.999085254133072143e-01
9.989951843720763502e-01
9.972925998801611680e-01
1.000964788100304537e+00
9.993789572002234056e-01
9.991027835026956572e-01
9.992674094818766450e-01
9.981388983343473242e-01
9.991145163804503460e-01
9.971474310916378370e-01
9.983793437099446333e-01
9.966728228528444200e-01
9.971799851354297139e-01
9.966968297437246438e-01
9.958691839138514856e-01
9.977824485800912413e-01
1.000095974750771166e+00
1.000002424894521180e+00
9.981839981159360553e-01
9.994560131371500455e-01
1.003615280117241992e+00
1.001283382288689516e+00
1.002074854273643068e+00
1.000780961429024840e+00
1.003747302716754053e+00
1.003149266449852695e+00
1.001050077453784048e+00
1.001991910842876088e+00
1.000827888043649194e+00
1.002555739078800912e+00
1.001260364248474755e+00
1.001586888143034093e+00
1.000953067596842772e+00
9.994721213868223986e-01
9.998884692243310557e-01
9.988064537421817990e-01
9.977615826019484713e-01
9.992896679142878602e-01
9.984803902589366453e-01
9.987440487818940449e-01
9.984090055831817967e-01
9.999239142265076152e-01
9.988894833360264514e-01
1.000734987190645242e+00
1.000421287648607382e+00
9.994470522646906607e-01
1.000142939875773296e+00
1.000519277446586308e+00
1.000114631927176978e+00
1.000589554312111273e+00
1.000330079569379471e+00
1.000907313125812381e+00
1.000770251595377136e+00
9.999191823328505979e-01
1.002235454562790951e+00
9.988967813722411382e-01
1.001470496585354031e+00
1.001027054799042082e+00
1.000648754124535023e+00
9.999291004016261919e-01
1.000696441121855962e+00
1.001338583171042185e+00
9.997713103505474486e-01
1.000347414731284523e+00
1.000664800609259997e+00
1.000524346467696724e+00
1.000135744448755304e+00
9.994900703942340980e-01
1.000233583920238312e+00
9.995445722615430295e-01
9.996901684762171669e-01
9.998122318399923492e-01
9.990906679255932010e-01
1.000387436061582314e+00
1.000031174874079998e+00
9.989034691163247714e-01
1.001076245278815779e+00
1.000063051647268830e+00
9.994587562634926758e-01
1.001046226139043149e+00
1.000834571937856410e+00
9.995708919832269057e-01
9.998587770551998766e-01
1.000095393282253164e+00
1.000485294617946330e+00
9.998985226900362067e-01
9.998363063672555118e-01
1.001150245359148983e+00
9.995541543242461024e-01
9.993472904032648652e-01
9.995566069599257641e-01
1.000475247530929090e+00
9.999586133091853402e-01
9.994498756104587267e-01
1.000144063692635754e+00
1.000280315707692047e+00
9.998841253738478541e-01
1.000506916766182197e+00
1.000229681784796654e+00
9.988534899974995662e-01
1.000621995345357451e+00
9.996828779153067446e-01
1.000677547159478431e+00
9.995898733216920240e-01
1.000595856256847105e+00
9.994044839794193891e-01
9.997280209401440132e-01
9.989921687659193417e-01
9.992863285921789185e-01
1.000598961018839717e+00
1.000005579088192542e+00
9.996204788715952194e-01
1.000261163688015209e+00
1.000627373640690543e+00
9.997801243041588570e-01
9.994494271293656862e-01
9.995461283322389923e-01
9.987505786109982520e-01
9.998846600408104468e-01
9.997833761247391093e-01
9.995388928476969248e-01
9.995500232665706086e-01
9.998566162309832084e-01
1.000125359580251061e+00
1.000182263377457748e+00
1.000838743454472990e+00
9.988597320944850866e-01
1.000237445029296568e+00
1.000370950759865485e+00
1.000122833481682516e+00
1.000415133893878927e+00
1.000251305924677814e+00
1.000623910299558439e+00
9.998866597519957544e-01
1.000301219185989465e+00
9.985173025325703167e-01
1.000149832011594020e+00
1.000655212115905357e+00
1.000525956231968161e+00
1.000502164038931552e+00
1.000282052816599210e+00
9.991162489183730289e-01
1.000258378420664895e+00
1.000023550136999839e+00
9.999598344307544240e-01
9.996279364805603640e-01
1.000435870714422082e+00
1.000470680889961050e+00
9.998345033436923934e-01
9.995412019574763107e-01
9.996208784641753553e-01
1.000059406108872784e+00
9.993079955905725953e-01
9.997096600364645536e-01
1.000972283687712849e+00
1.000518185117500680e+00
9.995937314165435073e-01
1.000132175026549275e+00
9.997810505729258779e-01
9.999739962670999294e-01
1.000771155267484280e+00
1.000811563061889231e+00
1.000377616785082191e+00
9.997883090806626294e-01
9.995158925825459173e-01
9.998414525983319034e-01
1.000493437991726742e+00
1.000233643507488779e+00
9.995352477841313865e-01
9.998438980266469711e-01
1.000377753816133364e+00
1.000331160132039265e+00
1.000007526221831977e+00
1.000007992141727531e+00
1.000326992033295337e+00
1.000621844428808194e+00
1.000102291385657205e+00
1.000140675917900790e+00
1.000229256027335367e+00
9.999950817685646642e-01
9.999033417447666938e-01
1.000216777095350729e+00
1.000404635050072377e+00
1.000343726670072764e+00
1.000414114129084986e+00
9.999207939509620058e-01
1.000302349792538292e+00
1.000253850729526883e+00
1.000034029892493903e+00
1.000522315532734074e+00
1.000028802926420823e+00
9.995701857529061263e-01
1.000482477357788280e+00
