0.000000000000000000e+00
0.000000000000000000e+00
0.000000000000000000e+00
0.000000000000000000e+00
0.000000000000000000e+00
0.000000000000000000e+00
0.000000000000000000e+00
0.000000000000000000e+00
0.000000000000000000e+00
0.000000000000000000e+00
0.000000000000000000e+00
0.000000000000000000e+00
0.000000000000000000e+00
0.000000000000000000e+00
0.000000000000000000e+00
0.000000000000000000e+00
0.000000000000000000e+00
0.000000000000000000e+00
0.000000000000000000e+00
0.000000000000000000e+00
2.702574097038391306e-05
3.567655010528161114e-02
1.043607723344127214e+00
3.392829217818464471e+00
3.314771445578816866e+00
1.836063625131931776e+00
8.293584994450511338e-01
3.717199382067307711e-01
1.895416463746281976e-01
2.234155901676236622e-01
8.360273821965825691e-01
1.739197186006668394e+00
1.903900777911226028e+00
1.455214170208086299e+00
9.699523752126394394e-01
6.716474671783697614e-01
5.525186704236946245e-01
5.370887254204113059e-01
5.915127390247356676e-01
6.841518810769681158e-01
7.867015697606936087e-01
8.998903186874874782e-01
1.003070619864079083e+00
1.093370148176699752e+00
1.172021346464284797e+00
1.222569740565643936e+00
1.251294569078649221e+00
1.251922961188502548e+00
1.237223937940969742e+00
1.194820931097499761e+00
1.151672813387649486e+00
1.098646047269961512e+00
1.053232100336026766e+00
1.013311270823988197e+00
9.790836306554044910e-01
9.618771593557334798e-01
9.377847345577866589e-01
9.275632425974892348e-01
9.188276327429407697e-01
9.144531929597832232e-01
9.123618417509906653e-01
9.208662162713139310e-01
9.316118511735399510e-01
9.421391483135767020e-01
9.591998461547998067e-01
9.740540185162714915e-01
9.857227389228792047e-01
9.982770947886785429e-01
1.010136286065492772e+00
1.016238613059423646e+00
1.023499116981622770e+00
1.025859054720972940e+00
1.030114279111397080e+00
1.026101463648863898e+00
1.025412884258259050e+00
1.018332348777795326e+00
1.014627243937635148e+00
1.011096461220276410e+00
1.005131135256758235e+00
1.001929994318278228e+00
1.000594383250541952e+00
9.987229528724759220e-01
9.968830188930015712e-01
9.976058290999829659e-01
9.987297310604618117e-01
9.968136972915019323e-01
9.994222384578053120e-01
9.981517407543148979e-01
9.993199190208293947e-01
9.977108819870258438e-01
1.000035389361593863e+00
9.989323585406537642e-01
9.985564383096147134e-01
9.968089183940664899e-01
9.971628693795064891e-01
9.991094569569551886e-01
9.986988189235517233e-01
9.975749287111290720e-01
9.969462458103368618e-01
9.981113024281312862e-01
9.957239510440654140e-01
9.980693486312386398e-01
9.986863440977592488e-01
9.984760915996767627e-01
9.986162680882535447e-01
1.001234532401531929e+00
1.000254717088538303e+00
1.002067236846392317e+00
1.002658087665238007e+00
1.001444965436147250e+00
1.002381368299579245e+00
1.001533332261757225e+00
1.003117653404524967e+00
1.002894813295161835e+00
1.002550958317398599e+00
1.002253388881535923e+00
1.001812399122160802e+00
9.999279851406995823e-01
1.001228418747137194e+00
9.996678536066068155e-01
1.000378938194309342e+00
9.983264697780045438e-01
1.000547309979482602e+00
9.999096745150075627e-01
9.989867197671767896e-01
9.982437731869977515e-01
1.000228263448838417e+00
9.989972594200785538e-01
9.974576252751684580e-01
9.986146602586617460e-01
1.000186206998292082e+00
9.984361237273854384e-01
9.989903469383309975e-01
9.993688161892744226e-01
1.001909480223215354e+00
9.994869825096156513e-01
9.999358567936451614e-01
1.000802546730175990e+00
9.995064181508784840e-01
9.993650706941950013e-01
1.001038153747379145e+00
1.000588744842322297e+00
1.000968528132979429e+00
1.000390484279639391e+00
1.000798835741868675e+00
1.001451348578594747e+00
1.000484365947413856e+00
1.000108307172133948e+00
1.000627262835585451e+00
9.999323341232806417e-01
9.995862370201394898e-01
1.000600880616062449e+00
1.000661905034924581e+00
1.001023552761493907e+00
1.000515838313935868e+00
9.984270123126903762e-01
1.000117130323310510e+00
9.999813413166378506e-01
1.000198015332926182e+00
9.992500610852960152e-01
1.000321938121556231e+00
1.000707107139017893e+00
9.986478820673004853e-01
1.000694070753625597e+00
9.993562909312424525e-01
9.993595851888307235e-01
1.000340127579988359e+00
1.000869778446862313e+00
9.991022652315340036e-01
9.993670681614624796e-01
1.001224356460605369e+00
9.997605691931481520e-01
9.997602179555232782e-01
1.000197998899484464e+00
1.000731343372353477e+00
9.998414214513218212e-01
9.996220845842509473e-01
1.000738119577638363e+00
1.000107900078114342e+00
1.000915283381437426e+00
9.995653511964496252e-01
9.998019622120087879e-01
9.998062541926167057e-01
9.996313046095597343e-01
1.000033454224396934e+00
9.997759447350043072e-01
1.000726780422171114e+00
1.000775899858642237e+00
9.997813660377918854e-01
9.995688180091955033e-01
1.000159557232971785e+00
9.992886024210840823e-01
1.000122646055382925e+00
1.000420707536390674e+00
1.000123474787665501e+00
1.000568183297243730e+00
1.000386014599376594e+00
1.000497836138434238e+00
1.000541063644412532e+00
1.000282837224846677e+00
9.993599908036111534e-01
1.000723863946271441e+00
1.000051608341606890e+00
9.999468635726921351e-01
1.000348024922072643e+00
1.000762096147530755e+00
9.993534328091793206e-01
1.000446063913814854e+00
1.000508612935297137e+00
9.997329019293385022e-01
1.000240374603985627e+00
1.000465272018370655e+00
9.990824357785783594e-01
9.997171411438884325e-01
1.000536099739242957e+00
1.000148389722233189e+00
9.993031915567305301e-01
9.999037141931716999e-01
9.996164739827909651e-01
1.000952584651655597e+00
9.995152326095803064e-01
9.994714241100968177e-01
1.000873558785406292e+00
1.000023833206042267e+00
1.000367739275113133e+00
1.000555198118648015e+00
9.996554317967174530e-01
9.999742026871074607e-01
1.000003259915870579e+00
9.990394666330988382e-01
9.998609894761962824e-01
9.999610368024365314e-01
1.000291362482016000e+00
1.000065773923777268e+00
9.996239962481123786e-01
9.997654628343083383e-01
1.001127201254065735e+00
1.000659356577759507e+00
9.999416679747722414e-01
1.000128486452668497e+00
1.000274093103142858e+00
9.996490786180947108e-01
9.997906055245600054e-01
1.000371811032983782e+00
1.000058001964920784e+00
1.000551259127624881e+00
9.992967125129619266e-01
1.000539390632592340e+00
9.998469340098761204e-01
9.997655427699385644e-01
1.000099281973135135e+00
9.997391522910101802e-01
9.997020333342421239e-01
1.000356500686444994e+00
9.995064107175183343e-01
9.993717365179616285e-01
9.997088031747092263e-01
1.000236989338743054e+00
1.000192955743526513e+00
1.000581267081859682e+00
1.000033202533476162e+00
9.999195818164212657e-01
1.000706324114733148e+00
1.000259299753511133e+00
1.000146990912097911e+00
9.995644942630322882e-01
9.998950517024494111e-01
1.000683127260237004e+00
1.000389083110914346e+00
1.000291902875451111e+00
1.000164931618120701e+00
9.995961273814076842e-01
1.000032927909676239e+00
1.000567684553926640e+00
9.995231304366666292e-01
9.998064253204311802e-01
9.998688446356479576e-01
9.996574538514445551e-01
9.993738077601083125e-01
9.996028734087074596e-01
