0.000000000000000000e+00
0.000000000000000000e+00
0.000000000000000000e+00
0.000000000000000000e+00
0.000000000000000000e+00
0.000000000000000000e+00
0.000000000000000000e+00
0.000000000000000000e+00
0.000000000000000000e+00
0.000000000000000000e+00
0.000000000000000000e+00
0.000000000000000000e+00
0.000000000000000000e+00
0.000000000000000000e+00
0.000000000000000000e+00
0.000000000000000000e+00
0.000000000000000000e+00
0.000000000000000000e+00
0.000000000000000000e+00
0.000000000000000000e+00
0.000000000000000000e+00
0.000000000000000000e+00
0.000000000000000000e+00
0.000000000000000000e+00
0.000000000000000000e+00
1.012484761127893261e-03
1.031273633534206084e-02
4.152691299225064747e-01
1.405527440040033049e+00
1.810429391467837101e+00
1.287415185144817453e+00
7.710331634303392301e-01
4.101563306961260591e-01
2.687002845809082774e-01
2.107564575676162122e-01
1.933039869122971377e-01
2.154756035193362840e-01
2.069467015597413473e-01
2.087740389951528996e-01
2.080434480020368626e-01
2.079323967326866529e-01
2.477321142416147315e-01
3.145845644238655092e-01
4.210292232591562600e-01
5.482856355859099251e-01
7.111415184987488480e-01
9.022637689887496037e-01
1.078873935861586641e+00
1.236383061569875652e+00
1.339298479186399549e+00
1.451504558501636843e+00
1.531975969869974641e+00
1.603649377558590050e+00
1.599241552324854432e+00
1.483236318271215604e+00
1.407183226173261525e+00
1.261283570762616879e+00
1.161037986998684657e+00
1.056653829466363437e+00
9.619198174431620174e-01
9.291251139860736696e-01
8.984596321146780529e-01
8.621857656995507435e-01
8.799870229749712225e-01
8.912138127567282853e-01
8.797102580748727974e-01
8.805506780457146299e-01
9.302346886238120893e-01
9.485983176936183536e-01
9.559853725567701854e-01
9.731727027552909970e-01
9.914783924794970948e-01
9.940049398631338740e-01
1.022476480768173435e+00
1.022972196369380082e+00
1.013149113592930028e+00
1.029589277425399629e+00
1.044849042453117383e+00
1.030579633343657653e+00
1.030548971602627262e+00
9.997194120056908107e-01
9.967492531187841509e-01
9.732160808924418260e-01
9.690273972034305627e-01
9.631955509449896535e-01
9.741231257721034709e-01
9.674826619125930227e-01
9.640716004200193812e-01
9.813317120090251366e-01
9.867335799010473751e-01
9.791169373721125835e-01
9.905494724711477739e-01
9.954128614867850944e-01
9.981103883122287579e-01
1.006296249888883221e+00
9.980390262823217729e-01
9.944314587343189293e-01
9.966486530934806076e-01
1.005832875039123664e+00
1.004339169357020056e+00
9.927963916537289046e-01
9.910982276918103295e-01
9.871461727496847471e-01
9.975443019715660720e-01
9.892767288951872517e-01
9.846913858329466862e-01
9.851535938889709465e-01
9.890178589984326418e-01
9.698644764214230385e-01
9.754053179582603539e-01
9.872744406139432050e-01
9.817735196723876845e-01
9.700682388274050050e-01
9.752329089390345818e-01
9.761022663992199311e-01
9.829158344639217226e-01
9.766903898792421712e-01
9.783550851651666713e-01
9.930478512841144356e-01
9.958171316318588095e-01
9.963174753066141864e-01
1.004026088452624199e+00
9.955550416478673448e-01
1.001471895542673574e+00
1.007538237117599822e+00
9.908352094587025150e-01
9.975336595269392870e-01
9.784236352398097969e-01
9.874994406310111383e-01
9.866776795129916788e-01
9.919125396387263871e-01
9.925718712241210495e-01
9.837595982424989227e-01
9.879190293452859706e-01
9.932659828852186124e-01
9.867643835977705224e-01
9.757518893459157239e-01
9.888455920255273535e-01
9.852245761673912305e-01
9.807594986569238005e-01
9.851271736120790212e-01
9.794738507120467341e-01
9.899324895122307844e-01
9.881425309449600736e-01
9.897443996199731808e-01
9.955633957370798592e-01
9.980331989695792050e-01
9.860899788302547320e-01
9.903512323848200349e-01
9.932911147972848243e-01
9.920539686472146235e-01
9.903611963933183215e-01
9.973477155957995999e-01
9.895092908331539761e-01
9.919406986611000177e-01
9.992656386012811476e-01
9.909721779829573363e-01
9.908243163675688470e-01
9.929077495658712449e-01
9.958447284302476277e-01
9.745790170278153530e-01
9.924123513439205846e-01
9.862949695586198384e-01
9.876912001390060203e-01
9.895890061203311827e-01
9.913930022992554214e-01
9.896621515658884372e-01
9.846865937848428008e-01
9.911459705065220893e-01
9.860631389533356383e-01
9.875769580035518302e-01
9.857424128525372753e-01
9.955454415926471290e-01
1.005538846812705556e+00
9.954526485106587330e-01
9.970531810970661990e-01
9.897608338285364127e-01
9.930812901688128580e-01
9.868212642242428778e-01
9.930228810929903061e-01
9.927617307668086255e-01
9.923061151309365835e-01
9.949442091942101163e-01
9.918733689872478720e-01
9.985788375047011112e-01
1.000872684614892538e+00
9.885023682694367153e-01
9.997686306603196238e-01
9.915426151183419634e-01
9.964710060628721999e-01
9.910627444972660571e-01
9.871851213468918473e-01
9.936759092535686344e-01
9.871776897860562450e-01
9.940057522408528579e-01
9.908918707956705374e-01
9.932125533082490909e-01
9.862018268675233346e-01
9.948395501261160234e-01
9.965877726686791505e-01
9.869827650021202325e-01
9.952117330331637923e-01
9.907538648715261687e-01
9.921865104491991438e-01
9.837977924273924035e-01
9.923330769172289401e-01
9.839034893368679979e-01
9.937883645311782477e-01
9.933966786158779927e-01
9.949324595369540836e-01
1.003958040101588844e+00
9.932503422293119666e-01
9.954727615112468619e-01
9.975811693612518516e-01
9.963584889667637112e-01
9.938394270446325729e-01
9.995141456531779767e-01
1.000226781722452607e+00
9.972848713827525691e-01
1.004645742812226183e+00
9.965155230899662708e-01
1.003763635756506289e+00
9.968627905089081365e-01
9.946980962085676392e-01
9.992997119582107679e-01
1.000427012801525573e+00
9.938716510440085417e-01
9.969851478553857227e-01
9.994134708424954328e-01
1.001211643496380255e+00
9.984671280942819527e-01
9.988164341146407166e-01
9.951762033685266351e-01
9.991940656152509259e-01
9.954200559445172125e-01
9.893232251862507098e-01
1.002023440351191841e+00
9.954591925604152625e-01
9.993298223488216170e-01
9.965810291088486039e-01
9.966096085410085514e-01
9.906311900955262484e-01
9.959142539079736123e-01
1.000111143976172512e+00
9.876623626773387565e-01
9.935401398411198848e-01
9.987375590057074870e-01
9.915324493370971659e-01
9.878761462232472645e-01
9.965798465237547532e-01
9.919863482608181071e-01
9.940966085408617925e-01
1.000252788686940786e+00
9.913214521163890014e-01
9.994256507571638304e-01
9.933828219517260028e-01
9.947695838997275830e-01
9.964623790013390492e-01
9.894377842580954763e-01
9.934723390127454534e-01
9.964164860784091582e-01
9.932396243963742544e-01
9.950415998619523972e-01
9.967023121684206455e-01
9.915047807409351766e-01
9.880104911818488045e-01
9.946646311182499867e-01
9.926432972103241825e-01
9.894188089983202428e-01
9.969124089841692182e-01
9.924348036865805467e-01
9.915958878839734592e-01
9.944490619134102039e-01
9.965298661193509044e-01
9.895969960139061605e-01
9.943197704321558028e-01
9.962268799009372788e-01
9.960969787648634721e-01
9.958074222317665480e-01
9.958083623719304889e-01
