0.000000000000000000e+00
0.000000000000000000e+00
0.000000000000000000e+00
0.000000000000000000e+00
0.000000000000000000e+00
0.000000000000000000e+00
0.000000000000000000e+00
0.000000000000000000e+00
0.000000000000000000e+00
0.000000000000000000e+00
0.000000000000000000e+00
0.000000000000000000e+00
0.000000000000000000e+00
0.000000000000000000e+00
0.000000000000000000e+00
0.000000000000000000e+00
0.000000000000000000e+00
0.000000000000000000e+00
0.000000000000000000e+00
0.000000000000000000e+00
0.000000000000000000e+00
0.000000000000000000e+00
0.000000000000000000e+00
0.000000000000000000e+00
0.000000000000000000e+00
0.000000000000000000e+00
1.875355088383130059e-02
4.597454901731768406e-01
1.486021137228614508e+00
1.921962438702999876e+00
1.437699554058479157e+00
7.890800639207997680e-01
4.700750033294947561e-01
2.928029718503719070e-01
2.185371608279451927e-01
2.555172547908198810e-01
2.441804286445194982e-01
2.402292530027882456e-01
2.559018379384525033e-01
2.367785034240805497e-01
2.155951425469306570e-01
2.584796074847042213e-01
3.106264939917153245e-01
4.176191479186108779e-01
5.443862886123931322e-01
7.262103485672761760e-01
9.289107578411378574e-01
1.092771543289994263e+00
1.254506389418407197e+00
1.408862614851876582e+00
1.436510845086584887e+00
1.536948594311423166e+00
1.598421001057177326e+00
1.625736743208541890e+00
1.546006347376258638e+00
1.437135075043974641e+00
1.331840095719815098e+00
1.157446793929760132e+00
1.047593042959937604e+00
9.944468964014476775e-01
9.605856188489634295e-01
9.181101053961505665e-01
8.979014211935747447e-01
9.012018334632508898e-01
8.921536412552818485e-01
9.266739116880882143e-01
9.262659653655163083e-01
9.448433104208961986e-01
9.684050181658151457e-01
9.730505252577611452e-01
9.785021416901638069e-01
1.008905088251302651e+00
1.033135365904845893e+00
1.025816166960068276e+00
1.045923803505283578e+00
1.080440965361084915e+00
1.053729520286341925e+00
1.068706207334288338e+00
1.052018107251627699e+00
1.039889885786825063e+00
1.031186244750849745e+00
1.022792332873464716e+00
1.015370734580947065e+00
9.969580681326672966e-01
9.874282519750747777e-01
9.948249949801278857e-01
9.769733639367883526e-01
9.785106272766714852e-01
9.814109812852206405e-01
9.995587993785591818e-01
9.964870723814620579e-01
1.011165786440958003e+00
9.980415269634943520e-01
1.003398990366679122e+00
1.010003489102188956e+00
1.005425971932922158e+00
1.020197397144763096e+00
9.944591653443307644e-01
1.020729545278715289e+00
1.022599571752048409e+00
1.010240188689034646e+00
1.001938445752633688e+00
9.977784533064517625e-01
9.985095535832215763e-01
9.935422147660798453e-01
9.916596440613022478e-01
9.954204256539138651e-01
9.947672283145325700e-01
9.921228189206952042e-01
9.784786778980559818e-01
9.960144188389637998e-01
9.911010541543137098e-01
9.847472578340208393e-01
9.959460258464014615e-01
9.928414066414237293e-01
1.003714541332211718e+00
1.012322843913237680e+00
9.979795442711414388e-01
9.901647608901248399e-01
9.946916263639343780e-01
1.011677073039021435e+00
9.937542479979378784e-01
9.985733261291250829e-01
1.014505584184513198e+00
9.856552138578535960e-01
9.986518467492325746e-01
9.909915841758052402e-01
1.002082949859320227e+00
9.879430004276743560e-01
9.784382534058071457e-01
9.839956324494236739e-01
1.006218849942068116e+00
9.913130949506960832e-01
9.905961805801075659e-01
9.987463189595747748e-01
9.926317708504979187e-01
1.002352467598616625e+00
1.001062373876345113e+00
9.966150432467366649e-01
1.003867129298634309e+00
1.004340430925499517e+00
1.003581818638892731e+00
1.009458800435781622e+00
1.006344267113018498e+00
1.007129899774115378e+00
9.959779787993870981e-01
1.003446390151289114e+00
1.003326350437163894e+00
1.005447888573730353e+00
1.001058538419550503e+00
9.999821744925148082e-01
9.956333346024823783e-01
9.980234491435489019e-01
1.007561867453897531e+00
9.951130337018825323e-01
9.980974387299541561e-01
1.014126805162542944e+00
1.002882818340271598e+00
1.005786921553817326e+00
1.008487808103375682e+00
9.993347476295389997e-01
1.012474042409822861e+00
9.988291666613512421e-01
1.005001861167204691e+00
1.002846936269540246e+00
9.984344982306254668e-01
1.004959242460550239e+00
1.009989929851810020e+00
1.005715095219764432e+00
1.002777100402042931e+00
1.005502162598436167e+00
1.001176943788184115e+00
9.857075709369534922e-01
9.963208034298454141e-01
1.002539125746041648e+00
1.001217519916996590e+00
1.005505812919639030e+00
9.967791259753246980e-01
1.001495159584731898e+00
9.896521739763642911e-01
9.962622107921984549e-01
1.003806397408917528e+00
9.941014099241423096e-01
9.926056564039882346e-01
1.001376187769974280e+00
1.007584656476207208e+00
9.964676446294935541e-01
1.000815473830918290e+00
9.970269724888245477e-01
1.001405036686958683e+00
1.001081559784201325e+00
9.993094833483274764e-01
1.004166801417783361e+00
9.992319799797173552e-01
9.967476437106488341e-01
9.975010869226929033e-01
9.983581609397403911e-01
9.971545256138535374e-01
9.994008763156783104e-01
1.001419819329834038e+00
1.000809652392461224e+00
9.972102339766175660e-01
9.993984712607253407e-01
9.966453608301450995e-01
9.998979399175833560e-01
9.974573204796570725e-01
1.003603751197074789e+00
1.011421092987882187e+00
1.003287694026769206e+00
9.984441280142662967e-01
1.002074133661037481e+00
9.939456802640578292e-01
1.003163836680695642e+00
1.001200238467484960e+00
1.004625700537639998e+00
9.985427245414572051e-01
1.007225441798142107e+00
1.011084780941126082e+00
1.002830575058945684e+00
1.000958403943073227e+00
9.994445814338910328e-01
1.008333455475980411e+00
9.978534878359063276e-01
1.002431181306028929e+00
1.002105512686624067e+00
9.993631990528872855e-01
1.003433690631960307e+00
1.001362842730203928e+00
1.006504453983671610e+00
9.952766086834585746e-01
1.002525431450150162e+00
1.002079364566296871e+00
9.962799419837217174e-01
1.000652818101529506e+00
9.988791426742035240e-01
9.987856190849172533e-01
9.976924666817500453e-01
9.936400909771762047e-01
9.955250454856204856e-01
9.958169466880585352e-01
9.990982198167964734e-01
9.983502819404206363e-01
9.956768751673094053e-01
9.930691541512007836e-01
9.960890448052228674e-01
1.004293598122655506e+00
9.965952439481190472e-01
9.918157592902985265e-01
9.981506014904434343e-01
9.961532981766143546e-01
9.952999613976013515e-01
9.997698566944798193e-01
9.941183797292424407e-01
9.879406490723890988e-01
9.977821724237092571e-01
9.955254703628392265e-01
9.958160270425657767e-01
9.946418262181280223e-01
9.939585812392014441e-01
9.918284838683015803e-01
9.953013323136579160e-01
9.955622104520094329e-01
9.996991899872786913e-01
1.000320744249506788e+00
1.002222208760693567e+00
9.969289603654358789e-01
9.994665058564929927e-01
1.000613022657501849e+00
9.992665882801959887e-01
1.004431947722131513e+00
9.937250535544785990e-01
9.961476502011107348e-01
1.002020018504202081e+00
9.992841334123724328e-01
9.931965450970779985e-01
9.993268664223121656e-01
9.997091101634136834e-01
1.003027461782160179e+00
9.989024915481771183e-01
1.003999578797647452e+00
