0.000000000000000000e+00
0.000000000000000000e+00
0.000000000000000000e+00
0.000000000000000000e+00
0.000000000000000000e+00
0.000000000000000000e+00
0.000000000000000000e+00
0.000000000000000000e+00
0.000000000000000000e+00
0.000000000000000000e+00
0.000000000000000000e+00
0.000000000000000000e+00
0.000000000000000000e+00
0.000000000000000000e+00
0.000000000000000000e+00
0.000000000000000000e+00
0.000000000000000000e+00
0.000000000000000000e+00
0.000000000000000000e+00
0.000000000000000000e+00
0.000000000000000000e+00
3.757433023724804366e-02
1.067317921684223236e+00
3.476897769812636430e+00
3.404510804413235725e+00
1.861807349231087594e+00
8.364468276131273861e-01
3.780120149345215230e-01
1.920153171819921900e-01
1.142201606183671503e-01
1.825227832623561308e-01
7.119614992948979371e-01
1.480727185970869053e+00
1.732016555980022021e+00
1.440955719392164047e+00
1.034028664625638028e+00
7.708608361990699764e-01
6.483095342917041259e-01
6.431248663352071571e-01
6.878264696449214455e-01
7.809771197744168614e-01
8.796023626946727347e-01
9.758511944225770618e-01
1.063621062550890395e+00
1.131863475184111678e+00
1.187294466906229307e+00
1.215609206920452268e+00
1.236798920233245225e+00
1.216768566922324490e+00
1.191562798248296140e+00
1.147625833820718144e+00
1.104619179279488828e+00
1.067575193088418084e+00
1.035537618701396045e+00
1.004283426366743504e+00
9.819397502112484633e-01
9.642032538784119922e-01
9.521426784465869542e-01
9.406538958780914506e-01
9.287555209719189353e-01
9.289075583227583977e-01
9.285836811433049176e-01
9.300343771240098256e-01
9.380613274097460152e-01
9.460619090668037634e-01
9.586437855426279686e-01
9.701402342579587001e-01
9.827754125376089167e-01
9.948111809835962216e-01
1.004294183612501223e+00
1.009630495627156677e+00
1.016355589806126503e+00
1.018969153307355935e+00
1.025037683488090989e+00
1.024475023720159417e+00
1.020914201948029731e+00
1.019423600252342688e+00
1.017211056801782476e+00
1.012397877138378810e+00
1.008316810236605798e+00
1.006074252961252524e+00
1.004706739066693499e+00
1.000267232262743278e+00
1.001203502207824947e+00
9.993462087880230493e-01
9.986091799475802500e-01
9.988329406578582148e-01
9.973502120724363484e-01
9.980071784774390276e-01
1.001280458209620861e+00
9.976992113079174995e-01
9.977975506412815054e-01
9.984968124673632150e-01
9.994530747176207930e-01
9.990431387751245174e-01
9.981965833444704783e-01
9.961614968552816585e-01
9.999453499721879801e-01
9.968119654787362949e-01
9.971936216579839751e-01
9.973241705747599717e-01
9.989926924952176046e-01
9.979713607256538443e-01
9.991977935026277180e-01
1.000169843618589294e+00
9.997800439410291506e-01
1.000285985420356960e+00
9.999323988297648125e-01
1.002360102783771412e+00
1.001382782230065160e+00
1.000977210192194766e+00
1.001457330068252993e+00
1.002637181738730510e+00
1.001566214156944357e+00
1.001407133816295092e+00
1.002173495108359180e+00
1.003165747582094758e+00
1.002571143852020397e+00
1.001267075224394176e+00
1.000215284998459797e+00
1.003170371265267535e+00
1.001430944278066004e+00
9.998073224299099948e-01
1.000502782998770712e+00
1.001042410231154589e+00
9.994638021114710114e-01
1.001460166897723880e+00
9.989647120955978954e-01
9.996337424076421341e-01
9.999636304694282662e-01
1.000533826001648752e+00
9.990035781530675063e-01
1.000538092833490600e+00
9.993790851136898912e-01
9.987630874247206414e-01
1.001327364283012722e+00
1.000254794691699756e+00
1.000023101567352857e+00
1.000751572992520710e+00
9.992613886546928281e-01
1.001023831167674460e+00
1.001373741275069396e+00
1.001195092121707431e+00
1.001916966464283965e+00
1.001160178602892747e+00
1.000240715237094014e+00
1.001220342442787459e+00
1.000936521756577990e+00
1.001548584866106095e+00
1.000115855865500114e+00
1.001326911500456385e+00
1.001034965002781663e+00
1.001350026744092903e+00
1.000521698641255952e+00
1.000728922764406947e+00
9.997440429520554339e-01
1.000284661025385047e+00
9.995885953143897051e-01
1.000896883277680782e+00
9.977380583457492458e-01
9.992945948690163949e-01
1.001045651261589287e+00
9.991913543903597761e-01
9.996344526647633622e-01
9.999698143602688827e-01
9.993758700843827780e-01
1.000953476917649132e+00
9.995572141248615372e-01
1.000654969575777375e+00
1.000093032737510379e+00
9.996461340438326237e-01
1.002367598962905726e+00
1.000269457048061250e+00
1.001798847489663524e+00
1.001574689515245087e+00
1.000471409449649851e+00
9.992737547018868405e-01
1.001137717259299675e+00
1.000216470459754037e+00
1.000185526286065496e+00
1.000002822781091094e+00
1.001558525401026412e+00
1.000162138167372650e+00
1.000115534762790581e+00
9.997719792880500611e-01
9.992310379519351304e-01
9.997613062427219699e-01
1.000710184044051099e+00
1.000020877645135364e+00
1.000193361554950311e+00
1.000169700812379547e+00
9.995435188936786508e-01
1.000534660098514106e+00
1.000791694870042825e+00
9.997160340665390832e-01
9.998479787517400297e-01
1.000259370935421721e+00
1.000861436279772088e+00
9.985702718751380269e-01
9.998510620137849303e-01
9.997417672308445136e-01
1.000129371398471356e+00
1.000226279669740537e+00
1.000696752523766664e+00
9.997134174334217915e-01
1.000423898568655989e+00
1.000952101036382880e+00
1.000117481086121529e+00
9.997959243566740817e-01
1.000384573648966491e+00
1.000146705282194404e+00
1.000234228926122348e+00
9.988775271146184132e-01
1.000216471609748581e+00
9.994931862028483271e-01
1.000366272360487585e+00
1.000367268461998860e+00
9.998805419211376222e-01
1.000831613630229766e+00
1.000161218751962178e+00
9.996610965146032202e-01
1.000218183162931318e+00
1.000291397003462368e+00
9.999981991455955121e-01
1.000157757933867853e+00
9.994691999530269655e-01
9.998654631302876794e-01
1.000485583303272641e+00
1.000351983948371659e+00
1.000121464801944970e+00
1.000789025492346829e+00
9.985649503793176951e-01
9.998984788801170698e-01
1.000205237181714502e+00
1.000278499253844045e+00
9.996270480507233325e-01
9.999987918954817978e-01
1.000599947944895485e+00
1.000234696442854565e+00
9.992633654438312085e-01
9.992467180093856927e-01
1.000324905814470977e+00
1.000633138023070634e+00
1.000719209311197178e+00
1.000729082474326903e+00
9.998683407945722079e-01
9.996146586111874788e-01
9.990054226128496362e-01
1.000098806585412170e+00
9.998241621912095090e-01
1.000724488350275720e+00
9.997003084578560683e-01
1.000304477279799320e+00
1.000434759256704886e+00
9.997605126165455269e-01
1.000026144309129172e+00
9.995897836825705651e-01
1.000096372634792674e+00
1.000224074473031965e+00
9.995102198151677442e-01
9.997110741160378788e-01
9.998011702676897761e-01
1.000096695299119043e+00
9.997855293004788146e-01
1.000079860111629415e+00
9.998738267759031961e-01
1.000386825670154245e+00
9.996100652068813375e-01
1.000385353960147938e+00
9.998985488773459718e-01
1.000445909399549693e+00
1.000136127771385608e+00
1.000402487264828943e+00
1.000363798785181224e+00
1.000359814956982785e+00
1.000062038289687649e+00
1.000248933372372528e+00
1.000717160367405212e+00
9.999015286436153671e-01
1.000812944299552587e+00
