0.000000000000000000e+00
0.000000000000000000e+00
0.000000000000000000e+00
0.000000000000000000e+00
0.000000000000000000e+00
0.000000000000000000e+00
0.000000000000000000e+00
0.000000000000000000e+00
0.000000000000000000e+00
0.000000000000000000e+00
0.000000000000000000e+00
0.000000000000000000e+00
0.000000000000000000e+00
0.000000000000000000e+00
0.000000000000000000e+00
0.000000000000000000e+00
0.000000000000000000e+00
0.000000000000000000e+00
0.000000000000000000e+00
0.000000000000000000e+00
0.000000000000000000e+00
3.599398121692622132e-02
1.079446967520127920e+00
3.477923803968833827e+00
3.397723180982312297e+00
1.855311617732050999e+00
8.320563782625335358e-01
3.802305465950828745e-01
1.886488577948893519e-01
1.165291885088245716e-01
1.810207008233890025e-01
7.085829964708174611e-01
1.484646025016788995e+00
1.721993286805423296e+00
1.438511327687949537e+00
1.045268210269762799e+00
7.716740252799412225e-01
6.508683574231379776e-01
6.449260532279096347e-01
6.968187574104288684e-01
7.806911255438842012e-01
8.830522623369029267e-01
9.725816719209086081e-01
1.060016689313755256e+00
1.129704679616813534e+00
1.185014012899168190e+00
1.220480971459234620e+00
1.233242148436603847e+00
1.221751422492886485e+00
1.188525620148743966e+00
1.148883604331856212e+00
1.105209321428699321e+00
1.064147258960468578e+00
1.031609917773246066e+00
1.001860148725790767e+00
9.828507178289839219e-01
9.695900391736343993e-01
9.508904804592569482e-01
9.365112134052977488e-01
9.291766824684625226e-01
9.233095868806630024e-01
9.248948036044952747e-01
9.287507304617521608e-01
9.387627124555862901e-01
9.454053407471514348e-01
9.579543249923337944e-01
9.710958620800790309e-01
9.808805496664583234e-01
9.943741463163351391e-01
1.001283086359754604e+00
1.010272840061606781e+00
1.015375300222766786e+00
1.020650243937162971e+00
1.019724744702991126e+00
1.021998641046329759e+00
1.021904151558546525e+00
1.017575666087963127e+00
1.015033661908215423e+00
1.008617229233303547e+00
1.010809901823496393e+00
1.008698249765335175e+00
1.002136154492304865e+00
1.004050536029891028e+00
1.000070330782128369e+00
9.977441324730641492e-01
9.974949645007916699e-01
9.980204537784781449e-01
9.969462624795739636e-01
9.972393954961417117e-01
9.970684457986168647e-01
9.971838773504888565e-01
9.989138780473654222e-01
9.980613499257235954e-01
9.943776021625149175e-01
9.958981447139862997e-01
9.972111426878288443e-01
9.991597679857283643e-01
9.948699600419684819e-01
9.942519498012390988e-01
9.962368551656408666e-01
9.973331120016061258e-01
9.965627794185737409e-01
1.000199784423339899e+00
9.980991044394789125e-01
9.991605574424625713e-01
9.999824335817842913e-01
9.992115044521475697e-01
1.000640169812486935e+00
1.001435025778134147e+00
1.001966056572819230e+00
1.002334247945139367e+00
1.002527152179428560e+00
1.001890872218021311e+00
1.001279076968278225e+00
1.000020059605293721e+00
1.000231357257382880e+00
1.001573398596879994e+00
1.000578055663086774e+00
9.998590042986303938e-01
9.991297256011973937e-01
9.993799915698673431e-01
1.000745267772504832e+00
1.000123037586345909e+00
9.988999163495082545e-01
9.996395461247762348e-01
9.994626961800170406e-01
9.991834668747613390e-01
9.982745272538214865e-01
9.985138951560067477e-01
9.990208059835682386e-01
9.986121442593434150e-01
9.983361232893535053e-01
9.990984213266841385e-01
9.990442048135252939e-01
9.995116062716855598e-01
9.988142401347898103e-01
1.000093422034628698e+00
1.000339047563632899e+00
9.990204690409016930e-01
1.001337887859385711e+00
1.001232350516845004e+00
1.000500270946822923e+00
9.998245066254417557e-01
1.001192821987305415e+00
1.001114417806798107e+00
1.002401813469597114e+00
1.000135609658412861e+00
1.000599283030774611e+00
1.000511209451924621e+00
1.001612490451101012e+00
9.990224156319210680e-01
9.994426068764873383e-01
1.000416912870450314e+00
1.000738339183201431e+00
9.989281871974420302e-01
9.985524376105252564e-01
9.988835440019292466e-01
9.980356362506772605e-01
9.992743636221865788e-01
9.999539497828101586e-01
9.991686102009623704e-01
9.994923767649297464e-01
9.998596355928778268e-01
9.999888574107557160e-01
1.000535467720838234e+00
1.000122524523823886e+00
9.996259726008084323e-01
1.000286973101573551e+00
1.000218767210270920e+00
9.998974129285954637e-01
1.000783658393184616e+00
9.989359905639100257e-01
1.000208762219547909e+00
1.000262594423541707e+00
1.000529740113581090e+00
1.001334076787114835e+00
9.990743348553591252e-01
1.000347935679607891e+00
9.995458300592898748e-01
1.000523281149531041e+00
9.991791417594410030e-01
1.000210853885063589e+00
9.994190783968319725e-01
9.993411644528524818e-01
1.000446786488374373e+00
9.991160355652112246e-01
9.993838667953746091e-01
1.000081336518831909e+00
1.000358533710928866e+00
9.995700311244193337e-01
9.991233052575381191e-01
1.000234432138152885e+00
9.994062682833202427e-01
9.989521098040025082e-01
1.000385514395990771e+00
9.998294157735593268e-01
1.000051595923426628e+00
1.000501330699054670e+00
1.000443727237195990e+00
1.000597729350424681e+00
1.000793857055591207e+00
1.000646593870704537e+00
1.000264633416738880e+00
9.996006739891654114e-01
1.000121881702456417e+00
9.996735288978455536e-01
9.996716974160074765e-01
9.993750413034233615e-01
9.993159279936300043e-01
9.998244877724530300e-01
1.000148402186572749e+00
1.000133505897580655e+00
1.000072236574917506e+00
1.000049128460671399e+00
1.000209031341720900e+00
1.000403835824420273e+00
1.001006248655357478e+00
1.000117230465173535e+00
1.000528690038439583e+00
9.999987205954103953e-01
9.991992028012643967e-01
9.999731336816940486e-01
1.000269294633995498e+00
9.998869709647534298e-01
9.999698362417269726e-01
9.993167157740187045e-01
1.000885784080550955e+00
1.000586039559259177e+00
9.996782244852362442e-01
9.998989091310043209e-01
9.994726219165677161e-01
9.999922418624559439e-01
1.000068687838362447e+00
1.000373127317689015e+00
9.990945377779286707e-01
9.996583547468229636e-01
1.000538693020393444e+00
1.000438040717567034e+00
1.000535569109258116e+00
9.996320735174571981e-01
1.000037794849733652e+00
1.000908143361444624e+00
1.000438640183989758e+00
1.000541874732469916e+00
1.000445460330628311e+00
9.998479470793960600e-01
1.000347184521650945e+00
1.000121352446894818e+00
9.996774605012233028e-01
1.000024190779268851e+00
1.000152905471328291e+00
1.001036487143297959e+00
1.000105102882913766e+00
9.997615882558772427e-01
9.997847219093332072e-01
1.000732811707332193e+00
9.996392153671396219e-01
1.000516123383081490e+00
1.000176903182586452e+00
1.000215635866876562e+00
9.998014193993242094e-01
9.997987872104355800e-01
9.997640884896638047e-01
9.999104917415497784e-01
1.000872658851785335e+00
1.000350368816862678e+00
1.000439422697893876e+00
1.000273728917028038e+00
9.999019152536965382e-01
1.000914856078685578e+00
1.000499767617379243e+00
9.995351449208711436e-01
1.000455438887730697e+00
1.000153389482176802e+00
9.998450210463611931e-01
1.000346612746470409e+00
9.997776363432032687e-01
1.000108378040196033e+00
1.000172711766289080e+00
1.000661223482692375e+00
