0.000000000000000000e+00
0.000000000000000000e+00
0.000000000000000000e+00
0.000000000000000000e+00
0.000000000000000000e+00
0.000000000000000000e+00
0.000000000000000000e+00
0.000000000000000000e+00
0.000000000000000000e+00
0.000000000000000000e+00
0.000000000000000000e+00
0.000000000000000000e+00
0.000000000000000000e+00
0.000000000000000000e+00
0.000000000000000000e+00
0.000000000000000000e+00
0.000000000000000000e+00
0.000000000000000000e+00
0.000000000000000000e+00
0.000000000000000000e+00
0.000000000000000000e+00
3.608782526765546422e-02
1.071680913463712415e+00
3.482098000469281196e+00
3.404273119041025808e+00
1.867761512429412463e+00
8.388109333922990629e-01
3.801263175884032619e-01
1.900013233911470312e-01
1.163255358189768662e-01
1.822232287468366352e-01
7.060720799898682065e-01
1.486033906650599645e+00
1.734110187921729107e+00
1.438473914837145040e+00
1.041311919716136014e+00
7.700751812246601213e-01
6.522206778537317229e-01
6.412444285806736533e-01
6.955431559187764678e-01
7.800985947937865150e-01
8.783390488386633166e-01
9.753837854796824081e-01
1.058233574352161144e+00
1.127203864862140525e+00
1.189783238948957544e+00
1.226300521365786933e+00
1.230996146371832189e+00
1.225319526484312416e+00
1.190838241664811115e+00
1.151187322805961921e+00
1.105170070025462747e+00
1.066994464105942564e+00
1.030543879127735263e+00
1.005147304489736548e+00
9.860012363590937579e-01
9.657995882953051003e-01
9.501649817262414199e-01
9.406779060333165798e-01
9.323344897818439669e-01
9.289697522566660037e-01
9.244574642230456440e-01
9.269583256712525809e-01
9.359798631784873590e-01
9.487012324204439073e-01
9.614492157167124908e-01
9.735468683347506813e-01
9.854886220903180671e-01
9.928203638039743151e-01
1.002047832913632641e+00
1.008061824585380517e+00
1.014369012230471601e+00
1.019193978129935507e+00
1.023688837193548640e+00
1.025569145222654965e+00
1.023104616474709294e+00
1.019230410444374124e+00
1.016461466991695373e+00
1.013212379018787468e+00
1.011219351703122937e+00
1.005841129988035210e+00
1.003576604380896020e+00
1.003365181135691842e+00
1.001982823244041088e+00
9.999691016280467526e-01
9.987980792937213304e-01
9.984290486750668769e-01
9.982356710627897645e-01
9.999790580073029123e-01
9.983761338736505397e-01
9.986899695704372082e-01
9.969126776847241356e-01
9.981187796059652895e-01
9.969802226210180418e-01
9.975634852221589854e-01
9.965848985854144360e-01
9.978306140396620005e-01
9.971676113605538738e-01
9.974583367410090329e-01
9.976290872030669776e-01
9.982413455118575030e-01
9.985728415402002067e-01
9.985541043112750037e-01
9.991956966232572457e-01
1.000326805270147945e+00
9.997207416889288822e-01
1.001522699367479952e+00
1.001196354728635551e+00
1.003395822086004419e+00
1.001700045432669661e+00
1.001212296895820364e+00
1.001400109726858778e+00
1.001705948193535534e+00
1.002001519146290986e+00
1.003743712781200115e+00
1.002752089531584456e+00
1.001843216076367948e+00
1.002255169094965703e+00
1.001738110946945870e+00
1.002198430399646067e+00
9.993017214200973219e-01
1.000095035343795846e+00
1.000791573224758979e+00
1.002140211799741998e+00
9.988523878354249597e-01
9.991720220869338975e-01
1.000287148310446073e+00
1.000915226910249256e+00
9.990232908533692724e-01
9.999329689754046235e-01
1.000381158277314775e+00
9.979866303816744555e-01
9.988682916386794064e-01
1.000390672942873094e+00
1.000758146838635065e+00
9.996903680092178446e-01
9.997639726008531458e-01
1.001693414246555225e+00
9.995108477779657274e-01
1.001801001193539209e+00
1.000610548876086359e+00
1.001142913295299364e+00
1.000793142778836131e+00
1.001053618512195431e+00
1.001673393605286622e+00
1.001733420336391900e+00
1.001093406337360214e+00
1.001169928477434690e+00
1.002386547676215933e+00
1.001717969966786859e+00
1.001086059696461250e+00
1.001541833841070650e+00
1.000027800341931616e+00
9.999073581695342439e-01
1.000434905224623749e+00
1.000219217499616287e+00
1.000071100894714293e+00
1.000216209318833593e+00
9.993368806007821847e-01
9.984575679317089225e-01
9.994348387081462004e-01
1.000011506409667517e+00
9.989818183938478091e-01
1.000486491175281767e+00
1.000905344896950933e+00
1.000169876415978543e+00
1.000372521063539466e+00
9.997927531237980059e-01
1.001067333400380122e+00
1.000324102473854282e+00
1.001421920912260344e+00
9.999654929830954497e-01
1.000363650000259286e+00
1.001541162838502030e+00
1.001066090458010871e+00
1.001798578167748310e+00
9.997529928436714730e-01
1.001484111838451430e+00
1.000765170436609175e+00
9.994906470727956682e-01
9.995240530816531521e-01
9.994637610057722776e-01
1.000485371987238636e+00
1.000402127704604904e+00
9.994655933876629428e-01
9.995930043795044906e-01
1.000112389072105312e+00
9.998590410059138289e-01
1.000352882659398146e+00
9.992064665190626416e-01
9.987472116347748674e-01
9.996469115337944800e-01
9.992572384543513264e-01
9.996935373091467847e-01
1.000167385357883632e+00
1.001177171184338466e+00
1.000429681402006832e+00
9.996538344606410442e-01
1.000340743299081181e+00
1.000553082765899715e+00
9.995997659762908549e-01
1.000065927413950062e+00
1.000993986601659280e+00
9.999560910518140444e-01
9.995650201935880608e-01
1.000025087305673077e+00
1.001082236168056916e+00
1.000296715440456508e+00
1.000384218395615976e+00
9.993879640138070286e-01
9.999294691954665470e-01
9.993515276585753782e-01
9.998329075517546904e-01
1.000798565388657524e+00
1.000235337053617224e+00
1.000405049245509659e+00
9.997000648359126718e-01
9.990948585973601359e-01
9.989424449458388366e-01
9.992994660770802007e-01
9.997391988815717001e-01
1.000472268981144719e+00
9.993041608673574050e-01
1.001174044331108348e+00
1.000140766380216872e+00
9.997333281709186448e-01
1.000278034622577250e+00
9.993859942197369506e-01
9.995903336552325325e-01
1.000466585720774404e+00
1.000019676626829890e+00
9.998436573441548125e-01
1.000339494839881160e+00
1.000342428495240688e+00
9.997253172741374927e-01
1.000200722043809387e+00
1.000158709461676620e+00
9.998081416809734279e-01
9.996391234087845801e-01
9.997750792915162110e-01
1.000285043524739681e+00
9.998243714580629105e-01
1.000117697077637979e+00
9.998722742148963283e-01
9.992809418313974845e-01
1.000243306375533159e+00
9.994301298323831073e-01
9.987613755829528595e-01
9.991012222664654718e-01
1.000346753188898985e+00
1.000427512029222754e+00
1.000000482644379352e+00
1.000601340379410731e+00
1.000233408021519610e+00
9.997861674075436689e-01
1.000172888695265883e+00
9.994847525840102609e-01
1.000143434578080859e+00
1.000229766478277993e+00
9.997777786880005513e-01
1.000262850750165411e+00
9.995170732361052801e-01
9.998589877361454548e-01
1.000578436232387958e+00
1.000200790510897386e+00
9.996141976569056231e-01
1.000636865044637780e+00
1.000622560860257027e+00
1.000185206800219495e+00
1.000274395653320214e+00
9.999223220520804256e-01
9.996098423023793700e-01
9.999775612778961653e-01
1.000245101684052340e+00
1.000034649815062959e+00
1.000391703169708935e+00
1.000315435124039531e+00
1.000156126464984085e+00
1.000258651543196375e+00
9.996425568246858351e-01
