0.000000000000000000e+00
0.000000000000000000e+00
0.000000000000000000e+00
0.000000000000000000e+00
0.000000000000000000e+00
0.000000000000000000e+00
0.000000000000000000e+00
0.000000000000000000e+00
0.000000000000000000e+00
0.000000000000000000e+00
0.000000000000000000e+00
0.000000000000000000e+00
0.000000000000000000e+00
0.000000000000000000e+00
0.000000000000000000e+00
0.000000000000000000e+00
0.000000000000000000e+00
0.000000000000000000e+00
0.000000000000000000e+00
0.000000000000000000e+00
0.000000000000000000e+00
0.000000000000000000e+00
0.000000000000000000e+00
0.000000000000000000e+00
0.000000000000000000e+00
2.727358227589057535e-02
8.000193784489263438e-01
2.656685254867980461e+00
3.194080382012376429e+00
2.045951791951057253e+00
9.879819232533258999e-01
4.698296300075956999e-01
2.566628145502454772e-01
2.302811922468826489e-01
2.405414957510765284e-01
2.598515360021521059e-01
2.705325590847545980e-01
2.950347675335379671e-01
2.811902039523657137e-01
2.939282626626636419e-01
3.433126598035639021e-01
3.880211698303605017e-01
5.221760747974774075e-01
7.244022403674486021e-01
9.420352833498015777e-01
1.153203709704957447e+00
1.353734487836293354e+00
1.449221968124625448e+00
1.571041762607600312e+00
1.664613547872350274e+00
1.729247830811410980e+00
1.735112678334475467e+00
1.706415898128334163e+00
1.615558988038047650e+00
1.438030636587320554e+00
1.262467148056765076e+00
1.111815073280221444e+00
9.715544445427753972e-01
9.356620616935901191e-01
8.713747576522214988e-01
8.779391042638305942e-01
8.981898948295589102e-01
8.845973280738584910e-01
9.142958038531613374e-01
9.390008552369891737e-01
9.721179323101992731e-01
9.833525198777353094e-01
9.887726089067744306e-01
1.007364301974846166e+00
1.038254234557950628e+00
1.037303159857826618e+00
1.065736776453946266e+00
1.049917407083808207e+00
1.053085145662317812e+00
1.061982791002561655e+00
1.034037509676840161e+00
1.042467432859805587e+00
1.036093838676355849e+00
1.035975143549144883e+00
1.006769674517121071e+00
9.817169399731399126e-01
9.918199532055030909e-01
9.739713592155861965e-01
9.636838814087173022e-01
9.880294757625417423e-01
9.681725973888763992e-01
9.595471598744598207e-01
9.825008915208965909e-01
9.843629704029278615e-01
9.897719313410735520e-01
1.003519826345672161e+00
9.815537239574044781e-01
9.918363709900991365e-01
1.012615621453585302e+00
9.805872077191517544e-01
9.962066923040040489e-01
9.896800108736968360e-01
9.944049291191576767e-01
9.865257851525212063e-01
9.884224741651513879e-01
9.919929274181061851e-01
9.887753303745817623e-01
1.002677435500322289e+00
1.002732543159631229e+00
9.961630822525998630e-01
9.787340289208130706e-01
9.857960563529942766e-01
9.759278087018382619e-01
9.705051489665582620e-01
9.721962409111964964e-01
9.775064850027403995e-01
9.601024328065485003e-01
9.624295808992908707e-01
9.704759379067540159e-01
9.841836414784845832e-01
9.766173480081545843e-01
9.649641276054624628e-01
9.869206217693785588e-01
9.796269468206859621e-01
9.768297095115862083e-01
9.782217133210097115e-01
9.744581016931308515e-01
9.777360673329382745e-01
9.753813433626585816e-01
9.718315193696602794e-01
9.867310153701335240e-01
9.700838721068583137e-01
9.785406570602750431e-01
9.712341901118561882e-01
9.724591547550419657e-01
9.783309499233481255e-01
9.782709373243486661e-01
9.811682190648819413e-01
9.808480704541167050e-01
9.755616300632249382e-01
9.754300672910705128e-01
9.798893478068071428e-01
9.827089700757214441e-01
9.838922683382416157e-01
9.867636418772770535e-01
9.825866796771322020e-01
9.882048724150358510e-01
9.915726422545048102e-01
9.849993315986772524e-01
9.911328598065467510e-01
9.925768192125092870e-01
9.813452397581909903e-01
9.914934331749081231e-01
9.986949112703047415e-01
9.928615633935427010e-01
9.919608098323455803e-01
9.967654356003805560e-01
9.881486024990046024e-01
9.917152268549312977e-01
9.984772930622038967e-01
9.912565208486537882e-01
9.860003646084921636e-01
9.895307611704229345e-01
1.000660089826689969e+00
9.989087536363657760e-01
9.918362646535119342e-01
9.895977696267852508e-01
9.939600480248941272e-01
9.847770950481178343e-01
9.942365811795194075e-01
9.862127222938672499e-01
9.897344311547480178e-01
9.996270873663616330e-01
9.882881619457675182e-01
1.002921168250371808e+00
9.932177609244775551e-01
9.960772829053381461e-01
9.996554643323205536e-01
1.001065024761925493e+00
1.004436216108090640e+00
1.002976577688998283e+00
1.003335862473716977e+00
1.002598007242841538e+00
9.996466100059253623e-01
9.926682033424890639e-01
1.004720190668656921e+00
9.955831321093113750e-01
1.000545584701806767e+00
9.992269566230203015e-01
9.945470167318678500e-01
9.974389424950780292e-01
9.941289611584541719e-01
9.972652355175756211e-01
1.004076487940623874e+00
9.954654095556291216e-01
9.990933614890151748e-01
9.960793133605043703e-01
9.964243412320996640e-01
9.987730843116162660e-01
1.002544746802190190e+00
1.000485738785934053e+00
9.962510597602247664e-01
9.981893365242315852e-01
9.997326269277708732e-01
9.937143800632491919e-01
9.927928402964423249e-01
9.946644898949790203e-01
9.980728672400380752e-01
9.991636892171605888e-01
9.900520113485781204e-01
9.907750364630946160e-01
1.002460231282968461e+00
9.947927250108650199e-01
9.915536096444120817e-01
9.923431852325388380e-01
9.940022790230929051e-01
9.869190756979023815e-01
9.849890392972798780e-01
9.938637050520447991e-01
9.856098104107593461e-01
9.895512941551982689e-01
9.947565597244201197e-01
9.881746359994094675e-01
9.894863084315062007e-01
9.977014029369561943e-01
9.867572688865532404e-01
9.837552040287910193e-01
9.963137329119422514e-01
9.928330566700500626e-01
9.813936643888525602e-01
9.880563014738876770e-01
9.921184492024330837e-01
9.973685166209494968e-01
9.929528031817534961e-01
9.928575925092990584e-01
9.861691220339207087e-01
9.864263374730000145e-01
9.917753719360159481e-01
9.942316107248393431e-01
9.892029288671299048e-01
9.924588019643593162e-01
9.874133679346998038e-01
9.852588130439953185e-01
9.881503649944599621e-01
9.873591757381868783e-01
9.897339522141047619e-01
9.864311421623850329e-01
9.883411389257621416e-01
9.976758236609051256e-01
9.900296114391434754e-01
9.906201304080594072e-01
9.887811213080567319e-01
9.862879370991460837e-01
9.892087967838135709e-01
9.862305445614186761e-01
9.859635772661227149e-01
9.915784136996469433e-01
9.916884202300298989e-01
9.905829425193214410e-01
9.942564410291528931e-01
9.903703362069727900e-01
9.934179069555908459e-01
9.988245135615588799e-01
9.916898883729334813e-01
9.956884273731223534e-01
9.897015901016235073e-01
9.905301425873938026e-01
9.913633329763698043e-01
9.911335423055087634e-01
9.927531774367250872e-01
9.959379062410166350e-01
9.940165468627463197e-01
9.969030034995185474e-01
9.916263136217613461e-01
9.950871780744027228e-01
9.945394169523885664e-01
9.924430339329006756e-01
9.936860993991459834e-01
9.971116908884326557e-01
9.951647445904635569e-01
9.962493253197223231e-01
9.977313530223510529e-01
9.932927503392561253e-01
9.950419025855437027e-01
9.981191316210190623e-01
