0.000000000000000000e+00
0.000000000000000000e+00
0.000000000000000000e+00
0.000000000000000000e+00
0.000000000000000000e+00
0.000000000000000000e+00
0.000000000000000000e+00
0.000000000000000000e+00
0.000000000000000000e+00
0.000000000000000000e+00
0.000000000000000000e+00
0.000000000000000000e+00
0.000000000000000000e+00
0.000000000000000000e+00
0.000000000000000000e+00
0.000000000000000000e+00
0.000000000000000000e+00
0.000000000000000000e+00
0.000000000000000000e+00
0.000000000000000000e+00
0.000000000000000000e+00
0.000000000000000000e+00
0.000000000000000000e+00
0.000000000000000000e+00
0.000000000000000000e+00
3.798709452293191902e-02
9.118331136723355490e-01
3.015902972196931042e+00
3.357741327711877943e+00
2.150697613440961664e+00
1.092127309836941507e+00
5.253512142142714447e-01
2.998309804688054636e-01
2.229372907375878621e-01
2.224411703333288304e-01
2.487867583535020022e-01
2.553106182165277294e-01
2.729554930201560925e-01
2.828913054391438142e-01
2.874242166164470702e-01
3.154985962590172166e-01
3.732985650327976801e-01
5.144458908337250502e-01
7.032923573362541703e-01
9.029840217368206856e-01
1.141849446259303402e+00
1.337290082160400795e+00
1.452829266220041271e+00
1.547837562591252603e+00
1.624753940990059764e+00
1.694672995684692873e+00
1.738405555096641963e+00
1.676720110137327469e+00
1.565718637014655412e+00
1.390858953536750153e+00
1.209580535902044618e+00
1.052651565322217930e+00
9.676943782156781637e-01
8.843645453999716688e-01
8.552463464014653516e-01
8.348225034436970171e-01
8.564626111779790607e-01
8.560317001008070914e-01
8.941614672208504366e-01
9.136986502701683888e-01
9.244004607347412472e-01
9.532439782374382276e-01
9.716436947240255639e-01
1.005579945309357237e+00
1.001373981585633732e+00
1.039311983810154771e+00
1.048235069480827564e+00
1.052658486145958916e+00
1.046957206537456830e+00
1.047800029572626634e+00
1.040452495507879993e+00
1.029989657975430184e+00
1.015603857209317562e+00
1.021348325950307112e+00
9.946132881595255437e-01
9.915608704654790273e-01
9.785353212707380566e-01
9.602621130296290497e-01
9.761023155924047900e-01
9.659109974255394304e-01
9.798421208618490752e-01
9.809377322157171175e-01
9.717994491255940170e-01
9.764893126078644237e-01
9.837330823681244008e-01
9.746425851845932353e-01
9.769855159107543319e-01
1.000765284951814937e+00
9.847625766761586297e-01
9.754514959469043900e-01
1.011110193480073693e+00
9.921679209981654202e-01
1.002505210810647807e+00
9.985099105681565224e-01
1.015585950493107958e+00
9.982354635418281275e-01
1.003011064401227115e+00
9.904692653378338596e-01
1.002644128462722550e+00
1.000890468969681368e+00
9.949251978413877762e-01
1.002298179440736847e+00
9.797362529283365484e-01
9.838211326556374203e-01
9.989523897968097810e-01
9.822506792671961140e-01
9.907979986163115704e-01
9.849737913265560474e-01
9.908045746722274894e-01
9.912573980168004617e-01
9.952022777920387364e-01
9.963926265112034164e-01
1.003867624571884498e+00
9.800945437070910371e-01
9.958749996684885808e-01
9.952067186203698013e-01
9.909068557590557935e-01
9.967027820350743417e-01
1.008951346347203293e+00
9.873323735348614738e-01
9.918098539206453568e-01
9.875914364325472095e-01
9.975664138400033298e-01
9.917293932589835714e-01
9.910521725466796550e-01
9.924736675465305469e-01
9.771067947227427553e-01
9.900875532915310862e-01
9.852621878072677086e-01
9.900645929745942597e-01
9.850617561453269833e-01
9.910797331299919799e-01
9.897496734455027978e-01
9.815850038912631303e-01
9.967278186859430678e-01
9.900346676631900378e-01
9.982681590621029777e-01
9.873012536447922649e-01
9.870623219828029704e-01
9.929847988193627462e-01
9.941037384062000326e-01
9.934173907465376763e-01
9.918138628170757309e-01
1.003347845044368247e+00
1.001164982513512935e+00
1.004880175366368977e+00
9.894780025957697900e-01
1.004135358866450112e+00
9.930842188884100308e-01
9.919996856617844250e-01
9.851499583803633442e-01
9.973771122583133808e-01
9.968816328579291897e-01
9.952854288346593137e-01
9.924555995611645809e-01
1.001815372152558892e+00
9.978262066983487610e-01
9.951544246765944290e-01
9.870468254008394338e-01
9.961738641334147992e-01
9.919424240380521063e-01
9.944810846795015813e-01
1.000139756371722033e+00
9.942384752065828168e-01
9.895970090150940646e-01
9.952152273347653066e-01
9.940883601763919053e-01
9.851080826477470742e-01
9.979003862624995502e-01
9.931943387709309956e-01
9.926642350138689119e-01
9.910453272788894985e-01
9.915309426828263772e-01
9.937923960948013002e-01
9.893757001860415956e-01
9.914505119883196826e-01
1.001476541601306280e+00
9.962561788233471605e-01
9.877224748296226098e-01
9.910381651475230758e-01
9.912429641097650901e-01
9.934625228418578757e-01
9.903352610385027788e-01
9.937073753341153504e-01
9.908853295621933288e-01
9.909825820612645497e-01
9.948583848637569949e-01
9.998311474765262385e-01
9.922474717854633530e-01
9.894214174370232762e-01
9.935453916977733391e-01
9.933182466633224683e-01
9.908036981339631843e-01
9.905238764368805571e-01
9.976960713498476130e-01
9.861773568300867820e-01
9.922640687755847066e-01
9.914013210684804456e-01
9.991498068517291609e-01
9.923557014602997217e-01
9.941360384151896046e-01
9.920028938866062296e-01
9.916888753115494781e-01
9.937831854338043946e-01
9.999778113102729682e-01
9.843094240054353072e-01
9.947211438375658243e-01
9.968558287174041910e-01
9.914722465425718223e-01
9.894634362220605661e-01
9.939008141853091782e-01
9.943355977485425212e-01
9.884403637170896539e-01
9.938225684085020273e-01
9.947798538728741535e-01
9.909496395477082054e-01
9.873028177388953885e-01
9.896311392193545275e-01
9.919290778002548548e-01
9.867190704054679129e-01
9.929355079247154103e-01
9.925710194698116329e-01
9.949160795689255821e-01
9.855475165405206406e-01
9.956788929957336443e-01
9.909092969412647278e-01
9.869294155749411823e-01
9.880668945750273879e-01
9.978157883646430193e-01
9.910977425340329328e-01
9.933435433283382965e-01
9.944401106681349800e-01
9.986611163906236044e-01
9.883776367590432210e-01
9.988042501766208892e-01
9.972287832652356743e-01
9.942983331815929970e-01
9.946675669435933731e-01
9.910977727766050460e-01
9.933596875284582683e-01
9.954888747995962461e-01
9.939751348095331451e-01
9.945628420600695074e-01
9.884310899293425878e-01
9.911471512679791429e-01
9.958679241502121915e-01
9.876838450444073159e-01
9.920568750646963085e-01
9.987354422520332564e-01
9.942958647896963376e-01
9.960664362852772458e-01
9.932348497644226670e-01
9.930729308362220564e-01
9.931397316887955462e-01
9.928467800351995498e-01
9.884778708583221718e-01
9.970873898938082958e-01
9.904794509575756134e-01
9.989870165491138154e-01
9.971517464720169865e-01
9.941834643681877193e-01
9.915883277828444475e-01
9.969624148248013018e-01
9.954282913328845739e-01
9.969157908260107837e-01
9.960080519917714481e-01
9.955334725435678322e-01
9.992786739888525060e-01
9.924758585674979816e-01
9.940176002559439894e-01
9.951019056059311474e-01
9.890687648740830173e-01
9.963073097074701678e-01
9.913785792661954366e-01
9.949276478189053030e-01
