0.000000000000000000e+00
0.000000000000000000e+00
0.000000000000000000e+00
0.000000000000000000e+00
0.000000000000000000e+00
0.000000000000000000e+00
0.000000000000000000e+00
0.000000000000000000e+00
0.000000000000000000e+00
0.000000000000000000e+00
0.000000000000000000e+00
0.000000000000000000e+00
0.000000000000000000e+00
0.000000000000000000e+00
0.000000000000000000e+00
0.000000000000000000e+00
0.000000000000000000e+00
0.000000000000000000e+00
0.000000000000000000e+00
0.000000000000000000e+00
0.000000000000000000e+00
3.400487760791390257e-02
1.048040037695598059e+00
3.385625295843034177e+00
3.332610678474241084e+00
1.843654452520627762e+00
8.220383376280301357e-01
3.739781999185592953e-01
1.922487301537502968e-01
2.229575309432433872e-01
8.385899617354354296e-01
1.736572603163667017e+00
1.910082127489213244e+00
1.451995350494114767e+00
9.691104270867516579e-01
6.753539670558963426e-01
5.501907923850546389e-01
5.392578084510304404e-01
5.891875320483327405e-01
6.830262537274391921e-01
7.865849745600939080e-01
9.006697671191727927e-01
1.004122651682763268e+00
1.097905298626165260e+00
1.166777017038331143e+00
1.220479385115897486e+00
1.251720446804032161e+00
1.262701136589820861e+00
1.243272175370660371e+00
1.199713635217667385e+00
1.149315802026028788e+00
1.102463906341362598e+00
1.054337875412172831e+00
1.014772606128831134e+00
9.863491097621068793e-01
9.578464339884351642e-01
9.433707257877842478e-01
9.259066121228207713e-01
9.181132575842188004e-01
9.135240628023234555e-01
9.081036673354843103e-01
9.187614776074345402e-01
9.286065591476346803e-01
9.449980136183030455e-01
9.556582102372513932e-01
9.705045993506882240e-01
9.860066747665792164e-01
9.980901541669516819e-01
1.007061534881442899e+00
1.014876407379420309e+00
1.022449605292174324e+00
1.026770233702857249e+00
1.030873840719613632e+00
1.028182779808506808e+00
1.025190037485646632e+00
1.022813680075515652e+00
1.018895385656084285e+00
1.012411093279824925e+00
1.009198784255578740e+00
1.002100019485522076e+00
1.000667772848672810e+00
9.963954711674155584e-01
9.961720276877259472e-01
9.953016769433126187e-01
9.956929630405509934e-01
9.971357362772894639e-01
9.988537441425776597e-01
1.000170831191418808e+00
1.000029974222911067e+00
9.995278689616261536e-01
9.992450026630171900e-01
9.990289445093205600e-01
9.971231904956079362e-01
9.988031694024148699e-01
9.942877721218503773e-01
9.965917922098335158e-01
9.955134918070431826e-01
9.945134777945059401e-01
9.968003379761994909e-01
9.970070460488043018e-01
9.961314378003488512e-01
9.971622080091987472e-01
9.987899646496243289e-01
9.997508403568701185e-01
1.000155955997918289e+00
9.996757212952623872e-01
1.000706812944024193e+00
1.002628430425628991e+00
1.003264707970429548e+00
1.001717754349489731e+00
1.001222232943000279e+00
1.002084655324291695e+00
1.002141279628995685e+00
9.991733307348001913e-01
1.000929024265253542e+00
1.000572419166654292e+00
9.985913151999042947e-01
9.983356055263338247e-01
9.997515253760412834e-01
1.000329267120065868e+00
9.989636644717424518e-01
9.977298547316538757e-01
9.993278511477176052e-01
9.999966682696863618e-01
1.000067041493718056e+00
1.000207401623119274e+00
1.000444962227018619e+00
1.000718473571182487e+00
1.000655108337721977e+00
1.001373175787936276e+00
1.001506581176504040e+00
1.000631340778324496e+00
1.001616015190084363e+00
1.001440381662712209e+00
1.000430915712849256e+00
1.001181537359604024e+00
1.000200102156756143e+00
1.001199940340163685e+00
9.998047109013714628e-01
9.985976322545729866e-01
1.000687696947404559e+00
9.993040285184953131e-01
9.993003425079575175e-01
9.982452298930780676e-01
9.988427956943175534e-01
9.987400956999317181e-01
1.000968188130062941e+00
1.000193999109871168e+00
1.000324087078433566e+00
1.000036198813999855e+00
1.000618169263101098e+00
1.002046633728388869e+00
1.000656936433820254e+00
1.002000592148076352e+00
1.001700371100529896e+00
1.001168889602756407e+00
9.997490257007922709e-01
1.000372219620707881e+00
1.000568013754701058e+00
1.000450146232180204e+00
1.001150692451407531e+00
1.000657600549160531e+00
9.996961188863442427e-01
1.001505987079521098e+00
1.001185868420867875e+00
1.000103503691177398e+00
9.994160555675242197e-01
9.983973527427874028e-01
9.993566854521473974e-01
9.989111101832264250e-01
1.000331915587819864e+00
1.000092244242182460e+00
1.000167940794203680e+00
9.997347491386765483e-01
9.998008951757334506e-01
9.998445411212253386e-01
9.999999933550886011e-01
1.000846180069898228e+00
1.001615325839692483e+00
1.000432877515558650e+00
9.996693608592563951e-01
9.998301808775807986e-01
9.994369962854194878e-01
1.000180308594671885e+00
1.000360594926270164e+00
9.994920910540938674e-01
9.996922540244167488e-01
9.996531334399159086e-01
9.999104907491846994e-01
1.001259979913224685e+00
1.001258088380201805e+00
1.000041059981043645e+00
1.000127206961305637e+00
1.000408331975839005e+00
1.000167456119163134e+00
1.000038567163663572e+00
9.991783485058443048e-01
9.989656031140716763e-01
9.997202214020013411e-01
9.986058627876969185e-01
1.000343747687596263e+00
9.998133646980192912e-01
1.000701152472899924e+00
1.000165563152634718e+00
9.995210775745536624e-01
9.995626145829007436e-01
1.000482314193444688e+00
1.001235985145455087e+00
9.995843890847240232e-01
1.000010079278830233e+00
1.000944166475377317e+00
9.997313058713251932e-01
1.000166441966775288e+00
9.992849271064017103e-01
1.000379080777484830e+00
9.996384522414158980e-01
1.000049890370713568e+00
1.000663592264938950e+00
9.993312475941736883e-01
1.000039235267916604e+00
9.998602491881521948e-01
1.000173388203568159e+00
9.999594591140732458e-01
1.000766831248461664e+00
1.000365809937410200e+00
9.995176107261082299e-01
9.998824586604664333e-01
9.991005693425144552e-01
1.000545493881103143e+00
1.000531590642949720e+00
9.998300412270181292e-01
1.000261397226274163e+00
1.000844560519059900e+00
1.000538318594446752e+00
9.999515811050323499e-01
1.000243037728439477e+00
1.000591578437567630e+00
1.000008825581732097e+00
1.000190638499574236e+00
9.995204250127494028e-01
9.998548337914634487e-01
1.000089406445928919e+00
9.997228129202707647e-01
9.994581000923448144e-01
1.000259005442568405e+00
9.994795474727203866e-01
1.000122216691724963e+00
9.997444556194083898e-01
9.999646073494881104e-01
9.996524081842564913e-01
1.000627435278438782e+00
1.000181773424555498e+00
9.996267194409939050e-01
9.998325733494858314e-01
9.997531787478370902e-01
9.999851794645550074e-01
1.000055319303437162e+00
1.000208218580589170e+00
9.998713749577662346e-01
1.000248214959906345e+00
1.000069504113613172e+00
1.000363646060555389e+00
9.994721101149024456e-01
1.000014224578169797e+00
1.000019931842104359e+00
9.999679909232842556e-01
9.999560521404663449e-01
9.996470675397096661e-01
1.000145138044661541e+00
9.997750164562172470e-01
1.000099074676752409e+00
1.000051653692255904e+00
9.996738055491409813e-01
1.000075467102283344e+00
9.992129379726215621e-01
1.000143555764279046e+00
1.000180368124220509e+00
9.997568174201293401e-01
1.000437098188803553e+00
9.998706463545502521e-01
