0.000000000000000000e+00
0.000000000000000000e+00
0.000000000000000000e+00
0.000000000000000000e+00
0.000000000000000000e+00
0.000000000000000000e+00
0.000000000000000000e+00
0.000000000000000000e+00
0.000000000000000000e+00
0.000000000000000000e+00
0.000000000000000000e+00
0.000000000000000000e+00
0.000000000000000000e+00
0.000000000000000000e+00
0.000000000000000000e+00
0.000000000000000000e+00
0.000000000000000000e+00
0.000000000000000000e+00
0.000000000000000000e+00
0.000000000000000000e+00
0.000000000000000000e+00
3.636087813600700352e-02
1.047396202895322093e+00
3.384904661543632454e+00
3.334231052220753888e+00
1.830549024914348566e+00
8.299492515381620139e-01
3.733315657834774259e-01
1.892589839048852973e-01
2.238054072659865779e-01
8.367163853469263834e-01
1.739683013235463482e+00
1.896722268670198552e+00
1.458553421619714241e+00
9.673405511536762313e-01
6.751816067651063014e-01
5.550207374182163367e-01
5.392164400550895076e-01
5.905574037108659580e-01
6.783247269250356482e-01
7.942570092611838106e-01
8.982107914831439777e-01
1.006712542415621803e+00
1.096972840280493466e+00
1.168276578442400959e+00
1.216279179146394940e+00
1.249313092080569287e+00
1.259575349031667457e+00
1.233713089084164549e+00
1.198050803143030363e+00
1.151052275324657703e+00
1.099008562267184130e+00
1.053772472085063194e+00
1.017170724341037946e+00
9.820925094044973269e-01
9.594973853163089039e-01
9.407350927953599395e-01
9.296579858947132680e-01
9.165767363360231013e-01
9.114095350014465025e-01
9.133311483666980424e-01
9.164529440127265891e-01
9.288485557968017003e-01
9.422023460715214238e-01
9.557577630015489101e-01
9.701692691951325775e-01
9.825094344338917152e-01
9.972377835019093917e-01
1.009761008261053750e+00
1.015792999975663413e+00
1.022446399389706384e+00
1.028206071098910268e+00
1.028700602814812015e+00
1.028953965963940176e+00
1.024807264000494600e+00
1.020063153577819293e+00
1.016732107225947424e+00
1.013311692386889673e+00
1.008483906964326327e+00
1.004556963719417606e+00
9.979483738741989907e-01
9.976893951647385350e-01
9.971897348697490449e-01
9.972916922637730108e-01
9.954174005314225804e-01
9.974964066857269218e-01
9.981139359381823173e-01
9.969820127632507134e-01
9.987328137012794205e-01
9.997028126424232219e-01
9.992677465277883808e-01
1.000309796477345969e+00
9.996799478882212320e-01
9.968471241027987428e-01
9.992770065271669999e-01
9.971883791688803678e-01
9.956755332227631428e-01
9.967060741218812803e-01
9.967622275055531000e-01
9.966297118667648558e-01
9.968733712829866978e-01
9.973133866427591476e-01
9.975270749473702514e-01
9.985331254665401612e-01
1.001139636133776323e+00
9.986278503414340868e-01
1.001039009674058455e+00
1.000491117100055893e+00
1.000219055672434854e+00
1.002583643093159615e+00
1.002010808381213369e+00
1.001438855006537176e+00
1.001389790375205369e+00
1.000958451234233104e+00
1.002037474976303910e+00
1.001224315596255909e+00
1.001080189433501522e+00
9.988208822306953172e-01
9.992915348189926883e-01
1.000030850416223860e+00
9.991168727158621365e-01
9.987741687761825249e-01
9.986048506997268204e-01
9.981393720217528465e-01
9.992274579772308929e-01
9.997133238211870498e-01
1.000765034036004808e+00
1.000850517365383219e+00
1.000603564060277062e+00
1.002764105290978813e+00
1.000773365652313007e+00
1.000796829960210133e+00
1.000711408283073034e+00
1.001680139099200062e+00
1.001983007560107053e+00
1.002013086901103245e+00
1.000080231058369407e+00
9.989246433147359605e-01
9.994063401721184903e-01
9.987775104741193344e-01
9.984850179624047417e-01
1.000237761036982587e+00
9.981919211208146736e-01
9.982711426676815769e-01
9.984730327650493953e-01
9.985740094177683046e-01
9.992443664429854211e-01
1.000217014288572015e+00
1.000100316320158944e+00
1.000330006477019751e+00
1.000911923035414652e+00
9.995031022480777017e-01
1.000685223610190411e+00
1.000538577626865377e+00
1.000790424401928114e+00
1.001801526926038743e+00
1.001924102746807321e+00
1.001021196506025612e+00
1.001285544814775719e+00
1.001991795215676273e+00
1.000703244183844154e+00
1.000758966976736497e+00
1.001233397333923802e+00
9.994941509666867008e-01
1.000164746597185017e+00
9.994718074509508776e-01
1.000532671884579283e+00
1.000502445271136853e+00
9.992795237280152065e-01
9.988853064122524827e-01
9.986950920948152177e-01
9.994372568786258348e-01
9.999610617006789992e-01
1.000877278066388376e+00
1.000700523984381363e+00
1.000402274149448933e+00
1.000163275155166565e+00
9.995299097214231931e-01
9.997497393963782342e-01
1.001089358111999728e+00
1.001060781255528997e+00
1.000386869567953196e+00
1.000308816806597445e+00
1.000861322316738411e+00
1.000067579090642811e+00
1.000995641592809182e+00
9.996483895488750271e-01
1.000014522469229838e+00
1.000206598245243717e+00
1.000210427916573996e+00
1.000288722298463995e+00
1.000087987519815869e+00
9.997196404951301796e-01
1.000889494957889481e+00
1.000033740640997593e+00
9.999519776834755458e-01
1.000530099588287980e+00
1.000182733613719011e+00
1.000893805313433971e+00
9.989835573364510557e-01
9.999955519281941152e-01
1.000265594749126130e+00
9.994437614433482331e-01
1.000188510782640039e+00
1.000122692904299226e+00
1.000315195185711437e+00
1.000362444511433857e+00
1.000227157880384521e+00
1.000655552076388011e+00
9.998612091578062966e-01
1.000028967244811939e+00
1.000449452887746116e+00
9.999782930764627986e-01
1.000815838574780958e+00
1.000119509879900948e+00
1.000288032608904309e+00
1.000641873574038998e+00
9.993822848143534276e-01
1.000147438092671370e+00
1.000708569423149230e+00
1.000575046685820979e+00
1.000086672696901990e+00
9.994793908778861757e-01
1.000342427411093027e+00
1.000029166566809291e+00
1.000592078941178187e+00
9.999216460475565116e-01
9.997939854901751744e-01
9.993402830402137171e-01
1.000411143919218482e+00
9.995838757402527586e-01
1.000294937924382843e+00
1.000643089031873156e+00
1.000912738719685446e+00
1.001206308223486330e+00
9.999071629929457972e-01
1.000237553415818326e+00
9.994829214588492050e-01
1.000805483514179750e+00
1.000392564578196364e+00
9.998467589386317300e-01
1.000528997971305234e+00
9.999796210772673444e-01
1.000084312152139221e+00
1.000032152178869538e+00
1.000697108889709197e+00
1.000336302324141169e+00
1.000348140575193945e+00
1.000688523198169699e+00
9.999607757737121183e-01
1.000978991086906467e+00
1.000315965349217739e+00
1.000349234939321041e+00
1.000839552220747386e+00
9.999531998305977165e-01
1.000131120922919115e+00
1.000516877388852643e+00
9.993156319685038147e-01
1.000274977046779146e+00
9.998312945887577463e-01
9.994476746340592577e-01
1.000650820701118882e+00
1.000664684206778343e+00
9.995949318866461653e-01
9.995336729521344665e-01
1.000357471176156920e+00
1.000563839455292481e+00
1.000511701708540535e+00
1.000162503106930112e+00
1.000515660169953858e+00
9.996297323981448990e-01
1.000722398630163212e+00
1.000022856265793791e+00
9.991441811281612795e-01
9.997485965698708066e-01
9.998400603888570881e-01
1.000087809134981409e+00
1.000012148015723135e+00
1.000046165280692234e+00
1.000027905089355684e+00
