0.000000000000000000e+00
0.000000000000000000e+00
0.000000000000000000e+00
0.000000000000000000e+00
0.000000000000000000e+00
0.000000000000000000e+00
0.000000000000000000e+00
0.000000000000000000e+00
0.000000000000000000e+00
0.000000000000000000e+00
0.000000000000000000e+00
0.000000000000000000e+00
0.000000000000000000e+00
0.000000000000000000e+00
0.000000000000000000e+00
0.000000000000000000e+00
0.000000000000000000e+00
0.000000000000000000e+00
0.000000000000000000e+00
0.000000000000000000e+00
0.000000000000000000e+00
0.000000000000000000e+00
0.000000000000000000e+00
0.000000000000000000e+00
0.000000000000000000e+00
0.000000000000000000e+00
2.604129069026396917e-02
4.983366198674916148e-01
1.750073008308452582e+00
2.183539833181018519e+00
1.566767129471546616e+00
8.878432745048359109e-01
4.918790202544227608e-01
3.342953218113504654e-01
2.700363848123269461e-01
2.681069410381190510e-01
2.731098975381739957e-01
2.811569275304205973e-01
2.663328570698191844e-01
2.617617191348221017e-01
2.646423679606551005e-01
2.924658531347645862e-01
3.564553048099723398e-01
4.398973640388361139e-01
5.847034188782511688e-01
7.620321537440903903e-01
9.326094796562053313e-01
1.093583192804729043e+00
1.245822863898442989e+00
1.334928973702276478e+00
1.459257664660842613e+00
1.533700346713681384e+00
1.569132208448581700e+00
1.560658459823787592e+00
1.512146218858533508e+00
1.411433655212508631e+00
1.281357192749109419e+00
1.157471439918689615e+00
1.050831038697333852e+00
9.780456862701714105e-01
9.291969673609780100e-01
9.101255402453033438e-01
8.915563460144995123e-01
8.911626231533312792e-01
8.917732567065387306e-01
8.963828708146633906e-01
9.119443701009206649e-01
9.212958695424353639e-01
9.366076926448335671e-01
9.514999298660996585e-01
9.663758267713821182e-01
9.799740397543155179e-01
1.001264096086410316e+00
1.004954752958563180e+00
1.029843642139612436e+00
1.028483191375709760e+00
1.032815590752246715e+00
1.029904410425935835e+00
1.034069586746893643e+00
1.023007875137541545e+00
1.013046460306340268e+00
1.001863347916918112e+00
1.000393323750268015e+00
9.855465503189169141e-01
9.829490310629996896e-01
9.780187178011953142e-01
9.754697072211355735e-01
9.723323458577444178e-01
9.756407948652480178e-01
9.729585154238438172e-01
9.871445691479507900e-01
9.914415632397065581e-01
9.910596994009794880e-01
9.998527373518423245e-01
1.000133011482868151e+00
1.008458666733244691e+00
1.014218780695118172e+00
1.018064755049617132e+00
1.020910971930569788e+00
1.019324456494787645e+00
1.013606857560459984e+00
1.011436751142643420e+00
1.009186819858580275e+00
1.009881397751782206e+00
1.002101593671637758e+00
1.003349082057444663e+00
9.929520068369080965e-01
9.964331301503754901e-01
9.957552397464461968e-01
9.877640369852732638e-01
9.894560196276851460e-01
9.919934191187489425e-01
9.900052321055140547e-01
9.940432028641333906e-01
9.954003746373603079e-01
9.917442655438536425e-01
9.991448316284324838e-01
1.004687081744805699e+00
9.963291821493803768e-01
1.002862658921330974e+00
1.002891116007046834e+00
9.997709809820313209e-01
9.990091063458356180e-01
1.002506636001509577e+00
9.984293827972270385e-01
1.003419510354006672e+00
9.982580107720966378e-01
1.005056467651239904e+00
9.986232234088830984e-01
9.972390107742951093e-01
9.951686467056461982e-01
9.992047378785053890e-01
9.938143242940399302e-01
9.938646026631106078e-01
9.981212951927528332e-01
9.996073726428723605e-01
9.944024784790648219e-01
9.888311663815104735e-01
9.946843188219078868e-01
1.000190728316445954e+00
9.982532826004720805e-01
9.934594599107402502e-01
9.975191917861899737e-01
1.000368625978950377e+00
9.963268497073622942e-01
9.955183604996962199e-01
9.947943953765465697e-01
1.003770566464556646e+00
9.981786986939910067e-01
9.978182512513528168e-01
9.989495595700460528e-01
1.002499995915066666e+00
1.002999684196576924e+00
9.999876267831985244e-01
9.973671822014936739e-01
1.001267060743129989e+00
9.964129446055881578e-01
9.972142322394569325e-01
1.000763778137807147e+00
9.985894239784061099e-01
9.956460953626754540e-01
9.982312099760342061e-01
9.973291557599782697e-01
9.961249399956438877e-01
9.976245544791393360e-01
9.973994375830143033e-01
1.000559554204782264e+00
9.946665574372479668e-01
9.968645088921742614e-01
1.000246352480472112e+00
9.957360243722268578e-01
9.975084218683839543e-01
9.993800600604129114e-01
9.965032835468397021e-01
9.975788940731474819e-01
9.968298404805722157e-01
9.967570076134135704e-01
9.964429287949585490e-01
9.971896311794170575e-01
9.984412129196409413e-01
9.975228154374835565e-01
9.979596596390120089e-01
9.989732749396270650e-01
9.969526781529582937e-01
1.001121188925901961e+00
9.973807919103584441e-01
9.987468494669109464e-01
9.984980046703499923e-01
9.987726636193052787e-01
9.995909169732412058e-01
9.993095362822768113e-01
9.987976448390535333e-01
9.983596833343502119e-01
9.978881956743395065e-01
9.976567331387069526e-01
1.000989241877192626e+00
9.968486838118442162e-01
9.981909667369757155e-01
9.982323971380656635e-01
1.000774403582730399e+00
1.001730618009114115e+00
9.976137832444738063e-01
9.999287424797781432e-01
9.974725684126711789e-01
9.987616680893988130e-01
1.000973893600620501e+00
1.000473312551211302e+00
1.001034200005402663e+00
9.996578705124837816e-01
1.001480730232493510e+00
9.999742593540661417e-01
9.997390343060398310e-01
9.997391784947541327e-01
9.977623867364797672e-01
9.984604749324005324e-01
1.000756323173338735e+00
9.979549884793714742e-01
1.001047514900552438e+00
9.985578329427169386e-01
1.001289908024488806e+00
9.975531403910303796e-01
1.000101953013177392e+00
9.955474104941118840e-01
9.989517325255807823e-01
9.991925332216508027e-01
9.992248476101691645e-01
9.998341413994197291e-01
9.996776108285762019e-01
9.980959516273888443e-01
9.986410453277885235e-01
9.981691663476405241e-01
9.975663385719827358e-01
1.002167249933896942e+00
9.993192935917410979e-01
9.976134616149908707e-01
9.989614389770806735e-01
9.988960365687292731e-01
9.976014307350781207e-01
9.988692039716157156e-01
9.981644069278278186e-01
9.988605853841264759e-01
9.971252702919026767e-01
9.979379667281004229e-01
9.970761647523727067e-01
9.955713180958284392e-01
9.990574074846293451e-01
9.999747369709081068e-01
9.975405217076572795e-01
9.971519044842148682e-01
9.953025023881070243e-01
9.970240828626246721e-01
9.974136297399409656e-01
9.990447619556321879e-01
9.999131451522726977e-01
9.967088922746117907e-01
9.999571724088266444e-01
9.990607089772501892e-01
9.964198172023327471e-01
9.992896342639583374e-01
9.984393580471694341e-01
9.991451052883739692e-01
9.968806171291060281e-01
9.948928633494297236e-01
9.902257693765259550e-01
9.771237334721948331e-01
9.644859253348531114e-01
9.556863479707160547e-01
9.452076111028163696e-01
9.324109056022880093e-01
9.240878843173508939e-01
9.111019349066937778e-01
8.997294896485075189e-01
8.898544884633724505e-01
8.801293100871874220e-01
8.675944767468478647e-01
8.599070357621000360e-01
8.501032941640938034e-01
8.393029076918896436e-01
8.289389957046264801e-01
8.207764097236081025e-01
