0.000000000000000000e+00
0.000000000000000000e+00
0.000000000000000000e+00
0.000000000000000000e+00
0.000000000000000000e+00
0.000000000000000000e+00
0.000000000000000000e+00
0.000000000000000000e+00
0.000000000000000000e+00
0.000000000000000000e+00
0.000000000000000000e+00
0.000000000000000000e+00
0.000000000000000000e+00
0.000000000000000000e+00
0.000000000000000000e+00
0.000000000000000000e+00
0.000000000000000000e+00
0.000000000000000000e+00
0.000000000000000000e+00
0.000000000000000000e+00
0.000000000000000000e+00
0.000000000000000000e+00
0.000000000000000000e+00
0.000000000000000000e+00
0.000000000000000000e+00
0.000000000000000000e+00
2.473797518158888514e-02
4.619726918799777482e-01
1.609209345960426196e+00
2.054661275119085584e+00
1.524647234637557025e+00
8.585290604127052694e-01
4.802359937468473339e-01
3.320211710572608110e-01
2.825037279190673600e-01
2.667330791333034079e-01
2.700598393948063225e-01
2.747401634516053459e-01
2.692403450180138602e-01
2.504079209633036096e-01
2.500805193766104106e-01
2.762375310702016584e-01
3.306096398968497718e-01
4.344625955674056850e-01
5.744042495991298347e-01
7.377182036924649911e-01
9.130446478065197269e-01
1.090926797976920160e+00
1.233116376307595186e+00
1.358383552925391369e+00
1.451273796980827147e+00
1.526283636279079259e+00
1.564528843432803074e+00
1.569724923366035085e+00
1.496088805016782874e+00
1.390292408671504942e+00
1.283388045163233349e+00
1.157443071327017625e+00
1.044510222571764402e+00
9.807363389728143144e-01
9.312256054059100396e-01
9.090671746518713681e-01
8.872698356750388093e-01
8.773561034647956447e-01
8.845733851247259416e-01
8.935341836241835756e-01
8.931771148857649001e-01
9.277211237652668308e-01
9.260195403876883002e-01
9.487912284425819021e-01
9.553356912461795636e-01
9.747592089723016162e-01
9.879698443177892253e-01
1.007753094480143830e+00
1.014350208554244626e+00
1.010145800323274390e+00
1.030132994027907811e+00
1.023599449902312664e+00
1.023258570536588641e+00
1.010735986162176081e+00
1.003379322816538410e+00
9.930964981040997230e-01
9.926017134611894166e-01
9.807045439548537358e-01
9.827975096653737141e-01
9.818027014077590486e-01
9.770808653117047937e-01
9.758662168769729472e-01
9.715161477022726810e-01
9.845685298531993146e-01
9.964276388087131009e-01
9.988369910474186320e-01
1.008855037087450723e+00
1.012059738643508844e+00
1.016226989912197176e+00
1.015778863835619550e+00
1.018330907323141687e+00
1.014795217081710721e+00
1.014534474075910131e+00
1.009906118910085526e+00
1.006980339007844671e+00
1.005355729589983760e+00
9.966319894196236095e-01
9.942230482858855911e-01
9.947851053349324735e-01
9.957553610889841034e-01
9.921322453330359004e-01
9.907960787418561566e-01
9.952695690821422581e-01
9.896763232075830308e-01
9.967045074118524584e-01
9.958718057805714396e-01
9.869617486423684083e-01
9.962994348932530109e-01
9.966401929696389050e-01
9.942453445048300420e-01
9.922767170493732580e-01
9.932085903458169884e-01
9.942123931357715882e-01
1.000476161579709533e+00
1.000941885567311340e+00
9.992450583363732264e-01
9.949659336499168116e-01
9.948728106975536223e-01
9.970785571082960708e-01
9.953489309188104928e-01
9.954870753381959148e-01
9.970643204917556401e-01
9.987351352482195521e-01
9.941219443979576464e-01
9.984531199069390794e-01
9.914158301480403557e-01
9.925373370782551996e-01
9.942452574081312999e-01
9.917222281926019178e-01
9.945787924598279428e-01
9.920897483290112007e-01
9.955355834220925848e-01
9.977098317915067405e-01
9.967090202365300744e-01
9.932560618636000482e-01
9.964905267231677355e-01
9.982831229723280186e-01
9.941947436574831709e-01
9.960449065209400210e-01
9.925257086998557909e-01
9.985872673039840608e-01
9.954421697395289259e-01
9.943567982517443893e-01
9.982144326571680271e-01
9.944031837294847742e-01
9.977612865759806215e-01
9.985701972899896361e-01
9.988618475939611274e-01
9.966967543739544411e-01
9.966852141047377600e-01
9.969555165904327998e-01
9.925045905701472826e-01
9.966868886641867542e-01
9.967954161792071943e-01
9.966003530919866904e-01
9.986535189052619943e-01
9.936837176297929064e-01
9.961968909775646974e-01
9.988817950088076936e-01
1.000876074358325152e+00
9.965707148173447161e-01
9.960877128002829650e-01
9.950336237475069234e-01
9.977286678731429603e-01
9.984714220989826527e-01
9.936477738354604350e-01
9.979323546854718119e-01
9.990423894617842526e-01
9.991791011341324413e-01
9.953254076892935620e-01
9.966114186560520727e-01
1.000841553300061859e+00
1.000758330133543872e+00
1.002818794408827596e+00
9.998797949783680972e-01
1.003043515895483129e+00
9.984170429527287061e-01
9.964624739999616843e-01
9.998626111380373160e-01
9.972195051225820617e-01
9.981330368353560356e-01
9.973613739228079922e-01
9.989037475738965499e-01
9.989853913763998561e-01
1.000463250993431696e+00
9.999166828897053660e-01
9.991557113196652962e-01
9.986241048129049780e-01
1.000523156835483096e+00
9.996169149252646102e-01
1.000524210316512175e+00
9.987774353142522266e-01
9.991889527847868102e-01
1.000229849613758493e+00
9.988986425163823846e-01
9.972111513480322875e-01
1.001065533945909136e+00
1.000700746474097569e+00
9.995174390113658047e-01
9.988311636550503136e-01
9.980899507663495429e-01
9.987946227980847302e-01
9.997094304842751855e-01
9.957442704053688365e-01
9.984931785379622671e-01
9.962454628541630441e-01
9.981050489858452890e-01
9.961321512830259017e-01
9.995687480740680364e-01
9.967453845788052380e-01
9.990346314348415024e-01
9.969733968001044389e-01
9.997489174588318761e-01
9.954468210976801235e-01
9.978962549899306200e-01
1.000501865197392037e+00
1.000533160185886672e+00
9.997048487765624047e-01
9.991922769154727435e-01
1.000049929130796711e+00
9.995736768853900056e-01
9.982571753320019781e-01
1.000471622311984055e+00
1.001539495491914344e+00
1.000547311791254224e+00
1.000132355171363008e+00
9.988017543929545994e-01
1.002289047179641512e+00
1.001982915405761565e+00
1.000068527566688070e+00
1.001365288900071926e+00
1.001727296474057560e+00
1.000160328949161181e+00
1.001888246430409302e+00
9.977460616419140393e-01
1.001567012108158572e+00
1.001749174231670647e+00
9.992828702395970542e-01
9.998783731815318321e-01
9.998813034363321917e-01
9.985229899548624388e-01
1.000771905893607094e+00
1.000317109327533593e+00
9.999899697975365154e-01
1.000252701827178958e+00
9.985648524097676670e-01
9.993249102004374551e-01
9.968148281637622121e-01
9.985646303066071372e-01
9.989706806999573141e-01
9.986276598969601181e-01
1.000445954671033144e+00
9.972978822979786662e-01
1.000336705440923346e+00
9.982176595069647274e-01
9.991048264351751751e-01
9.965294604758777597e-01
9.883777245902266584e-01
9.788766780312267990e-01
9.652716773827364483e-01
9.551440345460142645e-01
9.444107409457737079e-01
9.341678492745512097e-01
9.219519983444541822e-01
9.121025196867545981e-01
9.031115018846462839e-01
8.905016994680911013e-01
8.779964677452107846e-01
8.711941457297769364e-01
8.586207647506485241e-01
8.488077181795582460e-01
8.396448264509706050e-01
8.272430697091626151e-01
8.177085071829585106e-01
