0.000000000000000000e+00
0.000000000000000000e+00
0.000000000000000000e+00
0.000000000000000000e+00
0.000000000000000000e+00
0.000000000000000000e+00
0.000000000000000000e+00
0.000000000000000000e+00
0.000000000000000000e+00
0.000000000000000000e+00
0.000000000000000000e+00
0.000000000000000000e+00
0.000000000000000000e+00
0.000000000000000000e+00
0.000000000000000000e+00
0.000000000000000000e+00
0.000000000000000000e+00
0.000000000000000000e+00
0.000000000000000000e+00
0.000000000000000000e+00
2.610005532267138174e-05
3.661389902133665997e-02
1.074368922796656856e+00
3.494052870943478606e+00
3.453000118277687047e+00
1.917121236591398326e+00
8.704698757645370488e-01
3.961934794518385261e-01
2.040500504441428442e-01
1.258818013508615219e-01
1.932572891948082239e-01
7.253225319627464307e-01
1.521733478679808682e+00
1.780810352086572568e+00
1.491204237178457070e+00
1.092033800950240385e+00
8.301203468326614487e-01
7.156973251491958177e-01
7.068012422824636598e-01
7.567127260464096006e-01
8.361704239434004649e-01
9.205630064665288881e-01
1.002831201049798615e+00
1.070254250364247595e+00
1.128417644681652510e+00
1.169110640834961634e+00
1.192273410454661509e+00
1.195124076139363778e+00
1.182436273901079860e+00
1.153172852192376752e+00
1.119063241248379192e+00
1.079893085513869977e+00
1.052546632112377978e+00
1.026022615183241893e+00
1.001132359469539601e+00
9.802811943980043186e-01
9.606215922732768142e-01
9.480390482939166086e-01
9.353345652044459113e-01
9.305334203744949351e-01
9.299224018839308270e-01
9.325583682831329879e-01
9.428357893615062491e-01
9.493366682185784278e-01
9.604125019475756586e-01
9.708604234659221621e-01
9.794142747299592333e-01
9.860612710755414234e-01
9.909726426145964995e-01
9.990584408670831751e-01
1.002827919311425342e+00
1.005090496927409704e+00
1.007708482968213026e+00
1.010057573945333020e+00
1.012176215968545456e+00
1.014088789320527262e+00
1.013632779750115231e+00
1.013694463360990783e+00
1.013163234903472043e+00
1.010332965346991019e+00
1.009687165507005435e+00
1.007095548016764708e+00
1.005922211739487482e+00
1.003582797773041602e+00
1.002125711637405381e+00
1.001229443791185503e+00
1.001670970718586018e+00
9.978624830641342758e-01
9.983619624485390309e-01
9.966007974377913969e-01
9.953697783190721404e-01
9.960022934373595760e-01
9.949568555727756891e-01
9.956718800507234901e-01
9.947881747045185241e-01
9.947862993676140908e-01
9.946980849704392114e-01
9.945501683830610951e-01
9.965002637607746072e-01
9.969713552608114870e-01
9.979400865796882458e-01
9.962738582569836687e-01
9.981699621929699395e-01
1.000531701766747883e+00
1.000166893145892910e+00
1.001242691435990206e+00
1.000980886600978392e+00
1.002444655595201795e+00
1.002530952094556005e+00
1.003241090566566740e+00
1.002320718468068250e+00
1.002602976532236845e+00
1.001966189634394988e+00
1.002888239036691109e+00
1.001527928106711540e+00
1.001065818681444286e+00
9.993641277568260373e-01
1.000343544019668407e+00
9.985832153341861472e-01
9.995009801078551526e-01
9.983023204104977122e-01
9.997208120171584556e-01
9.986141111850559415e-01
9.995543990801797340e-01
1.000188530884779103e+00
9.992553638333578903e-01
1.000177714780120963e+00
9.992719572006817375e-01
9.999431000401194369e-01
1.000356997042049167e+00
1.001267297464733641e+00
1.001428436286530221e+00
1.001607203341528640e+00
1.001201968087969796e+00
1.001285343906284986e+00
1.001456480077197675e+00
1.001908459998333001e+00
1.000702532197561112e+00
1.001152036057256112e+00
1.001489234293331254e+00
1.001626792261098409e+00
1.000647874073764099e+00
1.000408347973716472e+00
9.996717947278930261e-01
9.996557320730602436e-01
9.999143765876491452e-01
9.992289008316836973e-01
9.995514049900690035e-01
9.993540037669406129e-01
9.993787146508426034e-01
9.993670812102464218e-01
9.988102894953129196e-01
9.999098237611824258e-01
9.987595936064097568e-01
9.989993203545557421e-01
1.000009834054930824e+00
1.000380443466658331e+00
1.000699742429686179e+00
9.999114738104354361e-01
1.000629618816623712e+00
1.001052979817639743e+00
1.001311554865367270e+00
1.000612179905754351e+00
1.001331947894952279e+00
1.001378336692267945e+00
1.001617046472318417e+00
1.000976627901171589e+00
1.001212651029646628e+00
1.000590895628461041e+00
1.000463556771191032e+00
1.000253186211144563e+00
9.999028402675025351e-01
1.000758693133460220e+00
9.999294239997670308e-01
1.000076040796841204e+00
1.000288144416879188e+00
9.999884033108119574e-01
1.000246311405323274e+00
9.996806011165981776e-01
9.995418908528426183e-01
1.000206903542131265e+00
1.001131309633066069e+00
9.998151547725586674e-01
1.000218879065376321e+00
9.997763271525397233e-01
1.000714111542226892e+00
1.000147272849226443e+00
1.000224427330609123e+00
1.000456384862886905e+00
1.001044917026092440e+00
1.000708048215434687e+00
1.000624404092864017e+00
9.995609422144425826e-01
1.000338541774827616e+00
1.000267541517441794e+00
1.000301793522824001e+00
1.000035072105012635e+00
1.000169645080343672e+00
1.000397484593564368e+00
1.000198388588594778e+00
1.000211921585592245e+00
1.000498806778698846e+00
1.000591066278207153e+00
9.999840251750514719e-01
1.000578255693358898e+00
1.000922388981565048e+00
9.999541064884589492e-01
1.000273734593249086e+00
1.000677263900512814e+00
9.998920939113232764e-01
1.000169620646096158e+00
1.000315291117568783e+00
1.000743124937350625e+00
9.999983483635407344e-01
9.999541509885628843e-01
1.000664164532839795e+00
1.000298409743095140e+00
9.996934449492127506e-01
1.000024812829908516e+00
1.000310251802658534e+00
1.000126989137918532e+00
1.000337590921353437e+00
9.999175403145154073e-01
9.998969389679194242e-01
1.000202604380820093e+00
1.000543142802617913e+00
9.993137627776709220e-01
1.000361742392481101e+00
1.000323562373077069e+00
1.000582366618651520e+00
1.000678961782187404e+00
1.000053443916540941e+00
1.000448456112678075e+00
1.001163929552621124e+00
9.996959594249598124e-01
9.994431021324967634e-01
1.000102408733360981e+00
1.000163805360479774e+00
9.998846664544981389e-01
1.000105861382474259e+00
9.996804363974953755e-01
9.996174069131835704e-01
9.998587106238236988e-01
1.000051146114735001e+00
1.000181388068885902e+00
1.000033323034871913e+00
9.999799470865481377e-01
1.000201213373052678e+00
1.001025481167627795e+00
9.993862976246755681e-01
9.999408841307407814e-01
9.996913948146401996e-01
9.999788807908913668e-01
1.000012805373035052e+00
1.000434448039376312e+00
1.000442420617994266e+00
1.000081942918862987e+00
9.999888232007434485e-01
1.000252205276471518e+00
1.000054103515582549e+00
9.996665985056374382e-01
1.000025353589208743e+00
9.992306147475474853e-01
9.910147147770619336e-01
9.795024650253754128e-01
9.685434423695419293e-01
9.577641901004755320e-01
9.467337744371799868e-01
9.350163950743936025e-01
9.250351158135075025e-01
9.136586461926226033e-01
9.029435772994059972e-01
8.921653612731542671e-01
8.814359441726280497e-01
8.713897006457100858e-01
8.605711904761849107e-01
8.507712726612688403e-01
8.401593556197995971e-01
8.299407281191867325e-01
8.199360272568304575e-01
