0.000000000000000000e+00
0.000000000000000000e+00
0.000000000000000000e+00
0.000000000000000000e+00
0.000000000000000000e+00
0.000000000000000000e+00
0.000000000000000000e+00
0.000000000000000000e+00
0.000000000000000000e+00
0.000000000000000000e+00
0.000000000000000000e+00
0.000000000000000000e+00
0.000000000000000000e+00
0.000000000000000000e+00
0.000000000000000000e+00
0.000000000000000000e+00
0.000000000000000000e+00
0.000000000000000000e+00
0.000000000000000000e+00
0.000000000000000000e+00
0.000000000000000000e+00
3.521481018216018888e-02
1.037688439229480952e+00
3.423523377950627111e+00
3.398934300768744254e+00
1.886619953741923705e+00
8.541670820787887752e-01
3.921185434077948395e-01
1.960092537065464269e-01
1.205730585013505690e-01
1.811318355066790231e-01
6.900630783325485407e-01
1.451862412505732891e+00
1.726332078208625109e+00
1.440738890476124245e+00
1.048121092538960353e+00
7.881840004612438166e-01
6.623407490918727936e-01
6.448733073441368369e-01
6.968594447525716662e-01
7.842089567243958337e-01
8.843866740030652540e-01
9.730838859489745474e-01
1.061384826171809292e+00
1.128012957854298781e+00
1.180607626188734383e+00
1.214257292059782722e+00
1.225906567886862142e+00
1.217355548052565295e+00
1.190887613823341518e+00
1.151867358282187670e+00
1.103152387137400048e+00
1.060679064969350716e+00
1.034534202763550015e+00
1.010151348750679690e+00
9.825864710607574715e-01
9.666617556715044746e-01
9.561704013578214978e-01
9.435754444655964912e-01
9.323757032328423566e-01
9.298129126203293904e-01
9.256639922669467335e-01
9.339247879350530690e-01
9.370647184281680753e-01
9.475874954128937766e-01
9.580160092663453364e-01
9.676060763501899142e-01
9.819713957398739090e-01
9.922395003475061870e-01
1.002485751499101907e+00
1.008482649720709112e+00
1.016084949932386516e+00
1.020233775341987892e+00
1.022863573013084171e+00
1.022773745073740415e+00
1.022780939887284912e+00
1.020663415601888779e+00
1.017694553565772653e+00
1.015527222275523833e+00
1.009535516660915899e+00
1.006647933407462947e+00
1.004624741319536385e+00
1.004114797102431789e+00
1.001467594294020547e+00
1.001064356986804071e+00
9.991965940930749301e-01
9.999915991078450750e-01
9.986731732081246538e-01
9.999106815263903991e-01
9.996246302386284643e-01
9.993019682220829480e-01
9.958143355562425469e-01
9.982309078012480130e-01
9.979976847886724567e-01
9.984239887592438745e-01
9.972632738354318960e-01
9.971279344133205935e-01
9.968316492483481062e-01
9.991260666735061191e-01
9.984113087271057063e-01
9.972401906841242836e-01
9.976485356483474343e-01
9.974867747026481268e-01
9.986381093024976341e-01
9.994507361970128567e-01
9.998683810221247192e-01
1.001483715026309840e+00
1.001773521525201716e+00
1.001661961325430727e+00
1.003189911981224647e+00
1.001752728842552065e+00
1.001415446184374503e+00
1.002528140373609489e+00
1.001843263054361000e+00
1.000269848532845174e+00
1.001546169444472056e+00
1.000815442473165229e+00
1.003170062407122032e+00
1.002246885688782063e+00
1.002012987685519940e+00
9.992911691532786467e-01
1.001541098189254742e+00
9.993676440324756882e-01
1.001358158892760031e+00
9.998490481925572659e-01
9.995541454147029992e-01
9.997499907806212116e-01
9.998602528549904722e-01
9.993971020952202577e-01
9.993823025264214621e-01
9.992942900719656851e-01
9.989734785938384487e-01
1.000681532327293954e+00
1.000103650566306346e+00
9.996472996512403286e-01
1.000560821412454837e+00
1.000216228985543188e+00
9.999027621114562336e-01
1.001027090405775866e+00
1.001954374717512586e+00
9.995391443008797561e-01
1.001260783659629228e+00
1.000086236683570329e+00
1.000604460828984799e+00
1.000044058099458288e+00
9.997037135154911436e-01
1.001137465135584215e+00
1.001137455346787997e+00
1.000540639113097097e+00
9.998379394205775261e-01
1.000174540707522652e+00
1.000287009205559352e+00
1.000668650954408045e+00
1.000601152301687780e+00
9.992634768342181228e-01
1.000634229983695000e+00
1.000780851216593437e+00
1.000884918501283583e+00
1.000244674790937260e+00
1.000577062626817337e+00
9.993772835853766967e-01
1.000435274223895110e+00
1.000412342401692189e+00
9.998892356162045747e-01
9.996240752321764456e-01
9.997605729402063712e-01
1.001643635426211931e+00
1.000181131878135066e+00
1.000432254904749296e+00
9.998963211725035993e-01
1.000498393804368780e+00
1.000307545072248949e+00
1.001076397159138542e+00
1.000974503616826494e+00
9.998947945039405871e-01
9.995060700182003544e-01
9.998532969864352138e-01
1.000443708123050834e+00
1.000378778876318986e+00
1.000121000488592315e+00
1.000288446583950774e+00
1.001658662488762452e+00
1.000818495729896451e+00
1.000155227108152411e+00
1.000126523231959386e+00
9.998917726124535443e-01
1.000351997776605550e+00
1.000007067713406306e+00
9.996924784422726029e-01
1.000234185574975898e+00
1.000561522862392305e+00
9.995086123509624443e-01
1.000661192517340981e+00
9.998373359563931251e-01
1.000043474698038448e+00
1.000515368291747142e+00
1.001536609032209091e+00
1.000384482090490579e+00
1.001242072823979701e+00
1.000737568361082186e+00
1.000757750905835408e+00
9.989121505469408246e-01
9.998367568351312906e-01
9.997098546973467448e-01
1.001565499566805073e+00
1.000296921410387174e+00
1.000076790844699914e+00
1.000313828860493359e+00
9.995877215741374444e-01
9.996162477494824339e-01
9.996883775230205327e-01
9.994379191635178739e-01
9.999137296141997755e-01
1.000562306441501015e+00
1.000247711274476092e+00
1.000805742645671570e+00
1.000563242758638616e+00
1.001458242131973542e+00
9.991483209108963370e-01
1.000468628044585806e+00
1.000558810228837192e+00
9.998911738363814861e-01
1.000699974456757957e+00
1.000647243671668241e+00
9.999842709380225569e-01
1.000398473816198175e+00
9.997426111407862193e-01
1.001048981144058159e+00
1.000372330601473791e+00
9.988848670118546380e-01
1.000669326229782552e+00
9.996021525270379904e-01
9.999178089957670990e-01
1.000037000976456758e+00
1.000125980775398160e+00
9.998810615285247394e-01
1.000310862688914559e+00
1.000661904159088511e+00
1.000080187666180009e+00
1.000304982036795298e+00
1.000848842341266476e+00
1.000361725432340920e+00
1.001062761477652829e+00
9.999591907882533492e-01
1.000561813264433830e+00
1.000327751866610271e+00
1.000034174849238733e+00
9.998830433868471923e-01
9.999542059532644522e-01
1.000157475181502775e+00
9.992666035940100944e-01
1.000652380881564385e+00
9.999416340372478951e-01
9.996357149584165214e-01
9.995606556442687696e-01
1.000592237260305994e+00
9.999880406943698619e-01
1.000120719789738821e+00
1.000146080474936916e+00
9.992940115203684526e-01
9.991769343546519355e-01
9.998586353798096793e-01
9.996195794906727050e-01
9.997777813753867537e-01
1.000910913165925509e+00
1.000284176648098766e+00
9.999866721821619731e-01
1.000367003909554908e+00
1.000267931709172053e+00
1.000322642366860748e+00
1.000944284162020415e+00
9.996486290916491990e-01
9.994726545616495761e-01
9.993923584267501159e-01
9.999572099472348041e-01
1.000079270042167456e+00
1.000455085548112688e+00
9.997456295491957690e-01
9.997973377487312518e-01
9.998122657913511846e-01
