0.000000000000000000e+00
0.000000000000000000e+00
0.000000000000000000e+00
0.000000000000000000e+00
0.000000000000000000e+00
0.000000000000000000e+00
0.000000000000000000e+00
0.000000000000000000e+00
0.000000000000000000e+00
0.000000000000000000e+00
0.000000000000000000e+00
0.000000000000000000e+00
0.000000000000000000e+00
0.000000000000000000e+00
0.000000000000000000e+00
0.000000000000000000e+00
0.000000000000000000e+00
0.000000000000000000e+00
0.000000000000000000e+00
0.000000000000000000e+00
2.815300763749307495e-05
3.427232009041596139e-02
1.039645159214124703e+00
3.416294814908796162e+00
3.405660463800848525e+00
1.891867187061307964e+00
8.553386994716395408e-01
3.913867820663122776e-01
1.954663965310286800e-01
1.186306782035567720e-01
1.798704827744793122e-01
6.877074137008543087e-01
1.455320720567758297e+00
1.716559264248335159e+00
1.439801257858313477e+00
1.055401414963687001e+00
7.890139331200523021e-01
6.649168370775071502e-01
6.472715869562262192e-01
7.010825842428338728e-01
7.821241015119206885e-01
8.813676575338127428e-01
9.749912096584740784e-01
1.055899844288385347e+00
1.127016965958841377e+00
1.184269385961622012e+00
1.211015368671101156e+00
1.226148505451060799e+00
1.218191604958145602e+00
1.185564650842281464e+00
1.147501079716148231e+00
1.107466250641441441e+00
1.066422809843465380e+00
1.035721822855504293e+00
1.007277678234393736e+00
9.840808001258150028e-01
9.671385420920177722e-01
9.536450743494527815e-01
9.443160208369328901e-01
9.347287743485975797e-01
9.310513755708287320e-01
9.293436910259641470e-01
9.313945247926647131e-01
9.366396934712700739e-01
9.491858675896964748e-01
9.560239221809402332e-01
9.718436775211679590e-01
9.832718829528517279e-01
9.906071377682841295e-01
9.990015288658602444e-01
1.012395866263894773e+00
1.015889549521827862e+00
1.018744328196385718e+00
1.022285773232826322e+00
1.024319161097710484e+00
1.021540639695498687e+00
1.017650775067273861e+00
1.015451675856081426e+00
1.016460812742389974e+00
1.011822607180299149e+00
1.005375207075638322e+00
1.005155124738251970e+00
1.003583525216051431e+00
9.999690256005533406e-01
1.000028380988880583e+00
1.001504227985439366e+00
9.985405275194829677e-01
1.000418665567742060e+00
9.995879111021130914e-01
9.990340323103358289e-01
9.979614410295684079e-01
9.991016816988560478e-01
9.969544077414781436e-01
9.969081133450944376e-01
9.984043230282266812e-01
9.970129897722836976e-01
9.972641688881511701e-01
9.962170014601702261e-01
9.990511730061426565e-01
9.977678956625130047e-01
9.960237775189985099e-01
9.985306747402621363e-01
9.981932235676407306e-01
1.000958583185882045e+00
9.995503596817774117e-01
1.000159943321456080e+00
1.000702014114096094e+00
1.002176051883743035e+00
1.002680703402399454e+00
1.001792517516214787e+00
1.001728725949569743e+00
1.002209822615719448e+00
1.003473631616931705e+00
1.002379384758755654e+00
1.002023447804321066e+00
1.002092132791220891e+00
1.001442330223215604e+00
1.000413451188171265e+00
1.000662891985053315e+00
1.000606688070453387e+00
1.000529119394151234e+00
1.000971151237065593e+00
9.985967300142456482e-01
9.995243988067298302e-01
9.990618213986982576e-01
1.000767197926264673e+00
9.989989098007562296e-01
9.992386620288169485e-01
9.984818557711920839e-01
9.978430722610484027e-01
9.991451523048142658e-01
1.000095976136329279e+00
1.000294891303065592e+00
9.994033306417229312e-01
1.000238679896570337e+00
9.999106533799890784e-01
1.000508410042066920e+00
1.001465563024373839e+00
9.985096362385029733e-01
9.999570537014959015e-01
1.000020456807249936e+00
1.000707823148676123e+00
1.002417924914446035e+00
9.990767423032108629e-01
1.001437386006222008e+00
9.998588597376021347e-01
9.995556656149076069e-01
1.000755772384963604e+00
9.991327596762293872e-01
1.000057909877009266e+00
1.000469093724377645e+00
9.997678625034527311e-01
1.000297478000970797e+00
1.000480004479874507e+00
1.000105160336049570e+00
1.000822971959553609e+00
9.995000603333809019e-01
9.999134168363943420e-01
1.000866835119151865e+00
1.000428404771340762e+00
9.988780932109422306e-01
1.000626453771443325e+00
1.000667271946704240e+00
9.997751226312068251e-01
1.000316171724539682e+00
9.991481259581153074e-01
1.000108423063378327e+00
1.000308322384584780e+00
9.998843420615829425e-01
9.989254935032773064e-01
1.001151297695582976e+00
9.996463479694579490e-01
1.000698436010386327e+00
1.001277327481429946e+00
1.001353177343567546e+00
1.000463257121149363e+00
9.991476832701764454e-01
1.000578322185834423e+00
1.000373720980565873e+00
1.001226963672124270e+00
1.000891421226176803e+00
1.001007970365815014e+00
1.000631005163512333e+00
1.000126341455443102e+00
1.000344072826285791e+00
1.000124576416540956e+00
1.001308317829202821e+00
1.000228215593049086e+00
1.000103075462061897e+00
9.992437211555413867e-01
1.000559475744407179e+00
9.998178436724393103e-01
1.000077759814781642e+00
1.000421290165576904e+00
1.000485165084380013e+00
9.993789858823203254e-01
1.000654702229243798e+00
9.997756519404438214e-01
1.000956170309286408e+00
1.001242447107172140e+00
9.997502293489198832e-01
1.000290067431023333e+00
1.000493760608927252e+00
1.000189597457593838e+00
1.000042444353330673e+00
9.994882541902033735e-01
9.996257091147219276e-01
9.996163208744806017e-01
9.986288732561143799e-01
9.994533488148183986e-01
1.001066850370480044e+00
1.000122615560536277e+00
1.000333792169268543e+00
9.997460370783269878e-01
1.000486484588803515e+00
1.000882545287619774e+00
1.000625863908051860e+00
1.000084237616116756e+00
1.000370248709845811e+00
9.998897203662168165e-01
1.000488481974723065e+00
1.000051194085461059e+00
1.000338289919062040e+00
1.000212853937780144e+00
1.000644622555356023e+00
9.999505479692262222e-01
1.000679884764434036e+00
1.000434416684710115e+00
9.999335928575832089e-01
9.996509705254887912e-01
1.000341555195352949e+00
9.992819274022420872e-01
1.000858902756380564e+00
1.000214980599113179e+00
9.994828849553523131e-01
1.000688545206609437e+00
1.000922447159222406e+00
9.996074846035782890e-01
9.996319837531957297e-01
1.001256291903689144e+00
9.993031618366738922e-01
9.996237205204201448e-01
1.000335048486446166e+00
1.000717396695225192e+00
1.000036720024854775e+00
9.999196958416189940e-01
1.000279958287675797e+00
1.000142568308185487e+00
1.000948384794722257e+00
1.000341604587272393e+00
1.000205366147662867e+00
1.000539651676311204e+00
1.000858619230398094e+00
9.995926699746578992e-01
1.000182337723080517e+00
1.000153539298356264e+00
9.999490989525355866e-01
1.001066004850116764e+00
1.000226321109632277e+00
9.999136291527529474e-01
1.000133053717081388e+00
9.996668764047432765e-01
9.998670803775604465e-01
9.999566242854405207e-01
9.998854868736157808e-01
9.998994425524870833e-01
1.000217604685598616e+00
1.000423692374860174e+00
1.000544632180408122e+00
9.997320607154166483e-01
1.000882868755793798e+00
1.000119439769686647e+00
1.000477213931204590e+00
1.000181374693618785e+00
1.000113467153379343e+00
1.000129015570659252e+00
1.000132108687605159e+00
9.998288867318525508e-01
1.000234575372423773e+00
1.000613717785401979e+00
