0.000000000000000000e+00
0.000000000000000000e+00
0.000000000000000000e+00
0.000000000000000000e+00
0.000000000000000000e+00
0.000000000000000000e+00
0.000000000000000000e+00
0.000000000000000000e+00
0.000000000000000000e+00
0.000000000000000000e+00
0.000000000000000000e+00
0.000000000000000000e+00
0.000000000000000000e+00
0.000000000000000000e+00
0.000000000000000000e+00
0.000000000000000000e+00
0.000000000000000000e+00
0.000000000000000000e+00
0.000000000000000000e+00
0.000000000000000000e+00
0.000000000000000000e+00
3.519249344114900452e-02
1.032479894628811845e+00
3.417029411041053510e+00
3.409480741449905317e+00
1.884411990520646674e+00
8.603625903280550657e-01
3.883218880626368441e-01
1.961294692666858686e-01
1.218351237058693248e-01
1.849008846293269670e-01
6.883744415559249763e-01
1.455772596793390772e+00
1.720767694815932281e+00
1.440574707403533106e+00
1.048941602562710740e+00
7.840208839094410243e-01
6.610813661986422174e-01
6.447337820726823931e-01
6.967346724031447947e-01
7.854072517155298305e-01
8.777428982490839138e-01
9.757489435334831818e-01
1.067924508760467184e+00
1.128141860258193407e+00
1.177631065436312019e+00
1.214665870998254071e+00
1.228296776393890122e+00
1.217654963218302688e+00
1.190679772585654161e+00
1.152744802232882559e+00
1.105824913592789560e+00
1.068526866958570576e+00
1.032914851435007275e+00
1.009866953948882484e+00
9.867384570819035527e-01
9.663366263232542330e-01
9.518214625675767149e-01
9.407105023738878691e-01
9.355976334228675029e-01
9.272065774252022941e-01
9.289381392016569094e-01
9.299101025634471940e-01
9.333076312315751188e-01
9.481023234316392490e-01
9.593932185275206859e-01
9.723841097313985493e-01
9.810733163586587979e-01
9.899689019964081904e-01
1.001209651581913551e+00
1.009976407280672506e+00
1.011925252562076105e+00
1.020776727251442972e+00
1.021134197000108434e+00
1.020960812446263244e+00
1.023399273065169535e+00
1.021633989443175849e+00
1.016896823231742131e+00
1.014362062619212246e+00
1.013166222846720421e+00
1.007366064881584089e+00
1.006417787738239866e+00
1.004962838744196230e+00
1.001180591458288305e+00
9.998947662360367916e-01
1.000050381941655298e+00
9.987956942312725683e-01
9.986363428680500309e-01
9.970425845167402157e-01
9.974692959398495651e-01
9.968030762129148625e-01
9.982165013639922035e-01
9.980389418030395365e-01
9.962118196741905907e-01
9.983406945894187645e-01
9.950103131439632653e-01
9.980022248329767365e-01
9.976651182736003820e-01
9.960309550291022163e-01
9.952436420475160306e-01
9.985022244036154682e-01
9.984914596689079547e-01
9.992465816537459133e-01
9.986239673800666461e-01
9.981307985878589140e-01
1.000858759224485306e+00
1.005049938629761330e+00
1.001200142304507379e+00
1.001444621794621792e+00
1.002844178014912879e+00
1.003906332573766935e+00
1.002697426594113539e+00
1.002756974186353789e+00
1.001798769726932825e+00
1.002462371410903330e+00
1.002284210518145757e+00
1.001802357908741614e+00
1.000605637712512985e+00
1.003013506690987544e+00
9.998507416462191211e-01
1.000527572460737868e+00
1.000028756751448977e+00
1.000139671426173438e+00
1.000017650145031745e+00
9.999459881918354442e-01
9.998184673289557400e-01
9.991782666028505844e-01
9.986205054167522910e-01
9.987219810216824145e-01
1.000421597505271709e+00
9.996617905091850220e-01
1.000657524169594526e+00
9.998735382866839050e-01
9.999929454615290592e-01
1.001581085258818504e+00
9.994977755986612644e-01
1.000699872282834857e+00
1.000754348299242702e+00
1.001634737871324621e+00
1.000417438278877302e+00
9.998030072527649414e-01
1.001754682502346228e+00
1.000603567296879604e+00
1.001108472893269319e+00
1.000831939683239469e+00
1.001866618000636588e+00
1.001260452976020510e+00
1.001081607779471971e+00
1.000533914862311580e+00
1.001329232181621176e+00
9.995989695849678558e-01
1.001167348124554879e+00
9.995961262207959663e-01
1.000321602773304397e+00
1.000314726114850172e+00
1.000716626098635542e+00
1.000196212346811331e+00
9.998193863608378917e-01
9.987580243555345128e-01
1.000012093512621103e+00
1.000902523240920772e+00
1.000312024725152238e+00
1.000393895912893072e+00
1.000758380670798919e+00
1.000119817352876028e+00
1.000898718108926833e+00
1.000541242184962210e+00
1.000860087480713423e+00
9.999702009146026471e-01
1.000187916060315541e+00
1.000818691609708599e+00
1.000131055759246879e+00
1.000472433993455201e+00
9.998035480268074870e-01
1.000366359048772136e+00
9.994069983416316028e-01
1.000399221309529407e+00
9.994811342634106754e-01
1.000610837817128118e+00
9.997664234434473496e-01
1.000391350482414454e+00
1.000300027470339082e+00
1.000866179834281722e+00
1.000485843675009479e+00
1.000588439931980433e+00
1.000424008874956305e+00
1.001245927813073866e+00
9.993014093154063415e-01
9.998301563693692273e-01
1.000154957464958416e+00
9.993732107383861418e-01
9.992941493450916424e-01
9.998962973524530007e-01
9.992749359574167878e-01
9.991521644985422723e-01
9.998589745514856464e-01
1.000213986864899374e+00
1.000159722819476293e+00
1.000098579235218832e+00
1.000259258147083274e+00
1.000775556439116309e+00
1.000158106959868398e+00
1.000487394405093156e+00
1.001099040124001194e+00
1.000347536048641794e+00
1.000335687630050874e+00
9.997233329910839572e-01
9.995827364040810181e-01
9.989842130774859719e-01
1.001234470792178310e+00
1.000268522332685928e+00
1.000197077277836355e+00
9.995254359516725362e-01
9.995718544917928661e-01
9.998740431960468911e-01
1.000587514311225723e+00
9.997854113550717070e-01
1.000425362830992926e+00
9.989899853640823446e-01
1.000650908991551624e+00
9.996506882767371982e-01
1.000932072769932457e+00
1.000081805740109742e+00
1.000072843900496000e+00
1.001073784502825470e+00
1.000609110831991888e+00
9.990532698058804950e-01
9.999532447193111295e-01
9.995323337339905301e-01
1.000667928834238385e+00
9.998308432547272639e-01
9.997803023745890361e-01
1.000697758187768294e+00
1.000109711056237582e+00
9.998854124447249525e-01
9.999398317978707151e-01
1.000075633723331858e+00
1.000732976802563901e+00
1.000087164098376835e+00
9.995819387212729890e-01
9.992447781209674584e-01
1.000897803758967308e+00
9.999814874734587189e-01
1.000617883044079948e+00
1.000239611846623466e+00
9.997968907697407648e-01
9.992442857692320768e-01
9.997269470428905569e-01
9.997664094487856978e-01
1.000208624151757375e+00
9.994851887094529097e-01
1.000269021081300114e+00
1.000152192509418780e+00
1.000337895008011069e+00
9.999310320447043487e-01
1.000071238227339121e+00
9.999170864204103282e-01
1.000196132145594552e+00
9.998051193663802794e-01
1.000332906824835888e+00
9.995481043881478955e-01
1.000955727643059401e+00
9.999389518941784738e-01
1.000500379289546604e+00
1.000416342654317559e+00
9.996274135965079743e-01
1.000430028770774138e+00
1.000192738400906389e+00
1.000190483115571682e+00
9.999554400926259357e-01
9.997636441718397160e-01
9.994172703724204521e-01
1.000340149144523627e+00
9.996769700358860700e-01
9.996731163693947098e-01
1.000752940611546071e+00
1.000266839152485376e+00
1.000551353728606374e+00
1.000505215281743965e+00
1.000512132666747878e+00
