0.000000000000000000e+00
0.000000000000000000e+00
0.000000000000000000e+00
0.000000000000000000e+00
0.000000000000000000e+00
0.000000000000000000e+00
0.000000000000000000e+00
0.000000000000000000e+00
0.000000000000000000e+00
0.000000000000000000e+00
0.000000000000000000e+00
0.000000000000000000e+00
0.000000000000000000e+00
0.000000000000000000e+00
0.000000000000000000e+00
0.000000000000000000e+00
0.000000000000000000e+00
0.000000000000000000e+00
0.000000000000000000e+00
0.000000000000000000e+00
3.334394855534761326e-05
3.727212773484965547e-02
1.068371425171275924e+00
3.492757773720197356e+00
3.415566356729200947e+00
1.891024792369085716e+00
8.536062699158715184e-01
3.858513819697312330e-01
1.947831085756539515e-01
1.191592103369610994e-01
1.861068236300143230e-01
7.156416565372805128e-01
1.496393508995910615e+00
1.751089128698145814e+00
1.466607460426194276e+00
1.070439854496499255e+00
8.008653424958945832e-01
6.879208006421253518e-01
6.742272253114228731e-01
7.266106018127432842e-01
8.079703016073294108e-01
9.002978073850862462e-01
9.850446823203916624e-01
1.066588318039126460e+00
1.128406973192452423e+00
1.178381135911295896e+00
1.203202484739354095e+00
1.213258111505201020e+00
1.200157670501802665e+00
1.170255543470703152e+00
1.129801552988033864e+00
1.092636072760464705e+00
1.063292830276675982e+00
1.030467791283507184e+00
1.001897207122416589e+00
9.812387469247053629e-01
9.655927849433512122e-01
9.481622063091688091e-01
9.384133961093702458e-01
9.323615509029679060e-01
9.320636869911259614e-01
9.304842228596778009e-01
9.353233290175702042e-01
9.447442806269659155e-01
9.524958061130984754e-01
9.622756408442657561e-01
9.776599052849168636e-01
9.846696261614288348e-01
9.918046536839715266e-01
1.000413633373151923e+00
1.005648619108121089e+00
1.009809381039078913e+00
1.012228967313170580e+00
1.014849595960338302e+00
1.017317983016963634e+00
1.017621084120056807e+00
1.018153508392266815e+00
1.016542846857911409e+00
1.012322468424687871e+00
1.010091431518179261e+00
1.010121547520830720e+00
1.006326514286270957e+00
1.006033494970464348e+00
1.002570116102566189e+00
1.002939188125553160e+00
9.991727649129369393e-01
1.001213733583421694e+00
9.994740733153504308e-01
9.968841016223860541e-01
9.961158384439980917e-01
9.960696809262757911e-01
9.969284303665769675e-01
9.964748102485397885e-01
9.958869712686105879e-01
9.959795994686874154e-01
9.952068546951782224e-01
9.951144655232666558e-01
9.962185674541128577e-01
9.944922308517266663e-01
9.974221887825425181e-01
9.994744226254539399e-01
9.974256676484243300e-01
9.983391083967732005e-01
1.000225075032209254e+00
9.987651961796680800e-01
1.001852393631221139e+00
1.002068575932572259e+00
1.001229540212964952e+00
1.001866036201446875e+00
1.003434531199374646e+00
1.003334971204679960e+00
1.002198211590848320e+00
1.002267031471127945e+00
1.002137045208777000e+00
1.002249419803232566e+00
1.001671338154074942e+00
9.997880997725651087e-01
1.000930478198602591e+00
1.000656920256725702e+00
9.986471201341701187e-01
9.988873264430117027e-01
9.995226786742454905e-01
9.988582507238723540e-01
1.000199529157568712e+00
9.993598484351884359e-01
9.987237036906921883e-01
9.993564566218648970e-01
9.997495713896319414e-01
1.000503875790789143e+00
1.000306750390164590e+00
1.000438851476847191e+00
1.000503533668320566e+00
1.001352806595836142e+00
1.000819574105544119e+00
1.001719638854753347e+00
1.001231917160937623e+00
1.002069217076281271e+00
1.001491261077871009e+00
1.000949303458580797e+00
1.000500676961466606e+00
1.000757142048086523e+00
1.000910644398514515e+00
1.000106465688882951e+00
9.991784082383382559e-01
9.996105558123435930e-01
9.993975704708205621e-01
9.997003046394028480e-01
9.991747095173671989e-01
9.986688452334285815e-01
9.996641805690377192e-01
9.992077848526939032e-01
9.996340776488686908e-01
9.980980748629014743e-01
9.993434503018813198e-01
9.997182737348810910e-01
9.998909895933911773e-01
1.000207139460367545e+00
1.000678467266001404e+00
1.000259408269083661e+00
9.999514812127755503e-01
1.000618443037097682e+00
9.998308616579432151e-01
1.000231731625770060e+00
9.998790235241707958e-01
1.000548609423911328e+00
1.000868852965672184e+00
1.000446693364258399e+00
9.998128730832763766e-01
1.000762463923066559e+00
1.001014224680631504e+00
9.995170615764848998e-01
9.999756437830717992e-01
1.000867019316481477e+00
9.995129549687117310e-01
9.990290062633382373e-01
9.991011428984251097e-01
9.993106428885715209e-01
1.000208256778393867e+00
1.000402196411503519e+00
1.000549967895793202e+00
9.995638373330619775e-01
9.996671610516784101e-01
1.000005294382872556e+00
1.000659428134559326e+00
9.998988223446242385e-01
1.000035459623496825e+00
1.000282127807425425e+00
1.000549379841191522e+00
1.000067351675339333e+00
9.999684840163548527e-01
9.995771238505773981e-01
9.995664720773532741e-01
9.996448713472085856e-01
1.000161434023125961e+00
1.000069938753873844e+00
1.000443010751092210e+00
1.000468862661130220e+00
1.000195507279185936e+00
1.000674708600466589e+00
9.993498805950066233e-01
9.998841316924735878e-01
9.992032220697291134e-01
1.001270503382598598e+00
1.000337228785223465e+00
1.000601554387412495e+00
1.000136328787197604e+00
1.000013278482587475e+00
1.000443135778527726e+00
1.000204260852977090e+00
9.997210929757791575e-01
9.996164566895034964e-01
1.000305663429389647e+00
1.000077438707152044e+00
9.995752914010735957e-01
9.998342195776074304e-01
1.000101741218336837e+00
9.998291904083332904e-01
1.000315146911860964e+00
9.997903791183385680e-01
1.000396348867964136e+00
1.000191941634933190e+00
9.995949220646735967e-01
1.000205947017498875e+00
9.997750340943812875e-01
1.000206968641980998e+00
1.000717345046447937e+00
1.000321627982862394e+00
1.000063026238974473e+00
1.000506670506340345e+00
1.000032748352119860e+00
1.000195719106871772e+00
1.000524900886618607e+00
9.996512901404279727e-01
1.000430279070812167e+00
1.000010044893505867e+00
9.995705854284780978e-01
1.000189679651198427e+00
9.996240412812835707e-01
9.996449964180058601e-01
9.997196888191239861e-01
9.999699955743109880e-01
9.996935679251679474e-01
9.996324510217560189e-01
1.000056289286158639e+00
9.999830532506550629e-01
9.998609628262524751e-01
9.999791937318930346e-01
1.000085638353606310e+00
1.000043709756199384e+00
9.999388001207240029e-01
1.001034148875945107e+00
1.000308170849112832e+00
1.000892132122497280e+00
9.999595597402780589e-01
1.000045048328643826e+00
1.000180365336784227e+00
1.000625298291980325e+00
1.000195164142322790e+00
9.999654159390491959e-01
9.998263618675966580e-01
9.997591046799421122e-01
9.992342430172207468e-01
1.000000990313274940e+00
9.995384860490696965e-01
9.994786869306351296e-01
9.996788358086632353e-01
1.000251895133157376e+00
9.998878607475080171e-01
1.000585139565080439e+00
1.000300924884778730e+00
1.000213164633758645e+00
9.985638033859564056e-01
9.895614346572343401e-01
9.794618215195158850e-01
9.680433493635972608e-01
9.579818152960309918e-01
9.467812695442638926e-01
9.363078821509481786e-01
9.250169787765132323e-01
9.146856386867570077e-01
