0.000000000000000000e+00
0.000000000000000000e+00
0.000000000000000000e+00
0.000000000000000000e+00
0.000000000000000000e+00
0.000000000000000000e+00
0.000000000000000000e+00
0.000000000000000000e+00
0.000000000000000000e+00
0.000000000000000000e+00
0.000000000000000000e+00
0.000000000000000000e+00
0.000000000000000000e+00
0.000000000000000000e+00
0.000000000000000000e+00
0.000000000000000000e+00
0.000000000000000000e+00
0.000000000000000000e+00
0.000000000000000000e+00
0.000000000000000000e+00
0.000000000000000000e+00
0.000000000000000000e+00
0.000000000000000000e+00
0.000000000000000000e+00
0.000000000000000000e+00
3.735903118892274638e-02
7.646875661785795808e-01
2.552221984778822783e+00
2.940721036967895774e+00
1.935197449809521464e+00
9.432881877501585466e-01
4.690528972163797161e-01
2.600919021768231532e-01
2.068729311670028104e-01
2.134708176787050715e-01
2.364005689799989207e-01
2.596851170240843665e-01
2.690120954053131230e-01
2.847961079149390895e-01
2.876522326224203452e-01
3.128236708528491783e-01
3.881895657221645646e-01
4.899771916707088004e-01
6.644466392880867822e-01
8.568615286315740542e-01
1.041346627514901479e+00
1.228602345260285889e+00
1.355937500392557782e+00
1.456225764872162154e+00
1.529642129784246185e+00
1.617790778759863102e+00
1.642356430884883034e+00
1.626382903178460682e+00
1.530988453626588752e+00
1.393158455421506403e+00
1.220827299004701327e+00
1.081631944874914097e+00
9.748886321277527856e-01
9.069893158562630786e-01
8.756240214608984607e-01
8.611909838281803786e-01
8.707466608167296895e-01
8.745783700186104959e-01
9.063247035155432840e-01
9.289790855681054893e-01
9.422591369485326940e-01
9.520543680902574524e-01
9.821089383614409751e-01
9.984920887333593731e-01
1.013645936512587387e+00
1.024898096740228581e+00
1.035092896191807332e+00
1.043157529980658804e+00
1.042828690545995585e+00
1.054286211757183844e+00
1.053975208714921896e+00
1.039055217507700135e+00
1.039330459106023286e+00
1.019571012512648478e+00
1.007291663469097376e+00
1.012443033584871532e+00
9.928658537910869386e-01
9.868441779676320191e-01
9.752700263163679439e-01
9.748882942458650946e-01
9.785055673142234456e-01
9.819645088197034299e-01
9.981810032375688646e-01
9.832610062583356791e-01
9.969418047880509448e-01
1.013037522554187886e+00
1.014274824925505136e+00
1.027156615856971600e+00
1.026052277382226263e+00
1.028691873930823064e+00
1.022604143807889887e+00
1.015624538668656651e+00
1.015305811683611337e+00
1.019742364773256416e+00
1.016913970851938132e+00
1.015171261043612994e+00
1.001596715782490321e+00
1.000874830820918548e+00
1.002278787271304594e+00
9.970056755328023934e-01
9.985461737176960506e-01
9.951987567912693455e-01
9.885461805564627058e-01
9.923032065414553182e-01
9.928487997030912560e-01
9.972067093064335142e-01
9.970175147981922281e-01
9.974857117975707288e-01
1.001384489344219642e+00
1.007294552206411176e+00
1.003580221475189216e+00
1.005914625848335353e+00
1.002361535322997543e+00
1.001633554630796619e+00
9.993823255880942558e-01
9.971807786760860104e-01
1.004803180041220489e+00
1.005775595485865370e+00
9.985364228423856403e-01
9.982934975364038399e-01
1.003185468587786566e+00
1.002718678815498698e+00
9.966143619043914548e-01
9.939410127504635373e-01
1.000032421568100016e+00
1.003622184457944488e+00
9.962122767294276926e-01
1.002708047006469538e+00
9.974285967415145171e-01
9.969003628768786651e-01
9.986171372404438751e-01
1.002265077481215183e+00
9.967255293433526786e-01
9.974023396758834314e-01
1.003664710196811916e+00
1.000218636393933824e+00
9.958752681012482677e-01
1.001612382997062456e+00
9.989231876346011951e-01
9.978044972689250613e-01
9.999787031065647813e-01
9.963747040192350024e-01
9.966217449505685444e-01
9.880573156119901723e-01
9.947117734423929214e-01
9.978605749056491669e-01
9.970116063854989052e-01
9.925564745112883669e-01
9.952262938162754757e-01
9.979659849518562886e-01
9.957785359655483282e-01
9.995619361459717744e-01
9.896783105349028498e-01
1.001792592522701808e+00
9.984973447038878458e-01
9.914761409242659473e-01
9.935306004653372547e-01
9.966563407246487039e-01
9.980803084267126923e-01
9.939415534908280225e-01
9.977328124102143869e-01
9.970322779786008338e-01
9.960038363410103068e-01
9.997421117669245128e-01
9.945105248514669594e-01
9.968166689188777685e-01
9.928776664533977003e-01
9.960594714358509405e-01
1.000048848109930111e+00
9.979904771423305787e-01
1.002094003457020932e+00
1.000874594358273750e+00
9.963662679510990605e-01
9.995669756683075446e-01
1.001291022675408815e+00
9.968320998944271150e-01
9.985268578931482120e-01
9.995762436105418702e-01
9.977224627469448714e-01
9.967354966950411344e-01
1.002363611573238611e+00
9.988699424507717639e-01
9.973680958135769936e-01
1.003712838562200726e+00
1.003423250059746641e+00
9.979953199298581268e-01
9.952259779714938137e-01
9.981391432461197422e-01
1.008291503635227571e+00
9.984040512570147019e-01
9.998401691062167584e-01
1.003031045358001139e+00
1.000818835554849517e+00
1.002095841241468444e+00
1.000208083144245474e+00
9.996530981314520892e-01
1.002645644610007380e+00
9.998951363249447555e-01
1.000414375943120771e+00
9.983421680112010144e-01
1.000034820210935704e+00
1.000782593227766970e+00
1.000888282994663481e+00
1.002097284839006175e+00
9.953629820308403930e-01
9.995247854061278803e-01
9.983322866421847630e-01
9.953743457752605162e-01
9.975976824359013007e-01
9.939079700466629808e-01
1.000817004431766799e+00
9.972752079218270005e-01
9.976639657297556862e-01
9.975829551877092305e-01
9.958809515208481011e-01
9.977530676047020597e-01
9.992455423011881166e-01
9.986267118828688893e-01
9.950057881789761138e-01
9.966397432736239237e-01
9.976595976475931549e-01
9.955140829396724733e-01
1.001002022785957957e+00
9.987078095096324493e-01
9.985866273368796397e-01
9.942971725318030529e-01
9.991658477040779029e-01
9.995852039876946815e-01
9.994112633724770989e-01
9.962341015266173994e-01
1.001674866291745847e+00
9.952468882263663108e-01
9.941378955276821694e-01
1.000190084161992177e+00
1.001937970432939862e+00
9.994343963785201623e-01
9.996158487264158454e-01
9.955201021579584975e-01
1.002579927605807830e+00
1.001216141393156400e+00
1.000004931410533260e+00
9.976650096489438901e-01
9.977695743862156075e-01
9.987571876068730425e-01
9.994122931763095297e-01
9.981561706032590076e-01
1.000065231214238626e+00
9.963485573813392060e-01
9.975287496286038280e-01
1.001553348266092991e+00
1.000156497268640754e+00
1.003018490539335339e+00
9.982075954485662983e-01
9.990588294532249947e-01
9.980932031159202023e-01
9.981412488169754127e-01
1.000064065112564515e+00
9.975491021953309945e-01
9.969456392083640983e-01
9.941607537695212882e-01
9.988322344031885791e-01
9.973999202271524034e-01
9.964231392828329925e-01
9.980076636762716946e-01
9.972198025015488465e-01
9.948684135264148631e-01
9.968787787428372571e-01
9.968451606288837308e-01
9.935447025323251857e-01
9.880669091108663649e-01
9.783414085157008389e-01
9.658679961576782658e-01
9.577142518211196887e-01
9.460325475392955541e-01
9.370888116878435259e-01
