0.000000000000000000e+00
0.000000000000000000e+00
0.000000000000000000e+00
0.000000000000000000e+00
0.000000000000000000e+00
0.000000000000000000e+00
0.000000000000000000e+00
0.000000000000000000e+00
0.000000000000000000e+00
0.000000000000000000e+00
0.000000000000000000e+00
0.000000000000000000e+00
0.000000000000000000e+00
0.000000000000000000e+00
0.000000000000000000e+00
0.000000000000000000e+00
0.000000000000000000e+00
0.000000000000000000e+00
0.000000000000000000e+00
0.000000000000000000e+00
0.000000000000000000e+00
0.000000000000000000e+00
0.000000000000000000e+00
0.000000000000000000e+00
0.000000000000000000e+00
3.166997941706968522e-02
7.810269853554764330e-01
2.619664209285156087e+00
3.051797795951328496e+00
1.938915143027752253e+00
9.637560918974091839e-01
4.593810123788454880e-01
2.619187580373337765e-01
2.324471769154254630e-01
2.260893017673811511e-01
2.135321070117223441e-01
3.040196531331395557e-01
2.977858829426306420e-01
3.116963599740583124e-01
2.978748408709664952e-01
3.398493628142985057e-01
3.890408020545667034e-01
5.085348940735467949e-01
7.060049361393928580e-01
9.065587136770908439e-01
1.126796893712794123e+00
1.326185799049227398e+00
1.532304239365015253e+00
1.601687480878341452e+00
1.715823276455414659e+00
1.855016785370388721e+00
1.829752795685425371e+00
1.838923540245399835e+00
1.661690786655198870e+00
1.500268397893928407e+00
1.308063824430342637e+00
1.135932970760353600e+00
1.032605335577394090e+00
9.530710200405220212e-01
9.137421706016907175e-01
9.044178189646157051e-01
9.039243459847272621e-01
8.912239566298203464e-01
9.483339759826265869e-01
9.354937053074922071e-01
9.863570102049068478e-01
1.005040960281546436e+00
1.029726825529867495e+00
1.031045798114006651e+00
1.060146896916988268e+00
1.080978034446602676e+00
1.095671364209889420e+00
1.126388973647602709e+00
1.129751494830687930e+00
1.142918983337486649e+00
1.113566552688207034e+00
1.114206408167669915e+00
1.099126212271180014e+00
1.054813316295615033e+00
1.051037997922037004e+00
1.044686913188444422e+00
1.021275172673169473e+00
1.021178031127091934e+00
1.002084106084677906e+00
9.865832599100178291e-01
9.928474285973509783e-01
1.006817761488513874e+00
1.007250442659065603e+00
1.000569579314311897e+00
1.026159652957544077e+00
1.025736769477780364e+00
1.039437212360957208e+00
1.038267170730680533e+00
1.060625159384789962e+00
1.055901812038273935e+00
1.067101018055101935e+00
1.040750055469371604e+00
1.030054929399668140e+00
1.036064402786104122e+00
1.033512100799800493e+00
1.011551817122759322e+00
1.024371104649464348e+00
1.033624837771799587e+00
1.036243033913829548e+00
1.026753087096470507e+00
1.040318846322891844e+00
1.042240777188215173e+00
1.028049637935882554e+00
1.053333334483771200e+00
1.045347536013476297e+00
1.041412775105374555e+00
1.023865829614135192e+00
1.041220603062743999e+00
1.052584808241459724e+00
1.023963363033581819e+00
1.031320325202429666e+00
1.046368227788680327e+00
1.046137179901963421e+00
1.033395605735998757e+00
1.040354745684504589e+00
1.055735750830413711e+00
1.040103208565382964e+00
1.038563225570835469e+00
1.038691991935815295e+00
1.047098039190080154e+00
1.034575114330243961e+00
1.034285440489845165e+00
1.031850408009705733e+00
1.047326907656694450e+00
1.024623575913166995e+00
1.023090138039941532e+00
1.028988279496482861e+00
1.031581426930766154e+00
1.027163472955703316e+00
1.015475900776380280e+00
1.024212017768667993e+00
1.009555056359739300e+00
1.022013149281469691e+00
1.011781923559996299e+00
1.015038038536656861e+00
1.013960658980223029e+00
1.012606506353858071e+00
1.014368401577292689e+00
1.009115104369440852e+00
1.023801656551928563e+00
1.006923436683377027e+00
1.009825726209886199e+00
1.007571223642419689e+00
1.018579052956631426e+00
1.010404390213353265e+00
1.002386642349160750e+00
1.011331918861611445e+00
1.007470029799179434e+00
1.003972248546417756e+00
1.005168363274085985e+00
1.003837424683335255e+00
9.983097859864840107e-01
9.940035346844731112e-01
9.927868382075023534e-01
9.980800313729152329e-01
9.990604087306506065e-01
9.913328077054717191e-01
1.001788383720667586e+00
9.987913752852600746e-01
1.001425235441440575e+00
9.993358309008348872e-01
1.006783391900359037e+00
1.002848604333144156e+00
1.000217582580347431e+00
9.978654051666069336e-01
9.921695317301871819e-01
1.003484362216769954e+00
1.001389134549449222e+00
1.003198152742302174e+00
1.008575056789549285e+00
1.001906418148311939e+00
1.003367596366386394e+00
9.968660142560318294e-01
9.990654992891666586e-01
1.000472389289811304e+00
1.001955435245762693e+00
9.943837302608702355e-01
1.003675516602080542e+00
1.009851830585970500e+00
1.001697673967652413e+00
1.002797926383204086e+00
1.005929015465544918e+00
1.005206580022931062e+00
1.001293423779398450e+00
1.004270036986315118e+00
1.002702356015466201e+00
9.980049149721030854e-01
1.004540890656325125e+00
9.988238461668129675e-01
1.006182889979185369e+00
1.004555795330922763e+00
1.001149381473702693e+00
1.003762079926999284e+00
1.009843305789386969e+00
1.008197199087196072e+00
9.999415644839523276e-01
1.000118850294930306e+00
9.998085764384503360e-01
1.005341285352758574e+00
1.002280251609798389e+00
1.004335712758408272e+00
1.006175647739109058e+00
1.003771893116190306e+00
9.998043997872851918e-01
1.003062080056376759e+00
1.002742268618047605e+00
1.003120329694157098e+00
9.996003909622804828e-01
1.001042377984006082e+00
1.002100738748578301e+00
1.012306296786724680e+00
1.000222732393293290e+00
9.995217616284374218e-01
1.003666513181026287e+00
1.002322438937809812e+00
9.957651271890181066e-01
1.002074810568771790e+00
1.004306553670672564e+00
1.003448431492580895e+00
9.978390053631613910e-01
9.909662871923551331e-01
9.987890650284650951e-01
1.002019147053976100e+00
9.931759016939364360e-01
9.975611725600613822e-01
9.955531708672642477e-01
9.922743405433306352e-01
9.963557717134129410e-01
9.996762623964750016e-01
9.996080507312614660e-01
9.984775010593144318e-01
9.962746920271841056e-01
9.972745367288664564e-01
1.000093373069549596e+00
1.002770612769846581e+00
9.954103409190563356e-01
9.898088755696052843e-01
1.001567376026250011e+00
9.923157604504947438e-01
9.981227458470864899e-01
1.003870725952831888e+00
9.962958984586106626e-01
9.956807106069476276e-01
1.000435150476572943e+00
9.939977750396887801e-01
9.974777621170560771e-01
9.916452632962111657e-01
9.918930567822781263e-01
9.896382397583819435e-01
9.951364170980359081e-01
9.909481539545845763e-01
9.954975123957261474e-01
9.943552966406109528e-01
9.937351754945328297e-01
9.883951668589162631e-01
9.946713019838107073e-01
9.932628534429566169e-01
9.938396167115327584e-01
9.894845567449322976e-01
9.905248291592030352e-01
9.892618392928068660e-01
9.835143047094664359e-01
9.916407331212436782e-01
9.927720062854504812e-01
9.906642844609357956e-01
9.929985506638046022e-01
9.938186727180514657e-01
9.908371265365466529e-01
9.937923355581135265e-01
9.914119652120328974e-01
9.886419166373497935e-01
9.924233048183064287e-01
9.971142064790087245e-01
9.906214682679508332e-01
9.931950415773523888e-01
