0.000000000000000000e+00
0.000000000000000000e+00
0.000000000000000000e+00
0.000000000000000000e+00
0.000000000000000000e+00
0.000000000000000000e+00
0.000000000000000000e+00
0.000000000000000000e+00
0.000000000000000000e+00
0.000000000000000000e+00
0.000000000000000000e+00
0.000000000000000000e+00
0.000000000000000000e+00
0.000000000000000000e+00
0.000000000000000000e+00
0.000000000000000000e+00
0.000000000000000000e+00
0.000000000000000000e+00
0.000000000000000000e+00
0.000000000000000000e+00
0.000000000000000000e+00
0.000000000000000000e+00
0.000000000000000000e+00
0.000000000000000000e+00
0.000000000000000000e+00
4.117227059758380575e-02
6.784102729060019765e-01
2.400072913974104161e+00
2.713827613755158019e+00
1.787518373495936119e+00
8.715404369749044644e-01
4.144245442546328762e-01
2.287799206854213840e-01
1.841284342045470812e-01
1.632277770491331603e-01
1.884807070291856235e-01
2.416774752213555200e-01
2.577637717416799701e-01
2.519586374284134012e-01
2.754439088725538221e-01
3.005166646031204314e-01
3.782903229030197823e-01
4.849857789931460994e-01
7.063899927967107750e-01
9.142144011451538432e-01
1.135454426102878278e+00
1.341785442004538309e+00
1.519268497713486266e+00
1.617790355255977808e+00
1.695983926526367203e+00
1.810926010237321915e+00
1.829810453774870949e+00
1.757033104637774068e+00
1.674455675849957581e+00
1.459173139206360048e+00
1.279575916503436384e+00
1.113602095479869991e+00
1.002944084754029852e+00
9.348454862884774119e-01
8.771192847503687107e-01
8.588676259142754565e-01
8.465935740407443122e-01
8.590889318170796818e-01
8.911555547029604840e-01
9.114296252270631671e-01
9.018954063670329147e-01
9.397134125194328558e-01
9.670756538536896540e-01
9.864523650467147409e-01
9.976411786095085166e-01
1.024654707373852780e+00
1.058237825227045015e+00
1.050014644742100156e+00
1.080478051830883857e+00
1.096074051965594265e+00
1.071688018288798228e+00
1.081628426982692126e+00
1.058468120411794278e+00
1.058188907785574395e+00
1.027499142360423834e+00
9.945020859934731172e-01
1.020170386483992608e+00
9.869143316402224642e-01
9.894132243749632627e-01
9.786337432443450446e-01
9.548427820216464079e-01
9.678527655728381696e-01
9.886304693763870999e-01
1.003230809351779662e+00
1.003307727358018875e+00
1.002046557525686277e+00
1.022085331521184637e+00
1.038059169316831287e+00
1.036706199476984613e+00
1.048554686873936159e+00
1.055014957281942722e+00
1.032230693237748964e+00
1.042870495759638860e+00
1.032134379222224174e+00
1.010244144301442937e+00
9.841903161118396026e-01
1.005477378232835894e+00
1.011047378185429002e+00
1.006473708628166097e+00
1.010565098408466644e+00
1.011113713390485502e+00
1.000810269326047219e+00
1.016972449859140593e+00
1.008635481997953942e+00
1.005642619641577085e+00
1.015356035585829542e+00
9.920893825571918123e-01
9.985075061368210436e-01
9.959127198660777669e-01
9.902185414438988698e-01
9.865270596212828424e-01
1.009018889244343242e+00
1.002011998524212855e+00
9.996927559029756827e-01
9.966374062175772375e-01
9.942073157369472058e-01
9.955354735849314407e-01
1.005289143951885844e+00
1.013652367302756208e+00
9.898601735982390792e-01
9.987331776622366819e-01
9.882825565626007780e-01
9.954357015826215127e-01
1.001124728967814681e+00
9.994785347113931406e-01
9.888556990705620331e-01
9.972583552859400902e-01
9.922733869985123079e-01
9.916398020487987575e-01
1.002452562475636855e+00
9.954513271099698635e-01
9.893943945335651469e-01
1.001891324451531062e+00
1.000897527108077556e+00
9.964422964220331913e-01
9.953856459290882919e-01
1.004271769567677275e+00
9.983744425686623680e-01
9.976111283145273623e-01
9.990748795033855822e-01
1.003193272563207783e+00
1.005794957090045294e+00
9.988302324269360266e-01
9.956660915195018058e-01
9.945550496098360949e-01
1.007934848289255392e+00
9.949120384265314199e-01
9.989701306363929501e-01
1.011550595700955180e+00
1.011815277141752567e+00
1.005459074754756488e+00
1.004368012841554636e+00
9.946990969344181588e-01
9.991856695274883293e-01
1.003427906832145888e+00
9.990652388425386166e-01
1.006973383774310227e+00
1.010607845795827187e+00
1.000723362630355329e+00
9.974734943282257404e-01
9.980889734156807025e-01
1.000400862247262435e+00
9.963710154842521094e-01
9.996203935664483842e-01
9.976100904768916422e-01
1.008543816268202331e+00
9.995711065607689738e-01
1.002089795554666152e+00
1.011029900870304310e+00
9.953042490011725363e-01
9.970340683493154055e-01
1.000622339792358817e+00
1.000405787618495967e+00
1.005949114018786839e+00
1.005809650452619719e+00
1.004747535268653236e+00
9.945192704891316904e-01
1.005974616637198560e+00
1.002645439304633124e+00
1.005763020816386355e+00
9.997768635607403587e-01
9.965256375518072307e-01
9.868813062970811512e-01
1.001112433740522389e+00
1.005850292056233330e+00
9.994043075474794424e-01
9.974560009686560536e-01
9.983102939934457298e-01
9.916491278172119284e-01
9.998263930264984500e-01
9.994140719237012416e-01
1.001180929101732398e+00
1.003512091449662469e+00
1.002975121328767649e+00
1.001587712420344056e+00
9.992557822581730198e-01
1.004901874421731289e+00
9.976802745457504784e-01
9.940332373538125488e-01
1.003378927434917633e+00
9.941902137381165572e-01
9.954845219290563429e-01
9.941086361323843157e-01
9.931239010582711968e-01
9.926444694870527607e-01
9.935857624398406474e-01
9.955699770966456308e-01
9.945841653253573167e-01
9.953955870710226028e-01
9.911648026560685443e-01
9.963570988302206111e-01
9.970464767884462676e-01
9.984067316458088426e-01
9.879084020642122654e-01
9.953431597567284905e-01
9.935795446962920607e-01
9.927167126402085540e-01
9.942422588603506695e-01
9.922372705862191333e-01
9.938246965912691522e-01
9.938193300433927346e-01
9.937084014338016802e-01
9.895681998564732629e-01
9.909323665984728358e-01
9.948161577207211836e-01
9.909713462062608169e-01
9.988903189050039044e-01
9.934278916668257686e-01
9.940286790560013408e-01
9.943583786511024369e-01
9.962188063171847352e-01
9.950417849532964265e-01
9.896134989217209021e-01
9.961177253611679383e-01
9.898754922805096390e-01
9.922605863770013190e-01
9.907935782621337673e-01
9.919554926205623735e-01
9.981018805812120753e-01
9.904365110028388042e-01
9.910188185201478372e-01
9.885761474741768806e-01
9.880122412108939267e-01
9.889262929954582004e-01
9.921872610619116850e-01
9.935704052891700666e-01
9.940318828991648870e-01
9.982884622498026106e-01
9.932804990494003006e-01
9.948497794749188161e-01
9.901380162745850866e-01
9.904782432648795432e-01
9.917876980668421938e-01
9.969104422812780086e-01
9.920558473625700202e-01
9.959369436003197018e-01
9.927218744033154962e-01
9.963419113582884235e-01
9.969021749806651345e-01
9.895845045324190847e-01
1.001302092341017413e+00
9.961894290014532416e-01
9.999425505788155366e-01
9.917652509991428111e-01
9.918581899833065485e-01
9.953849716074795184e-01
9.924808318695181875e-01
9.896386628206210734e-01
9.884635385699651611e-01
9.989146561062257623e-01
9.886730701375346930e-01
9.956694851695983006e-01
9.898348483248975427e-01
9.945385685818519672e-01
9.970932552362226087e-01
