0.000000000000000000e+00
0.000000000000000000e+00
0.000000000000000000e+00
0.000000000000000000e+00
0.000000000000000000e+00
0.000000000000000000e+00
0.000000000000000000e+00
0.000000000000000000e+00
0.000000000000000000e+00
0.000000000000000000e+00
0.000000000000000000e+00
0.000000000000000000e+00
0.000000000000000000e+00
0.000000000000000000e+00
0.000000000000000000e+00
0.000000000000000000e+00
0.000000000000000000e+00
0.000000000000000000e+00
0.000000000000000000e+00
0.000000000000000000e+00
0.000000000000000000e+00
0.000000000000000000e+00
0.000000000000000000e+00
0.000000000000000000e+00
0.000000000000000000e+00
3.906954462591331195e-02
8.056688465692128931e-01
2.830971580767321250e+00
3.323930041524232770e+00
2.143762458336675003e+00
1.042242443084446357e+00
5.252388429123638902e-01
2.801876093113409016e-01
2.245519560633219003e-01
2.111471043227152733e-01
2.386499390661619424e-01
2.675020436429784709e-01
3.027443583428711116e-01
2.770307317776566358e-01
2.957498456196431258e-01
3.231899370502656077e-01
3.975123184055873726e-01
5.117051684348916663e-01
7.116272895813486876e-01
9.206591371708789939e-01
1.120117096718268535e+00
1.319217758684360531e+00
1.462692878911994843e+00
1.567354305379466295e+00
1.659647572232712198e+00
1.775246922532925709e+00
1.801219085180131518e+00
1.723042093735395408e+00
1.583420879236164813e+00
1.493944296827311558e+00
1.255560286780019297e+00
1.092768379058490780e+00
9.975589996742599830e-01
9.009416688670701667e-01
8.856546210758053927e-01
8.759430619170633925e-01
8.491417797780554944e-01
8.798475361877323708e-01
8.995278436850728809e-01
9.089910098578388720e-01
9.323469062380722594e-01
9.621273816515094612e-01
9.660846477087756679e-01
1.005550144157310477e+00
1.020609229878493895e+00
1.032342929589181724e+00
1.065860598939357917e+00
1.037705943190012414e+00
1.079446812023686197e+00
1.068726980702116025e+00
1.082165756862335293e+00
1.058518050703240121e+00
1.055501865462624922e+00
1.030787601627586980e+00
1.009365299954680273e+00
9.822186510640540380e-01
9.854532078289470753e-01
9.510138919807948898e-01
9.589038525735268381e-01
9.580776098121601692e-01
9.576850103047687135e-01
9.601748003822481170e-01
9.645435452386436070e-01
9.753095078621906167e-01
9.900712113924878821e-01
9.925431544419288654e-01
1.006072062830512204e+00
1.021515854081340491e+00
1.015963568968784703e+00
1.025564835745054859e+00
1.021140893367331826e+00
1.017195308662415920e+00
1.009511842624660316e+00
1.005184902664219226e+00
9.664928134450815334e-01
9.907317836869730110e-01
9.774386196702229412e-01
9.938857196215253875e-01
1.003812468938967584e+00
1.002551730669620556e+00
9.888804768774374088e-01
9.962495086609726158e-01
9.806532667394133318e-01
9.852931222289121882e-01
1.007068607550761330e+00
9.973597188590804796e-01
9.858470731106667717e-01
9.837539596369551109e-01
9.886176573318197214e-01
9.827910314929625413e-01
9.913789465013211899e-01
9.809090309603686331e-01
9.877107754574594445e-01
9.855373023159742507e-01
9.879143672514945074e-01
9.989208820059337635e-01
9.811034529019412309e-01
9.936144143489298308e-01
9.953278661607365407e-01
9.826813731972875443e-01
9.771987024555216506e-01
9.957542852916699827e-01
9.783372717654780226e-01
9.963149009866316685e-01
9.715692820368050375e-01
9.857284672985860974e-01
1.000855271219315279e+00
9.866265082334740866e-01
9.865041898097868245e-01
9.970190945185737341e-01
9.849006351114744096e-01
9.868498834432590794e-01
9.999344723555447789e-01
9.737334975417358818e-01
1.002662427655969468e+00
9.963023890932263260e-01
9.962291321641851827e-01
1.001944037080901628e+00
9.835931166389207947e-01
9.952514968500350001e-01
9.977719139286108652e-01
1.003426593401165245e+00
9.910664002423110741e-01
9.992502710564100665e-01
9.861729309705904445e-01
9.968197692458036219e-01
9.933976376453871326e-01
9.974202585092336593e-01
1.001050065935902511e+00
1.001654570936603816e+00
9.846950983949412928e-01
1.007563005274119128e+00
9.852863302734941042e-01
1.002332316320507566e+00
9.871580205226188065e-01
1.000619937430767603e+00
9.841331874649288380e-01
9.987396879297131269e-01
1.003925394610331256e+00
1.000790947583948487e+00
9.848222630529338550e-01
9.962385168973151295e-01
9.857738115807194168e-01
9.972543883323798930e-01
9.906371211860752757e-01
9.977597358469536548e-01
9.952635931545223968e-01
1.007089376936907588e+00
9.940537665068938100e-01
9.960439228577716575e-01
9.978797096239857556e-01
9.913216786984975215e-01
9.938057872662510173e-01
1.004922423109828378e+00
9.904319210364904702e-01
9.998909607961352641e-01
1.004725211071116453e+00
1.000445556464550911e+00
1.007048793683765986e+00
9.972310758568569966e-01
1.000018796268251631e+00
9.976353285306436280e-01
1.000128933876353043e+00
1.000310412146108163e+00
9.929744468523150625e-01
1.004735313343847691e+00
9.978085406164624027e-01
9.993843928703964874e-01
1.002891903524408823e+00
1.005258100093860074e+00
9.966713948502927689e-01
1.005635976158903544e+00
1.010037508521058225e+00
9.934554850432194550e-01
9.983765752530582294e-01
1.000246340355224417e+00
9.985289033726924002e-01
1.003947239051197204e+00
1.010620599527658703e+00
1.000810226310210327e+00
1.000248660432124126e+00
1.004546598757653397e+00
9.972799334095924229e-01
9.999315227218308344e-01
1.000202843494995442e+00
1.006576479863874996e+00
1.001517132362123252e+00
1.007685626800834289e+00
9.969122012876953098e-01
1.005474161539028799e+00
1.006175017774626035e+00
1.001296767887385641e+00
9.965961337622859517e-01
1.003475093948060115e+00
9.966046123414206148e-01
9.998451751971849655e-01
1.002468847417594899e+00
9.989988661606598042e-01
1.007043439678062313e+00
1.003405784922510424e+00
1.000360094306149694e+00
9.918007312893630800e-01
1.001185217971935604e+00
9.998854627232673931e-01
1.004111388540076755e+00
1.012155695549890710e+00
1.002661455790734957e+00
1.005767671609256286e+00
1.003834174808717616e+00
9.987375926246235824e-01
1.001863300640264187e+00
9.957660871013728210e-01
1.006536387879677141e+00
1.002338894359003696e+00
1.000786124987872672e+00
1.005077606866457307e+00
9.992438459373913506e-01
1.001214089478761782e+00
1.002377096609168294e+00
9.977555050850943630e-01
1.002963082719682708e+00
9.983793553743824933e-01
1.000462166824449106e+00
1.001389388348922438e+00
1.002821201632165593e+00
1.000969945491124502e+00
1.004186424112163412e+00
1.007762253891225646e+00
1.002701699677714720e+00
1.003669056174095076e+00
1.006852245323599959e+00
1.000832987594470369e+00
1.001805253677060747e+00
1.006709607499526538e+00
9.996285688664690028e-01
1.000721936518537358e+00
1.011891909444412097e+00
1.004117224515260531e+00
1.003562119231610650e+00
1.003271342493875506e+00
1.005050970213392514e+00
9.991275736072997571e-01
1.003350687389947371e+00
1.003282581585937638e+00
1.002847481212873593e+00
1.004944119320197338e+00
9.974337489032426562e-01
1.008039592660940897e+00
1.002031178248479204e+00
1.000658403344385716e+00
1.005015239594136744e+00
9.991151531310805689e-01
1.004501069532213853e+00
9.973534977950949676e-01
1.000654986984148787e+00
