0.000000000000000000e+00
0.000000000000000000e+00
0.000000000000000000e+00
0.000000000000000000e+00
0.000000000000000000e+00
0.000000000000000000e+00
0.000000000000000000e+00
0.000000000000000000e+00
0.000000000000000000e+00
0.000000000000000000e+00
0.000000000000000000e+00
0.000000000000000000e+00
0.000000000000000000e+00
0.000000000000000000e+00
0.000000000000000000e+00
0.000000000000000000e+00
0.000000000000000000e+00
0.000000000000000000e+00
0.000000000000000000e+00
0.000000000000000000e+00
0.000000000000000000e+00
0.000000000000000000e+00
0.000000000000000000e+00
0.000000000000000000e+00
0.000000000000000000e+00
2.984338782008718531e-04
2.431766778730979489e-02
4.336684970973196940e-01
1.477711144087995754e+00
1.830128374549640613e+00
1.351824386411325962e+00
7.786082132623822760e-01
4.668596202801806316e-01
3.062530637793252630e-01
2.820730670043757882e-01
2.677917149393434504e-01
2.728404421949656156e-01
2.794607752833814796e-01
2.689296904114599762e-01
2.447881800922349083e-01
2.510713696911656689e-01
2.703319031865087374e-01
3.229783858807006025e-01
4.189664432790744519e-01
5.681308626658121419e-01
7.213593329286280831e-01
8.882207140201893170e-01
1.067462410363527292e+00
1.208213904981766618e+00
1.320207547296502915e+00
1.425818818960227441e+00
1.517112848629909250e+00
1.563588349827873758e+00
1.574226230387035352e+00
1.514908361217765398e+00
1.388100363692674533e+00
1.278236292341750513e+00
1.163727776601934494e+00
1.054526168784206908e+00
9.739293909736742583e-01
9.219087361943181236e-01
9.114144361151811369e-01
8.750807331475973783e-01
8.896602857004327625e-01
8.864975390198064353e-01
9.040097281095266224e-01
8.917336266811998202e-01
9.218603099428077652e-01
9.365467085301357741e-01
9.488840345719610214e-01
9.661263562846192920e-01
9.837011845212321193e-01
9.992185911335285109e-01
1.014176863284066643e+00
1.027521588417265930e+00
1.031465290916844912e+00
1.028255909496070375e+00
1.040471829274536741e+00
1.027385597741708345e+00
1.026366606808247761e+00
1.002195240090309580e+00
1.001445305179619272e+00
9.904361000903801893e-01
9.906803616280351887e-01
9.819341330046681415e-01
9.764953030692070657e-01
9.660603842404045238e-01
9.598211952694889471e-01
9.744766757044774907e-01
9.689129656639217103e-01
9.702223690394778943e-01
9.865259141441097279e-01
9.906681723892070135e-01
9.912843538138219612e-01
1.006295406727559349e+00
9.950566930283832878e-01
1.008923963359825482e+00
9.973835914196144126e-01
9.985589777798702382e-01
9.982501365011539063e-01
1.000043761000584119e+00
9.984472886198554331e-01
9.952382539160106178e-01
9.953991279413703097e-01
9.913135009593365687e-01
9.944058031095581729e-01
9.905422645168414642e-01
9.865166103779289264e-01
9.869986435976563222e-01
9.765161141988404347e-01
9.824158270497300727e-01
9.820727576130449110e-01
9.862678531303625817e-01
9.828844560504550465e-01
9.905749775131602597e-01
9.908853204148367899e-01
9.924613336988409307e-01
9.967398492908146057e-01
9.945616870897289186e-01
9.962752750901477938e-01
9.983332824764028501e-01
9.958117281515310726e-01
9.953066703050633679e-01
9.972993037963854279e-01
9.968568486026530007e-01
9.946612322736829714e-01
9.865893879094385088e-01
9.851597233052404867e-01
9.877011621587169499e-01
9.874901356707719291e-01
9.888501281990560443e-01
9.892337676207537678e-01
9.936794899216712107e-01
9.928358693863372775e-01
9.864278952054162941e-01
9.958089609707181378e-01
9.836325100488124695e-01
9.930131965937042393e-01
9.930962532696046008e-01
9.890383067356071090e-01
9.882970544353232301e-01
9.888569212315686530e-01
9.922386112782055623e-01
9.927748341928869236e-01
9.931557079545170197e-01
9.931064249177217196e-01
9.875389876694234959e-01
9.953606021432114259e-01
9.886910120989840234e-01
9.896271348257640321e-01
9.925937960475609279e-01
9.961579291998072794e-01
9.931932183780153300e-01
9.978243231636330091e-01
9.931028124785385991e-01
9.935172020669353898e-01
9.934550692346167944e-01
9.939303894636550840e-01
9.944308677792510487e-01
9.868095007431318955e-01
9.881593149357512651e-01
9.947910619036504087e-01
9.954600733459365580e-01
9.933455435932899702e-01
9.908775402435487933e-01
9.907368988890494776e-01
9.939728555275568755e-01
9.949117542706054085e-01
9.922724514839313947e-01
9.929354183268245260e-01
9.966769691434823608e-01
9.946026595576614726e-01
9.969450812885197744e-01
9.943761321251857188e-01
9.934554767374558226e-01
9.930790046505236779e-01
9.976129300449503301e-01
9.951151384310861214e-01
9.966762214404240039e-01
9.956462198985671641e-01
9.932272788468081703e-01
9.947084601447919727e-01
9.958990567381812431e-01
9.974856846836703816e-01
9.964027423100445535e-01
9.962024197885442911e-01
1.000318804109333604e+00
9.967656496087573537e-01
9.950646749035572114e-01
9.932764083028874369e-01
9.947952802521277116e-01
9.971994478433452436e-01
9.915216858680634404e-01
9.946056857317989719e-01
9.938069175741494066e-01
9.958661996319279064e-01
9.982385300160981911e-01
1.000304278622189624e+00
9.977455246853884629e-01
9.941756632330064347e-01
9.969588353245778523e-01
9.979928914312974353e-01
9.992110615499061321e-01
9.951789836926152599e-01
9.992508122312522278e-01
9.984892020827921266e-01
9.951688236143179100e-01
1.000932769202760086e+00
9.962448494784453823e-01
9.999381438331573779e-01
1.000369239063053861e+00
9.982954703721598211e-01
1.002552339631740175e+00
1.001099865808346090e+00
9.964130407179667692e-01
9.978834426904871213e-01
9.972432624592917350e-01
9.970330778316950360e-01
1.000899227876996367e+00
9.986310227444828991e-01
1.000252423804696367e+00
9.995393057411993132e-01
9.972468185633370785e-01
9.992669311601698467e-01
9.994372110224821748e-01
1.002580803359134354e+00
9.972422979273445343e-01
1.001449163384265040e+00
1.000815114817427132e+00
9.993786802618490617e-01
9.998391479081250033e-01
1.000938132301359751e+00
1.000287227980181326e+00
1.003607607200668328e+00
1.003470902208268623e+00
1.000015033794381392e+00
9.987356021980212661e-01
1.004127273685696986e+00
9.986039547949511208e-01
9.992984768875651236e-01
1.000358256953767899e+00
9.949173033221337947e-01
9.994788105488852104e-01
1.002891384173503431e+00
1.000033980487268437e+00
9.988356844196246698e-01
1.001241096893645599e+00
9.990734254904907186e-01
9.985354947007512028e-01
1.001028069561269884e+00
1.000044186334923868e+00
1.003097974480021692e+00
1.001679973549078229e+00
9.998196926394408157e-01
1.001106212885486180e+00
1.001741176684084023e+00
1.005360828388247141e+00
9.995863546332985905e-01
1.001392435534504077e+00
1.001357081742985322e+00
1.002328659940570299e+00
9.996274066129080538e-01
9.991567670994698780e-01
9.997940217985009648e-01
9.982329737743689257e-01
1.000919586678775675e+00
9.993834147939613111e-01
9.964947390675996663e-01
9.986561414844061790e-01
1.001092209501433850e+00
9.987858587559030887e-01
9.949235408055954188e-01
9.866241030386981858e-01
9.769915245722642361e-01
9.644585342210976187e-01
9.502876099355617168e-01
9.433011589109199235e-01
9.301487444070660748e-01
9.213229227379929887e-01
9.115222722843329128e-01
