0.000000000000000000e+00
0.000000000000000000e+00
0.000000000000000000e+00
0.000000000000000000e+00
0.000000000000000000e+00
0.000000000000000000e+00
0.000000000000000000e+00
0.000000000000000000e+00
0.000000000000000000e+00
0.000000000000000000e+00
0.000000000000000000e+00
0.000000000000000000e+00
0.000000000000000000e+00
0.000000000000000000e+00
0.000000000000000000e+00
0.000000000000000000e+00
0.000000000000000000e+00
0.000000000000000000e+00
0.000000000000000000e+00
0.000000000000000000e+00
1.662824524401332690e-05
3.528461769859850966e-02
1.073821936567034507e+00
3.496654267081082512e+00
3.428082546576229905e+00
1.892362740541745580e+00
8.543596144386399471e-01
3.881571433212644417e-01
1.972836420875695440e-01
1.190952340888525030e-01
1.874817389250579003e-01
7.201251877921432953e-01
1.506755282821187869e+00
1.763894467745902972e+00
1.467381754686251094e+00
1.064923109343892227e+00
8.006842732322361211e-01
6.830499491550892088e-01
6.722749797893703416e-01
7.215892130050061137e-01
8.118586374380470927e-01
9.046731669464116443e-01
9.902383576155641132e-01
1.070326229955887554e+00
1.134770020812446489e+00
1.180132601942556647e+00
1.203911699684705239e+00
1.211980713440835133e+00
1.202238879212186085e+00
1.174396348035197990e+00
1.134964741921070885e+00
1.095606406112849207e+00
1.060449912036850240e+00
1.032036172190591072e+00
1.001921945779466139e+00
9.795958422904401663e-01
9.639911136472019137e-01
9.496996608170198417e-01
9.393551088189249221e-01
9.305925420536611536e-01
9.284441570648711561e-01
9.286232029681084077e-01
9.345124636321070488e-01
9.432727952670219018e-01
9.530386157317471962e-01
9.613624133842494368e-01
9.734017101581783349e-01
9.857862944301138963e-01
9.912309961704907080e-01
9.997844902235161202e-01
1.004492805350410078e+00
1.010264699521554954e+00
1.012934083644042138e+00
1.018267301457616014e+00
1.018953068307924870e+00
1.018781924163441710e+00
1.017834256647706770e+00
1.015683171099275084e+00
1.014218063904480438e+00
1.011598813854436729e+00
1.011411482829454478e+00
1.010666320301337739e+00
1.006189634377706810e+00
1.004621847028385195e+00
1.002960731807008177e+00
1.002212292871674792e+00
1.001592796417358100e+00
9.984512768407690642e-01
9.991574856999566601e-01
9.975111650733753388e-01
9.962815492026702024e-01
9.956281442116556857e-01
9.961899273335392824e-01
9.942290760785379433e-01
9.939727446904428332e-01
9.929372815891116533e-01
9.927603849344404097e-01
9.929538605984163935e-01
9.952779740573575173e-01
9.952357201327094449e-01
9.976830198902526536e-01
9.997678071479780826e-01
1.001172095268102913e+00
1.001504745944240771e+00
1.002432855656031352e+00
1.002010490848471491e+00
1.005002904688773180e+00
1.004491926084923881e+00
1.003929650134231411e+00
1.003445935134344325e+00
1.004344657873933899e+00
1.002887292973448030e+00
1.002011898260696920e+00
1.000881382324337210e+00
1.002211455975032806e+00
1.002095597437814734e+00
9.999129694115804767e-01
9.993334646618252659e-01
9.998490623887488216e-01
9.980823023579942221e-01
1.000136222796957242e+00
9.996382750454286814e-01
9.996980692149252112e-01
1.000109522148907137e+00
1.000121973847995394e+00
9.995504690564731565e-01
9.991575729496510183e-01
1.000633533325207214e+00
9.982881338373092994e-01
1.000711740360950674e+00
1.001030126902605399e+00
1.001005111243796541e+00
1.002317312001681726e+00
1.002412251460841563e+00
1.001750408818304905e+00
1.001467705436410727e+00
1.001172636383688364e+00
1.001278833244193089e+00
1.001105126174948179e+00
1.000712036213461387e+00
9.995112974729006838e-01
1.001414474063146542e+00
1.000687965102486254e+00
1.000192278156743164e+00
9.991089316049774904e-01
9.989029118232297666e-01
9.998319596468677739e-01
9.990790332732660817e-01
9.998641883765851945e-01
9.991357190094675156e-01
9.988510086730562065e-01
9.988336192632106814e-01
9.994135004884490137e-01
1.000245168962647480e+00
1.001470331383091050e+00
1.002458973983205492e+00
1.002445310121198307e+00
1.002738631025416272e+00
1.001888735368039018e+00
1.002560543670456994e+00
1.001377851369904981e+00
1.002134628228128710e+00
1.001748577167704601e+00
1.001759423294549922e+00
1.001651695252507857e+00
1.000321844679735284e+00
1.001116078111474961e+00
9.990568300971345295e-01
9.997946947043788724e-01
9.994101787648542734e-01
9.987726569929429310e-01
9.990851084407895710e-01
9.988957888708860366e-01
9.996786510775289569e-01
9.987677451526660866e-01
9.988731932201881936e-01
9.992330205249182473e-01
9.983238823636286785e-01
9.993741576464642007e-01
1.001013256061802803e+00
1.000069400101021744e+00
1.000608712588787474e+00
1.001114520028204113e+00
1.001268575740136502e+00
1.001118006683400896e+00
1.000579293428574212e+00
1.001046533358250779e+00
1.000967705476377922e+00
1.001295010006895581e+00
1.000905344628001403e+00
1.000967509607928019e+00
1.000392617046097943e+00
9.998890939560921565e-01
1.000764130606132785e+00
9.997988003400994916e-01
1.000081652171806113e+00
9.999303999270873211e-01
1.000440351302682718e+00
9.997296646244875351e-01
1.000661440993062312e+00
9.991977887204295250e-01
9.996814500743784748e-01
9.993059419009283628e-01
9.994279304135871289e-01
9.999189427189085766e-01
9.998678428569643950e-01
1.000652024899549186e+00
1.000144719057129761e+00
9.995528757037867029e-01
9.995096787097687008e-01
1.000243862504452075e+00
9.996848456212291678e-01
9.996732603785102311e-01
1.000059724090037516e+00
9.997133471317622977e-01
9.997708601023792552e-01
1.000054576549351371e+00
1.000311599432945231e+00
9.998853698053526973e-01
9.999503868591907985e-01
1.000940516719957873e+00
1.000579385831074530e+00
1.000648516808105626e+00
9.994629103459055086e-01
1.000245597651692631e+00
9.998532714118073539e-01
1.000330312743975103e+00
1.000109250403139471e+00
1.000479841021286953e+00
9.999592609538935362e-01
1.000442936912470548e+00
9.998335206904829242e-01
1.000278766584575374e+00
1.000359326727088494e+00
9.998703551721740412e-01
1.000323252925060968e+00
9.999243357431139012e-01
9.995166910716714037e-01
9.997336701233847656e-01
9.993834318887808710e-01
9.999304568741688160e-01
1.000553485535763842e+00
9.996883639224783957e-01
9.996125263271680161e-01
1.000089675958787394e+00
9.998626944543403949e-01
1.000374304146850468e+00
9.998401449352587456e-01
1.000018449148713184e+00
1.000241960511146333e+00
1.000011583929747871e+00
1.000206857114442682e+00
1.000635287101534043e+00
9.992836840609480298e-01
9.997504007831782280e-01
9.996352209338429384e-01
1.000415904573324966e+00
1.000076528797122277e+00
9.999621361844298617e-01
9.999416687087808731e-01
1.000306518745279538e+00
9.997706392245970797e-01
1.000216250428545006e+00
9.996339803907712263e-01
1.000066436977882889e+00
9.996225217392080697e-01
1.000659161463558933e+00
1.000722322802592990e+00
9.998483699478544207e-01
1.000346631358127958e+00
1.000245778822749010e+00
9.967923511765298672e-01
9.868532084366800072e-01
9.761774749384849459e-01
9.655709933615486129e-01
9.544599355339600244e-01
9.441088657323730704e-01
9.337147370462771656e-01
9.228995038361235137e-01
9.120672466251474875e-01
