0.000000000000000000e+00
0.000000000000000000e+00
0.000000000000000000e+00
0.000000000000000000e+00
0.000000000000000000e+00
0.000000000000000000e+00
0.000000000000000000e+00
0.000000000000000000e+00
0.000000000000000000e+00
0.000000000000000000e+00
0.000000000000000000e+00
0.000000000000000000e+00
0.000000000000000000e+00
0.000000000000000000e+00
0.000000000000000000e+00
0.000000000000000000e+00
0.000000000000000000e+00
0.000000000000000000e+00
0.000000000000000000e+00
0.000000000000000000e+00
1.662655942189452974e-05
3.704962943639163175e-02
1.074872504463718625e+00
3.495388956349788412e+00
3.426920332742322994e+00
1.893729196824257777e+00
8.571289084667885749e-01
3.873416219248950187e-01
1.959473506025862510e-01
1.201993142354701588e-01
1.834137629338990494e-01
7.175590898636908799e-01
1.508422030446294970e+00
1.757096413696988657e+00
1.471636413575008184e+00
1.062635930850478472e+00
8.032835228335415412e-01
6.870456888470350965e-01
6.687698471543968015e-01
7.246379266098178507e-01
8.090837224675542227e-01
9.054457407223073240e-01
9.923162040655250093e-01
1.067783973582757673e+00
1.132964599598416777e+00
1.181069539498376786e+00
1.206488471554987951e+00
1.215810131299394525e+00
1.202610281884299193e+00
1.175757595203984263e+00
1.133145291026840029e+00
1.095682432560395325e+00
1.058265867814066397e+00
1.031719181498957472e+00
1.003594469280327584e+00
9.806378059441489548e-01
9.642502837933328852e-01
9.503664256635819818e-01
9.355229052094672371e-01
9.333506717441560907e-01
9.298392967599149461e-01
9.288284843580691952e-01
9.360440549096336049e-01
9.423591019467035812e-01
9.532881050856476524e-01
9.645603564916481742e-01
9.717938623150458310e-01
9.816616117082538340e-01
9.905422057860082674e-01
9.974159533772013475e-01
1.004132304759541183e+00
1.009183544003680710e+00
1.012782198059419381e+00
1.014660953178237790e+00
1.018512333528606373e+00
1.019682750245739289e+00
1.018153831088883576e+00
1.016393530843235693e+00
1.015324277324637148e+00
1.011050708086515426e+00
1.010234816737499486e+00
1.008533269994356552e+00
1.007648403811796989e+00
1.005777021117926440e+00
1.002974623847139757e+00
1.002267516791275570e+00
9.996269724488505704e-01
1.000601079204165744e+00
9.992230425546485550e-01
9.959391354533235763e-01
9.942146345927541651e-01
9.965281205126369501e-01
9.949258293449583235e-01
9.959717744417522223e-01
9.937045394695911416e-01
9.941914338351995895e-01
9.927543641452188927e-01
9.928077255242946375e-01
9.941578292785988591e-01
9.942179353419613452e-01
9.969966032425959801e-01
9.980790491539217602e-01
1.000835142364999486e+00
9.999862180874309336e-01
1.002982743986874148e+00
1.002035167506137192e+00
1.004061222877107973e+00
1.003899648255310417e+00
1.002253513099880644e+00
1.003027164188521558e+00
1.003042597727542118e+00
1.001505686728904720e+00
1.001927485543513408e+00
1.001014273541918298e+00
9.999093784749356617e-01
1.000094429188651546e+00
1.000461949121488781e+00
9.998209338344823394e-01
9.990843258217443346e-01
9.981954853733255861e-01
9.983652514006544632e-01
9.996007936785034076e-01
9.992265626537225609e-01
9.998455848257078449e-01
9.995684006126028809e-01
9.976738133952407495e-01
9.985637064170059807e-01
9.987669170055504253e-01
9.995298849979985523e-01
1.000178984920051750e+00
9.989371481098471284e-01
1.000894374493554784e+00
9.998765977113254211e-01
9.994476813892155809e-01
1.000686204318518957e+00
1.001604872493760512e+00
1.001121881069354069e+00
1.000729407274573823e+00
1.000853899405640401e+00
1.000386597405936717e+00
1.000754619722463490e+00
1.000056719824486073e+00
1.000637475524648101e+00
9.997363018661479250e-01
1.000011798263747531e+00
9.998639920191044750e-01
9.999035331218009137e-01
9.992241599529854135e-01
9.976807404960710279e-01
1.000076608728579730e+00
9.982323340626356734e-01
9.991038177606984538e-01
1.000056570506572040e+00
9.993245560470549460e-01
9.997075884493704656e-01
1.000987449578003785e+00
1.000871921924074703e+00
1.002071003499942492e+00
1.001999192978664022e+00
1.001942739190834875e+00
1.002572094856400309e+00
1.001633012987336535e+00
1.000755666056342141e+00
1.000908935653800125e+00
1.000327864999681626e+00
1.000719277058940149e+00
1.000689166845497136e+00
1.000330362478942803e+00
1.000147502073613248e+00
9.992628894163241293e-01
9.991448114988205065e-01
9.995096915809161819e-01
9.985963307783570775e-01
9.989848585470905151e-01
9.985331949840822174e-01
9.985728864305086772e-01
9.986878430418889563e-01
9.984267541192479722e-01
9.991586091871278441e-01
1.000382508214925137e+00
1.000162596429013506e+00
1.000942358705595447e+00
1.000114777004227795e+00
1.000268259522875791e+00
1.001025505418138284e+00
9.999774561522161154e-01
1.001373837650465282e+00
1.000487530985054052e+00
1.001679103743710941e+00
1.001014626600965851e+00
1.000463340717384630e+00
1.000605255008456540e+00
9.999044758216800721e-01
1.000103870913372495e+00
1.000112782319500848e+00
9.999918630379228679e-01
9.993601785635746193e-01
1.000056617258552993e+00
9.997531932124674725e-01
1.000364444893184102e+00
1.000725289607340418e+00
9.998902702029554002e-01
9.990864141752116012e-01
9.996165775530121422e-01
9.999031588998683606e-01
1.000064375601349198e+00
1.001066603382843700e+00
9.999623427729613656e-01
1.000505998229207050e+00
1.000267428108294387e+00
9.998038730305386368e-01
1.001070900754161386e+00
1.000021357412113066e+00
1.000297823588011559e+00
1.000607651579677571e+00
1.000152744449056108e+00
1.000495537663583567e+00
1.001120255589053043e+00
1.000246583638220388e+00
9.998680743283304695e-01
1.000094940518435616e+00
1.000643783839337608e+00
1.001011532858018915e+00
1.000215177844908432e+00
9.997599044276799241e-01
1.000932645691530176e+00
1.000225385459198257e+00
1.000278229472137070e+00
1.000415610351575557e+00
1.000686456362585464e+00
1.000669994210308111e+00
1.000243401602929572e+00
1.000000904994574613e+00
1.000038261919308891e+00
1.000143802210512689e+00
1.000358881504459507e+00
1.000338299283598964e+00
9.993493553116562511e-01
1.000877724521293644e+00
1.000770266494906080e+00
9.992537709277321545e-01
1.000009945793031374e+00
1.000044328174429120e+00
1.000478311158499611e+00
1.000423199615893655e+00
1.000088938074749301e+00
1.000214852272959920e+00
9.998027399185722697e-01
1.000611702750715759e+00
1.000938217738815528e+00
1.000161935852909689e+00
1.000209266899600324e+00
9.999887095868980058e-01
9.999078867034728590e-01
1.000312372036714192e+00
1.000547487824176907e+00
9.997440029504456316e-01
1.000243159851199160e+00
9.996567501412950696e-01
1.000475839644219267e+00
9.994441821723053510e-01
9.996995310538232538e-01
9.996799168838671479e-01
9.997998973517703281e-01
1.000287697917186858e+00
9.995691215403439411e-01
9.999183265805159371e-01
1.000116028746219632e+00
1.000543835254173564e+00
9.998264132119945025e-01
9.998215824661028650e-01
9.970723654488873322e-01
9.870467272162914973e-01
9.760422693790010706e-01
9.644617720467048017e-01
9.549408630075647553e-01
9.439917597139009242e-01
9.329071110617402907e-01
9.225107708276923946e-01
9.114408936943797501e-01
