0.000000000000000000e+00
0.000000000000000000e+00
0.000000000000000000e+00
0.000000000000000000e+00
0.000000000000000000e+00
0.000000000000000000e+00
0.000000000000000000e+00
0.000000000000000000e+00
0.000000000000000000e+00
0.000000000000000000e+00
0.000000000000000000e+00
0.000000000000000000e+00
0.000000000000000000e+00
0.000000000000000000e+00
0.000000000000000000e+00
0.000000000000000000e+00
0.000000000000000000e+00
0.000000000000000000e+00
0.000000000000000000e+00
0.000000000000000000e+00
0.000000000000000000e+00
3.564001798339919841e-02
1.066166026479350437e+00
3.464525411435814828e+00
3.402154093569748738e+00
1.865785646402219777e+00
8.348073309578276646e-01
3.775218798320624236e-01
1.871272525509873885e-01
1.164062302537042792e-01
1.824128655147149447e-01
7.024790108447366288e-01
1.478465095616836145e+00
1.727638807890169437e+00
1.439812010888723570e+00
1.040384653639754964e+00
7.691330710409614024e-01
6.536550051655700688e-01
6.435219851603088959e-01
6.972668331916699325e-01
7.799845861640593014e-01
8.798691754529424092e-01
9.783624760585462043e-01
1.062994503529895107e+00
1.129936751228037606e+00
1.187485598591964120e+00
1.220506288520413429e+00
1.231612746561788319e+00
1.218956665204744994e+00
1.189496113299637114e+00
1.148384650709629362e+00
1.101195539653634148e+00
1.068561668137347098e+00
1.032157337820148291e+00
1.004668756734514057e+00
9.860981095966532273e-01
9.697488451056460734e-01
9.533799522667262272e-01
9.403240056789166079e-01
9.341805025312900357e-01
9.290595116407559528e-01
9.246124472467136535e-01
9.286716359589767267e-01
9.368465500137759250e-01
9.449527646027165995e-01
9.595670554621124060e-01
9.719380369137315956e-01
9.834585062161604885e-01
9.910352314690543674e-01
1.001315243047570025e+00
1.008626820536418389e+00
1.018162446928981391e+00
1.020528971358237058e+00
1.018867955711149520e+00
1.022392506375665810e+00
1.021566914196522236e+00
1.019493599474442069e+00
1.014185268309061971e+00
1.015511121437333131e+00
1.010422070952963436e+00
1.008649016970208256e+00
1.003834069490199044e+00
1.003381540979845887e+00
1.003113568262242072e+00
1.000845575378453978e+00
1.000602812415424037e+00
9.989978505973783340e-01
1.001541178004730526e+00
9.999633021366652885e-01
9.994450245836193902e-01
9.953008197541488578e-01
9.965717240473165317e-01
9.966131562158798696e-01
9.986490124540103874e-01
9.966102610044530463e-01
9.961793431493095596e-01
9.985312524497261810e-01
9.962716284663041266e-01
9.958991325587578380e-01
9.988695463782710782e-01
9.973237704984303509e-01
9.965729036443679023e-01
9.996947163122775759e-01
9.982169413740242803e-01
9.984730463938951139e-01
9.995245873157556638e-01
1.001297646044665424e+00
1.000544970984728721e+00
1.000611713422191906e+00
1.000683627722364966e+00
1.002141824910636858e+00
1.003675999765995641e+00
1.002018214488109571e+00
1.001010587238406302e+00
1.000309803947927012e+00
1.001524596946714807e+00
1.002541746180278137e+00
1.002202122674743512e+00
1.000496256492273250e+00
9.995404204776439094e-01
9.996693378841075006e-01
1.000687523468574147e+00
1.000016758807661610e+00
9.995851574747596224e-01
9.991618745108176158e-01
9.983309108957059141e-01
1.000198563013003250e+00
9.990274360432509493e-01
9.992597284257257462e-01
1.001021393218215039e+00
9.999286183208490053e-01
1.000419700544235457e+00
1.001170586075312618e+00
1.000728935880005777e+00
1.000556900407079786e+00
1.000975573123239037e+00
1.000893347636248043e+00
1.001327821804520291e+00
1.000835737330638242e+00
9.992653359055072571e-01
1.000693119948706578e+00
1.001002646646852901e+00
1.001185164235466996e+00
1.001887051525656380e+00
1.001600753558621770e+00
1.000887058685698383e+00
9.994501154845943924e-01
1.000493979202774053e+00
1.000606580079395291e+00
1.000744058423248539e+00
9.990063397663848654e-01
1.000806882239149154e+00
9.992693287892141507e-01
9.997897327031241010e-01
9.993300584705777645e-01
9.994281263028490514e-01
1.000527974299968870e+00
1.000128480866310232e+00
9.999374573569077551e-01
1.000968902551518269e+00
1.000202064578054273e+00
9.999629323990920637e-01
1.001078730041951248e+00
1.000555502650428696e+00
1.001563597005083350e+00
9.997387337294486587e-01
9.998492456202976442e-01
9.995715642071844043e-01
1.000882822088678736e+00
1.000618688945429824e+00
1.000560645507806878e+00
1.000409788677756984e+00
1.000682977990489553e+00
1.000864571633020450e+00
9.997065372160868213e-01
9.997313818787613160e-01
1.000553184879734214e+00
9.995496257698399667e-01
1.000060101898887055e+00
1.001269062945287391e+00
9.999841478810057582e-01
9.993283463078369566e-01
1.001211908223528457e+00
1.000216682510878696e+00
9.996959897144522822e-01
1.000188093267133427e+00
1.000908866032726330e+00
9.996106756214002687e-01
9.997144125087238375e-01
9.997787260131547615e-01
1.000015901515386885e+00
9.992579061863487988e-01
9.996587919286538115e-01
9.997694731817516889e-01
1.000465258756506826e+00
1.000365582473816684e+00
9.995068084257183738e-01
1.000273216629954387e+00
1.000078312876330422e+00
9.994984725882265497e-01
1.000662275513819255e+00
1.000186383007405144e+00
9.998376747342385684e-01
9.994335139273784474e-01
1.000602484030052919e+00
9.999332831022144097e-01
1.000743582105348084e+00
9.994951781258222256e-01
9.994590756552885757e-01
9.999135150891242940e-01
9.996099739452817268e-01
1.000411111097787575e+00
9.999001226546289089e-01
9.999188087599232277e-01
1.000426763898638605e+00
9.990066355385344155e-01
1.000163939363780674e+00
9.998225295896685516e-01
9.999616747071172762e-01
9.991200953182873823e-01
9.997742736514154682e-01
9.998721619661378179e-01
9.998037472047137664e-01
9.995924027338300988e-01
1.000059047895148323e+00
1.000278441061519086e+00
9.998741286275127926e-01
1.001097241823140083e+00
1.000490094215208403e+00
9.997120866458980570e-01
1.000778707617906438e+00
9.999402311096456941e-01
9.992610528685348381e-01
9.996449151882697004e-01
1.000035124859538271e+00
1.000137357355956658e+00
9.996720823949901691e-01
9.998774096679879930e-01
1.000451031082966402e+00
1.000209108288525384e+00
1.000032861616387159e+00
1.000213549819109371e+00
1.000236649858092575e+00
1.000198719618448528e+00
9.999112331036190682e-01
1.000698025848439920e+00
1.000315924555571057e+00
1.000907839059529181e+00
9.999165701215253499e-01
9.998487404445371984e-01
1.000011581139707673e+00
9.996035142701482634e-01
1.000161486025402002e+00
1.000132342208914782e+00
9.999921088346370723e-01
1.000533584406275711e+00
1.000271594537650133e+00
1.000572487487528583e+00
1.000923880376872077e+00
1.000811502419029830e+00
1.000386726539971294e+00
1.000157655679033475e+00
9.997527615887923380e-01
1.000109500941451346e+00
9.999465210811584459e-01
1.000622380864967687e+00
1.000651816268219640e+00
9.995938154668774223e-01
1.000218162393738286e+00
1.000160768911510623e+00
9.999793095336704241e-01
1.000319239875801181e+00
1.001270037596329265e+00
1.000010421120411053e+00
1.000293699256709745e+00
1.000469432408173764e+00
1.000037906819752243e+00
1.000119552629050279e+00
9.999113545251815394e-01
1.000765264040620606e+00
