0.000000000000000000e+00
0.000000000000000000e+00
0.000000000000000000e+00
0.000000000000000000e+00
0.000000000000000000e+00
0.000000000000000000e+00
0.000000000000000000e+00
0.000000000000000000e+00
0.000000000000000000e+00
0.000000000000000000e+00
0.000000000000000000e+00
0.000000000000000000e+00
0.000000000000000000e+00
0.000000000000000000e+00
0.000000000000000000e+00
0.000000000000000000e+00
0.000000000000000000e+00
0.000000000000000000e+00
0.000000000000000000e+00
0.000000000000000000e+00
0.000000000000000000e+00
3.466506648412431141e-02
1.073203843298055293e+00
3.485154727848579270e+00
3.396916643414224612e+00
1.853861380540908765e+00
8.298111688726579338e-01
3.774846828969762313e-01
1.900332996391881912e-01
1.171145044307256577e-01
1.816199333730512400e-01
7.011353726940831033e-01
1.477401935546884149e+00
1.728974504398589795e+00
1.438488559751353479e+00
1.045214881390670536e+00
7.728186109893586675e-01
6.491279410034387354e-01
6.427250298055576794e-01
6.959407181396898290e-01
7.855639393643328861e-01
8.823764358980814571e-01
9.740915223337476281e-01
1.067517924937820162e+00
1.135453508352065377e+00
1.182224938732503450e+00
1.220331373585479273e+00
1.230035169683229679e+00
1.216404727647768080e+00
1.189132914620821602e+00
1.150347698565373777e+00
1.105061922312720046e+00
1.068001854504379233e+00
1.032245583990506921e+00
1.003376044348491147e+00
9.808210235049326098e-01
9.666580826068075227e-01
9.523565916653153884e-01
9.416991133478715970e-01
9.327430676806860443e-01
9.279476107840058940e-01
9.278368009092797797e-01
9.298327525193015308e-01
9.359012921890407233e-01
9.462858023715496891e-01
9.591474388482028601e-01
9.714413806672620444e-01
9.801139031626499021e-01
9.935697619313633711e-01
1.001517548943554603e+00
1.007010311600931907e+00
1.014966498739091172e+00
1.017307416899243755e+00
1.021655453866809005e+00
1.023024303398796242e+00
1.021733731200197948e+00
1.017862316957097280e+00
1.018660446589726876e+00
1.013519943072533014e+00
1.009365061709033951e+00
1.003782079693542384e+00
1.004559011999552887e+00
1.002469997420518233e+00
1.002202753027572779e+00
9.992141820380522343e-01
9.992237356778325141e-01
1.001659002782122165e+00
9.991192080172689449e-01
9.994120690803004470e-01
9.979964745373850477e-01
9.982144307789291293e-01
9.978075849037204570e-01
9.969404127081499256e-01
9.972338183752053054e-01
9.969474932045241378e-01
9.963779551368487919e-01
9.974847777791856496e-01
9.959471867419192881e-01
9.959593707602195645e-01
9.979629144757928838e-01
9.965959493224035848e-01
9.976058846837936311e-01
9.993476014167477217e-01
9.979861888354575328e-01
9.993628166298188509e-01
1.000738600535185263e+00
1.000213217412116107e+00
1.001439473762639754e+00
1.001750027129322929e+00
9.984923344375081777e-01
1.001986942642534517e+00
9.994511519217109674e-01
1.003609764752412703e+00
1.002567078710306259e+00
1.001343549297164071e+00
9.985810556816616668e-01
1.001175039054629901e+00
1.000802150319100692e+00
1.001739320219200868e+00
9.981143783315969964e-01
9.997401480089853631e-01
9.993247297394576290e-01
9.998229267471772097e-01
1.000002759193273194e+00
9.989452385592526573e-01
9.991758097481843182e-01
1.000643617496402848e+00
1.000270412001915021e+00
1.000189131157267042e+00
9.996245816569705456e-01
9.993047321671131300e-01
9.988174457742615697e-01
1.000070870926646593e+00
9.997715334084720240e-01
9.989177344383687318e-01
1.000643915783756555e+00
9.990490339087044758e-01
9.983416204494504065e-01
1.001113593131633062e+00
9.996570085424139052e-01
1.000087395732247586e+00
1.000018568469357882e+00
1.001573689327783789e+00
1.000515865981895569e+00
1.000844323590591944e+00
1.000585782793557366e+00
9.985680023913771075e-01
1.000075968758984635e+00
9.997790844439096158e-01
1.000518011543451768e+00
9.999186557250854257e-01
1.000565633799970211e+00
9.993345163547711074e-01
9.986438551135231600e-01
9.994499525348344848e-01
9.995100181711935594e-01
1.000031758062085663e+00
1.000178594008296118e+00
9.984552959068674349e-01
1.001583879728432436e+00
1.000001200068051821e+00
1.001489852624959376e+00
9.996914856642883374e-01
9.997539308638665467e-01
1.000884444244506621e+00
9.997118608115943550e-01
1.001085606998771915e+00
9.999844944018545512e-01
1.000387906485740164e+00
9.999421049247404492e-01
9.996627403583032700e-01
1.000775751376681066e+00
1.000688050417836594e+00
9.998177472358463769e-01
1.000930839664575300e+00
9.987848233627643069e-01
9.994833379487001457e-01
9.987620145927416093e-01
9.990312357236890151e-01
1.000091213020253278e+00
1.000080065244427718e+00
9.992675555999387393e-01
1.000290687144910429e+00
1.000332947518772553e+00
1.001254729602167437e+00
9.997460677161565945e-01
9.999981150430485854e-01
1.000624971587992240e+00
1.000232943506061067e+00
9.998829629810108699e-01
9.997434554064360546e-01
9.996080800199400596e-01
1.000812820201040898e+00
9.999989412677713352e-01
1.000470096756125526e+00
1.001077839698501837e+00
9.996051492771121927e-01
9.995619806710932531e-01
1.000533205034565221e+00
1.000603876638941125e+00
9.999106911516595364e-01
1.000436568694927919e+00
9.998723229848648364e-01
9.999286778358172922e-01
9.995192537825121626e-01
1.000333776364191518e+00
1.000152725282765331e+00
1.000089549671354439e+00
1.000461706996170985e+00
1.000173148814508028e+00
9.997235387185207101e-01
9.996744496139549074e-01
1.000933102135833419e+00
9.995099136725574818e-01
1.000035348164183491e+00
1.000744440467057128e+00
1.000177856003863663e+00
9.993252674388777290e-01
1.000561521557707501e+00
9.996226657597377940e-01
9.998328037297612436e-01
1.000502853936139580e+00
9.994703162975547839e-01
1.000242782050084545e+00
1.000143193113057993e+00
1.000335380641681260e+00
1.000849426992867830e+00
1.000360104027833152e+00
9.999514579071563380e-01
9.996270497548075395e-01
1.000328398019233012e+00
9.999671943248342743e-01
1.000375424240406819e+00
9.998605307722355784e-01
1.000358073952582361e+00
1.001034893611900012e+00
1.000182798624302594e+00
1.000174078368499586e+00
1.000124311619609907e+00
9.998177592146791914e-01
1.000284161963042928e+00
9.990336440840036358e-01
1.000649402937073607e+00
9.994130544508057490e-01
9.993868447186130544e-01
1.000212124677615666e+00
1.000735746702751117e+00
1.000018719217236729e+00
1.000393961446092383e+00
1.000787840648507787e+00
1.000796800972803435e+00
1.000711751157892238e+00
1.000202532469626426e+00
1.000225629442705655e+00
1.000478971045904331e+00
9.998708421621826936e-01
9.991352362514457353e-01
1.000060359004455224e+00
1.000420393754803516e+00
1.000292712218371349e+00
1.000451878346128032e+00
1.001044988883519116e+00
1.000262314237275296e+00
9.996764669229307732e-01
9.994687240440699449e-01
1.000047772317676609e+00
9.999075324076092119e-01
9.990795854292205957e-01
1.000063706398603980e+00
1.000098675533274806e+00
1.000368279141001349e+00
1.000750930319655119e+00
1.000072491687472365e+00
9.995966697559846015e-01
9.998797027850434560e-01
1.000290816955285988e+00
9.991936052424605919e-01
1.000082711916897571e+00
1.000176115256310228e+00
1.000449249063340318e+00
