0.000000000000000000e+00
0.000000000000000000e+00
0.000000000000000000e+00
0.000000000000000000e+00
0.000000000000000000e+00
0.000000000000000000e+00
0.000000000000000000e+00
0.000000000000000000e+00
0.000000000000000000e+00
0.000000000000000000e+00
0.000000000000000000e+00
0.000000000000000000e+00
0.000000000000000000e+00
0.000000000000000000e+00
0.000000000000000000e+00
0.000000000000000000e+00
0.000000000000000000e+00
0.000000000000000000e+00
0.000000000000000000e+00
0.000000000000000000e+00
2.812420400044709292e-05
3.733118025743542567e-02
1.078413992946935629e+00
3.453017021044325841e+00
3.392808354566674733e+00
1.859229587655159222e+00
8.314745253252018298e-01
3.728708701676112791e-01
1.879173796188154111e-01
1.162685399668574732e-01
1.774501740166003205e-01
7.033955530350209928e-01
1.479621152801749995e+00
1.729455901582977795e+00
1.433859167193393569e+00
1.040489403506867028e+00
7.702308834120800141e-01
6.497784361708385248e-01
6.417206381125041270e-01
7.006251472361169075e-01
7.815260966519453900e-01
8.775554769157556390e-01
9.810853240030512623e-01
1.061183679089798604e+00
1.133488932257023851e+00
1.184373316340346705e+00
1.216419560896663477e+00
1.232119216735718448e+00
1.220375961231201734e+00
1.187951436832420882e+00
1.143665664576026142e+00
1.105611907242236569e+00
1.064431856764063378e+00
1.030865307078790316e+00
1.003265519743665735e+00
9.865120889537190019e-01
9.654175714277929421e-01
9.514594035701361419e-01
9.372787822871699870e-01
9.325749555383631151e-01
9.293694384117441309e-01
9.243804926456039572e-01
9.290102643690678619e-01
9.360789592068633480e-01
9.464260280756220389e-01
9.587846989827574218e-01
9.696995661560952051e-01
9.831735342041274528e-01
9.924652193708430881e-01
1.000535011459960044e+00
1.007900682730042741e+00
1.016877545104439617e+00
1.018429942373138442e+00
1.020228770652133132e+00
1.023766982703930850e+00
1.016588878126577056e+00
1.018794317681232187e+00
1.013915394451520680e+00
1.009833364573254677e+00
1.007647131563140563e+00
1.006950068452588720e+00
1.005974706523730999e+00
1.004180776592479729e+00
1.002193878917298830e+00
1.004252578773454641e+00
9.995699697595135103e-01
1.000168044059665640e+00
9.991051902534828777e-01
9.982286424225202959e-01
9.997935845969087021e-01
9.971907878617219945e-01
9.967059501059080118e-01
9.980978751175120234e-01
9.972580637748589272e-01
9.972957015772735412e-01
9.967099720801061435e-01
9.961944445919399538e-01
9.958484049919459347e-01
9.961931326191763025e-01
9.972244082477808025e-01
9.971947842926999206e-01
9.965011230144504850e-01
9.970983073641348504e-01
9.981772954386349817e-01
9.989513778767312724e-01
9.988148400193213039e-01
9.996130872157709124e-01
1.003384144297213565e+00
1.000952457793233163e+00
1.001179735295741224e+00
1.002659032584801047e+00
1.001085138962053644e+00
1.002837379380827398e+00
1.002009757234690435e+00
1.002348264498438946e+00
1.001410985863013137e+00
1.001717680900366503e+00
1.001838089641298168e+00
9.993165361672278202e-01
1.000657620511950840e+00
9.997186977489163073e-01
9.992875945577975871e-01
1.000916243143652906e+00
9.979845331603649505e-01
9.982191500728642142e-01
9.983548697055347754e-01
9.983925826122550529e-01
9.989236798358283043e-01
9.986508591150422554e-01
1.000422206300707106e+00
1.000895589323512525e+00
9.990020865961430907e-01
9.999287297109632489e-01
1.001080420177498986e+00
1.001405866598284122e+00
1.000762149961267999e+00
9.998051362677200515e-01
1.000513245754107716e+00
1.000739298131543276e+00
1.001484188547498988e+00
1.000460312892493153e+00
1.001224467017147512e+00
9.991616645388874396e-01
1.000135385807340516e+00
1.000713655091008070e+00
9.993545081541761466e-01
1.001191038408848710e+00
1.000499624571794755e+00
1.000048497914160839e+00
9.992511808809056983e-01
9.995082758611226748e-01
1.000017130250910435e+00
9.994919345822202983e-01
9.999867243093277791e-01
9.994143318903551121e-01
1.000002487613012248e+00
1.001004705637774217e+00
1.000105750280570138e+00
1.000009430747231587e+00
1.000119419214117178e+00
1.001424332022009756e+00
9.995093007006465857e-01
1.000102856310562949e+00
1.000971102154628145e+00
9.992355041834242169e-01
1.000513974738507228e+00
1.000115794177359518e+00
9.994067542598713549e-01
1.000285768996546976e+00
9.995109609078809410e-01
1.001426300175322526e+00
9.998388977115169052e-01
9.999399117978059470e-01
1.000209765035243059e+00
1.000400785460637154e+00
1.000922832590022793e+00
1.000087747245934633e+00
1.000114776120418991e+00
9.995742102337793478e-01
9.996718756536916439e-01
9.995714074648820446e-01
9.997501382221432031e-01
1.000006557982076494e+00
1.000035474269739488e+00
9.996907223722276692e-01
9.990544343748561928e-01
1.000072614285849371e+00
1.000382151633274042e+00
9.995548976139475572e-01
1.000832080932887003e+00
1.000640717072220021e+00
1.000493530130854625e+00
9.999454273307505359e-01
1.000322569969412934e+00
9.994982165177268563e-01
1.000482386657465472e+00
1.001334489427944785e+00
9.996783886905415972e-01
9.988166076931292992e-01
1.000069884388110841e+00
1.000130490593721833e+00
1.000485361579563692e+00
9.992519338736809420e-01
1.000039403841823660e+00
1.000292785152271380e+00
9.993139800169530407e-01
9.996409050433892052e-01
1.000780536837760248e+00
9.996091966957614261e-01
1.000291343796036569e+00
1.000736158059431169e+00
9.989124570975927986e-01
9.997921486278116276e-01
9.998283472663502813e-01
9.999409142306595610e-01
1.000427587311995881e+00
9.990535406347709202e-01
1.000211072703770077e+00
1.000018279827227241e+00
1.000344685988177051e+00
9.992996658333216375e-01
1.000111378794606765e+00
1.000747573236089094e+00
9.994833678938450650e-01
1.000023462437948707e+00
9.991702717191105476e-01
1.000121122095239512e+00
1.000132514582763310e+00
1.000154303474852791e+00
1.000228187293152438e+00
9.999042489055963712e-01
1.000671113590593020e+00
1.000663519517453137e+00
1.000102666008952479e+00
9.998539801130876814e-01
1.000344844661841037e+00
1.000300484909405041e+00
1.000394722665821856e+00
1.000101820317968793e+00
1.000429965117219933e+00
1.001045298156830965e+00
1.001032802503785790e+00
1.000137940718413221e+00
9.997995847302814099e-01
1.000659142580985650e+00
1.000261350985851783e+00
9.996936783792218506e-01
1.000318114685066817e+00
1.000288125632344371e+00
1.000429674313565886e+00
1.000202881722210391e+00
1.000141679168985442e+00
9.999977807059499124e-01
9.998518793089430368e-01
9.996719128416640121e-01
9.992147664307995392e-01
1.000545696488138292e+00
1.000134981228542497e+00
9.997523203105294076e-01
1.000377720653001568e+00
1.000747187404282812e+00
1.000742575942945578e+00
1.000176124020594193e+00
1.000591237354570895e+00
1.000677644840415992e+00
1.000369270991236625e+00
1.000566476581465247e+00
1.000713779792679725e+00
1.000332642279492035e+00
1.000587320672618574e+00
1.000697642503563189e+00
1.000035539370604853e+00
1.000192298420261583e+00
1.000432395288280540e+00
1.000189987942915470e+00
1.000285918182849398e+00
9.998520719142888202e-01
1.000294395653577251e+00
1.000485882707164320e+00
9.998061462834181290e-01
