0.000000000000000000e+00
0.000000000000000000e+00
0.000000000000000000e+00
0.000000000000000000e+00
0.000000000000000000e+00
0.000000000000000000e+00
0.000000000000000000e+00
0.000000000000000000e+00
0.000000000000000000e+00
0.000000000000000000e+00
0.000000000000000000e+00
0.000000000000000000e+00
0.000000000000000000e+00
0.000000000000000000e+00
0.000000000000000000e+00
0.000000000000000000e+00
0.000000000000000000e+00
0.000000000000000000e+00
0.000000000000000000e+00
0.000000000000000000e+00
2.812071470529706912e-05
3.584371318184428196e-02
1.071043417146972043e+00
3.487513829299091483e+00
3.407429954803160577e+00
1.866668940214660566e+00
8.355956263568066200e-01
3.744343062010261347e-01
1.896547081190852468e-01
1.172183720994286610e-01
1.822053145293103527e-01
7.024625756154040390e-01
1.486095463272953943e+00
1.737140104772196603e+00
1.436153855437199756e+00
1.040547883351750968e+00
7.729299112801981675e-01
6.508324797300515385e-01
6.391451705738343536e-01
6.934552687118555880e-01
7.764498596660500684e-01
8.796976078266179888e-01
9.757221128213817707e-01
1.064412527993759072e+00
1.132363462953874578e+00
1.191774017586220813e+00
1.221494474854608603e+00
1.233391255722233071e+00
1.218571383552778054e+00
1.192844988309464282e+00
1.148255819274407674e+00
1.107007766462291265e+00
1.066362483457033550e+00
1.032909539904974583e+00
1.008377906328535634e+00
9.847588548521245544e-01
9.632872589662834217e-01
9.504833634639224815e-01
9.448403062671754116e-01
9.314643239724789137e-01
9.292831971268363800e-01
9.278846435797367675e-01
9.305229249258911706e-01
9.377216165242086010e-01
9.457062866367936804e-01
9.598559258000277650e-01
9.695952949944077748e-01
9.829296267312200852e-01
9.896366611494972210e-01
9.995813273328726378e-01
1.011017019491688984e+00
1.013861296015636348e+00
1.020367922496493218e+00
1.020767332551675510e+00
1.019655456782631253e+00
1.023121004822794333e+00
1.021263258576629473e+00
1.016952072254288852e+00
1.011714427179259745e+00
1.009846732046636664e+00
1.008815113703495303e+00
1.004842697375685878e+00
1.001659642962012153e+00
1.002903618313569112e+00
1.000949624984855291e+00
1.000377289840869599e+00
1.000682167186706328e+00
1.001054597034953808e+00
9.977305285674944457e-01
9.982662441947325327e-01
9.993775901649460947e-01
9.963987572406158844e-01
9.961477781390861708e-01
9.988379199037844547e-01
9.954698367789783786e-01
9.959512663851445291e-01
9.973337953170673398e-01
9.969868929337994956e-01
9.956370512947666507e-01
9.984104008579627321e-01
9.970523407380708081e-01
1.000130373703896458e+00
9.966055860209068751e-01
9.995298140729982350e-01
1.000817958230622251e+00
9.989627838941586013e-01
9.995140787628984391e-01
1.000389618133480818e+00
1.001103383439248207e+00
1.001819516793645670e+00
1.001229719340214652e+00
1.001867004259483052e+00
1.002048004986013652e+00
1.002980984943737885e+00
1.002046293663695131e+00
1.001994689714372555e+00
1.000995095765015330e+00
1.000129946038464057e+00
9.998608997122598874e-01
1.002068058782621618e+00
9.989295979162691186e-01
1.000071599683732604e+00
1.000087095381210434e+00
1.000935789806757237e+00
9.995228328542598017e-01
9.981522076495850104e-01
9.998760103337372973e-01
1.000716396839885780e+00
9.999650677353891792e-01
9.996891217181129718e-01
1.000419522433495301e+00
9.992677632462627635e-01
9.988001590706694355e-01
1.000732714677915691e+00
9.999591600255053336e-01
9.999304703514741988e-01
1.000971432300476360e+00
1.000959289137790753e+00
1.000461706308988896e+00
9.997709965102791196e-01
1.002413348699300988e+00
1.000642140453593898e+00
9.993013870916352959e-01
1.000169726668828529e+00
1.000100400518964427e+00
9.999870607083084506e-01
1.000127818886702435e+00
1.000891624038628303e+00
1.000137216973738807e+00
1.000677278905202972e+00
9.994495007641795992e-01
1.000720124343271067e+00
1.000270077258460066e+00
9.996233709757116337e-01
9.982524432626883604e-01
9.997459470197046505e-01
9.993656228045223466e-01
9.997620059991587649e-01
1.000480075038964856e+00
1.001223326272430825e+00
9.999207913115928381e-01
1.000400424477580597e+00
1.001367301770005103e+00
1.000193838198907947e+00
1.000461257413040261e+00
1.000174072732120445e+00
1.001183000581061799e+00
9.995582893367332966e-01
1.000275735736110283e+00
1.000453751862940388e+00
1.000560412697090618e+00
1.000109089477941193e+00
1.000901478331290173e+00
9.992410534701314795e-01
9.990465401981689642e-01
9.997340881043864647e-01
9.994062889953234663e-01
1.000283698411542410e+00
1.000355741455229541e+00
9.994220190009260874e-01
1.000250264865045535e+00
1.001151766536549248e+00
1.000609658769627819e+00
1.000037072062507137e+00
1.000562222769755705e+00
1.000183242018208851e+00
9.997123562195073809e-01
9.999063563745385075e-01
1.000589529273684386e+00
1.000019317635030935e+00
1.000887552339266628e+00
1.000517666845149867e+00
9.989122857188317273e-01
1.000154582058183417e+00
1.000272504127203366e+00
9.994657310732754096e-01
9.985898546314952995e-01
9.990507260510339549e-01
9.998335267304642171e-01
1.000965949415906886e+00
9.992713339471277489e-01
1.000633429437678634e+00
1.000341203406913904e+00
1.000803285672032583e+00
9.997141973397256631e-01
9.995734544143141109e-01
9.996815337484208364e-01
9.997589478654761441e-01
1.000312021987311839e+00
9.997810508138246233e-01
1.000119033195406404e+00
1.000465392009211252e+00
9.998125980088797826e-01
9.991418521765702554e-01
9.995514760931900611e-01
9.999458638998691695e-01
9.994357077905532405e-01
1.000597697913091944e+00
1.000770397831499015e+00
9.996092139092066509e-01
1.000315869788899414e+00
1.000216893938809415e+00
9.993092846003832630e-01
1.000584146311633393e+00
9.996470446635512541e-01
9.996850752621047054e-01
9.997604186057517106e-01
1.000809813669882198e+00
1.000113526563820354e+00
1.000306515016439191e+00
9.990117711126454969e-01
1.000020276905611905e+00
1.000093955069924601e+00
1.000204701290486886e+00
1.001477459842258444e+00
1.000444943750021576e+00
9.996491166798971983e-01
1.000011809332874257e+00
1.000056288247270109e+00
1.000835230643489115e+00
1.000160688942691944e+00
9.998685145793814177e-01
1.000225308278916980e+00
9.998946306328336808e-01
1.000609140385024132e+00
1.000705600056563060e+00
9.997116556690061051e-01
9.990142452815216068e-01
9.999280128259151468e-01
9.991939979841375497e-01
1.000123243755487223e+00
1.000156066213491846e+00
1.000646623326432616e+00
1.000287175804893680e+00
9.999194401106581420e-01
1.000038497955116679e+00
1.000174352984969373e+00
1.000685807018862006e+00
1.000495389032279192e+00
1.000038936438842008e+00
1.000423066002039452e+00
1.000401140579241011e+00
1.000944033874850092e+00
1.000146707331866391e+00
9.999077514808218936e-01
1.000108831060775527e+00
1.000111647396612513e+00
1.000374387098563966e+00
9.999306258254470059e-01
9.997679426403388581e-01
1.000012938260727013e+00
1.000642201186682456e+00
1.000120577224535623e+00
1.000650856128447508e+00
1.000090211609005797e+00
9.998061245950958797e-01
9.996187157068207041e-01
1.000695551084856971e+00
1.000027706321123144e+00
9.998084434903524720e-01
