0.000000000000000000e+00
0.000000000000000000e+00
0.000000000000000000e+00
0.000000000000000000e+00
0.000000000000000000e+00
0.000000000000000000e+00
0.000000000000000000e+00
0.000000000000000000e+00
0.000000000000000000e+00
0.000000000000000000e+00
0.000000000000000000e+00
0.000000000000000000e+00
0.000000000000000000e+00
0.000000000000000000e+00
0.000000000000000000e+00
0.000000000000000000e+00
0.000000000000000000e+00
0.000000000000000000e+00
0.000000000000000000e+00
0.000000000000000000e+00
3.127733648391470479e-05
3.457816662462798868e-02
1.031443669209209490e+00
3.345368169839949779e+00
3.311312440770538323e+00
1.835519821855726041e+00
8.351062646579154869e-01
3.852553665360618496e-01
1.977295907093559457e-01
2.250734383234863356e-01
8.461242954390377768e-01
1.739061566093541789e+00
1.914231574901627875e+00
1.463236703773494796e+00
9.861063904740712260e-01
6.996477279689372608e-01
5.850143416865134505e-01
5.758074208333106014e-01
6.302178490166674418e-01
7.118371926584858844e-01
8.159524635847722474e-01
9.187466804449062607e-01
1.012103204303585358e+00
1.091570768044759054e+00
1.158077432496149584e+00
1.204878792626331796e+00
1.225173385296076001e+00
1.231390710399154820e+00
1.210442275876573159e+00
1.172338017479283900e+00
1.126040068007660100e+00
1.084034941474031344e+00
1.044888162383546648e+00
1.004684282962669428e+00
9.781860994996033343e-01
9.567138456097983301e-01
9.401836891472598046e-01
9.295170820151634761e-01
9.228598658106116348e-01
9.198774915401637386e-01
9.232598391044078978e-01
9.249295795879236559e-01
9.364268535064083077e-01
9.505093201030377914e-01
9.650826285488743883e-01
9.751627179768835862e-01
9.901428537010362740e-01
9.962006579747184620e-01
1.007841132623729319e+00
1.010829406296115618e+00
1.017348952370537685e+00
1.020216535119428114e+00
1.020647781329721226e+00
1.022510494946229587e+00
1.020054633749015283e+00
1.016798447049462872e+00
1.013715496535627203e+00
1.011244422191682979e+00
1.005574119194782012e+00
1.003949509793754302e+00
1.001568319616584102e+00
9.990356280802566991e-01
9.982863974811272412e-01
9.995216290427834105e-01
9.989903309590786318e-01
9.981950024226035056e-01
9.994498762882044751e-01
9.994502692533384636e-01
9.983670723902565713e-01
9.990749449083973222e-01
9.980231262474144049e-01
9.980306742126249242e-01
9.976355983492898316e-01
9.979485989604705010e-01
9.972859689354149904e-01
9.975953928824189409e-01
9.968901017673054143e-01
9.974668917084448250e-01
9.977058033506590595e-01
9.981957753152069790e-01
9.988768454267351604e-01
9.985181648440718538e-01
9.994660935671776381e-01
9.990203266429810158e-01
9.998333007287102392e-01
9.997315115678463426e-01
1.000710793794432174e+00
1.002050744454665354e+00
1.001159106344273075e+00
1.002826746831386284e+00
1.001967239739820936e+00
1.002773227677426382e+00
1.001918868637255766e+00
1.001012283122241664e+00
1.000987677151078170e+00
1.001235640862368381e+00
1.001819699936106645e+00
1.001380954917987065e+00
1.001571216663277308e+00
1.000927179528581235e+00
1.001351664474724679e+00
9.986810628054099137e-01
9.989206565039472352e-01
9.994434966216850791e-01
9.990963794045336632e-01
1.000014810188648351e+00
9.987584035524861292e-01
9.989204351594438425e-01
9.983382321324142383e-01
9.990255293911841639e-01
9.995167007723075869e-01
1.000696257801393818e+00
9.999206454145315170e-01
9.995386898985996194e-01
9.994673833003849817e-01
9.994138862927198774e-01
1.001221870828215232e+00
1.000628810626200682e+00
1.000230454462400775e+00
1.001190425034022224e+00
1.001180343011851104e+00
1.000735993733524287e+00
1.000066916123358629e+00
1.001051946657683933e+00
1.000398492007480433e+00
1.000204607546060442e+00
1.000761059670141062e+00
1.000619239184117104e+00
1.000338000697721164e+00
9.998776660004273786e-01
1.000512211874232227e+00
9.997518603673148929e-01
9.995251328651018063e-01
9.986949490343364211e-01
9.987423206047065793e-01
9.995480687688537147e-01
9.990692146285335973e-01
9.997135593305095380e-01
9.995698115366874470e-01
1.000172477127797110e+00
9.994646030234854983e-01
1.000305194144855303e+00
9.997973169588121323e-01
1.000148863550472278e+00
9.999933725592420330e-01
1.000521933010409592e+00
9.999389706907535480e-01
9.997268568326452831e-01
1.000185566490186861e+00
1.000211997383017914e+00
1.000026315354381135e+00
1.001420506619050688e+00
1.000266246720810104e+00
1.000591188540840060e+00
1.000287127890374439e+00
9.989033561306052134e-01
1.000271546482687235e+00
9.998760514129075849e-01
9.994788029607071245e-01
1.000478460777727951e+00
9.999367443528048849e-01
9.993918880966603524e-01
9.993894078117671054e-01
1.000219768965065370e+00
9.993814779596652542e-01
9.997457388375912135e-01
1.000444642436379761e+00
9.995857021134681997e-01
1.000152527200083075e+00
1.000350627715482110e+00
1.000076290878528340e+00
1.000358076217875425e+00
1.000281674132752041e+00
9.996249709019441321e-01
1.000146923628487672e+00
9.998558744449257407e-01
9.999115091171620895e-01
1.000083276255412157e+00
1.000633591430248659e+00
1.000338131733868430e+00
9.991282028506901502e-01
1.000120680087594138e+00
1.000320459905085890e+00
1.000178653840942067e+00
1.000128839495106892e+00
1.000095354459980213e+00
9.998051895190475102e-01
1.000152008675511350e+00
9.998195784527661445e-01
1.000449117334097693e+00
1.000672080434455546e+00
1.000199228688887221e+00
9.996989427864422240e-01
1.000515375457040612e+00
1.000019344421368306e+00
1.000549450498855464e+00
9.993672149697109264e-01
1.000138921967529404e+00
1.000252292432139312e+00
9.996983071981563329e-01
1.000495079284580591e+00
1.000393194423708998e+00
1.000206377971158966e+00
1.000036007779754321e+00
1.000424234706339899e+00
9.996537550197771571e-01
1.000366729383828535e+00
1.000651607378807650e+00
1.000642148622564065e+00
9.997410753317417242e-01
1.000512202655684302e+00
9.998862014684083421e-01
9.998221270276673733e-01
9.998514737589321300e-01
1.000118895613129277e+00
1.000545443625004971e+00
9.999884773686779083e-01
9.999250362338610865e-01
1.000578767517014578e+00
1.000866662834372756e+00
9.997377648976116804e-01
1.000108013771672466e+00
9.999920475062100689e-01
9.997772849473796075e-01
9.998681714770858431e-01
1.000359141450129163e+00
1.000294623055736354e+00
9.999473770726916566e-01
1.000128122776948070e+00
1.000669838971542713e+00
1.000508047190548089e+00
1.000096447770311148e+00
1.001021648518925389e+00
9.999843241676624750e-01
1.000593020350966533e+00
1.000347846554564102e+00
1.000390695331602631e+00
1.000157538877249230e+00
1.000408986180465698e+00
1.000209749918413049e+00
1.000132967900891678e+00
9.999291890062728116e-01
1.000071051720776927e+00
1.000123358670569118e+00
1.000082581733628961e+00
1.000158770859272517e+00
1.000356797987935531e+00
1.000565896921343123e+00
9.999314379293112731e-01
9.999305569890916123e-01
9.998335417748592802e-01
1.000446087980499499e+00
1.000585687893797759e+00
9.990407100475496849e-01
9.915837646774428027e-01
9.804360778777796437e-01
9.698281407858294623e-01
9.587671624939801962e-01
9.477573785714201726e-01
9.375427219637706422e-01
