0.000000000000000000e+00
0.000000000000000000e+00
0.000000000000000000e+00
0.000000000000000000e+00
0.000000000000000000e+00
0.000000000000000000e+00
0.000000000000000000e+00
0.000000000000000000e+00
0.000000000000000000e+00
0.000000000000000000e+00
0.000000000000000000e+00
0.000000000000000000e+00
0.000000000000000000e+00
0.000000000000000000e+00
0.000000000000000000e+00
0.000000000000000000e+00
0.000000000000000000e+00
0.000000000000000000e+00
0.000000000000000000e+00
0.000000000000000000e+00
0.000000000000000000e+00
3.433728178393577468e-02
1.031090354901726958e+00
3.339868742638121279e+00
3.293056276781725966e+00
1.830307308299801150e+00
8.272041705368495812e-01
3.758596525607568184e-01
1.949989582515422593e-01
2.279829321808584386e-01
8.433352939801451731e-01
1.740605579167455064e+00
1.898342089091622054e+00
1.461100442847447445e+00
9.875992343694702802e-01
7.001003970151926659e-01
5.851917041060986646e-01
5.795715707187139021e-01
6.312082660193729655e-01
7.176661404534140365e-01
8.150711664133033496e-01
9.222420494764383969e-01
1.015339104626654665e+00
1.094968276282623165e+00
1.158066822910244653e+00
1.202084159731739099e+00
1.226063015928484878e+00
1.228024694228576852e+00
1.208587957866506191e+00
1.177070721210478954e+00
1.131608187693621925e+00
1.086667060089507419e+00
1.044790089920095921e+00
1.011677101363201992e+00
9.793298382436186333e-01
9.545668514429702656e-01
9.375715140338878317e-01
9.309208661565555598e-01
9.239560120513787833e-01
9.202211157961467380e-01
9.214383389143101510e-01
9.268336163477851608e-01
9.380088906050151332e-01
9.500761088119908937e-01
9.661788899007692777e-01
9.799846199591406570e-01
9.868233348188876208e-01
1.000902233409470377e+00
1.006556086151812801e+00
1.011126647894610375e+00
1.016217571721721002e+00
1.021185831513998554e+00
1.023945066329513542e+00
1.024297576696331369e+00
1.020608231288590018e+00
1.019012565228068601e+00
1.015795803430458832e+00
1.010388971184177143e+00
1.006586744695099123e+00
1.004291606249006374e+00
1.001706795116102056e+00
1.000697097677847092e+00
1.000265887915946283e+00
9.994238527533737537e-01
9.968676480176896781e-01
9.993988391130009807e-01
9.998702302292939992e-01
9.973818136347119001e-01
9.989271174914456930e-01
9.987056882449336648e-01
9.986764237749728990e-01
9.993657928044276106e-01
9.971419700684051035e-01
9.971454294234576299e-01
9.961124372938088278e-01
9.964843905219157305e-01
9.984610633828215898e-01
9.966476744397309018e-01
9.969886617764235348e-01
9.974620786214948298e-01
9.978059263112980526e-01
9.980767023494386825e-01
9.984950420620177791e-01
9.995280556089585211e-01
1.000288865062907151e+00
1.000214471649890191e+00
1.000848360090892619e+00
1.001176977572494353e+00
1.001123513875476823e+00
1.002864130474357074e+00
1.001134131158847307e+00
1.001834648745553835e+00
1.001531705774140857e+00
1.002501493420574707e+00
1.001175977555456287e+00
1.001395336687188609e+00
9.996949711937451744e-01
1.001145730134328060e+00
9.994469520197988288e-01
9.987647600158039429e-01
1.000329357985789924e+00
9.998318726920857324e-01
9.995603842122953164e-01
9.994709531418901616e-01
1.000510403124062808e+00
1.000085558135671349e+00
1.000287134087069374e+00
9.991914650122351027e-01
9.984538767390294112e-01
9.997228729776663769e-01
9.989379184187079375e-01
9.993792554886826718e-01
1.000046005706150876e+00
1.000156361124843851e+00
1.000497873053633358e+00
9.993374539604005236e-01
1.000642663687107081e+00
1.000607418117007485e+00
1.000090369723623418e+00
1.000875862118298043e+00
9.996698197306000955e-01
1.000445330682470990e+00
1.000070179728622666e+00
1.001051143772741847e+00
9.997477307339995845e-01
1.000930832957816152e+00
1.000351109363220914e+00
1.001837848249810481e+00
1.000124424368005638e+00
1.000309312432272169e+00
1.001184915264933695e+00
1.000634892605627435e+00
1.000094023385444730e+00
9.985891356250700124e-01
9.997786095023429853e-01
9.990142939505398667e-01
9.992376687408254243e-01
1.000362367212538128e+00
9.998072786573964921e-01
9.992352458805371374e-01
9.992441509702720825e-01
1.000077101794252910e+00
9.998600924143326019e-01
9.996242317315521264e-01
1.000437132514736760e+00
1.000012192374532649e+00
1.001444851267817793e+00
9.999342633147446646e-01
1.001180180924781116e+00
1.000013238682304184e+00
1.000835277180152971e+00
9.997468142966905447e-01
1.000560882646975180e+00
1.000626769720033060e+00
9.994566079912102774e-01
9.995594747660713209e-01
9.997757104172616538e-01
1.000194985253112900e+00
9.998081823277525926e-01
1.000558231080272309e+00
1.000177682665966294e+00
1.000000480025630356e+00
9.990586408974542199e-01
9.998863933286558092e-01
1.000293474389196913e+00
1.000073336194180040e+00
9.999204496078600846e-01
9.994722418127697239e-01
1.000920395282646647e+00
1.000188098300162975e+00
9.996113246293109045e-01
9.998538645036321171e-01
1.000010451566783587e+00
9.998016290346023460e-01
9.998990243380938558e-01
1.000404793635235157e+00
9.999696665717249244e-01
1.000741841744518634e+00
9.994914790487814393e-01
1.000087926706913155e+00
9.992579559812159173e-01
1.000292952568130334e+00
9.995476320786715885e-01
1.000313753659300975e+00
1.000067479419568306e+00
1.000580598588049375e+00
9.989957855649561624e-01
1.000889920325721105e+00
1.000332705730636373e+00
1.000272112656678480e+00
9.998218576800983470e-01
9.996183797624140777e-01
9.998229955161729299e-01
1.000576498729375263e+00
9.998786529144023660e-01
9.996818117445314122e-01
1.000290559727939455e+00
9.997311051847802554e-01
9.991297719708439606e-01
1.000255780677194561e+00
9.994143765522546241e-01
9.992831055148870822e-01
9.995799432472233237e-01
1.000156520120933701e+00
9.995200650805372566e-01
1.000324824299768656e+00
9.999983774612115628e-01
9.998932563503108994e-01
9.995440947284747191e-01
9.996124028606557799e-01
1.000528767039795541e+00
9.996654930351499546e-01
9.995586261883615542e-01
1.000048588702500796e+00
9.998529708054026965e-01
1.000733657911912378e+00
1.000309069002334406e+00
9.999712058947789473e-01
9.998848812582732393e-01
1.000680605363446496e+00
9.995864125222071461e-01
1.000217543608406423e+00
9.996487467017289852e-01
1.000197059881669182e+00
9.996582280051578007e-01
9.999959210607010096e-01
9.992962746244142824e-01
9.994017021165647607e-01
9.994409097716190349e-01
1.000275307935858171e+00
9.996811736570480056e-01
9.997372147809324705e-01
9.998090773883103743e-01
1.000120293126651072e+00
1.000353618391986110e+00
9.996568780470231896e-01
1.000334557825892867e+00
9.997961833135661225e-01
9.996225614059323084e-01
1.000237557815395695e+00
1.000095469060105158e+00
1.000251927180954903e+00
1.000129314503992672e+00
9.997284664842968072e-01
9.999347896344472630e-01
1.000101342037885033e+00
1.000033068342069065e+00
9.998732520981077343e-01
9.999953014616719260e-01
9.995781490095457800e-01
9.997446929682805017e-01
1.000318112329635190e+00
1.000061176676600772e+00
9.991864055182643201e-01
9.917862685355156582e-01
9.805025523717748603e-01
9.694362595560616080e-01
9.592539659825418674e-01
9.482159022780338731e-01
9.380451182673723576e-01
