0.000000000000000000e+00
0.000000000000000000e+00
0.000000000000000000e+00
0.000000000000000000e+00
0.000000000000000000e+00
0.000000000000000000e+00
0.000000000000000000e+00
0.000000000000000000e+00
0.000000000000000000e+00
0.000000000000000000e+00
0.000000000000000000e+00
0.000000000000000000e+00
0.000000000000000000e+00
0.000000000000000000e+00
0.000000000000000000e+00
0.000000000000000000e+00
0.000000000000000000e+00
0.000000000000000000e+00
0.000000000000000000e+00
0.000000000000000000e+00
0.000000000000000000e+00
0.000000000000000000e+00
0.000000000000000000e+00
0.000000000000000000e+00
0.000000000000000000e+00
3.305657422918245603e-02
7.454216420600766613e-01
2.663467930406448136e+00
3.047280507582187159e+00
1.970965935513091072e+00
9.698405379714167829e-01
4.880745150268658294e-01
2.753415728446729216e-01
1.881653041742438193e-01
1.891020967130976616e-01
1.956564304902434215e-01
2.130827971580863955e-01
2.324433972228347189e-01
2.529436378684445375e-01
2.609656958091587931e-01
2.952647492857112255e-01
3.997841893334187491e-01
4.645024064465229086e-01
6.712700008763962112e-01
8.476980213898086536e-01
1.045703166694605057e+00
1.222858838831447637e+00
1.370875865593988108e+00
1.465721899320444832e+00
1.582053222950372096e+00
1.657617666599167094e+00
1.663242452419103623e+00
1.685132786719562015e+00
1.503441999334302670e+00
1.367674925450009349e+00
1.240217762695334125e+00
1.089552982766811784e+00
9.751093441033276132e-01
9.054768199367532189e-01
8.674388940660098246e-01
8.583478064778182759e-01
8.513905349523346322e-01
8.907281034197982450e-01
9.195015748852048976e-01
9.229753328547724012e-01
9.482109421777686897e-01
9.899665637595669310e-01
9.622397425921915826e-01
9.846121557871446717e-01
1.008711203973799542e+00
1.030293180369955985e+00
1.067596670113481583e+00
1.065174126681261102e+00
1.057688656343294342e+00
1.076533835160447872e+00
1.077267017117784942e+00
1.075001247022796091e+00
1.059544716969055278e+00
1.031388382265516102e+00
1.004304508771677762e+00
9.880943276400947495e-01
9.922672973581669886e-01
9.600905792455816101e-01
9.784941751643829733e-01
9.735363857821731637e-01
9.695793874369648124e-01
9.791492527928424838e-01
9.696147126516374559e-01
9.796333470067144500e-01
9.870702192214867443e-01
9.746411671989330117e-01
9.942355649299449150e-01
9.928071980558457188e-01
1.016164232764110276e+00
9.976749937326513384e-01
1.009128048005699219e+00
1.011271523666676053e+00
1.000344847366845258e+00
9.953860198668734727e-01
9.870385935145207235e-01
9.857733261850304407e-01
9.865754991371122884e-01
9.924548488137339142e-01
9.734287968313563022e-01
9.915386026601176184e-01
9.887370274742547371e-01
9.829108124294475557e-01
9.928320492483656556e-01
9.858407818717798143e-01
9.868481018808569205e-01
9.931984303228978961e-01
9.873640743053855306e-01
1.000763249946141853e+00
9.944461845775419695e-01
9.863152693082481992e-01
1.000260314718053101e+00
9.980699594359293547e-01
9.893515825114908013e-01
1.008115657594117476e+00
1.018721484776593522e+00
1.008328160572798060e+00
1.012914330601944801e+00
1.013087768344459461e+00
1.002883364654522103e+00
9.963420879270897812e-01
1.011478816998154118e+00
9.901371719267153537e-01
1.017139795997457297e+00
1.003553141279013516e+00
9.981054028351975527e-01
9.975698081811212869e-01
9.982513314544366745e-01
9.952692646721288394e-01
1.010002833240952080e+00
1.004651823026872171e+00
1.003893951441251264e+00
9.988084940157563318e-01
1.008679902481970814e+00
1.010680735009767739e+00
1.003098312183762664e+00
9.941872306980438223e-01
9.981217764585069707e-01
9.905454434325723367e-01
9.942592468045250431e-01
1.005315819504306818e+00
9.871840484985405784e-01
9.863622144257782054e-01
9.920689734241334712e-01
9.972750272309974795e-01
9.957751005720953952e-01
9.986095305423231538e-01
9.944231815639739125e-01
1.000510191454391906e+00
9.908710731642612624e-01
9.914889714923824648e-01
9.890542492280713915e-01
9.940097148723541221e-01
9.945797934472302426e-01
9.942761778116437910e-01
9.938274019690914729e-01
9.977061406545748579e-01
1.000031108127237500e+00
9.970753760752503192e-01
9.995806564230745872e-01
9.981195093860329992e-01
1.008208925442273474e+00
9.832482528789366905e-01
9.938991379789442471e-01
9.981713212645395572e-01
9.971680136900625824e-01
9.987512865316509059e-01
9.883633815547875345e-01
1.005984527654189220e+00
9.961229891805347680e-01
9.993155774819844073e-01
9.955964841297285650e-01
9.939878354168915076e-01
9.904255503564034502e-01
9.939252280861371469e-01
9.914377410246909550e-01
9.929614700408315731e-01
9.976928492310682683e-01
9.964520760993053061e-01
9.978078910866147178e-01
9.991129954078464825e-01
9.976676714632642939e-01
1.000958560879350090e+00
9.971085110093873549e-01
9.977144880397181836e-01
9.976183077401342691e-01
9.970335804805582347e-01
9.995445905593334235e-01
9.979740951562712237e-01
9.990845067597529106e-01
9.934505807280784584e-01
9.952576348734935019e-01
9.946840001530308228e-01
1.001170851018721830e+00
9.967574504613552211e-01
9.994356135895329230e-01
9.968834237082653260e-01
1.002928672410429600e+00
1.003070211970771508e+00
1.003649119512540766e+00
9.943261925632150833e-01
9.983573588479031091e-01
9.887856079627582728e-01
1.000189757753770614e+00
1.000959852856738719e+00
9.989901704625258061e-01
1.002891698037526202e+00
1.003565264548342384e+00
9.972366722474123035e-01
1.001163900353953196e+00
1.004438766033407537e+00
9.990596116096858159e-01
9.966774809436813598e-01
1.003171726329119551e+00
9.988973520941792916e-01
1.003333593776959631e+00
9.995856001398275570e-01
9.986994744640482757e-01
1.003523426727456203e+00
9.952722942449132582e-01
9.990711643453840107e-01
9.990582334228224060e-01
9.968744016839041766e-01
1.000407659413349526e+00
1.000159595370687660e+00
9.980291445104302328e-01
9.976949403155530582e-01
9.946392849491979549e-01
9.993892657104554988e-01
9.896646493610724571e-01
9.937520275946238879e-01
9.957165112418043806e-01
9.956566237530294350e-01
9.992839987590087514e-01
9.950235386820744932e-01
9.964430645905519857e-01
9.995646134798724658e-01
1.000323730483501539e+00
9.980580418024309619e-01
9.910503140810099643e-01
1.001300421599959245e+00
1.001531524020690123e+00
9.967518960360217672e-01
9.936785010598585544e-01
1.000523400178868982e+00
9.900307460984534291e-01
9.993624068757411827e-01
9.956994123474031122e-01
1.000502567550788813e+00
9.920244460897177374e-01
9.958606824087917753e-01
9.877609313025753623e-01
9.972478279237787513e-01
9.900512717067043722e-01
9.928713479579338586e-01
9.921163731988290602e-01
9.975864252325019610e-01
9.926897300668657831e-01
9.956473732208923622e-01
9.893522216553023441e-01
9.899471720192346558e-01
9.927834481578200476e-01
9.948460459079617735e-01
9.946233812574732935e-01
9.940519187454907035e-01
9.944017345501939831e-01
9.918502990926053586e-01
9.897297150716847236e-01
9.953961399662508702e-01
1.000725155980894288e+00
9.942611441096589342e-01
9.937624402823166392e-01
9.962470671388679033e-01
9.931688599399151052e-01
9.960029903260761985e-01
9.981075175339070293e-01
