0.000000000000000000e+00
0.000000000000000000e+00
0.000000000000000000e+00
0.000000000000000000e+00
0.000000000000000000e+00
0.000000000000000000e+00
0.000000000000000000e+00
0.000000000000000000e+00
0.000000000000000000e+00
0.000000000000000000e+00
0.000000000000000000e+00
0.000000000000000000e+00
0.000000000000000000e+00
0.000000000000000000e+00
0.000000000000000000e+00
0.000000000000000000e+00
0.000000000000000000e+00
0.000000000000000000e+00
0.000000000000000000e+00
0.000000000000000000e+00
0.000000000000000000e+00
0.000000000000000000e+00
0.000000000000000000e+00
0.000000000000000000e+00
0.000000000000000000e+00
3.694841657507950961e-02
8.193064255934092710e-01
2.737245077313755992e+00
3.199306120911171281e+00
2.014709814009744360e+00
9.889461886303820837e-01
4.600741867724621459e-01
2.651862434349639974e-01
2.084625816598615622e-01
2.066470716375646555e-01
2.333005591890261743e-01
2.411010313978504960e-01
2.625867608374417572e-01
2.525364560193404384e-01
2.630119976554099459e-01
3.292107512927150426e-01
3.781536245205906477e-01
5.093465237991133820e-01
6.723239563372799266e-01
8.595774373738342966e-01
1.089154057705927103e+00
1.247809389097875865e+00
1.400407214809341827e+00
1.518252744375168994e+00
1.628109494218173747e+00
1.669646049740856730e+00
1.699131162166332087e+00
1.688244389860659611e+00
1.576017901922581288e+00
1.423129666861761233e+00
1.269668186868609938e+00
1.084882634826632941e+00
1.012860396762053528e+00
9.319680416110148746e-01
8.957256951247796195e-01
8.824264175192605419e-01
8.756971644384098363e-01
8.820551862725234393e-01
9.448195582339456999e-01
9.352054651929738727e-01
9.642013910256543863e-01
9.919013231075269887e-01
9.982580498867814622e-01
1.004227800143245863e+00
1.041777761791978119e+00
1.056452741649918758e+00
1.074481415309437304e+00
1.075721915615614144e+00
1.084339849702122160e+00
1.094844827862382575e+00
1.068364331214064933e+00
1.074003210198846148e+00
1.040675888747453204e+00
1.054350221325860648e+00
1.023290601522874876e+00
1.011393621523106523e+00
1.010621407075821931e+00
1.002156883398832798e+00
1.012669503275221317e+00
9.875147218902454727e-01
9.891160254275992436e-01
9.823512428319827183e-01
9.947138462690358063e-01
1.013939746516676399e+00
1.002065602990785287e+00
1.018491279680832529e+00
1.023616262294406720e+00
1.031017158374077258e+00
1.020943645677104605e+00
1.029048522387782549e+00
1.039087799172586202e+00
1.018818428411906618e+00
1.028757979605104289e+00
1.017947272917265389e+00
1.028118979512711473e+00
1.020657594339673624e+00
1.032991547835531598e+00
1.010105343531743527e+00
1.021907096014848637e+00
1.011475895899196509e+00
1.006310956586035976e+00
1.004784497435175394e+00
1.001553600097756291e+00
1.012128716441730525e+00
1.012554064874783277e+00
1.013523321491442530e+00
1.016075251193213180e+00
1.006435756251198743e+00
1.009297207990783596e+00
1.015908849336786712e+00
1.016500551701156718e+00
1.019484778547482318e+00
1.012236094717588353e+00
1.011165005048233700e+00
1.008880845239338742e+00
1.022384515268699445e+00
1.026998884699331649e+00
1.026186103324814747e+00
1.002214032526475895e+00
1.005719770187975870e+00
1.011395804327833936e+00
1.002581391444026027e+00
9.915841210241341797e-01
1.012361325064436546e+00
9.976163695526916175e-01
9.977577087688751512e-01
1.002825690361899280e+00
1.010725101967095307e+00
1.001068375782264708e+00
1.001093620580417287e+00
9.854420331186074522e-01
1.007708873083685619e+00
9.896262961525414958e-01
9.961220022353738379e-01
9.922573935174060500e-01
9.973065898637971660e-01
9.845550959352166176e-01
9.923029679948048853e-01
9.913261807128893599e-01
9.917651999439184296e-01
9.925167049232069827e-01
9.763616505194776529e-01
9.978126355203705833e-01
9.971507946659816657e-01
9.945217476490681996e-01
1.001031175321287936e+00
9.895955529912996429e-01
9.965356380596238628e-01
9.983540135101155455e-01
9.922537680415574046e-01
9.905684039276374531e-01
9.799894707087898338e-01
9.922344363549876478e-01
9.844353401995452613e-01
9.874411516171429648e-01
9.877920706516185589e-01
9.893192887283330794e-01
9.886029855632610941e-01
9.927502452225496210e-01
9.904380010746804963e-01
9.889862564057176897e-01
9.916035650407568625e-01
9.869434792269893286e-01
9.845509781006678285e-01
9.916321044173366239e-01
9.916932474130365494e-01
9.873642347351792026e-01
9.921213658109895306e-01
9.906747506207996823e-01
9.928093491679802485e-01
9.847097252981685811e-01
9.916282864487959703e-01
9.861864330207433804e-01
9.856066458415962961e-01
9.873335739192260485e-01
9.838379821668733483e-01
9.886900134714794453e-01
9.850422896570873998e-01
9.847578210491285677e-01
9.850532153069189167e-01
9.881333559030530678e-01
9.859279023839275791e-01
9.899184734093076088e-01
9.770051799905212775e-01
9.923945847750115234e-01
9.897918110039872763e-01
9.944656326324609052e-01
9.819079082498962663e-01
9.847554331811314565e-01
9.874926367169387653e-01
9.840671601492233522e-01
9.951369498347050202e-01
9.900943845988361414e-01
9.880876300934712253e-01
9.845778117201199331e-01
9.847222269867890176e-01
9.868087426141110008e-01
9.953135510160435739e-01
9.853571529338108759e-01
9.862374857306552833e-01
9.962927172625317684e-01
9.848131704493511274e-01
9.960515126798766827e-01
9.882945704893589811e-01
9.974964059253542681e-01
9.911239915077220131e-01
9.901140779305066530e-01
9.943164566609077326e-01
9.920016661603210384e-01
9.886971979769547669e-01
9.920150130248602816e-01
9.924234363608954723e-01
9.917130779699951937e-01
9.973845913742636071e-01
9.981214254786174855e-01
9.941348862508609940e-01
9.957472903705952838e-01
9.782718512573715941e-01
9.950827938232775782e-01
9.924606248805273312e-01
9.965358913309216859e-01
9.943624646490100139e-01
9.929339308819732368e-01
9.919645840493219735e-01
9.944319909585734862e-01
9.795738990249207578e-01
9.976771223431742941e-01
9.917922036448489909e-01
9.933474544646792026e-01
9.932992891106774414e-01
9.899894656048099373e-01
9.878983565616065166e-01
9.936321359973893097e-01
9.854395537323273890e-01
9.965635844554122658e-01
9.898130053204264867e-01
9.943397190449165812e-01
9.952958337325639171e-01
9.937925061417065553e-01
9.901331575688662179e-01
9.922182930347522856e-01
9.969740379123209761e-01
9.966141270388418905e-01
9.946302870808526597e-01
9.914780032448857749e-01
9.937556144297379213e-01
9.918269461991437996e-01
9.943408693552380218e-01
9.966072166724686543e-01
9.973721859548398960e-01
9.934935925587075056e-01
9.960268156823300911e-01
9.970412353500691660e-01
9.940925152775765827e-01
9.936948910698444326e-01
9.973927091106535858e-01
9.918596530750976026e-01
9.897496692095193449e-01
9.844919811836815304e-01
9.962325476794082757e-01
9.941154674913383893e-01
9.925629605255976706e-01
9.927378729829758885e-01
9.931282423294334194e-01
9.893587379810614424e-01
9.926782231617784502e-01
9.953901858255885804e-01
9.947997521827227629e-01
9.911227279855752137e-01
9.941863457300824658e-01
9.965462801511765223e-01
9.967783806970125227e-01
9.941565079958400997e-01
9.907149544735469604e-01
9.963223594680157280e-01
