0.000000000000000000e+00
0.000000000000000000e+00
0.000000000000000000e+00
0.000000000000000000e+00
0.000000000000000000e+00
0.000000000000000000e+00
0.000000000000000000e+00
0.000000000000000000e+00
0.000000000000000000e+00
0.000000000000000000e+00
0.000000000000000000e+00
0.000000000000000000e+00
0.000000000000000000e+00
0.000000000000000000e+00
0.000000000000000000e+00
0.000000000000000000e+00
0.000000000000000000e+00
0.000000000000000000e+00
0.000000000000000000e+00
0.000000000000000000e+00
0.000000000000000000e+00
3.441257347203680733e-02
1.041906356616890461e+00
3.399980890983380633e+00
3.329261899536218205e+00
1.834802596946197406e+00
8.217027153485527702e-01
3.719076142403939800e-01
1.906038991286789497e-01
2.260412111213548625e-01
8.372651938619400935e-01
1.743811689970051093e+00
1.901640956485067147e+00
1.447832111948297751e+00
9.696598270733125524e-01
6.685342802675340312e-01
5.515157644551991201e-01
5.415551949515373664e-01
5.930170437948524276e-01
6.858116118245193293e-01
7.844738649452008827e-01
9.013165824244588897e-01
1.004218507350230993e+00
1.095057670255054516e+00
1.171875521648578777e+00
1.218708156784474639e+00
1.251156382203810535e+00
1.253456320172645411e+00
1.233427838573914581e+00
1.200779235679559021e+00
1.147898093976127631e+00
1.097943449907105906e+00
1.055195039383448607e+00
1.018322634603024524e+00
9.833026338029763336e-01
9.618342390000230724e-01
9.457352585295268899e-01
9.289358853185065712e-01
9.231213343136127625e-01
9.152239417746813599e-01
9.182065231121164794e-01
9.190426035324548160e-01
9.333636896288829421e-01
9.417776194500586673e-01
9.575582299289691068e-01
9.690021993357589292e-01
9.836538139946577886e-01
9.971851611116253622e-01
1.007171827199586867e+00
1.011544417676451868e+00
1.020181079765537957e+00
1.021755772321361722e+00
1.025422998505595595e+00
1.025820777106611015e+00
1.024128791956472329e+00
1.021027209063817942e+00
1.020030677610451075e+00
1.015469112238851279e+00
1.008715466504513492e+00
1.006755965174602307e+00
1.002559313194882895e+00
1.002504619066422631e+00
1.000614054177791923e+00
9.999663665174918226e-01
1.003272584142320234e+00
9.997449432416521953e-01
9.987017641247422084e-01
9.992634907467350391e-01
9.977352977564990510e-01
9.962706147829101244e-01
9.962394558671673339e-01
9.960936493917750267e-01
9.941827580819984078e-01
9.956274837290687296e-01
9.980264287779911925e-01
9.964564102584078098e-01
9.961625646607991102e-01
9.984262336166324081e-01
9.960689807286453590e-01
9.964171855756219776e-01
9.968318801570600352e-01
9.974257107882211759e-01
1.002114252562009034e+00
1.000359808622671487e+00
1.001863905324875681e+00
1.004177568282318855e+00
1.001823832350120957e+00
1.002623045306611171e+00
1.002220205653394647e+00
1.001790652266982384e+00
1.001991245227148219e+00
1.002162259777370723e+00
1.001076779237777270e+00
1.001653228796717476e+00
1.001078799707752820e+00
1.000919284011152710e+00
1.001133591624605135e+00
9.985078603747015169e-01
9.994741137538221132e-01
9.981735694922547752e-01
9.997200451666982124e-01
9.995546721091207454e-01
9.992266509206066960e-01
9.991881000196849438e-01
9.979449019346536831e-01
9.987073467156388773e-01
9.980637216476400120e-01
9.980824291183335584e-01
9.992174099872414006e-01
1.000071900575560280e+00
9.985833395097850618e-01
9.979049093767885514e-01
9.998686217894371397e-01
1.000246268016011131e+00
9.998974625095407021e-01
1.000508727318319746e+00
1.000330945172169139e+00
1.000327982716232800e+00
1.001033065373961861e+00
1.001357447673566270e+00
9.998626932220044949e-01
1.001272545686395565e+00
9.997468969505819425e-01
1.001586965668937790e+00
1.000326678426995075e+00
1.000897444035230510e+00
9.993253745612261651e-01
1.000629966171332041e+00
9.999249528897901085e-01
9.984612131318312267e-01
9.985221406428470559e-01
9.984934729534302722e-01
9.995703030735425543e-01
9.975016387527426698e-01
9.991160151087571384e-01
9.984800379282448013e-01
9.996913205532530489e-01
1.001185774550236385e+00
1.001120721329120666e+00
1.000723880766712037e+00
1.002195731894310882e+00
1.001975133377336791e+00
1.001502258143391888e+00
1.000830958730101639e+00
1.002146312856803334e+00
1.000414866728667862e+00
1.000107012797001094e+00
1.001357529662160184e+00
9.994715549865228477e-01
9.993226838874519347e-01
9.998361789671942335e-01
9.991504898841887528e-01
9.990480504807429663e-01
9.977562818698468838e-01
9.990531831866381607e-01
9.970098486247812586e-01
9.990605285835814087e-01
9.996028755416395128e-01
1.000045816938141874e+00
9.990964544493937671e-01
9.994173818089143735e-01
1.000415719084297939e+00
1.000731532132187240e+00
1.002121185848123819e+00
1.001011709040927400e+00
1.001746651255384757e+00
1.001302614580469763e+00
1.000764232660643183e+00
1.000737874492283463e+00
1.000874383338137719e+00
1.000713037685768469e+00
1.001047260908182635e+00
1.000619869828005104e+00
1.000006279726293634e+00
9.995242609024744818e-01
1.000065966821214625e+00
9.998510056088475428e-01
9.982807955551556978e-01
9.993217604493001005e-01
9.995700865181240680e-01
9.994732778547688046e-01
9.993570985584704358e-01
9.987240016342467941e-01
1.000510891785329370e+00
1.000088820450389049e+00
1.000524279410144324e+00
1.000267584089528761e+00
1.000479084250268658e+00
1.000106685884028845e+00
1.000560145203893470e+00
1.000071692452429772e+00
1.000312340969176983e+00
1.000179235782055587e+00
1.000373187458260871e+00
9.996262198871245230e-01
1.000105277004152304e+00
9.999396877630560843e-01
1.000416611000677358e+00
9.992418184125874125e-01
1.000070570026296179e+00
9.990887275840978354e-01
1.000435669707053110e+00
1.000377118344510929e+00
9.997493206702138258e-01
1.000002407130177406e+00
1.000739483605112001e+00
9.999863379909916805e-01
9.999972920491113637e-01
9.995948286722644571e-01
9.999462983151673479e-01
1.000006502597999170e+00
9.994771690748979198e-01
9.999462795475270172e-01
9.994921605178884727e-01
9.999698300750918811e-01
9.998021951286779618e-01
1.000387833168142171e+00
1.000251994460781946e+00
1.000422807412879811e+00
9.996741274259715038e-01
9.997257411108118053e-01
9.998665547921793406e-01
9.997055168443537143e-01
1.000542703144197798e+00
9.996180362187699897e-01
9.994695862264316721e-01
1.000654004662598240e+00
1.000908942233125876e+00
9.995884987506101771e-01
9.997919765486859012e-01
9.996561699130277479e-01
1.000950948554405473e+00
1.000085580040335431e+00
9.998135145474648100e-01
1.000325512488635660e+00
9.999124847395135518e-01
9.997243713811373444e-01
9.998439488132602193e-01
1.000452951862085271e+00
1.000066039088598480e+00
9.998264770998394058e-01
9.996464562482334504e-01
9.996629780020196421e-01
1.000755646633010310e+00
1.000263889591913813e+00
1.000242148075658255e+00
9.997514050045163136e-01
9.999513065622622765e-01
9.998152802569968411e-01
1.000314962895637372e+00
1.000161434971299723e+00
9.998052096637041197e-01
1.000155012356850781e+00
1.000520309512344275e+00
1.000086866216437276e+00
9.999709423036925449e-01
9.999673862255880064e-01
9.996004415693438006e-01
1.000072250452957334e+00
9.990340948482699934e-01
