0.000000000000000000e+00
0.000000000000000000e+00
0.000000000000000000e+00
0.000000000000000000e+00
0.000000000000000000e+00
0.000000000000000000e+00
0.000000000000000000e+00
0.000000000000000000e+00
0.000000000000000000e+00
0.000000000000000000e+00
0.000000000000000000e+00
0.000000000000000000e+00
0.000000000000000000e+00
0.000000000000000000e+00
0.000000000000000000e+00
0.000000000000000000e+00
0.000000000000000000e+00
0.000000000000000000e+00
0.000000000000000000e+00
0.000000000000000000e+00
2.699638909123202256e-05
3.571143465543130668e-02
1.045858365725856665e+00
3.396129536809667115e+00
3.342699852481520573e+00
1.840891977594319329e+00
8.185859322356250356e-01
3.739267949358723864e-01
1.903694964567201331e-01
2.228730689135499099e-01
8.379369552128778098e-01
1.749258027555461004e+00
1.912865379934218346e+00
1.449761337775287373e+00
9.725119558644893525e-01
6.700536687903648758e-01
5.462633081950615255e-01
5.388534419963280087e-01
5.901507300837869341e-01
6.768927075071531352e-01
7.837095585972457812e-01
9.013638717576175630e-01
1.007364933392181250e+00
1.093765761040494278e+00
1.171493359129455625e+00
1.220660957527232693e+00
1.252076674464154493e+00
1.258841296288561784e+00
1.235113220390284816e+00
1.199918675030814619e+00
1.151160616996496522e+00
1.099164160110730704e+00
1.058041217797293765e+00
1.019207938193837482e+00
9.850228352762637751e-01
9.622912963867974456e-01
9.467795542425510025e-01
9.333959070014496984e-01
9.238908476571785489e-01
9.167613893672212910e-01
9.160800381041385165e-01
9.236702516460896240e-01
9.276341581257439017e-01
9.414254716468304363e-01
9.559733260014575684e-01
9.702665946029144228e-01
9.822761049747151807e-01
9.975839010055441713e-01
1.008492669725948199e+00
1.015393318999034289e+00
1.019853346889379564e+00
1.021328890040875237e+00
1.024315177957963785e+00
1.027694560510347133e+00
1.023728806108852973e+00
1.022796261825407171e+00
1.014663460230939895e+00
1.014309613410324440e+00
1.008495742737594458e+00
1.009249652410528553e+00
1.005177613633738254e+00
1.001874996067270152e+00
1.003297707087789092e+00
1.000882434364429141e+00
1.001433713783548951e+00
9.995527319604849970e-01
1.001474578056192000e+00
9.996139315492608146e-01
1.000125270042536929e+00
9.997339127738156250e-01
9.978727675269981612e-01
9.963904404512985424e-01
9.957226658667798214e-01
9.948527640431749086e-01
9.954839365506865656e-01
9.957412532892860879e-01
9.941145042787966624e-01
9.981924796428731650e-01
9.972096572763909927e-01
9.984634356613911743e-01
9.978163436636985351e-01
9.989822990792178725e-01
9.999616331745322384e-01
9.998958402546983537e-01
1.001671533886999255e+00
1.003643018984824886e+00
1.002510885894836612e+00
1.004942962039088394e+00
1.003321519878013657e+00
1.003416990456385216e+00
1.002303826530551500e+00
1.003063332747707426e+00
1.001761910373272890e+00
1.001320246388845536e+00
1.002356216593883076e+00
1.001219309666394386e+00
1.000583062923724675e+00
9.990606186408919065e-01
1.000605665673808264e+00
9.984367271123674170e-01
1.000166941733955595e+00
9.981653985307067378e-01
9.995854139773889813e-01
9.996115797857576535e-01
9.990394011916648997e-01
1.000197067939428974e+00
9.989313374050421412e-01
9.989684035234855930e-01
9.989527366449518775e-01
9.981701952861234961e-01
1.000415895899987806e+00
1.000317184937710602e+00
1.001667111438475644e+00
9.998064172379540482e-01
1.000249894286908248e+00
1.000569564602821648e+00
9.989680053227286693e-01
1.000329002944592593e+00
9.999169357568568062e-01
1.002562619651311548e+00
1.001311595195063298e+00
9.997145621837905116e-01
1.000263075630454024e+00
1.001190245915630106e+00
1.001016727872728440e+00
9.990794243288951826e-01
1.000977572534448301e+00
1.000240509230028385e+00
9.996279873757550893e-01
9.994779273375558049e-01
9.989980935107354298e-01
9.985159765251856445e-01
9.985577791531292657e-01
9.987762095618044622e-01
9.993811934751104520e-01
1.000507042275698311e+00
9.995553960156959850e-01
1.000194885784289722e+00
1.001909039189188499e+00
1.001259450592667299e+00
1.001082542779896833e+00
1.000352915605318582e+00
9.999671653741646349e-01
1.001696562322704542e+00
1.002026947890273911e+00
1.001445168694558685e+00
1.000926603864213504e+00
1.000927366002282604e+00
1.000011907644319686e+00
9.993109637063546380e-01
9.997786180792499477e-01
9.984054647821347661e-01
9.989577478329271232e-01
9.985624767686361869e-01
9.990187893976471001e-01
9.986947330451826366e-01
9.988485928033546957e-01
9.983967916182000524e-01
1.000513942335716555e+00
9.995609105403894246e-01
1.000237932040289213e+00
9.993016966571508508e-01
1.000416059465005336e+00
1.000901244292691450e+00
9.999984119311511321e-01
1.001564059020671804e+00
1.001602922182943223e+00
1.000928430687234583e+00
1.001360562415981148e+00
1.000222451028490722e+00
1.000446004642591369e+00
1.000828808624752098e+00
9.987782960958394574e-01
9.998036279826429951e-01
1.000636341500772630e+00
1.000966868062499016e+00
9.999322527930180060e-01
1.000404404094392907e+00
9.999779708179692417e-01
9.999357496630932873e-01
9.998313521411216209e-01
9.993471872890694607e-01
9.998189013306237882e-01
1.000329829174396501e+00
9.992537069065026145e-01
9.985791514373555389e-01
1.000410768489312430e+00
1.000195487784841131e+00
9.998051779679754114e-01
9.994015455437172957e-01
1.001002507925717877e+00
9.999900526485968610e-01
9.995109004155313670e-01
1.000633888645634295e+00
9.998667425459347724e-01
1.000007041046384382e+00
1.000012031267534685e+00
1.000315030881326450e+00
9.990237712987017904e-01
1.000041177564402917e+00
1.000647823055426988e+00
9.997701799514389087e-01
9.998873924347709830e-01
1.000427492114479122e+00
1.000035060723173164e+00
1.000780672559630435e+00
9.993412400339850565e-01
9.997728259283513719e-01
9.997243612929551659e-01
1.000190096079190072e+00
1.000868349413073233e+00
1.000325406658935323e+00
1.000912460610476007e+00
9.997076539154094998e-01
1.000080624149953135e+00
1.000287026164049742e+00
1.000387437134169222e+00
1.000006501369390843e+00
9.992376843289315635e-01
9.998800774407349268e-01
9.994994642745936853e-01
1.000052394143092771e+00
9.995939380361762439e-01
1.000310951867095621e+00
1.000083641478281216e+00
9.996957926486894630e-01
1.000214132679874801e+00
1.000351731771420782e+00
1.000564245810798836e+00
9.993253899222735992e-01
1.000778418203502884e+00
9.998278975910621647e-01
1.000171314814878309e+00
9.997955461973518920e-01
9.999992134109062514e-01
1.000517416743720744e+00
9.996918710474180791e-01
1.000749595882514109e+00
9.999143185050569649e-01
1.000122093750287933e+00
1.000036689000647128e+00
1.000545618703936324e+00
9.996632906188596124e-01
1.000477626550789534e+00
9.995746058641108434e-01
1.000027516596766253e+00
1.000355062240167570e+00
9.996063047364948106e-01
1.000821204464084735e+00
1.000244328669464222e+00
9.998162565119677048e-01
9.999059861944092908e-01
1.000527692202938024e+00
1.000132243077454408e+00
9.998348097138822776e-01
9.999053917736577812e-01
9.999298003580874283e-01
1.000793467899894207e+00
1.000162830881738740e+00
1.000232421657917703e+00
