0.000000000000000000e+00
0.000000000000000000e+00
0.000000000000000000e+00
0.000000000000000000e+00
0.000000000000000000e+00
0.000000000000000000e+00
0.000000000000000000e+00
0.000000000000000000e+00
0.000000000000000000e+00
0.000000000000000000e+00
0.000000000000000000e+00
0.000000000000000000e+00
0.000000000000000000e+00
0.000000000000000000e+00
0.000000000000000000e+00
0.000000000000000000e+00
0.000000000000000000e+00
0.000000000000000000e+00
0.000000000000000000e+00
0.000000000000000000e+00
0.000000000000000000e+00
0.000000000000000000e+00
0.000000000000000000e+00
0.000000000000000000e+00
0.000000000000000000e+00
2.916040238824967740e-02
8.155470718503146088e-01
2.929713525015436026e+00
3.428326093157772370e+00
2.239647132723254774e+00
1.141112226932385232e+00
5.273012443589460974e-01
3.099010692655086996e-01
2.345883703768139039e-01
2.416043429212673121e-01
2.598859660099339108e-01
2.866079026584294476e-01
3.118500291829831572e-01
3.224416359548545330e-01
3.241407073801297334e-01
3.466071233127285267e-01
4.142350110305453303e-01
5.217705175415751073e-01
6.513962354880895589e-01
8.287559027200483985e-01
1.017634743425108290e+00
1.162172228125819329e+00
1.324038198892220297e+00
1.427012416679644735e+00
1.494971477235534030e+00
1.555832295514065988e+00
1.600819386016047563e+00
1.560658071812933478e+00
1.494950817647426433e+00
1.367266729483358034e+00
1.230696409704948868e+00
1.102737028273812259e+00
1.006467938853220501e+00
9.592268758237008086e-01
9.012009692609767031e-01
8.770382329027341939e-01
8.858417871815306155e-01
8.891126530080486479e-01
9.036569964566925073e-01
9.209061733000157846e-01
9.432117362220953094e-01
9.766339338245383361e-01
9.875526191065993054e-01
1.009350372334913093e+00
1.028045295070396659e+00
1.031278628897676741e+00
1.043365869021643855e+00
1.061053670955502737e+00
1.070105859162173045e+00
1.070464333795667189e+00
1.061094013745789155e+00
1.055494009108414621e+00
1.050931376329864220e+00
1.038787763129183528e+00
1.014742071078832408e+00
1.010314786793272024e+00
1.003109212585813870e+00
9.949531258163551994e-01
9.902249100978790519e-01
9.847958680015360677e-01
9.736060628653627758e-01
9.859701218914850296e-01
9.925881207870697054e-01
9.904529076985725267e-01
9.951751419950257693e-01
1.004033816064797247e+00
1.013501114572552986e+00
1.016000214049954664e+00
1.021951969755851675e+00
1.018910790859091309e+00
1.026834944874141398e+00
1.026067762295807650e+00
1.016574680848685297e+00
1.020271514483277686e+00
1.017161965069985907e+00
1.016616701735600925e+00
1.008657472309435699e+00
9.997973943696751853e-01
1.000577162996164615e+00
9.959681134294394722e-01
1.004404713457256015e+00
1.003341185690676873e+00
1.002318471912512665e+00
1.004024904253630224e+00
9.986075252780026723e-01
9.972921641488976530e-01
1.002009064141412997e+00
1.017762896571215769e+00
1.014242902373177602e+00
1.005564163077371953e+00
1.014077452830002501e+00
1.008016203135116085e+00
1.009388124604116754e+00
1.012746876202338164e+00
1.002469371212854732e+00
1.001052486504345529e+00
1.014150993610776430e+00
1.013292113464054678e+00
1.004505717556751554e+00
1.008413133148862162e+00
1.008702325544267753e+00
1.004748879908244241e+00
1.003626332639751206e+00
1.004691542633135315e+00
1.002749826940941391e+00
1.000446700349589824e+00
9.953184476321568219e-01
1.000235219504690409e+00
9.959885092227412917e-01
1.000927067884446409e+00
9.985421860166581176e-01
9.932044375434769812e-01
1.000020531503274634e+00
1.002256120418152818e+00
9.973427630389449794e-01
1.002866750818860009e+00
9.987284672745908587e-01
9.995667809717253549e-01
9.992029459107817368e-01
9.925369329564736054e-01
9.998046200363670533e-01
9.988382945684307623e-01
1.002139055293947756e+00
1.000885709168419790e+00
9.922609927914518568e-01
1.000326269216144981e+00
9.978170667686097062e-01
9.964670442698022601e-01
9.963645166396319919e-01
9.938594757847530881e-01
9.986916691104299471e-01
1.002575380980738950e+00
1.000216356711272514e+00
9.999768696428062986e-01
9.969652683883911681e-01
9.960164156587809625e-01
1.002363007882354218e+00
1.002091673339358113e+00
9.973922385837048488e-01
1.003040602500346212e+00
9.936648670575888298e-01
9.969936634096564498e-01
9.995226944534619795e-01
1.000203186941432953e+00
9.993433748308517828e-01
1.003058301615925574e+00
1.001360621057296951e+00
1.000983642430549603e+00
1.000628311966813344e+00
9.989637433891389584e-01
1.000559786317619881e+00
9.972683697741870912e-01
1.000403881058342659e+00
1.001101107787012223e+00
1.000206456236883978e+00
1.004395713861141903e+00
9.957450340843821968e-01
9.988926650350917757e-01
9.974126602485801074e-01
9.998110982796581947e-01
9.981351826434359253e-01
9.985708602156143643e-01
1.002433613979542892e+00
9.986553729464795470e-01
1.001489183131463623e+00
9.980139567001248269e-01
9.943054829963248187e-01
9.987982404150267390e-01
9.959266120367268327e-01
9.972466154637745772e-01
9.974085046281504496e-01
9.984405083443339546e-01
9.999858232822004256e-01
9.977579436845744887e-01
9.984017429491029993e-01
9.960106904738248446e-01
9.997667561984188156e-01
9.964857122208247153e-01
1.001298972849504532e+00
9.984775123917033479e-01
9.990597100880315162e-01
9.985044051222312644e-01
9.997221930680078028e-01
1.000023686195121497e+00
1.001096085006679237e+00
1.000976969716884879e+00
9.963536458964722398e-01
9.966655814444819184e-01
9.991051005716776734e-01
9.987588114970719078e-01
1.000572283914012539e+00
1.003040327521719011e+00
9.989289256721977095e-01
9.994783486858430654e-01
1.002357048223224023e+00
1.000704381303657131e+00
1.000511690679434018e+00
9.992295390426577661e-01
1.000005352292547611e+00
9.978344842617653532e-01
1.001260386074703801e+00
9.984141995472660680e-01
9.957713523519144960e-01
9.992051852597125805e-01
1.003282563129873406e+00
1.000962075406461427e+00
9.957068042108763173e-01
9.979775001681459035e-01
1.001391916285912842e+00
9.979252022033160419e-01
9.977843187052267693e-01
1.002379903109082315e+00
9.965711423416466763e-01
9.989616518804925738e-01
9.959396419438069081e-01
9.980995524381687245e-01
9.991951935100014115e-01
9.998819323499159584e-01
9.993157747767030807e-01
1.001740612404379283e+00
9.989240687367815230e-01
9.989836148639024138e-01
9.998090942543716997e-01
9.981828651740780600e-01
9.980944403685170219e-01
9.965496332455356931e-01
9.989419523518940913e-01
9.980481642699338130e-01
9.959283008761593559e-01
9.983448233770720881e-01
9.968234935855561085e-01
9.996862562040991218e-01
9.978207294519860771e-01
9.987342021127613156e-01
9.987126642286858758e-01
9.975062128557434793e-01
9.966039880154690112e-01
9.998548210375356460e-01
9.981060671140610241e-01
9.953471753683811318e-01
1.001552560510612144e+00
9.986258663964779902e-01
1.000307712611542721e+00
9.956236149026819193e-01
9.985660211464344460e-01
9.970896685245951296e-01
9.955005292428851238e-01
9.948896885985765159e-01
9.970301913373330605e-01
9.993355084152037993e-01
9.897385613240471391e-01
9.744911128914234277e-01
9.646662977010528328e-01
9.547768038404277346e-01
9.412258928107785083e-01
