0.000000000000000000e+00
0.000000000000000000e+00
0.000000000000000000e+00
0.000000000000000000e+00
0.000000000000000000e+00
0.000000000000000000e+00
0.000000000000000000e+00
0.000000000000000000e+00
0.000000000000000000e+00
0.000000000000000000e+00
0.000000000000000000e+00
0.000000000000000000e+00
0.000000000000000000e+00
0.000000000000000000e+00
0.000000000000000000e+00
0.000000000000000000e+00
0.000000000000000000e+00
0.000000000000000000e+00
0.000000000000000000e+00
0.000000000000000000e+00
0.000000000000000000e+00
0.000000000000000000e+00
0.000000000000000000e+00
0.000000000000000000e+00
0.000000000000000000e+00
3.057702113203495178e-02
8.158376431621394698e-01
2.903767377661649718e+00
3.474457329048380227e+00
2.247552667704470597e+00
1.122548394285269868e+00
5.510694075534103842e-01
3.041598458413901640e-01
2.359089713689708490e-01
2.176371021128027383e-01
2.467468740831501028e-01
2.762532100208764385e-01
2.958881694728351941e-01
3.063053836788184325e-01
3.092837248434586184e-01
3.324760578117855747e-01
3.866684473454185533e-01
4.862145100750150939e-01
6.415916983073184365e-01
8.125140401443453619e-01
9.880552201586032535e-01
1.164256317463488344e+00
1.265167225609426183e+00
1.386908398336516690e+00
1.455498912453313087e+00
1.535382960007210196e+00
1.558668309800318452e+00
1.556303651063911664e+00
1.474161243411476363e+00
1.352747363903891831e+00
1.196548762559887402e+00
1.067362050706433640e+00
9.796057500096310156e-01
8.974436885357960358e-01
8.699240456187400383e-01
8.478935242196823374e-01
8.490708177420411840e-01
8.538870852567045366e-01
8.640085592246403712e-01
8.982345550182009308e-01
9.164651876899229110e-01
9.457749743033255774e-01
9.523896635612697503e-01
9.849003644886059616e-01
9.991876519629683262e-01
1.020793963508996205e+00
1.019235883731536285e+00
1.030440488006670208e+00
1.041173374796616091e+00
1.042536555540105825e+00
1.039199045766628249e+00
1.032249327365667435e+00
1.031042391776139100e+00
1.022808949833336367e+00
1.007377944076725429e+00
9.954049879887238994e-01
9.885913761641080821e-01
9.739415828822675092e-01
9.713515511716632744e-01
9.646910807498356721e-01
9.663358562404906760e-01
9.723964339544537427e-01
9.734561083640538293e-01
9.759829582447818730e-01
9.930031900322254801e-01
9.848479728160216551e-01
9.988239046472033866e-01
1.005469838413441508e+00
1.011457047084120875e+00
1.023276000976573341e+00
1.018613761457675349e+00
1.004571884676603633e+00
1.012755779741797202e+00
1.012412560561218644e+00
1.011525124466930547e+00
9.978940948660142141e-01
1.002741254828425355e+00
9.999549006171811749e-01
9.994260553453470086e-01
9.956824614666471840e-01
1.001395898905538040e+00
9.981165733594210554e-01
9.886672654215911127e-01
9.888887991696641011e-01
9.931141801081122544e-01
9.973570671289000433e-01
9.903144602807955055e-01
1.003730560148058837e+00
9.951832507696010133e-01
9.950661259333208886e-01
9.987373991057603151e-01
9.983380405561121940e-01
1.001861717695617049e+00
1.000509349305173767e+00
1.002117492595684389e+00
9.998573691454676338e-01
1.002038140840123326e+00
9.956345527933480044e-01
1.003502540657020603e+00
1.005074733828565492e+00
1.000192015115257238e+00
9.999513669385686754e-01
1.000976984609036613e+00
9.942561134384725330e-01
9.985578178101550684e-01
1.000081530754851178e+00
1.000293633701196061e+00
1.002294161652347970e+00
9.983270239730014373e-01
9.957202880967384040e-01
9.977847391486485140e-01
9.945928590668623448e-01
9.941634692679905960e-01
1.000659282943571649e+00
9.987304949343941418e-01
9.998703379021918192e-01
9.949837598888578993e-01
9.947052859477206743e-01
9.908418529280857978e-01
1.003012021609669846e+00
1.000552622893977395e+00
9.978865219201864534e-01
9.958013679550805630e-01
9.992006118707382756e-01
9.994708870813473478e-01
9.951829975230513936e-01
9.997450125108303665e-01
9.966838533162725167e-01
9.959850717891846061e-01
9.944957501502967867e-01
9.957948544673870250e-01
1.002106632562881350e+00
1.001312607482141903e+00
1.000685979892509181e+00
9.955380397362684208e-01
9.977093425164912377e-01
1.000604869483407100e+00
9.937245134135193059e-01
9.938936261995616750e-01
9.969109814982789475e-01
9.962001359862544536e-01
9.951155949411897295e-01
9.978709261560144705e-01
9.971122889735314354e-01
9.939500615359010416e-01
9.960501736705548170e-01
9.970009506341874772e-01
9.947380178219162872e-01
9.947301090281968072e-01
9.968761692527342566e-01
9.930803660141579448e-01
9.968007294392271511e-01
9.929934888751608124e-01
9.946869601039181052e-01
9.922295886123555508e-01
9.953150844636888817e-01
9.955561548892840618e-01
9.912433227890392606e-01
9.979231311744352073e-01
9.968439586817166020e-01
9.931562587916145102e-01
9.967105509127828222e-01
9.919887869613818188e-01
9.972081596709896356e-01
9.941920471893829214e-01
9.998143401334683711e-01
9.964337775704841249e-01
1.000184530638227542e+00
9.997281153070590731e-01
9.982693728090963337e-01
9.977997409578545085e-01
9.985849682181013875e-01
9.969194051880455598e-01
9.963581273677764027e-01
9.981358256223560321e-01
9.975247721964330960e-01
9.992891564815131744e-01
9.970861818204040938e-01
9.974346406319337666e-01
9.964958576146811797e-01
9.985451606462660834e-01
1.002731813754897505e+00
9.967721495047084934e-01
9.975130501380123915e-01
9.973763800424452208e-01
9.984272457718860183e-01
1.000722610596112006e+00
1.000137595368432386e+00
1.004475882110931417e+00
9.981893398904734260e-01
9.987239024672317500e-01
1.001103328254890679e+00
1.002120250461206785e+00
9.989346803903019767e-01
9.995831422739747119e-01
1.000099250203177137e+00
9.969025465114489393e-01
9.996548644328736577e-01
9.984478527694238270e-01
1.002139844076421982e+00
9.988801446315827004e-01
9.995651540256639267e-01
9.994560306221015322e-01
9.997513276221600131e-01
1.000262223765619130e+00
1.002345024090982806e+00
9.993660695783479486e-01
9.996608340249543145e-01
9.950206059922578339e-01
1.000343940306971158e+00
9.988017706170218002e-01
1.001377881434051487e+00
9.986949631716054432e-01
1.000148792893523764e+00
9.991200721724192713e-01
9.980324596514158486e-01
1.002945775823153474e+00
1.000849805608910792e+00
1.001434271606803206e+00
1.000845355312742546e+00
9.997959258431082796e-01
9.969821159086046380e-01
1.001343808021275983e+00
9.996279526727731568e-01
9.976885036854188371e-01
9.995743132293091193e-01
1.000202253342534542e+00
1.001071924991922213e+00
9.998453080675665516e-01
1.001799374752280647e+00
1.001173576443299407e+00
1.001590511489300894e+00
9.971501724357280105e-01
9.995460216630728256e-01
9.999122324591392941e-01
9.988270501148489577e-01
9.967383327987459074e-01
9.971775008582323130e-01
9.978252721728299024e-01
9.976004731660237379e-01
9.991478190279390326e-01
9.989510131380519020e-01
9.972110800466440494e-01
1.002079019652521774e+00
9.971811726267689746e-01
9.971873148838430456e-01
9.980530494206861780e-01
9.986734381328136179e-01
9.970575423070557886e-01
9.950965450372036836e-01
9.850644698850105074e-01
9.752042131407782088e-01
9.654602459942489556e-01
9.518403582506652638e-01
9.410017806023944775e-01
