0.000000000000000000e+00
0.000000000000000000e+00
0.000000000000000000e+00
0.000000000000000000e+00
0.000000000000000000e+00
0.000000000000000000e+00
0.000000000000000000e+00
0.000000000000000000e+00
0.000000000000000000e+00
0.000000000000000000e+00
0.000000000000000000e+00
0.000000000000000000e+00
0.000000000000000000e+00
0.000000000000000000e+00
0.000000000000000000e+00
0.000000000000000000e+00
0.000000000000000000e+00
0.000000000000000000e+00
0.000000000000000000e+00
0.000000000000000000e+00
0.000000000000000000e+00
3.155901061005488700e-02
9.657143237220763288e-01
3.254808800978509442e+00
3.308882931097110180e+00
1.872166462502705908e+00
8.675404877834276274e-01
4.001294529043518122e-01
2.096766740128377937e-01
2.271628747044180385e-01
8.059683164923528986e-01
1.696489989173378898e+00
1.895765293054513689e+00
1.478475389455303546e+00
1.009774185061687479e+00
7.239176905606289347e-01
6.066065975671229848e-01
5.937092169218354254e-01
6.394720629526242650e-01
7.212674166641505069e-01
8.164230871881472673e-01
9.161586296527823858e-01
1.007477848528069764e+00
1.088832000520548293e+00
1.147269612160360053e+00
1.196052491642202842e+00
1.217827106935282622e+00
1.222255958723599489e+00
1.205398766341238437e+00
1.172142125468966567e+00
1.130866711627126264e+00
1.088321208253261840e+00
1.050131296261008540e+00
1.011093984564253256e+00
9.821798258948921667e-01
9.619073221650512595e-01
9.448797406754524397e-01
9.320582150526520726e-01
9.248330954188187514e-01
9.216469546557521930e-01
9.230353991129558455e-01
9.283594468441129788e-01
9.361451969589271727e-01
9.495309596651088091e-01
9.634021466091379216e-01
9.746470331042257351e-01
9.868771631779348352e-01
9.976693832230368875e-01
1.007548057171919309e+00
1.014040067564395242e+00
1.018340448537538689e+00
1.021450748024232746e+00
1.024878880622007715e+00
1.025449763476414367e+00
1.021576846834366892e+00
1.020270270984984018e+00
1.015696997386873912e+00
1.012788328569233620e+00
1.007630480537946349e+00
1.003330090809609665e+00
1.001548511525385265e+00
9.967009926958491084e-01
9.995297793495888650e-01
9.966070288863209115e-01
9.981249577879792723e-01
9.960597851137046321e-01
9.975502174475536776e-01
9.984090794496561783e-01
9.975801964320426540e-01
9.975351947402374408e-01
9.981874184529339056e-01
9.990689964386865185e-01
9.978045563154435138e-01
9.984510184598636151e-01
9.986406205636949585e-01
9.996345695062430758e-01
9.990188874238237204e-01
9.985315439467089549e-01
1.000046481213656024e+00
9.985783574924063100e-01
9.997224727983800019e-01
1.000082064163755557e+00
1.000419566939380500e+00
1.000348397090073282e+00
1.000809350170906331e+00
1.000288282183235955e+00
9.997375165280839582e-01
1.001554033574980407e+00
1.001227949327261113e+00
1.000501960651706046e+00
1.001725372552538573e+00
1.002382946237609707e+00
1.001385839306449421e+00
1.001995559660592283e+00
1.000569198540541382e+00
1.002263923508349253e+00
1.000614526195174214e+00
1.000360576548576352e+00
1.000720222633047607e+00
9.998958344237730556e-01
9.984563825429922934e-01
1.000207852404132458e+00
9.993758176809937055e-01
9.990018056455837181e-01
1.000965168371626302e+00
1.001366810399631158e+00
9.994635928527398905e-01
9.995891575206374835e-01
1.000353070710335190e+00
1.000414256463262541e+00
9.995833453756519660e-01
1.000445585941072579e+00
9.999785513634460443e-01
9.999732210180337644e-01
1.000122561952796696e+00
1.000611300488631672e+00
1.000116413477902588e+00
9.997906546278089168e-01
1.000735204787672750e+00
9.992710956766572838e-01
1.000208120272271017e+00
9.992422736625010682e-01
9.991785231728915750e-01
9.994858591939872472e-01
9.993220169956913423e-01
9.995484653099030448e-01
9.993849331964073102e-01
1.000954388464564859e+00
1.000550305326551870e+00
1.000308939483404380e+00
1.000380955665712834e+00
1.000256568086457243e+00
1.000829437997035276e+00
1.000207678813269885e+00
1.001002538150102428e+00
1.000561685749443042e+00
1.000329395336137184e+00
1.001311896810807234e+00
1.001511183168329877e+00
9.997879859005829317e-01
1.000726117455845277e+00
1.000411061852677364e+00
9.993690484062546231e-01
9.990947080926126933e-01
9.998060905770220774e-01
9.992809777157682927e-01
9.992130745520220181e-01
9.991166296730390473e-01
9.988552734003568467e-01
9.989590665698147021e-01
9.997727188866603054e-01
9.992243129496570786e-01
1.000256679216081634e+00
9.998255542616572011e-01
1.000318017211934585e+00
1.001467848481074618e+00
1.000664628921927424e+00
1.000508759236341749e+00
1.000943146691360086e+00
1.000768654354099674e+00
9.998366580763482503e-01
1.000652749237212591e+00
1.000948709404700487e+00
9.999903765021745938e-01
1.000071469316258010e+00
1.000738259158425736e+00
1.000074816728531157e+00
9.999731064337070707e-01
1.000255851342037650e+00
9.989992533189863133e-01
1.000067421663308309e+00
9.995374525330066318e-01
9.999267832020631852e-01
9.999608828686401552e-01
1.000084980732704354e+00
1.000265297785658092e+00
9.997663006156095600e-01
9.997468629203504209e-01
1.000097126547981885e+00
9.998839300060696766e-01
1.000414883617358086e+00
9.999254441528696580e-01
9.991818789402778789e-01
1.000236778984393338e+00
1.000755165587318141e+00
1.000535771084084979e+00
1.000068969133034447e+00
1.000411013800382332e+00
1.000059401151753624e+00
1.000743623558967066e+00
9.998943006611896722e-01
9.994577787588719842e-01
1.000172913441446321e+00
9.998436557931192903e-01
9.996686439556953241e-01
1.000022709665550513e+00
9.998382659780349346e-01
1.000220591337396714e+00
1.000156041604540524e+00
1.000172390355619445e+00
1.000039141736669634e+00
1.000002786911682984e+00
1.000868788818558786e+00
9.996692352198922604e-01
1.000188539383416675e+00
9.995695512216952183e-01
9.997507853267177946e-01
9.994471895213790091e-01
1.000513817450365384e+00
1.000206491897978056e+00
9.999527149828864037e-01
9.997227119760849767e-01
1.000108787482451023e+00
1.000049749561651158e+00
9.998276740955036601e-01
9.996588046088383805e-01
9.997804211112595318e-01
9.996487336879836816e-01
1.000025058562943991e+00
1.000192138501698969e+00
9.996457007272230300e-01
1.000568004641464892e+00
1.000925975893376618e+00
9.997797880365053569e-01
9.997549915860883818e-01
1.000500831898736509e+00
9.996224833818014854e-01
9.997697674618922781e-01
9.997196070560923076e-01
9.999269914830093420e-01
1.000170874361473228e+00
1.000542721101138621e+00
1.000320298212899139e+00
1.000012935044190865e+00
9.998951624942301608e-01
9.997122710546032520e-01
1.000351463421819131e+00
9.996602509453582641e-01
1.000553266672723929e+00
1.000446171664139960e+00
1.000305080570146776e+00
9.997143066155342872e-01
9.997045101713382120e-01
1.000529534608238791e+00
9.999912713173780832e-01
1.000069938735972164e+00
1.000164123059525290e+00
1.000062899856644094e+00
1.000221427230113980e+00
1.000352164988777881e+00
9.999173216423843380e-01
9.995898587908151889e-01
9.998887844343339326e-01
9.999674945066638898e-01
9.973852721967166879e-01
9.875399558430675295e-01
9.770086013541745551e-01
9.663259251960106821e-01
9.554653408113853441e-01
9.452490269244231413e-01
