0.000000000000000000e+00
0.000000000000000000e+00
0.000000000000000000e+00
0.000000000000000000e+00
0.000000000000000000e+00
0.000000000000000000e+00
0.000000000000000000e+00
0.000000000000000000e+00
0.000000000000000000e+00
0.000000000000000000e+00
0.000000000000000000e+00
0.000000000000000000e+00
0.000000000000000000e+00
0.000000000000000000e+00
0.000000000000000000e+00
0.000000000000000000e+00
0.000000000000000000e+00
0.000000000000000000e+00
0.000000000000000000e+00
0.000000000000000000e+00
0.000000000000000000e+00
3.068364908145922165e-02
9.616817288810930453e-01
3.242733252521348586e+00
3.291083346757449402e+00
1.863881107744242094e+00
8.670917048320471165e-01
4.012340514733878094e-01
2.095685404359618476e-01
2.285520303344782678e-01
8.064048470662371626e-01
1.683891504707364373e+00
1.894368428347811273e+00
1.474216808142556401e+00
1.013118555886644456e+00
7.248405799252459758e-01
6.057610350152272671e-01
5.950692424418968507e-01
6.450450981700500686e-01
7.230635986042015517e-01
8.208157640049595916e-01
9.175263465586632750e-01
1.006292230822012357e+00
1.087179160440105763e+00
1.146748655525785754e+00
1.193870391326266489e+00
1.215970453900550918e+00
1.220009299031250993e+00
1.206077151203835962e+00
1.173318811884638713e+00
1.128720470025448730e+00
1.087819238404586608e+00
1.048666278146094255e+00
1.012368399529412155e+00
9.840759311299865919e-01
9.614338399504971377e-01
9.433796193401787766e-01
9.314537438535863689e-01
9.244470956949624174e-01
9.222379897088961442e-01
9.224834638943373299e-01
9.292239075712376284e-01
9.382597564555261727e-01
9.523646354877716158e-01
9.637107953369572488e-01
9.756597443245622614e-01
9.890141126497510315e-01
9.982710041707841819e-01
1.005058841210759280e+00
1.014190869903316861e+00
1.020705670645376095e+00
1.022266440644981955e+00
1.023087345056033826e+00
1.023035303329688839e+00
1.023635678467734289e+00
1.019025159601842923e+00
1.018365452315377340e+00
1.011936336003506076e+00
1.008962296086781452e+00
1.004098491459579412e+00
9.999497453951672332e-01
9.996562305330586318e-01
9.959756450007545281e-01
9.960713047143869847e-01
9.957777043489550728e-01
9.941285338081565781e-01
9.976819585941576474e-01
9.980344683442933240e-01
9.972086512011092418e-01
9.984078445547658331e-01
9.975803867121362245e-01
9.974526043806566378e-01
9.969662670956245254e-01
9.990835268550776194e-01
9.991885456574299829e-01
9.981583437246410728e-01
9.982943970327231575e-01
9.973771052611036803e-01
9.985303823379518828e-01
9.990833456260422851e-01
9.997407563148964504e-01
9.983949887961703906e-01
9.987154848719019817e-01
9.995782536616507619e-01
9.992629415278734273e-01
1.001621886223418745e+00
1.000583516296351450e+00
1.000985843806091014e+00
1.001673387713729380e+00
1.000070726575879254e+00
1.001708799103334879e+00
1.001974167497828416e+00
1.002770755109913425e+00
1.000536444215852416e+00
1.001119253790630159e+00
9.999917528145209067e-01
1.000393648155038395e+00
9.993441608477933169e-01
9.994435384270033973e-01
9.988405364736232528e-01
9.994490652680043663e-01
1.000397838097571324e+00
9.993603142053362198e-01
9.988402163857542648e-01
1.000928226378718700e+00
9.983731242496579616e-01
9.989053406269858826e-01
1.001459951286541639e+00
1.000397544558691454e+00
9.993570459986363952e-01
1.000340345132002540e+00
9.992731408592475661e-01
1.000041309976740234e+00
1.000728319391705812e+00
1.001118493093779982e+00
9.994174059567841883e-01
1.000309623381488544e+00
9.998082510412937829e-01
1.000606625432888475e+00
1.000494623039390740e+00
9.995187956632850534e-01
1.000424635950674546e+00
9.993383136910192199e-01
9.990762932754772008e-01
9.982992918001021287e-01
9.996976480051981140e-01
9.995698082307580279e-01
1.000014399456328418e+00
9.997650900101019422e-01
1.001216427927154928e+00
1.000780887005294995e+00
1.000869732907708531e+00
1.001086720750392178e+00
1.000923192396955486e+00
1.001242382652753893e+00
1.000575375048126991e+00
1.000617317094916636e+00
1.000716154170259165e+00
1.000550069378961737e+00
1.000140173158944101e+00
1.000061460319061402e+00
9.994352348009760689e-01
1.000309111788895811e+00
9.993005652517826798e-01
9.986017413806346221e-01
9.992372698178290102e-01
9.992769201558726611e-01
9.988176463989797416e-01
9.987508893848986435e-01
9.991147821018475650e-01
9.992188806562001258e-01
9.994801492073666083e-01
9.998405651885925449e-01
9.998427849998333672e-01
9.996615636815073813e-01
1.001338878750541506e+00
1.001222555563484606e+00
1.001026775303070382e+00
9.998437991511061051e-01
1.001249605943000720e+00
1.000501595164811963e+00
9.999560306538977095e-01
9.998170854600110236e-01
1.000232757222319080e+00
9.996901802072849508e-01
1.000591517902918115e+00
1.000389698445532938e+00
9.997703728703279946e-01
9.993957640919846064e-01
9.992477305419295019e-01
9.999266622733177234e-01
1.000033944168953637e+00
9.998860231603969861e-01
1.000261449023845062e+00
9.998983140955851612e-01
9.997150972184720708e-01
1.000188916792265292e+00
1.000006859196976627e+00
1.000427296451959158e+00
1.000608111438164194e+00
9.998997423233569881e-01
1.000253730493853466e+00
9.999450712519304396e-01
9.997357557091189895e-01
9.999269621667673524e-01
9.995851144144144440e-01
9.996263937724098048e-01
9.995893621563441966e-01
9.999798468377787408e-01
1.000194005846230194e+00
1.000053471341153077e+00
1.000116606250705420e+00
1.000178722597712566e+00
9.998608835497561076e-01
9.993594561737311199e-01
9.993107787691009047e-01
1.000459242864682130e+00
9.996968027831495407e-01
9.998986889934662337e-01
1.000334578395869034e+00
9.999888138948797023e-01
9.998644226096927712e-01
1.000729618778015029e+00
9.995889253138608987e-01
9.995975286904534851e-01
1.000460407631939441e+00
1.000045893734695213e+00
9.996431347184568939e-01
9.995433667949585876e-01
9.996607359879796650e-01
9.999490827636225987e-01
9.999357648699326306e-01
1.000436404799404544e+00
1.000154262437813690e+00
1.000346001651145178e+00
9.998642707908409477e-01
1.000463713875597183e+00
9.995905176518117274e-01
9.997077278825483582e-01
1.000093550091052386e+00
9.997455710352520786e-01
9.999558359502641602e-01
1.000179003459885196e+00
9.998716306707239321e-01
9.998545833887289014e-01
9.996717204921522493e-01
1.000045468855859543e+00
1.000616245851076114e+00
9.996338487461809974e-01
1.000331458580218991e+00
1.000161736630462039e+00
9.999366808888539015e-01
1.000146589164514488e+00
1.000158233991026213e+00
1.000435479045269416e+00
1.000210751796039910e+00
9.999892224406596863e-01
9.997753337397020656e-01
1.000545923697724993e+00
1.000134574433612533e+00
9.999756798078902609e-01
1.000014174952345680e+00
1.000926563034504557e+00
9.999888822248366171e-01
1.000183010331860967e+00
9.996600416106639075e-01
9.998796018661219032e-01
9.997817269227308179e-01
1.000273172748428641e+00
1.000250496034736258e+00
9.999142983304121213e-01
1.000177845716980984e+00
1.000295582424197915e+00
9.998646344445459855e-01
9.978558166074691371e-01
9.882404775903521621e-01
9.772077740877448404e-01
9.662457656744785073e-01
9.557669954386445177e-01
9.452664509919070923e-01
