0.000000000000000000e+00
0.000000000000000000e+00
0.000000000000000000e+00
0.000000000000000000e+00
0.000000000000000000e+00
0.000000000000000000e+00
0.000000000000000000e+00
0.000000000000000000e+00
0.000000000000000000e+00
0.000000000000000000e+00
0.000000000000000000e+00
0.000000000000000000e+00
0.000000000000000000e+00
0.000000000000000000e+00
0.000000000000000000e+00
0.000000000000000000e+00
0.000000000000000000e+00
0.000000000000000000e+00
0.000000000000000000e+00
0.000000000000000000e+00
0.000000000000000000e+00
3.125978522269094034e-02
9.702377349817425944e-01
3.243295756640331984e+00
3.303605502957410955e+00
1.859936191753542190e+00
8.591612178310719106e-01
4.020332333230858812e-01
2.112111564310997780e-01
2.262051901016327859e-01
8.069990537552884646e-01
1.689468848455888628e+00
1.887102908933561363e+00
1.474635944681012445e+00
1.010350425392215978e+00
7.253437104540951808e-01
6.043048276882467817e-01
5.946151447123779743e-01
6.412689446141190963e-01
7.248841260835280353e-01
8.214972986865908267e-01
9.164796863526816217e-01
1.008666683905932615e+00
1.085661439812177997e+00
1.148530666508061682e+00
1.190222688393534733e+00
1.218353221582318069e+00
1.219496077242521181e+00
1.204737442039350181e+00
1.171239034636563980e+00
1.130380772078491969e+00
1.086425367899642502e+00
1.047923796996711676e+00
1.009120954522812807e+00
9.828034557519244041e-01
9.586160423136100839e-01
9.434021290586503961e-01
9.313130306511596679e-01
9.264452337483266575e-01
9.227197065637446904e-01
9.230897818757411999e-01
9.301206229007666915e-01
9.390501298592474066e-01
9.523701537354954949e-01
9.644844234956244655e-01
9.748861861178401700e-01
9.881776495471982225e-01
9.956112791899370817e-01
1.006672319443628005e+00
1.013175788500524588e+00
1.017705257707269384e+00
1.019549140940718912e+00
1.023535791421872343e+00
1.024390443906951775e+00
1.021007843384075464e+00
1.019802520603406037e+00
1.013262017878008514e+00
1.010298498545141532e+00
1.007670172161400313e+00
1.001955656039274167e+00
9.994057807700621465e-01
9.987955438228206528e-01
9.949545422306511622e-01
9.951508361745045050e-01
9.953821656259834727e-01
9.954383460499608427e-01
9.979349998242591502e-01
9.976589913514785080e-01
9.980822128279756011e-01
9.975170005338733770e-01
9.982612354072039063e-01
9.989691022235152040e-01
9.988586739013201043e-01
9.984273869072235463e-01
1.000137579906215102e+00
9.996561499765058700e-01
9.986866004473127223e-01
9.987619884259977265e-01
9.991154315455149648e-01
9.994604642240231263e-01
1.000367500479275806e+00
9.978810126040873474e-01
9.998670421420567944e-01
9.998620485148596027e-01
9.996783725128800535e-01
9.989409347355636681e-01
1.000190147128404483e+00
1.001227092666384433e+00
1.002158509925223706e+00
1.001422305747549757e+00
1.002263406327652762e+00
1.000660348307664593e+00
1.001368279402628403e+00
1.000612618993742542e+00
1.001165938433661307e+00
1.001433434097861896e+00
1.000076612907667029e+00
1.000390817009638056e+00
1.000879990182986568e+00
9.990559334413008363e-01
9.998701225636866807e-01
1.000216578059717643e+00
9.999239358486189388e-01
9.995087087065468445e-01
9.987075636690968539e-01
9.998391257017602562e-01
9.988925446878226255e-01
9.995604916416777064e-01
9.991613253469910916e-01
1.000821751951242122e+00
1.000954621473250983e+00
9.998740424935687043e-01
9.998691748960373271e-01
9.997120925092874977e-01
9.994458257953817704e-01
1.000105655367983237e+00
1.000554651215569857e+00
1.000833665240806303e+00
1.001101891835630253e+00
9.999196726399075530e-01
9.997410682931495707e-01
1.000752387457496839e+00
9.987019606296715368e-01
9.987422224032205254e-01
9.991890421710494241e-01
9.999183385861354356e-01
9.997807092390936790e-01
9.998399656578281780e-01
9.996242595386289898e-01
1.000432500592394192e+00
1.000425710218494135e+00
1.000537195065437368e+00
1.001079450258482995e+00
1.001111811948715236e+00
1.001315968936782763e+00
9.998294672018596119e-01
1.000243820407403117e+00
1.000777304427750147e+00
1.000409018681004403e+00
9.998655114839906100e-01
9.995919882310824178e-01
1.000027755645279237e+00
1.000266705496314135e+00
1.000261901797369735e+00
9.994552592345110620e-01
9.999067559120267124e-01
9.985399625906125065e-01
9.999181242628426558e-01
9.992358765507202145e-01
1.000722804472271577e+00
9.995743878842782149e-01
9.993770652742524074e-01
1.000200075945758105e+00
1.000177648766516381e+00
1.000092434126419461e+00
1.000289947368677490e+00
1.000716163901471889e+00
1.000577989384574318e+00
1.000549793896166939e+00
1.000276871033745296e+00
1.000337441125849436e+00
1.001174164600992622e+00
1.001070052751697803e+00
1.000439974686903044e+00
9.996576363975706592e-01
9.999087277948397467e-01
1.000506382048159892e+00
9.997915519466288314e-01
9.997028059464799776e-01
9.992840047542462800e-01
9.991826134782934021e-01
9.996771714549712584e-01
9.988668787080493550e-01
9.988180715717279723e-01
1.000008593231485055e+00
9.992826774947496382e-01
1.000571552638071404e+00
1.000319099861351591e+00
9.994844531327748971e-01
9.997608791949192941e-01
9.998607587440243583e-01
1.000448481476030826e+00
9.997751880950498382e-01
9.998266827082588071e-01
1.000894950154707086e+00
9.999176964258654765e-01
1.000205291770173144e+00
9.998887037796837518e-01
1.000568383347863799e+00
1.000085293010161136e+00
1.000388862227559850e+00
9.995663657356511633e-01
9.999426859734690254e-01
9.997792193370050873e-01
9.998969300120025272e-01
9.999334467665789150e-01
9.989921448371891222e-01
9.993285538905998244e-01
1.000258630413379368e+00
1.000141156319328761e+00
1.000390810319984336e+00
9.991255721737714035e-01
1.000047691430864472e+00
9.995752313599430838e-01
1.000128567119475509e+00
1.000223478100254582e+00
1.000183823332440047e+00
1.000216833547568296e+00
1.000001545504964895e+00
9.999417446639631279e-01
9.997068945954263874e-01
9.995501828066065686e-01
9.997096455552676453e-01
1.000118247301472696e+00
9.996315759000155010e-01
9.998476009519304819e-01
1.000087737711293556e+00
9.999546311187422765e-01
1.000510393271044185e+00
9.992465319695277293e-01
1.000062855264391093e+00
9.995996766830518299e-01
9.993733396407932235e-01
9.998360601773741418e-01
1.000194497170321606e+00
9.995180309614395409e-01
9.997404701744397881e-01
9.998909893516337855e-01
1.000173253566541742e+00
9.994562534149822319e-01
1.000254034145430904e+00
1.000112766609661197e+00
1.000045043008768397e+00
1.000160195977933819e+00
1.000123064912284088e+00
9.994904686796850513e-01
1.000133062296584718e+00
9.998910697738828679e-01
9.993452149709231014e-01
1.000003872863041821e+00
9.996820338926518668e-01
9.993663857905498160e-01
9.999941557884295396e-01
9.998447422447548361e-01
1.000431857304765693e+00
1.000034852034807686e+00
1.000141471701449625e+00
9.999486962122262623e-01
9.995260659376060675e-01
9.992818777139157449e-01
1.000185314223607902e+00
1.000382304807140521e+00
1.000012701082902078e+00
1.000100470232575089e+00
9.984342781941868417e-01
9.881979761110187832e-01
9.774068710561303330e-01
9.669318415343000073e-01
9.559663157719548998e-01
9.457575022358051253e-01
