0.000000000000000000e+00
0.000000000000000000e+00
0.000000000000000000e+00
0.000000000000000000e+00
0.000000000000000000e+00
0.000000000000000000e+00
0.000000000000000000e+00
0.000000000000000000e+00
0.000000000000000000e+00
0.000000000000000000e+00
0.000000000000000000e+00
0.000000000000000000e+00
0.000000000000000000e+00
0.000000000000000000e+00
0.000000000000000000e+00
0.000000000000000000e+00
0.000000000000000000e+00
0.000000000000000000e+00
0.000000000000000000e+00
0.000000000000000000e+00
0.000000000000000000e+00
0.000000000000000000e+00
0.000000000000000000e+00
0.000000000000000000e+00
0.000000000000000000e+00
3.507565806367404782e-02
7.578334573662874885e-01
2.593745497751511309e+00
2.950811049956727050e+00
1.953318232559356993e+00
9.044792414794282642e-01
4.718744423224159323e-01
2.561325194879078282e-01
1.812266901235642658e-01
1.921666194793731353e-01
2.197021149208997770e-01
2.320844320742433964e-01
2.608732945608874254e-01
2.812674287442425425e-01
2.879166677849310241e-01
3.109588507844116556e-01
3.682615414829194522e-01
4.735583310149322767e-01
6.757149990919186777e-01
8.559021112189294511e-01
1.069965231336460709e+00
1.229566234924830193e+00
1.333357836694617271e+00
1.449985687204200735e+00
1.547410491563387502e+00
1.644504595078208897e+00
1.692586174435765534e+00
1.602056335307445734e+00
1.551573435203006168e+00
1.420294134987354351e+00
1.240803991731379119e+00
1.096834877010883336e+00
1.003060580220003439e+00
8.994435308020894970e-01
8.843168943663827219e-01
8.605225472110067386e-01
8.587324215866373178e-01
8.790005740947266499e-01
8.925484937866079438e-01
9.278344538887216553e-01
9.220177020818898228e-01
9.551098996359728144e-01
9.755524119384965109e-01
9.965683427902034541e-01
1.002202242262856480e+00
1.026115577341560225e+00
1.038755479477804666e+00
1.040801519130861941e+00
1.045046845792255708e+00
1.050059509529252200e+00
1.038544803113937709e+00
1.050874803337283225e+00
1.032052363887065560e+00
1.015893967102054596e+00
1.013863123436320679e+00
1.004868034727913750e+00
9.846492063310876564e-01
9.684685245360323824e-01
9.618572189524887683e-01
9.673508892473262621e-01
9.656639016847879953e-01
9.661637639273191747e-01
9.490885791472215560e-01
9.817177834272623471e-01
9.905178584555208721e-01
9.810468092099430271e-01
9.923426886453478035e-01
9.911433217200877888e-01
9.918759246341219971e-01
1.004838287302255884e+00
9.818207281970966482e-01
9.991322187640530039e-01
9.997433207429509139e-01
1.000902794669787932e+00
1.003541150925408187e+00
1.000420448833453158e+00
9.891714013146654105e-01
9.864249480316592544e-01
9.846726805900496426e-01
9.570382212971245695e-01
9.869717139925434646e-01
9.811398233325707707e-01
9.790445197596793214e-01
9.837436659576435094e-01
9.811834845007572081e-01
9.855094004958374621e-01
9.735649406892912250e-01
9.907791413330484520e-01
9.881517703274671494e-01
9.974547041543396775e-01
9.947003535911757011e-01
1.001269231951186889e+00
9.891631728277512359e-01
9.947766402326787549e-01
9.952455534291414496e-01
1.005937727307529173e+00
9.947700334896670826e-01
9.896988805265963807e-01
9.862429487998501942e-01
1.003902557313760546e+00
9.857538733563783184e-01
9.893550874433042486e-01
9.966259347536243762e-01
9.893060677317850882e-01
9.797886973933344068e-01
9.899471637018998349e-01
9.960439151161936122e-01
9.839258614332376807e-01
9.909325604803386200e-01
9.973697707130700918e-01
9.953656580381569086e-01
9.883572450600029979e-01
1.003118670649678412e+00
9.947340701576838917e-01
1.000414327179675711e+00
9.871279193775364114e-01
9.982548297809767934e-01
9.982397796325368500e-01
1.002182708898235797e+00
1.010796353958078431e+00
9.987424246251886961e-01
9.940746745543665996e-01
9.869300192154650819e-01
9.960392617171326402e-01
9.995410861761869770e-01
1.005772243408991740e+00
9.902473875136255099e-01
9.982013130304755455e-01
9.977975873348605695e-01
9.933095878707149939e-01
9.999392049574912233e-01
9.994764700893011833e-01
9.956024918630661524e-01
9.935218541296665373e-01
9.974367742339966814e-01
1.008243278934476184e+00
1.000829923546973976e+00
9.971309796031672112e-01
1.002611970206398695e+00
1.001626084521055615e+00
1.002751470288577362e+00
9.988952081198518851e-01
1.001143554407588621e+00
9.989475785179527945e-01
1.001472986724736502e+00
1.001775943485131881e+00
1.007096362051043803e+00
9.959715845981906845e-01
1.002351767207640965e+00
1.005334745719321132e+00
1.009201035849828232e+00
1.000577162018197575e+00
1.010331947941289776e+00
9.947317453142277000e-01
1.004226734063740745e+00
1.004726172128255435e+00
1.002540490257970873e+00
1.004259349835261217e+00
9.947063375289836307e-01
9.963837525282215335e-01
9.987018283724446999e-01
9.971174390294557099e-01
9.998292174605593052e-01
9.892651233021162449e-01
9.928097362160807071e-01
9.966778091855857946e-01
9.920682531046008945e-01
9.880115642184272851e-01
9.954153525024799221e-01
9.922159726180476147e-01
9.915273220456105596e-01
9.955379988379785550e-01
9.913822408356917082e-01
9.911776014205527785e-01
9.934926571951625540e-01
9.928775337686217561e-01
9.961060543751987240e-01
9.981276731712571681e-01
9.941806234354708671e-01
1.001560316364405567e+00
9.994943037791519380e-01
9.943550951773434399e-01
9.983061523119917124e-01
9.913446625063100370e-01
9.949103537109975637e-01
9.895139478841564751e-01
9.974001727442169951e-01
9.965367954450873311e-01
9.931458647563736752e-01
9.941972959816205435e-01
9.925346610427782101e-01
9.856509117558965860e-01
9.904664460139364079e-01
9.898921151429066478e-01
9.949771540857323959e-01
9.976374896204595055e-01
9.983517243409167907e-01
9.993472942304542084e-01
9.959360733347349948e-01
9.919191056010113750e-01
9.956304454234279344e-01
9.968372060638789334e-01
9.894101968803247216e-01
9.932169930231627974e-01
9.940164726798537131e-01
9.952555463008652126e-01
9.929913552164031376e-01
9.970136556904106717e-01
9.957958704993123966e-01
9.944317532773214730e-01
9.965182428943171189e-01
9.971649005595661919e-01
9.952843639719003432e-01
9.955238690098754395e-01
9.957428183881921191e-01
9.970373493268658294e-01
9.950565970171292296e-01
9.978655228956327949e-01
9.991056687516276513e-01
1.002042627663638719e+00
9.899872119628176925e-01
9.954374942794776970e-01
9.958969910424874117e-01
9.952923117462477709e-01
9.993845450961641452e-01
9.952781132641316253e-01
9.967111751795324492e-01
9.999503919262017204e-01
9.985733919459565122e-01
9.916514149268498279e-01
9.954853621420826082e-01
9.971410734540183674e-01
9.955794474710464304e-01
9.944590254154924702e-01
9.983335701089144365e-01
9.963596084249760620e-01
9.977514821699009495e-01
1.001209549133340149e+00
9.904336516810027247e-01
9.975266952218633243e-01
9.966030397561753684e-01
9.965764840785470424e-01
9.942656006139524161e-01
9.988183240613790481e-01
9.965948994511830694e-01
9.959022975614937323e-01
9.994577528709036596e-01
9.973634597770137944e-01
9.969260285950712897e-01
9.976637347664012445e-01
1.000361090717370560e+00
9.971100540653408117e-01
9.984889211316707591e-01
1.000607700411971113e+00
9.967346121673628101e-01
