0.000000000000000000e+00
0.000000000000000000e+00
0.000000000000000000e+00
0.000000000000000000e+00
0.000000000000000000e+00
0.000000000000000000e+00
0.000000000000000000e+00
0.000000000000000000e+00
0.000000000000000000e+00
0.000000000000000000e+00
0.000000000000000000e+00
0.000000000000000000e+00
0.000000000000000000e+00
0.000000000000000000e+00
0.000000000000000000e+00
0.000000000000000000e+00
0.000000000000000000e+00
0.000000000000000000e+00
0.000000000000000000e+00
0.000000000000000000e+00
0.000000000000000000e+00
3.322767465170631956e-02
1.019506777145095855e+00
3.335673741880290422e+00
3.323477110244058785e+00
1.841164584683407712e+00
8.426413011602197356e-01
3.798601914424665216e-01
1.956640536700844091e-01
2.191542562524490811e-01
8.207679268358826219e-01
1.716910007165393770e+00
1.896323646345659197e+00
1.459142898302482116e+00
9.774637752167426585e-01
6.804382489945504098e-01
5.559147380407502004e-01
5.449286487335337492e-01
5.960170743047247255e-01
6.833899219116335022e-01
7.932667160943400742e-01
9.016577503698217644e-01
1.003081830811304753e+00
1.088893714879533681e+00
1.162181347339922732e+00
1.218612310133768251e+00
1.244620917235077284e+00
1.251783726705091082e+00
1.234082703084681043e+00
1.193582880565910553e+00
1.146190224362870769e+00
1.098766082122840881e+00
1.054853525010684301e+00
1.017181773935618372e+00
9.874323558844623205e-01
9.584940529372508733e-01
9.438244870862706470e-01
9.277004649873099584e-01
9.191459104884753817e-01
9.151625467285147142e-01
9.137566231564158148e-01
9.194063088910771064e-01
9.295222417830285577e-01
9.444866999229178939e-01
9.586510287724896440e-01
9.721776375362903844e-01
9.869463466765232562e-01
1.000626252407328387e+00
1.006830898421946063e+00
1.014494789995738389e+00
1.023392748549651232e+00
1.027929295274276011e+00
1.027589174440744602e+00
1.028531887659458022e+00
1.024521061807662559e+00
1.019840550485572317e+00
1.015539221716463381e+00
1.008480711038413302e+00
1.006924139620381631e+00
1.003547527980537923e+00
9.973240778596834666e-01
9.982333183827331036e-01
9.980199558131572779e-01
9.958913064063674714e-01
9.972645878941367448e-01
9.973667770599481397e-01
9.963812575374637603e-01
9.988375658110124622e-01
1.000399971835014057e+00
9.995933000260486256e-01
9.999812573538854332e-01
1.000561348002571460e+00
9.996001495742929954e-01
9.992061732649398786e-01
9.983833003480977464e-01
9.987460519962958472e-01
9.979365493897947026e-01
9.974023271028407134e-01
9.984946518057329357e-01
9.958782114456926626e-01
9.986742199027441869e-01
9.966585758184861588e-01
9.968084987646554929e-01
9.985319562240597691e-01
1.000278214877031280e+00
1.001502427828871111e+00
9.981732203184016106e-01
1.001684177330478764e+00
1.000438464075376066e+00
1.003682331105378633e+00
1.003000655960598175e+00
1.002670386175318118e+00
1.003076391611523510e+00
1.001544805141715289e+00
1.002601135514042952e+00
1.000314636053029727e+00
1.002030954753997616e+00
1.002376729913667219e+00
9.995532145373907662e-01
9.984154171155654733e-01
9.989600284425955712e-01
9.997137469902753759e-01
9.997759906918212147e-01
1.000914949575263169e+00
9.994056920597212956e-01
1.000001624398904720e+00
9.984701092170057413e-01
9.997054287410790385e-01
9.989698815824347156e-01
9.994173066617146883e-01
9.994954742496149347e-01
9.997984547761121776e-01
1.000339226372802148e+00
9.986489048281415037e-01
1.000782176342225993e+00
1.000041726983059487e+00
1.001161911014444961e+00
9.993526254604865322e-01
1.000275350063591251e+00
9.996499207336690951e-01
1.000439152659300168e+00
1.000732685088172369e+00
9.995062428017074119e-01
1.000803715368247193e+00
1.000010415124394259e+00
1.000988367662565270e+00
1.000193514778052073e+00
9.998221670299763941e-01
9.999017706801722749e-01
1.000592455490159516e+00
1.001449158132188044e+00
9.999778299702388740e-01
9.999492109390714090e-01
9.981098570415380955e-01
9.994406258987708069e-01
1.000432285991100567e+00
9.998896215341771532e-01
9.999290636040479852e-01
1.000825027516947907e+00
9.998689266703385536e-01
1.000942313403130779e+00
9.997397264991992882e-01
1.000811925814396375e+00
1.000104002213609400e+00
9.999632316250045561e-01
9.996662192731800012e-01
9.999366279030419413e-01
9.998819583405146316e-01
1.000550576713838957e+00
1.000822933861625907e+00
1.000030901429914687e+00
9.999382396442912935e-01
1.000341059493195184e+00
9.995981718187083587e-01
1.001366375292767952e+00
1.000489172851165121e+00
1.000619700640150489e+00
1.000169087273394597e+00
9.996228661760209189e-01
1.000410262961795027e+00
9.996303916487359054e-01
1.000673785365533641e+00
1.000828593190786986e+00
1.000999670828767618e+00
9.998767369566655683e-01
9.997771923811195061e-01
9.996691564929018892e-01
9.995209005807654812e-01
9.998865531205812784e-01
9.993817388290655579e-01
1.000269311422862017e+00
1.000186740610470526e+00
9.987808519184628864e-01
9.997726108863581596e-01
9.991501113722311977e-01
1.000613844229049754e+00
9.999647345909856710e-01
9.999237679671831858e-01
1.000966985486415828e+00
9.998947188428843891e-01
9.998018567199211670e-01
9.996468464734358239e-01
1.000505723830143578e+00
1.001314290288049635e+00
1.000732092587076627e+00
9.999272318336561716e-01
1.000026332769812010e+00
9.991542935300649075e-01
1.000070362226836318e+00
1.000300919481952100e+00
1.000392889798132678e+00
1.000254264684770522e+00
1.000642242320885611e+00
9.999881506168851741e-01
9.999046654433609849e-01
1.000482419420622993e+00
9.998461329921614071e-01
1.000500570337704120e+00
9.997135938141027411e-01
1.000218899383340965e+00
9.999265634157646909e-01
9.995920880848697676e-01
1.000462705680943865e+00
9.999575454630611482e-01
9.995520437510329037e-01
9.996461244025344195e-01
1.000314961328024221e+00
1.000265180658992614e+00
1.000655643021811869e+00
1.001055594157887141e+00
1.000796590541118691e+00
1.000342136333213006e+00
1.000086035022354380e+00
1.000195314394128676e+00
1.000024813972748117e+00
1.000478229977054268e+00
9.996422942569371806e-01
1.000136475041194517e+00
1.001200721612399258e+00
9.998860121889644459e-01
9.997055031011624626e-01
1.000005069191540086e+00
9.997147884600510181e-01
1.000152752493495001e+00
9.995231354443704364e-01
1.000024621069012909e+00
9.999300095609934269e-01
1.000165953259468665e+00
1.000090136664308238e+00
9.999220930358937443e-01
9.995501457065825157e-01
1.000660396361860549e+00
9.997474543451496665e-01
1.000084934511068280e+00
1.001075222284146360e+00
1.000637788706515208e+00
1.000511061623800213e+00
1.000186928196935110e+00
9.993062283068721019e-01
1.000220783708712036e+00
1.000522803796761950e+00
1.000292248076130486e+00
1.000320463844186492e+00
1.000295445262541660e+00
1.000528809298136812e+00
9.999191015839716812e-01
9.996472872095583106e-01
1.000219852986921731e+00
9.993388045990935220e-01
9.999318958717625661e-01
9.999059023325265194e-01
9.995035863495193018e-01
9.996696908508500012e-01
1.000084215890018280e+00
1.000353126101632739e+00
1.000044345286785097e+00
1.000528153512258100e+00
9.997974785899873540e-01
9.998495832091466307e-01
1.000462145010769799e+00
