0.000000000000000000e+00
0.000000000000000000e+00
0.000000000000000000e+00
0.000000000000000000e+00
0.000000000000000000e+00
0.000000000000000000e+00
0.000000000000000000e+00
0.000000000000000000e+00
0.000000000000000000e+00
0.000000000000000000e+00
0.000000000000000000e+00
0.000000000000000000e+00
0.000000000000000000e+00
0.000000000000000000e+00
0.000000000000000000e+00
0.000000000000000000e+00
0.000000000000000000e+00
0.000000000000000000e+00
0.000000000000000000e+00
0.000000000000000000e+00
0.000000000000000000e+00
3.392141509369601265e-02
1.018154762949262881e+00
3.333105874188711404e+00
3.332746463239416368e+00
1.853594511035712600e+00
8.371649311438296159e-01
3.847890204873792297e-01
1.952033694736389768e-01
2.242440570079687612e-01
8.187639517802027811e-01
1.719379242779049521e+00
1.893841121677698691e+00
1.462584011869682454e+00
9.823397083593897738e-01
6.849618320233986646e-01
5.601294797934565084e-01
5.436275014609953660e-01
5.947944766200391475e-01
6.822605630065463611e-01
7.876380368197850590e-01
8.925749816325294628e-01
1.005032877003411595e+00
1.089237207353470405e+00
1.160270853623935228e+00
1.217388781662098962e+00
1.247942127357714037e+00
1.251331207769219356e+00
1.237202294889076404e+00
1.196653330171445484e+00
1.149100112521208805e+00
1.102841253022832424e+00
1.055927687037867546e+00
1.017624258475135157e+00
9.842952985443932379e-01
9.569431648853473638e-01
9.451167140276707235e-01
9.272684843355930573e-01
9.202240802692951416e-01
9.154443529936483470e-01
9.139246781827836674e-01
9.211136529053346456e-01
9.296237620915872579e-01
9.424763395540607380e-01
9.579227293734137172e-01
9.736461340558667521e-01
9.853558257409000820e-01
9.952775205485264731e-01
1.007914932183313628e+00
1.015438004627803537e+00
1.022392910234583230e+00
1.025166966889140774e+00
1.028991619877162922e+00
1.027309252905541204e+00
1.024785283364616051e+00
1.018433300682255904e+00
1.015598148874406359e+00
1.012841078385973592e+00
1.007983119078709855e+00
1.002013855080033045e+00
9.998251615171943607e-01
9.988572419176805495e-01
9.964501530135267959e-01
9.964254952319717695e-01
9.997570082610223174e-01
9.969593703742020141e-01
9.976097842954060324e-01
9.965230366000251694e-01
1.000356834173024900e+00
9.988175181937684055e-01
1.000817163062563298e+00
9.983681706251186228e-01
9.966929720859396546e-01
1.000331644108390039e+00
9.989940176724646514e-01
9.976762011496246307e-01
9.979176159977650729e-01
9.977552298836909195e-01
9.968731742142550312e-01
9.968798540260752628e-01
9.946836989474928670e-01
9.985930079816940363e-01
9.988803952396264618e-01
1.000707325262128355e+00
9.987868663934913460e-01
9.993719255243528332e-01
9.991169606903687050e-01
1.002806686053663521e+00
1.001261792092552172e+00
1.002595909027586440e+00
1.003549703946843730e+00
1.000653717861682779e+00
1.001312714051746378e+00
1.003411197626993046e+00
1.000809994749672693e+00
1.000192667550436676e+00
1.000677889409339549e+00
1.000728797381354118e+00
9.980501076080223744e-01
9.993933482537409319e-01
1.000095945499823280e+00
1.000358905088141626e+00
9.991642678761131213e-01
9.997906615672346176e-01
9.986808807127481868e-01
9.999414226145352247e-01
9.977612310892608471e-01
9.999477055412712145e-01
1.000267059938684699e+00
1.000376116046168384e+00
9.987564852130089710e-01
9.984916369208610698e-01
9.998485803231182967e-01
9.991559275153750752e-01
1.000947239230634889e+00
9.987638754305433464e-01
9.995174954442841431e-01
9.996630681401639240e-01
1.000605549698837082e+00
9.992732191293633992e-01
1.000010082076746576e+00
1.001511527160735104e+00
1.000642316601808357e+00
1.000768214158888281e+00
9.987638185337077701e-01
9.998384369832383767e-01
1.000239048432245648e+00
9.996291215145851616e-01
9.996133413355389186e-01
1.000027540971010653e+00
1.000659383282694437e+00
9.989637983473543814e-01
9.981889855085220864e-01
9.999338142669049745e-01
9.993964715202331428e-01
9.993716391986142700e-01
1.000186197257653342e+00
9.994389568425431358e-01
9.995785402281315291e-01
9.995212256623045022e-01
1.000450863942506707e+00
1.000175176803757005e+00
9.988512681325801834e-01
9.993345200721913679e-01
9.998664582532844625e-01
9.993659706876664162e-01
1.000347470643448311e+00
1.000449740259292897e+00
9.999400172898409433e-01
1.000068480895809353e+00
1.000074037625784396e+00
1.000585409688182326e+00
1.000431022415554372e+00
1.000308665413114806e+00
9.992072789162522728e-01
1.000340810738159947e+00
9.995119958929895576e-01
1.000766240789837225e+00
9.983349905497173049e-01
9.995119344857421595e-01
9.999362949602681461e-01
1.000100893080693831e+00
9.994475217354783503e-01
9.995214944571629845e-01
1.000393147785731074e+00
9.991372243013557641e-01
9.999004377957745326e-01
1.000428302237749811e+00
9.997493072341866460e-01
9.997123585812508484e-01
9.998962705664755646e-01
1.000167076112976838e+00
9.992451688272986354e-01
9.993438518017802030e-01
9.990732495136833702e-01
9.991829061344824625e-01
9.998283590975090007e-01
9.999284944197585068e-01
1.000386549129369751e+00
1.000111511891946803e+00
1.000023056529092846e+00
9.996771143843475871e-01
9.999579135872344038e-01
9.995247633188134584e-01
9.996690472422145035e-01
9.999029163471501169e-01
9.998205102629191821e-01
1.000376461495701808e+00
1.000453891313566768e+00
1.000153462152145734e+00
1.000114021858959257e+00
9.993270287084417003e-01
9.998830795155626561e-01
1.000648008908578745e+00
1.000837376699200920e+00
1.000010897542408239e+00
9.994833127236698589e-01
9.991564756078409326e-01
9.992614258352313650e-01
1.000320549816108739e+00
9.995995468704423903e-01
9.998970795153465652e-01
9.997838315659668407e-01
9.999255511265685570e-01
9.998685602564350017e-01
9.999095329361057383e-01
1.000422191278031336e+00
1.000983534801223040e+00
1.000636573286248332e+00
9.995594104412923731e-01
9.998868723193047314e-01
1.000964279431372228e+00
1.000073740331574923e+00
9.999714232971048666e-01
1.000707924703118312e+00
9.994755599128455348e-01
1.000634593370217429e+00
9.997462635365177430e-01
1.000756349043387505e+00
9.996028664201649372e-01
1.000552215315407167e+00
1.000475405469385848e+00
1.000112747965750115e+00
1.000573315308458611e+00
1.000293352763356403e+00
9.999165965977450110e-01
9.999215764958581110e-01
9.993679277694329510e-01
1.000193284189362597e+00
1.000469247482145274e+00
1.000564554393501782e+00
1.000627052585843391e+00
1.000020424302851207e+00
9.996278248940018152e-01
9.996689304240298224e-01
1.000387277574537936e+00
9.999077807706052701e-01
9.999296770185526206e-01
1.000380806177314508e+00
9.995279671444866620e-01
1.000480397993774861e+00
1.000018959474124003e+00
9.998654081100897262e-01
1.000218914526285197e+00
1.000356900207499455e+00
1.000324932887806328e+00
1.000171338743260696e+00
1.000454314385395671e+00
9.996481351438690766e-01
9.993804726837620667e-01
1.000188845260193693e+00
1.000321374985053691e+00
1.000404945915062127e+00
1.000130295734829255e+00
9.998936689560669056e-01
9.999769999257555053e-01
1.000076758117914855e+00
1.000521554188653184e+00
9.999034460946584213e-01
9.994754049961505071e-01
