0.000000000000000000e+00
0.000000000000000000e+00
0.000000000000000000e+00
0.000000000000000000e+00
0.000000000000000000e+00
0.000000000000000000e+00
0.000000000000000000e+00
0.000000000000000000e+00
0.000000000000000000e+00
0.000000000000000000e+00
0.000000000000000000e+00
0.000000000000000000e+00
0.000000000000000000e+00
0.000000000000000000e+00
0.000000000000000000e+00
0.000000000000000000e+00
0.000000000000000000e+00
0.000000000000000000e+00
0.000000000000000000e+00
0.000000000000000000e+00
0.000000000000000000e+00
3.210147016431248029e-02
1.013785818688885954e+00
3.349099769184372466e+00
3.337310141452711765e+00
1.847196637651110196e+00
8.378865277233884523e-01
3.818309631484175792e-01
1.983555394066562894e-01
2.213194499600122656e-01
8.271222026417918149e-01
1.712876861475427503e+00
1.898975676426090553e+00
1.461495352687431248e+00
9.815668832246313702e-01
6.813688212927756505e-01
5.562004496497452433e-01
5.440458405625749894e-01
5.917703802644106448e-01
6.791338721672214307e-01
7.869533282922718254e-01
8.959654785829000989e-01
9.996165291857885826e-01
1.093173590525489347e+00
1.163103213949568948e+00
1.219088478329833691e+00
1.247177253900909166e+00
1.254374100304677553e+00
1.233024063237953660e+00
1.199098417008241269e+00
1.146575221722981874e+00
1.105807565854157515e+00
1.054338203229743698e+00
1.015620871534572256e+00
9.882573605222800817e-01
9.624030724673598991e-01
9.425833639768402827e-01
9.310209758939531621e-01
9.216331515305083988e-01
9.158461855218469339e-01
9.161095567734571787e-01
9.175034602124895189e-01
9.316368649252172451e-01
9.408027645783463289e-01
9.566865820895483763e-01
9.715387120898594242e-01
9.836435623258181771e-01
9.982586914882430884e-01
1.006234172481372369e+00
1.016501434533067183e+00
1.022811313601540206e+00
1.026975617409877195e+00
1.025928277640923314e+00
1.027352049416944579e+00
1.021894992783844325e+00
1.019603515481186440e+00
1.014948464407875894e+00
1.009229880752255504e+00
1.008529253164082373e+00
1.003404820506072825e+00
9.995166113169988709e-01
1.001253205916039279e+00
9.995438367837986560e-01
9.981555872087546355e-01
9.955104275546264869e-01
9.991109036812321209e-01
9.979170763450513348e-01
9.985466075703967048e-01
1.000541881957581536e+00
1.000005324154018549e+00
9.999073999101075749e-01
9.970736102195518757e-01
9.983997596856574175e-01
9.973192554472061211e-01
9.982700164115627661e-01
9.971558736046007843e-01
9.954591137428997483e-01
9.958279662866597048e-01
9.959439686864184349e-01
9.962600058413177972e-01
9.980397933077668204e-01
9.959070319527210113e-01
9.991228574024577647e-01
9.978909402796698469e-01
9.985123688184953661e-01
9.998160140102680948e-01
9.988079372752661778e-01
1.001639547539989739e+00
1.001207947504821005e+00
1.002562265445293699e+00
1.002282667491280144e+00
1.003482111697434620e+00
1.002220417053809376e+00
1.002643397762613242e+00
1.001589537225521909e+00
1.001201840847627089e+00
1.000583209108117488e+00
9.990460044162838837e-01
9.985079785387017681e-01
9.987965388021912139e-01
1.001043565506669619e+00
9.977820252366854659e-01
9.991447436978372343e-01
1.000330974568644837e+00
9.995817806021038976e-01
9.986250863213463891e-01
9.998473772066119869e-01
9.995961564730135862e-01
9.981689579659281941e-01
9.979130715773470994e-01
9.990244267286207958e-01
9.992259155833650430e-01
9.996728651699222645e-01
9.993104246483983655e-01
1.000660182819011368e+00
9.999287662374264363e-01
1.001031093803289584e+00
1.000776508143560450e+00
9.999885869943019312e-01
1.000653372083713410e+00
9.990594040261194797e-01
9.999058524689728999e-01
1.001304529420799838e+00
1.000544341687246597e+00
1.000388485311701325e+00
1.000939305096878451e+00
1.000195864198614393e+00
9.996943290391725467e-01
1.001546780338754772e+00
1.000214923665843303e+00
1.000247475396345065e+00
1.000614790778509899e+00
9.987676018348373708e-01
1.000264202801080637e+00
9.997985834136835503e-01
9.996699423545561958e-01
1.000358236288755531e+00
9.993939063287273772e-01
9.995771775469507459e-01
9.997838562767176196e-01
9.994979186637065194e-01
1.000882434153461231e+00
9.996166904189401903e-01
9.998342929381776045e-01
9.984407702846960220e-01
9.995935026864530837e-01
1.000661103930748030e+00
1.000531931549965892e+00
1.000399855679437788e+00
9.994669911561699926e-01
9.998865461317121284e-01
1.000034800160080728e+00
1.000885655129198692e+00
9.997803993633564978e-01
1.000975739110704810e+00
1.000664828188715161e+00
9.994936457469710822e-01
1.000796570568328381e+00
9.998956848042742651e-01
1.000604992494069201e+00
9.994221977134528645e-01
9.997924290010087311e-01
1.000186096380852208e+00
9.995289198382673046e-01
9.998554182692672709e-01
1.000470722692775150e+00
1.000028691883098952e+00
1.000044884882407725e+00
9.988908744839757325e-01
9.992373817237010236e-01
9.999738323222215897e-01
9.999540244963376345e-01
1.000428750004987322e+00
1.000277163167399452e+00
9.997460446205388429e-01
9.985917921642941675e-01
1.000377893885158631e+00
1.000007289129138499e+00
9.998610948052848446e-01
9.999312062024430237e-01
1.000042647967760656e+00
1.000652920875569452e+00
1.000921404264751846e+00
9.997649193805295820e-01
9.995291962567669497e-01
9.997486704545860414e-01
1.000499736329911071e+00
1.000034734415770510e+00
1.000610994047157254e+00
9.999930037603492750e-01
1.000518333463590537e+00
9.999953600832794942e-01
1.000039540583749886e+00
1.000744447999137643e+00
1.000075081082934858e+00
9.996801108083914755e-01
1.000056412821506147e+00
9.989179811956033772e-01
9.997934685562427370e-01
1.000128174109065959e+00
1.000610861403465446e+00
1.000171767815347446e+00
9.998646922610405774e-01
9.998162663686858131e-01
1.000556678791598486e+00
9.996430482072790058e-01
1.000002549358066206e+00
1.000136786656214527e+00
9.999829010959090381e-01
9.998471253080165599e-01
1.000803140295680738e+00
1.000217516970568044e+00
1.000333150049961928e+00
1.000027534056185718e+00
9.994048859330235679e-01
1.000515628125591805e+00
9.996357300897213971e-01
1.000684198699689720e+00
1.000008497273225050e+00
9.999861209916433014e-01
9.999048334949918182e-01
9.994552667959323289e-01
1.000197166049882069e+00
9.999597197955529815e-01
9.995375173145640835e-01
9.996742137186310773e-01
9.999440360804442429e-01
1.000269392500417354e+00
9.997914276103249120e-01
1.000478295994700284e+00
9.993060345811903833e-01
9.996038962369963032e-01
9.997780951358239410e-01
9.998910716733346860e-01
9.995698945877392605e-01
1.000433884526088946e+00
1.000280982174010402e+00
1.000457190118621664e+00
9.992483357312328396e-01
9.991987176104034640e-01
1.000170608911248760e+00
1.000020539654047358e+00
1.000763328289590026e+00
1.000215149524005254e+00
1.000540273631891353e+00
1.000000484016484892e+00
9.999883104070524942e-01
9.999405578345250678e-01
1.000899588066753276e+00
1.000186964151581259e+00
9.994757349852007033e-01
9.995104494284076102e-01
1.000208524892764350e+00
9.994837526522197813e-01
9.998118621907526871e-01
9.999324225005202793e-01
1.000068131007299188e+00
9.995700804972946774e-01
1.000014882805967620e+00
1.000363806613855822e+00
