0.000000000000000000e+00
0.000000000000000000e+00
0.000000000000000000e+00
0.000000000000000000e+00
0.000000000000000000e+00
0.000000000000000000e+00
0.000000000000000000e+00
0.000000000000000000e+00
0.000000000000000000e+00
0.000000000000000000e+00
0.000000000000000000e+00
0.000000000000000000e+00
0.000000000000000000e+00
0.000000000000000000e+00
0.000000000000000000e+00
0.000000000000000000e+00
0.000000000000000000e+00
0.000000000000000000e+00
0.000000000000000000e+00
0.000000000000000000e+00
0.000000000000000000e+00
3.512873522511647528e-02
1.042618089566677009e+00
3.400668777694544787e+00
3.348636011694829495e+00
1.840718970449946701e+00
8.287692585613208873e-01
3.727039387997381770e-01
1.908510313553125337e-01
2.221831313019331511e-01
8.405406595858051499e-01
1.748339324355158597e+00
1.912201538431337777e+00
1.456091130210553031e+00
9.715818939990900072e-01
6.743172958946126450e-01
5.460725205437785279e-01
5.371674070955869684e-01
5.862761163027988554e-01
6.731964475221421385e-01
7.868680680242927661e-01
8.963804683326934697e-01
1.009130573271935116e+00
1.096848535896303600e+00
1.168014489373352838e+00
1.221144963300161645e+00
1.250539651246845629e+00
1.257675743329171425e+00
1.236808269632022173e+00
1.201831043342380001e+00
1.149851388057549606e+00
1.103856076206193304e+00
1.056149147219672235e+00
1.013377248707698408e+00
9.858353485843349695e-01
9.646024355265400141e-01
9.428338909922096001e-01
9.318518988569198802e-01
9.220980774021154680e-01
9.121153930806411569e-01
9.160535543347774201e-01
9.183101488829817916e-01
9.296585701829017667e-01
9.426062693275775173e-01
9.574093833032215617e-01
9.661751699470004784e-01
9.824795054608829181e-01
9.983099222215947588e-01
1.005576743540778306e+00
1.016735419298614218e+00
1.017793245743262132e+00
1.023411818736465140e+00
1.024932363305200322e+00
1.025935120477901474e+00
1.020347844652639058e+00
1.020617977257143538e+00
1.018165229985189324e+00
1.013119410686990962e+00
1.007370574171346567e+00
1.007074491893464874e+00
1.004054714696218209e+00
1.003746150326891851e+00
1.001896793196583424e+00
1.000711933498898087e+00
1.001115814649769620e+00
9.993470136281903393e-01
9.992091182168326702e-01
9.980070642279866844e-01
9.989107895169362372e-01
9.972397728843805931e-01
9.973119640440708533e-01
9.960054454791699152e-01
9.943455847529116820e-01
9.960181305504193228e-01
9.941364443599984835e-01
9.958940488062031360e-01
9.971596965830946679e-01
9.980495512214170306e-01
9.969292048733781053e-01
9.996517682550174477e-01
9.966383636483143738e-01
9.994296569007671271e-01
1.000211706025577740e+00
1.001184984039320547e+00
1.001463041079300176e+00
1.002807986499850479e+00
1.002392093103239512e+00
1.004124034574308544e+00
1.004522102596144828e+00
1.001796307342874837e+00
1.001681167096262648e+00
1.002876929819157770e+00
1.001579989809344706e+00
1.000411612466978850e+00
1.002262295652211366e+00
1.001017627838130641e+00
1.000131088858853046e+00
9.992882490513536053e-01
9.991565043080143926e-01
1.000333289240139090e+00
9.992825529372149074e-01
9.993677679760656352e-01
9.986552535954722476e-01
9.988102171440932375e-01
9.999575085858792844e-01
9.992243820996903336e-01
1.000518515359080318e+00
9.975936578671171784e-01
9.985306960905616647e-01
9.982019197826214052e-01
1.000865486063905463e+00
1.000110292680351121e+00
9.996568438921739075e-01
1.001707363848527432e+00
1.000689363941509757e+00
9.999290827787755687e-01
1.001884370159916937e+00
1.000640271678749915e+00
9.997683061086173328e-01
1.001309903914896271e+00
1.001265674028514630e+00
1.000313784632107961e+00
1.001479738032847955e+00
1.002045465320182016e+00
1.000528199829774367e+00
9.996735385922491668e-01
1.000858856493690219e+00
9.991997547720320449e-01
1.000231402333877417e+00
9.977326847022953693e-01
9.985590247456540558e-01
9.977042242714615483e-01
9.986535462385691675e-01
9.989039465551580177e-01
9.984679772708827672e-01
9.986439688102461965e-01
9.996750912826990465e-01
1.000057426521596682e+00
9.997632568381866758e-01
1.000407845505493665e+00
1.001094498599869320e+00
1.002589101540356964e+00
1.001644678722523052e+00
1.001066474512948723e+00
1.001429402603865038e+00
1.002858688556641065e+00
1.002162739834762561e+00
1.001300222824520469e+00
1.000479466352067526e+00
1.000281855761454342e+00
9.988952462345708216e-01
9.999856945914115114e-01
9.994508821521939090e-01
9.983239007241248020e-01
9.997933027509756654e-01
9.981123027858106456e-01
9.988879702154758178e-01
9.991041015800111724e-01
1.000236186137463790e+00
9.991686675994098099e-01
9.996685609070795620e-01
1.000713509970612591e+00
9.998204813386393219e-01
1.001263688042602684e+00
1.000751827449062992e+00
1.000986018397990618e+00
1.000716170039399389e+00
1.000245647727753484e+00
1.000040185338539223e+00
1.000961266570603581e+00
1.001165884325170508e+00
1.001043326341086503e+00
1.000529611413856657e+00
9.996535283353484846e-01
9.990152308694095762e-01
9.997989416450683287e-01
1.000628452838042692e+00
9.997101934736425388e-01
9.987342533980448911e-01
1.000318575979224578e+00
9.996706524606765454e-01
1.000190217081877719e+00
1.000240329570851516e+00
1.000054793519798979e+00
9.994844506302879017e-01
1.000590852986513069e+00
1.000431559957817740e+00
9.998028786921192568e-01
1.000718401209458097e+00
9.991616571413179937e-01
1.000553022312552054e+00
9.993895333274775972e-01
1.000326134244102327e+00
1.000414820129581717e+00
1.000061968877486107e+00
1.000394983703136731e+00
9.999246888025707936e-01
1.000157989935461122e+00
1.000070093937302618e+00
1.000966980669085737e+00
1.000199551319297164e+00
1.000376495582725234e+00
9.999046279250539682e-01
1.000299965308092842e+00
1.000506727769836290e+00
1.000133927277318424e+00
1.000026465065694481e+00
1.001086349982122314e+00
9.999409039131527122e-01
1.000454034614638443e+00
1.000791614347680047e+00
9.996141993382743340e-01
1.000357247949756001e+00
1.000036756486067047e+00
9.998114423265038742e-01
9.996089326970499789e-01
9.999696470727136299e-01
1.000174568459989866e+00
9.995364099549781667e-01
1.000572674989638200e+00
1.000236017273399947e+00
1.000062488055622589e+00
1.001133517536342055e+00
1.000002116485871007e+00
1.000426165741193918e+00
1.000500930222912865e+00
1.000182739449150482e+00
1.000861609688271203e+00
1.000477323710923683e+00
1.000148345364137548e+00
1.000425941442363742e+00
1.000879596603106103e+00
1.000345702659800606e+00
1.000013011377226757e+00
1.000155099127663316e+00
1.000571537095525043e+00
1.000643857987800311e+00
9.996125086124507675e-01
9.999812794136071492e-01
1.000072159503763602e+00
9.995874468588988870e-01
9.999965510796853252e-01
9.999938941050098284e-01
9.999704820921068160e-01
1.000529138313987820e+00
1.000846702229031937e+00
9.998009790695987498e-01
9.997654473314914192e-01
1.000078808840940248e+00
1.000743626835756350e+00
1.000208272930673825e+00
1.000228103637846866e+00
1.000080547728739111e+00
1.000157841906482048e+00
1.000589297714571169e+00
1.000133570168992847e+00
1.000229492982001922e+00
1.000485975421189000e+00
1.000216937405677742e+00
9.999251118238429159e-01
