0.000000000000000000e+00
0.000000000000000000e+00
0.000000000000000000e+00
0.000000000000000000e+00
0.000000000000000000e+00
0.000000000000000000e+00
0.000000000000000000e+00
0.000000000000000000e+00
0.000000000000000000e+00
0.000000000000000000e+00
0.000000000000000000e+00
0.000000000000000000e+00
0.000000000000000000e+00
0.000000000000000000e+00
0.000000000000000000e+00
0.000000000000000000e+00
0.000000000000000000e+00
0.000000000000000000e+00
0.000000000000000000e+00
0.000000000000000000e+00
0.000000000000000000e+00
0.000000000000000000e+00
0.000000000000000000e+00
0.000000000000000000e+00
0.000000000000000000e+00
0.000000000000000000e+00
1.634562630565237484e-01
1.794018686768700910e+00
3.806248010990766595e+00
3.277757766168742481e+00
1.862105005848410322e+00
9.405914730416928826e-01
6.400767170298692355e-01
6.027784269615561463e-01
5.618924719522331301e-01
4.798094462451784059e-01
6.639620231756263591e-01
9.566420907610763136e-01
1.171014548488886309e+00
1.090822288759298653e+00
9.257378822578546940e-01
8.185762201125078574e-01
8.904019910642284596e-01
1.075963765200122380e+00
1.260808461425532156e+00
1.406103094328838621e+00
1.449619462680142412e+00
1.400288303985828042e+00
1.338734823899466742e+00
1.218755052647272796e+00
1.094337748039419189e+00
9.730699548368324514e-01
8.830040041330768918e-01
8.183789973148495323e-01
8.467906789698801395e-01
8.922111306815255771e-01
9.411303347258772600e-01
9.928717125518871089e-01
1.060637429313886715e+00
1.109660266964420217e+00
1.096882555378205559e+00
1.101802302232753217e+00
1.103685763751174331e+00
1.064532772349888301e+00
9.937578603165698743e-01
9.299079650394094232e-01
8.735876726015628924e-01
8.505080780652630734e-01
8.301941341624686777e-01
8.594938226241732870e-01
8.856501529749961632e-01
9.326230631321018594e-01
9.536030602410844326e-01
9.835512401725455822e-01
9.805678725768475212e-01
1.001779139815679898e+00
1.047927158004518189e+00
1.100835926430147937e+00
1.151660394508732477e+00
1.188114009085526890e+00
1.217020504802998504e+00
1.216702668154943545e+00
1.206170685302337509e+00
1.187531064744836717e+00
1.137812852805434316e+00
1.046226731712230462e+00
9.563919543509872279e-01
9.061225599217070936e-01
8.733587993756319889e-01
8.655031796886856199e-01
9.050329332819281314e-01
9.256235276316587823e-01
9.865797265020100903e-01
1.021848911660983017e+00
1.080348596677645157e+00
1.106002433332574197e+00
1.157784456657880989e+00
1.213924850333709671e+00
1.204162636273339082e+00
1.204318589406077278e+00
1.167546890792430903e+00
1.117486059712091917e+00
1.047110664299695681e+00
9.943226849710580240e-01
9.529522768510874098e-01
9.598785092125177165e-01
9.657007703903837115e-01
1.011874058421922351e+00
1.001168189076058201e+00
9.895940987785628584e-01
9.549411977640233085e-01
9.251961758345184084e-01
9.275087496177024660e-01
9.183007096839773675e-01
9.391431592947863116e-01
9.537184072025248760e-01
9.839232103402988372e-01
9.919140954896830120e-01
9.772943354494803003e-01
9.845322207091036226e-01
9.677833753996492039e-01
9.718671055618296473e-01
9.975649135682583823e-01
1.013772645608443490e+00
1.027425707044255621e+00
1.020844212412767016e+00
1.007191585794118716e+00
9.743784135969530968e-01
9.686892426677458090e-01
9.446288105835626281e-01
9.472738545807041222e-01
9.622300240202671384e-01
9.872133419426780687e-01
9.873438598012770351e-01
9.613195287630772468e-01
9.330253901588601018e-01
8.866609323706124979e-01
8.726940625639622029e-01
8.726674014600083185e-01
8.705590995455764203e-01
8.743155361245107393e-01
8.851660964857979152e-01
9.005052623461833328e-01
9.188003923165084519e-01
9.309513849908360728e-01
9.474887675511445284e-01
9.563515220031765240e-01
9.661053370362528980e-01
9.722199298164774239e-01
9.920856379460737395e-01
9.899130155660125219e-01
1.012669455841729516e+00
1.013778842106684897e+00
1.020085639122749743e+00
1.025790876674476770e+00
1.031043154961144293e+00
1.057444648320763347e+00
1.066703570888939190e+00
1.076562374753110118e+00
1.076235684272700777e+00
1.055578089360313054e+00
1.030195795738693576e+00
1.014560268154254707e+00
1.002187736235918614e+00
9.946088951521312449e-01
1.002124403113122897e+00
1.010343783034066245e+00
1.003092066146053840e+00
1.009301524724583565e+00
1.001423330947862400e+00
1.003446807422339715e+00
1.017495367323973054e+00
1.009977668532001438e+00
1.004567688947363591e+00
9.946379514743550754e-01
9.930960482068096340e-01
9.858803334873368351e-01
9.892440397310192646e-01
9.797817824234239525e-01
9.751276872847890465e-01
9.583073603669587381e-01
9.392799844095945927e-01
9.339371072712026045e-01
9.364425031197508575e-01
9.496330894855938842e-01
9.754846048516528922e-01
9.949884630447576317e-01
9.979021743910458930e-01
1.003378011029554262e+00
1.004887371850818223e+00
9.973592071913603974e-01
1.004800078336166580e+00
1.006489649799981123e+00
9.990873396339865486e-01
9.940266415438392400e-01
9.964406966216503569e-01
1.010408253880651142e+00
1.021060044597050798e+00
1.015085723992168010e+00
1.000690323855774500e+00
9.771996726207002881e-01
9.667301759630608782e-01
9.684228909614993608e-01
9.952167711873348699e-01
1.022148465449994381e+00
1.033408630925302107e+00
1.035408331569647178e+00
1.037615847193567253e+00
1.050111118114066100e+00
1.056442501556203561e+00
1.060830136347437058e+00
1.052607696861128206e+00
1.040105309137951517e+00
1.023065009174309870e+00
1.006087902809646550e+00
1.000955735693388915e+00
1.008285182231930754e+00
1.012905562510655555e+00
1.011005836672121516e+00
1.017888412264669640e+00
1.019890390029292160e+00
1.014262962809039159e+00
1.009393272860489965e+00
1.001995018100345192e+00
9.974840333492460687e-01
9.944254359049012892e-01
9.847135612033499630e-01
9.812464023115844425e-01
9.738458433391624647e-01
9.722372473031209994e-01
9.768780406436667896e-01
9.763660673391175715e-01
9.729217118582996759e-01
9.578317385310072263e-01
9.470966440822319310e-01
9.379973923557946014e-01
9.328276611757447823e-01
9.322040740870368714e-01
9.246259950319763998e-01
9.167802568597162027e-01
9.080835196980027169e-01
9.030013672995798046e-01
9.012560962309675849e-01
8.996255361922077531e-01
8.832578497277578933e-01
8.565515041509648153e-01
8.306656203054756382e-01
7.991771615998329858e-01
7.728245913949800538e-01
7.571127395899964752e-01
7.573026966516710479e-01
7.610531386190007019e-01
7.666596559656900789e-01
7.707620878233975015e-01
7.700401393194358235e-01
7.623303469930879928e-01
7.460218412728301107e-01
7.284897610034125615e-01
7.106257887566758136e-01
7.006836905808488947e-01
6.922196048512617716e-01
6.900236191451407652e-01
6.846258714455467631e-01
6.740256316749118071e-01
6.664470739199350735e-01
6.655758107656922773e-01
6.663476731057362823e-01
6.641758426341447530e-01
6.579648897242421635e-01
6.536725962026549430e-01
6.375247215861769012e-01
6.161846877905297060e-01
5.978081809440111138e-01
5.825065351750930986e-01
5.785962560086264084e-01
5.813793514746015134e-01
5.855082799010603578e-01
5.791021939148750519e-01
5.614121430847559546e-01
5.338010016435662530e-01
