0.000000000000000000e+00
0.000000000000000000e+00
0.000000000000000000e+00
0.000000000000000000e+00
0.000000000000000000e+00
0.000000000000000000e+00
0.000000000000000000e+00
0.000000000000000000e+00
0.000000000000000000e+00
0.000000000000000000e+00
0.000000000000000000e+00
0.000000000000000000e+00
0.000000000000000000e+00
0.000000000000000000e+00
0.000000000000000000e+00
0.000000000000000000e+00
0.000000000000000000e+00
0.000000000000000000e+00
0.000000000000000000e+00
0.000000000000000000e+00
8.193596438730259409e-05
6.205234474402262362e-02
1.184269676444603236e+00
2.873702577305051520e+00
2.360405820902640173e+00
1.235830197586863965e+00
5.953206703900386643e-01
3.276954831913891364e-01
2.223378354446882976e-01
2.670207346308759444e-01
9.052955453113282758e-01
1.723920453984025380e+00
1.818682245403897335e+00
1.669317909838148317e+00
1.500186373744017976e+00
1.309991041422264857e+00
1.116215897778438215e+00
9.840914477712117137e-01
9.056443388420598595e-01
8.709621685761071985e-01
8.533398919219551404e-01
8.398116058889801838e-01
8.285719890610649951e-01
7.980360898624729860e-01
7.601772788669780567e-01
7.280696397215172810e-01
7.223727488891896753e-01
7.655449885193773563e-01
8.598371968830935685e-01
9.947400679242779375e-01
1.129044287979431349e+00
1.213729292711791752e+00
1.220920072498500764e+00
1.174700177349337515e+00
1.111746401384990479e+00
1.061931368791636077e+00
1.034401401168257850e+00
1.036518707626859825e+00
1.058282531448021313e+00
1.078766861231334584e+00
1.080382176343820833e+00
1.059196253068700244e+00
1.024872046418939142e+00
9.844686587304229963e-01
9.456448325283015599e-01
9.166877174651844040e-01
9.003878131111786587e-01
8.955606973754701716e-01
8.951714440918137061e-01
8.948685570942237488e-01
8.951607404347320385e-01
9.099693974248667105e-01
9.308033226225453927e-01
9.654553945476032073e-01
1.003114014704510781e+00
1.047044665315490342e+00
1.080012794653297803e+00
1.101584928817530118e+00
1.112612324307304057e+00
1.106632120054115376e+00
1.092713774386679937e+00
1.069608014006026675e+00
1.041951224897949890e+00
1.012218296581835375e+00
9.889890282309322656e-01
9.742386950046666438e-01
9.618049927278269351e-01
9.523764183368885750e-01
9.463869546584037229e-01
9.441552764194053315e-01
9.422068872052025146e-01
9.438174358655839757e-01
9.495959173015021682e-01
9.605807481549749616e-01
9.741013861434121290e-01
9.843451578981886607e-01
9.898469504911590056e-01
9.976067303658004981e-01
1.011412355241095185e+00
1.023248781508078853e+00
1.033846057290432663e+00
1.044564576943215473e+00
1.050013236711466957e+00
1.052456363198162048e+00
1.051211179462212542e+00
1.042723722376305062e+00
1.027129896230013051e+00
1.009335583423751181e+00
9.910525723817515953e-01
9.765617541741360430e-01
9.657455476037677400e-01
9.603698792584871580e-01
9.602652966692596381e-01
9.617562426702737088e-01
9.658055806518264230e-01
9.705578185683597647e-01
9.768536193856541816e-01
9.860228450419199486e-01
9.994091193862472133e-01
1.022327856727433870e+00
1.032197822757460859e+00
1.025617686239299831e+00
1.020788439739195086e+00
1.016323256172245282e+00
1.014610197459746121e+00
1.015802865901607399e+00
1.014413367798048693e+00
1.014833366026986372e+00
1.013650365174332935e+00
1.010778013275590359e+00
1.008540874058741821e+00
1.003813644617525203e+00
1.000832149899722801e+00
9.963158461473414773e-01
9.905456375157659643e-01
9.857677585795224795e-01
9.825280370978451971e-01
9.832243274275790368e-01
9.864036590031938223e-01
9.922110649601650900e-01
9.935815768453781782e-01
9.959173011383966045e-01
1.000216331148240378e+00
1.004548753704820996e+00
1.011400265131252807e+00
1.019664316452105535e+00
1.022039046228265358e+00
1.023682178605685555e+00
1.020761235828893776e+00
1.013853432882927619e+00
1.005208074283965303e+00
9.983596511801602347e-01
9.920984455104795430e-01
9.884186770863053750e-01
9.873827238248455984e-01
9.869533160240528957e-01
9.894583649361512467e-01
9.930041489647505326e-01
9.970117561526109506e-01
9.975300529890676060e-01
9.974569754207838201e-01
9.969986415140846825e-01
9.949769050556590555e-01
9.970402172168785215e-01
9.985309545496302563e-01
1.001499295771318909e+00
1.004150574978110999e+00
1.006003726279736332e+00
1.005551086529253624e+00
1.002727401431247056e+00
1.001178432968840237e+00
9.993759926343145361e-01
9.998301252328063438e-01
1.001118360889628800e+00
1.000756081485805637e+00
1.000723472766944289e+00
1.001792599945607209e+00
1.001287087137090026e+00
9.992136829701877554e-01
9.964022642642256233e-01
9.931377218649111160e-01
9.921863621298582236e-01
9.937175881091731000e-01
9.968507784101973135e-01
1.001545039682006255e+00
1.006240951271862194e+00
1.007940604425551001e+00
1.008800956287254191e+00
1.008320305910563652e+00
1.005290041360300757e+00
1.002094375747217825e+00
9.988015202472275700e-01
9.958180046006063213e-01
9.941981077520349874e-01
9.940789645923980844e-01
9.948515194402556272e-01
9.957520572896526589e-01
9.974336681631614798e-01
9.990527870649591469e-01
9.997907025203401910e-01
1.000783271917967676e+00
1.000203353106524418e+00
1.000948168105152414e+00
1.001667831139020359e+00
1.001199484330278278e+00
1.001507352025690523e+00
1.000927355898635573e+00
1.001009978433650804e+00
1.000270320826575077e+00
1.000776931013296345e+00
1.000581024779874095e+00
1.000977407749160442e+00
1.000495576572788092e+00
9.993984069315495766e-01
9.973293146084557526e-01
9.953455293648881819e-01
9.940345373627681447e-01
9.944324057498632463e-01
9.933694784521271970e-01
9.940184723749598827e-01
9.961474527098547194e-01
9.979226601665511787e-01
1.000229073405512592e+00
1.000873677065670098e+00
1.000511141227098610e+00
1.000357448931528559e+00
1.001454654343781669e+00
1.003324149528062703e+00
1.004773820888366753e+00
1.007138658144247856e+00
1.007517904080973636e+00
1.006749875461543597e+00
1.005919655383985978e+00
1.004257521004949139e+00
1.001892150876469101e+00
9.952885364063006612e-01
9.826302509446203093e-01
9.695677827898444567e-01
9.567872260762777525e-01
9.440663871758426806e-01
9.335036719667583194e-01
9.222231408494446780e-01
9.118505245200900777e-01
9.015515540345436785e-01
8.913657950364781701e-01
8.801331039429336478e-01
8.690594399417436167e-01
8.572443924333185139e-01
8.461859713163193408e-01
8.351881997663027635e-01
8.245462950959826509e-01
8.141250896322228536e-01
8.028705492308877423e-01
7.917427182826060061e-01
7.805607835407216699e-01
7.672132449248332264e-01
7.550648371298899209e-01
7.422935798735952329e-01
7.294906977552271243e-01
7.180154154004692035e-01
7.061174495648199212e-01
6.957043144596593010e-01
6.855326199347555605e-01
6.768085841815344450e-01
6.682942044787694158e-01
6.597576189718662443e-01
6.503684017132578266e-01
6.403487940369017029e-01
6.310006332151568698e-01
6.218818240995653834e-01
6.122632895832640365e-01
6.035227810544989691e-01
5.945304103175784727e-01
5.850917430580708789e-01
5.748929868203828120e-01
5.645960205849658298e-01
5.544401851065499098e-01
5.449488347485933470e-01
5.349563711039690972e-01
5.253533434103530020e-01
