0.000000000000000000e+00
0.000000000000000000e+00
0.000000000000000000e+00
0.000000000000000000e+00
0.000000000000000000e+00
0.000000000000000000e+00
0.000000000000000000e+00
0.000000000000000000e+00
0.000000000000000000e+00
0.000000000000000000e+00
0.000000000000000000e+00
0.000000000000000000e+00
0.000000000000000000e+00
0.000000000000000000e+00
0.000000000000000000e+00
0.000000000000000000e+00
0.000000000000000000e+00
0.000000000000000000e+00
0.000000000000000000e+00
0.000000000000000000e+00
1.566733258950223830e-05
3.333105577053918633e-02
9.966937745048130015e-01
3.303484652096012386e+00
3.295722372703620895e+00
1.853678843311439506e+00
8.465261309260747602e-01
3.881995011756350644e-01
2.034182347018597126e-01
2.312358783538299989e-01
8.303744602534154362e-01
1.716998810842692347e+00
1.895564483999229388e+00
1.467073358233702773e+00
9.944477183121043229e-01
7.096596105059366222e-01
5.934362605755338915e-01
5.866871731909876209e-01
6.371618511009189412e-01
7.201964301576715410e-01
8.192864227336223992e-01
9.219336682802236060e-01
1.012576082656891252e+00
1.094293687758513212e+00
1.154085985636152500e+00
1.202816115707819211e+00
1.224884404652194725e+00
1.228700340134937674e+00
1.210675539386575794e+00
1.172102281388460954e+00
1.131487469886945929e+00
1.088528913882454763e+00
1.049332846528942875e+00
1.011233318263546455e+00
9.799553948470586251e-01
9.564433564807700572e-01
9.413318561191112988e-01
9.298280863429863041e-01
9.241132348568238397e-01
9.225709327479203470e-01
9.211553933819291995e-01
9.286161302836883902e-01
9.390265129787451759e-01
9.530252598255706253e-01
9.640041021484834216e-01
9.763061573828951678e-01
9.899328999604910528e-01
9.972830164271950792e-01
1.006925552546886538e+00
1.014539927966704003e+00
1.018038300552219999e+00
1.021874024074106657e+00
1.020429816790735744e+00
1.023013400890913971e+00
1.020276724403296642e+00
1.019418359716028455e+00
1.014792426449825369e+00
1.011152363369757667e+00
1.007939902639411800e+00
1.004363120453943159e+00
1.003061203944829005e+00
1.000274567416896909e+00
9.992954977529099336e-01
9.994777995135023518e-01
9.995966136761452736e-01
9.964303908192805315e-01
9.979225349672141698e-01
9.959402517390127940e-01
9.986713143687860894e-01
9.986605519709740308e-01
9.978579974527537200e-01
9.979058321576437240e-01
9.964314617845462241e-01
9.981910687515342939e-01
9.979883815970883587e-01
9.981015929812824261e-01
9.960404275415388753e-01
9.972423403201088332e-01
9.991888037438730885e-01
9.988231316737222754e-01
9.988049503401975615e-01
9.985020551496518459e-01
9.985497165169816558e-01
1.000510481154807785e+00
1.000234510809772326e+00
1.000884843963047777e+00
1.002111955409436206e+00
1.002137899313938929e+00
1.003349928791199996e+00
1.001057894910646118e+00
1.001192615090052973e+00
1.002587949392595101e+00
1.000775034673630826e+00
1.001114613915644602e+00
1.002022629362917305e+00
1.000909497894097999e+00
1.000505714918226152e+00
9.999271396989546368e-01
1.000626427061930501e+00
1.000454933142352010e+00
1.000430746086463651e+00
1.000869451946385658e+00
9.987402885816518694e-01
1.000963495335693842e+00
1.000083591640708480e+00
1.000405678919507935e+00
9.985457440404570395e-01
9.987284756139245268e-01
9.996424549723585962e-01
1.000565566715814647e+00
9.994749683854790012e-01
9.984943902851899367e-01
1.000522522873973363e+00
1.000664008415946382e+00
1.000555606975365830e+00
1.000384325336867608e+00
9.993533705405939216e-01
1.000678008372611005e+00
1.000475400328875164e+00
1.000388235836561890e+00
1.001281468859389401e+00
9.993933295190989829e-01
1.000561618973916378e+00
1.000128959415840235e+00
1.000782331575176709e+00
1.000297073006546800e+00
1.001060056874402582e+00
1.001174601190280677e+00
1.001139276984663873e+00
1.000350190247444759e+00
1.001219971006790166e+00
1.000688968294188408e+00
1.000836131233313830e+00
1.000483453407116752e+00
1.000743445092417527e+00
9.998792812022856413e-01
9.999771455182495661e-01
9.999203568649595031e-01
1.000008978226097911e+00
1.000642490523135253e+00
9.998206651749792506e-01
1.000053149150276433e+00
1.000444100646935564e+00
1.000144484195732320e+00
9.999226713254505405e-01
1.000194209643389343e+00
1.000602193695423914e+00
1.000670607217583274e+00
1.000202370952566477e+00
1.000190250117015234e+00
1.000922234203539318e+00
9.995788407440345802e-01
9.999246422915648580e-01
1.000723475183619815e+00
1.001137471897069364e+00
1.000547897053511104e+00
1.000721283224584202e+00
1.000960869594298641e+00
1.000623882795602659e+00
1.000799979397566819e+00
1.000248520926543483e+00
1.000073066411370615e+00
1.000804639325538536e+00
1.000432029058012429e+00
1.000095957036011063e+00
1.000469360698194476e+00
9.999088352294753790e-01
1.000400679075167609e+00
9.992725475957744408e-01
1.000576661767471620e+00
1.000146353090577200e+00
1.000473095467504736e+00
1.000433360455756260e+00
1.000095679827157191e+00
9.999032987486370372e-01
1.000254320475848058e+00
9.998395086406092203e-01
1.000226994442477091e+00
9.998998863317098973e-01
1.001000556784120921e+00
9.998316776998998900e-01
9.992330616055815629e-01
1.000869711639722492e+00
9.999531675177217860e-01
9.999814972270641977e-01
1.000186507172885042e+00
1.000239529983794950e+00
1.000461224523195414e+00
1.000224352536153161e+00
1.000441880686212981e+00
9.997596776202347657e-01
1.000527488433678780e+00
1.000034417097597439e+00
9.997541046606847059e-01
1.000271590651699460e+00
1.000196825577795767e+00
9.999157707680729201e-01
1.000131970565552253e+00
9.997927472003457217e-01
9.999344597821918645e-01
1.000667689160930962e+00
1.000070939373546963e+00
9.995209848158438382e-01
9.996859008091234511e-01
1.000451311770195195e+00
9.995138281821654980e-01
9.995930139081928845e-01
1.000468242710555344e+00
9.997472991054691116e-01
1.000547890191402667e+00
1.000699699160348510e+00
1.000284656043890497e+00
1.000025278931691686e+00
1.000028746967980053e+00
1.000151553446781083e+00
1.000300654314983051e+00
1.000236658077116703e+00
1.000107175580219110e+00
9.994579480822627371e-01
9.996757769441816377e-01
1.000593419713170507e+00
1.000069217272340438e+00
9.997934978243361304e-01
1.000130061283188487e+00
9.998427997204545337e-01
1.000339052388456329e+00
9.997867049094937286e-01
9.993089447151471960e-01
9.996155474939615315e-01
1.000424007544118199e+00
1.000442877604582170e+00
1.000379186789057240e+00
9.997215256921471171e-01
1.000761105744099044e+00
9.996685379023858564e-01
9.998501927368798059e-01
1.000201090030078399e+00
9.998933302610329976e-01
9.999471762450785617e-01
9.997019226866857844e-01
1.000553350048347667e+00
9.996269177764915970e-01
9.997397647656974806e-01
9.998795427785326373e-01
9.993429592006844997e-01
1.000083801184352694e+00
9.997261840130593491e-01
1.000068748371022442e+00
1.000032154358459380e+00
9.998151199594007554e-01
1.000403030051569386e+00
9.997841543760779270e-01
9.999041295508642735e-01
9.997099129650857119e-01
9.927127360189059724e-01
9.819862913086925271e-01
9.705244698832967698e-01
9.609284924210302892e-01
9.504014050897484633e-01
9.394634376498680606e-01
