0.000000000000000000e+00
0.000000000000000000e+00
0.000000000000000000e+00
0.000000000000000000e+00
0.000000000000000000e+00
0.000000000000000000e+00
0.000000000000000000e+00
0.000000000000000000e+00
0.000000000000000000e+00
0.000000000000000000e+00
0.000000000000000000e+00
0.000000000000000000e+00
0.000000000000000000e+00
0.000000000000000000e+00
0.000000000000000000e+00
0.000000000000000000e+00
0.000000000000000000e+00
0.000000000000000000e+00
0.000000000000000000e+00
0.000000000000000000e+00
0.000000000000000000e+00
0.000000000000000000e+00
0.000000000000000000e+00
0.000000000000000000e+00
0.000000000000000000e+00
1.494322581177952650e-02
3.524325952972596765e-01
1.291695879292721338e+00
1.501025373069155622e+00
1.010844739382370072e+00
5.333503641752408431e-01
2.903383531313803445e-01
1.688437783368282874e-01
1.242794770758184758e-01
1.450339917102165255e-01
1.587501243924528960e-01
1.643301807681269155e-01
1.947057132949889524e-01
2.047764920132961741e-01
2.425336795294313341e-01
2.965711507527571400e-01
4.102350058476821881e-01
5.237590671144441989e-01
6.606669719202971081e-01
8.148994656914662071e-01
9.826959496500968783e-01
1.125943114526354760e+00
1.224207733838821088e+00
1.321271060516440610e+00
1.423568887591818433e+00
1.476461642474230507e+00
1.480460640023012697e+00
1.474375921189562844e+00
1.347878272136530553e+00
1.198409186072297405e+00
1.066905725312622177e+00
9.241810919351707287e-01
8.432135418429316243e-01
8.054458557711791089e-01
7.844130475615039844e-01
7.794681706470539817e-01
8.132697980798516690e-01
8.673553871937459414e-01
8.993695942937327548e-01
9.129204756620525885e-01
9.505468390332556528e-01
9.440201813424000665e-01
9.650620533975564630e-01
9.290506630309333103e-01
9.065319612589946008e-01
9.076805171306971953e-01
9.205988013970461958e-01
9.118004952264031626e-01
9.144592075863826608e-01
9.129397855102932002e-01
9.038587597742839819e-01
9.326416546416864684e-01
9.334745440092078184e-01
9.213464714658666788e-01
9.530341195980717162e-01
9.367371145901653984e-01
9.091576115024878613e-01
9.179909507508425826e-01
8.952331940199028670e-01
8.525537973112362611e-01
8.661183092884032764e-01
8.756989013355851448e-01
8.977586268725186169e-01
9.309379896864460324e-01
9.514285268921749417e-01
9.938935327324027735e-01
1.044868219439001766e+00
1.076047522870892559e+00
1.054788490389810152e+00
1.045641765524198963e+00
1.023544964203910723e+00
9.937248153925308802e-01
9.764521166023492071e-01
9.879535513261469282e-01
9.966612838508791539e-01
1.020279603205016761e+00
1.051156887241541549e+00
1.057026845332242448e+00
1.099722777263105966e+00
1.100134077052447701e+00
1.090882046040105635e+00
1.069937928564306029e+00
1.019257723850090613e+00
9.839976895565295534e-01
9.470369029490095514e-01
8.964058246229869020e-01
8.723063435848789071e-01
8.568676998784595655e-01
8.448528121437778315e-01
8.674843771668887538e-01
9.193334187347508291e-01
9.992707066741859379e-01
1.124602005175335595e+00
1.260762782169147167e+00
1.450111850888958331e+00
1.449489453149844786e+00
1.260958676460115058e+00
1.118021542168065929e+00
1.021244651746872290e+00
9.374885259447085506e-01
9.090701945266108641e-01
8.954331640170422046e-01
8.875609928482215416e-01
9.100128167135216328e-01
9.486092571351424363e-01
9.709831640140179632e-01
9.849990680642354279e-01
1.012060769616744293e+00
1.028934459113499456e+00
1.027816394990434645e+00
1.027366375657589481e+00
1.040165241261371110e+00
1.008279440009931305e+00
9.835503505309080019e-01
9.684717390926772529e-01
9.530551867561737334e-01
9.533364338853880238e-01
9.551768786995522564e-01
9.584837133218804262e-01
9.597187872659006525e-01
9.694972725377912770e-01
9.532440005109159564e-01
9.501106150614297974e-01
9.477784907169866102e-01
9.575469734395966048e-01
9.580134748116966303e-01
9.495924314548482847e-01
9.448241630426273963e-01
9.450484362423171580e-01
9.362790264838798393e-01
9.256940855578362770e-01
9.282794192499393970e-01
9.319690761959531500e-01
9.260488036515743815e-01
9.207650261536247660e-01
9.330494476707540397e-01
9.332561663078248193e-01
9.444277652014673174e-01
9.649655292518869443e-01
9.591630180800915229e-01
9.676635874492185430e-01
9.626116771365708091e-01
9.559199325473385356e-01
9.532650294812221592e-01
9.393044707431467133e-01
9.472554290305276181e-01
9.500597953908691551e-01
9.506224341031411784e-01
9.388412980031227706e-01
9.473919256133072064e-01
9.450524272271172421e-01
9.481916857953323063e-01
9.529240908968963364e-01
9.546744431136284792e-01
9.544461015229258605e-01
9.616212140624941229e-01
9.536223138528463483e-01
9.604152582702339958e-01
9.749490766048874990e-01
9.861230067936850308e-01
9.924812948166764626e-01
1.010397982481968215e+00
1.017730595186970621e+00
1.026089941911805692e+00
1.024633467369733930e+00
1.028947745655379498e+00
1.022189012295515509e+00
1.024061133384419175e+00
1.014419947404681110e+00
1.016860025112700017e+00
1.015532821393280161e+00
1.014313139598931546e+00
9.995537907334023364e-01
9.993155613502018308e-01
9.987589713639295486e-01
9.996284083497740669e-01
1.005950509722192576e+00
9.964022026314854896e-01
1.004040347993140792e+00
1.010497621634010468e+00
1.001756427418841078e+00
9.999870781469627490e-01
1.002546745762223468e+00
1.002013269282025609e+00
1.001756859099594887e+00
9.985444361226589738e-01
9.946194106556944803e-01
9.932177677816330652e-01
9.898673569329311528e-01
9.986499132495825215e-01
1.007744195056238024e+00
1.010896143517231005e+00
1.022781086884143376e+00
1.027689370151096515e+00
1.031754066132282599e+00
1.027942995612181276e+00
1.026477189706061832e+00
1.029164630006593084e+00
1.020925568654841076e+00
1.015582324912021717e+00
1.007696630574082208e+00
9.994757290487931156e-01
9.854620526053258223e-01
9.820669828050081485e-01
9.712806723466713699e-01
9.581372232778377906e-01
9.580588055222766242e-01
9.446850972240938837e-01
9.482908979641285763e-01
9.488902274132319237e-01
9.552998028484943616e-01
9.518680970120165785e-01
9.637025265686633979e-01
9.728231422084611113e-01
9.769146829962928047e-01
9.846603192045595421e-01
9.894215704511968301e-01
9.963650964213266459e-01
9.987168085703467257e-01
1.005663309389355220e+00
1.014948734137472108e+00
1.009505928936851538e+00
1.014457764988528243e+00
1.016871980936949749e+00
1.015798859991391634e+00
1.016231790019131553e+00
1.021325300565794958e+00
1.022567500307808741e+00
1.017398001986177469e+00
1.029205950918036017e+00
1.031507188401391995e+00
1.024705046316283230e+00
1.022848325684831083e+00
1.022905885597475084e+00
1.024443222309213475e+00
1.022860535467754906e+00
1.020243813818415557e+00
1.017711866204869420e+00
1.018375149036118144e+00
1.009480015300732614e+00
1.007810017351951304e+00
1.002627290591792120e+00
1.000265874556503176e+00
1.001868546486835321e+00
9.964937143180785384e-01
9.951318263160576771e-01
9.954380452304343319e-01
9.974835965520058023e-01
9.959190648993558881e-01
9.868932019402885114e-01
9.649723479608832699e-01
9.519933764882491101e-01
9.376245915794021446e-01
9.223612095877733452e-01
9.099701039318863760e-01
