0.000000000000000000e+00
0.000000000000000000e+00
0.000000000000000000e+00
0.000000000000000000e+00
0.000000000000000000e+00
0.000000000000000000e+00
0.000000000000000000e+00
0.000000000000000000e+00
0.000000000000000000e+00
0.000000000000000000e+00
0.000000000000000000e+00
0.000000000000000000e+00
0.000000000000000000e+00
0.000000000000000000e+00
0.000000000000000000e+00
0.000000000000000000e+00
0.000000000000000000e+00
0.000000000000000000e+00
0.000000000000000000e+00
0.000000000000000000e+00
0.000000000000000000e+00
0.000000000000000000e+00
0.000000000000000000e+00
0.000000000000000000e+00
0.000000000000000000e+00
9.630655031951779882e-03
4.085887567648235352e-01
1.444644172014962313e+00
1.919804096785871605e+00
1.308409036408058279e+00
6.964706773991257149e-01
3.500027135333347861e-01
1.730227475692211470e-01
1.085653078005863192e-01
1.047549793754487535e-01
1.052615242814492341e-01
1.264963440383020943e-01
1.396786345047636435e-01
1.371265336046700312e-01
1.510713503035071292e-01
1.874393656566938626e-01
2.823188135212391092e-01
3.968505532868933927e-01
5.719836748908578850e-01
7.501272419210806008e-01
9.642081400080043663e-01
1.116194632251151564e+00
1.215296858280394687e+00
1.295679349313510142e+00
1.335411726150937506e+00
1.360742405163014146e+00
1.385264542520957098e+00
1.377822438045097853e+00
1.243251424413880590e+00
1.125206075925294869e+00
9.826218409496066952e-01
8.793015584589594091e-01
7.773454762170334265e-01
7.538256505840243982e-01
7.348118650252680739e-01
7.441657715868279510e-01
7.882046525471807508e-01
8.381035909997968103e-01
8.722085341538187153e-01
8.877995606712860699e-01
9.062859211967040363e-01
9.418072132569306198e-01
9.418509557115049002e-01
9.833536469373378441e-01
9.826067892656211722e-01
1.042907738244775784e+00
1.056373088076960620e+00
1.118965198130976946e+00
1.144583824751872703e+00
1.143094725296576630e+00
1.158562460532091665e+00
1.133433454770627957e+00
1.118781653862953807e+00
1.090090015089977715e+00
1.071217236047267818e+00
1.062516941931618275e+00
1.030259968701370488e+00
9.961500655586343900e-01
9.583874443348852079e-01
9.192521147364797196e-01
8.911768976346489124e-01
8.976289861885505816e-01
8.875661824442353520e-01
9.030244703202761070e-01
9.262459293956685213e-01
9.674131784086732466e-01
9.713418076040071236e-01
1.001093832534579509e+00
1.006758019525713532e+00
1.013170915636410374e+00
9.968710155545089657e-01
9.669018199893950616e-01
9.466307722245025369e-01
9.571432174930759595e-01
9.743478174369382128e-01
9.983481346296804171e-01
1.057417833085992465e+00
1.093789376695682547e+00
1.108951754365649522e+00
1.095546090583604748e+00
1.092064223312027016e+00
1.050618945245126890e+00
1.034760281336039256e+00
9.874321484661540138e-01
9.480630357987869239e-01
9.290694278845846865e-01
8.693376314351564105e-01
8.768051479398624171e-01
8.729587308032678017e-01
8.965163927361412544e-01
9.656102497394821738e-01
1.051549386584766710e+00
1.160664292919493690e+00
1.309671571773263432e+00
1.482336609173648734e+00
1.479245668372779710e+00
1.270788295575863147e+00
1.121159381244827058e+00
1.034425919481636535e+00
9.767710709241476108e-01
9.483615134939746838e-01
9.289438154118763169e-01
9.513455813190426769e-01
9.709402697052931241e-01
1.000818848690581353e+00
1.025458533301878639e+00
1.044494406419191002e+00
1.042960531935496427e+00
1.037713236193389621e+00
1.025928031383490868e+00
1.016826290275056666e+00
1.015183644727933210e+00
9.904425953621568413e-01
9.797834301351427966e-01
9.613395042640346944e-01
9.653846449843658251e-01
9.433705391229374460e-01
9.385605220802897275e-01
9.340689900074730101e-01
9.238305329002353128e-01
9.309971303430237821e-01
9.367684113742122953e-01
9.499922825876813137e-01
9.587225658017249907e-01
9.606898464754493050e-01
9.700365156865775607e-01
9.632019093005572685e-01
9.629994214508795780e-01
9.575975252356654366e-01
9.596487352018500117e-01
9.606969045209831082e-01
9.716827581405076408e-01
9.815555928596398916e-01
9.816970848167672070e-01
9.801016921419959393e-01
9.662247562815934332e-01
9.621986494705712101e-01
9.557832050944929936e-01
9.548622296954274447e-01
9.499793170561985356e-01
9.502372734939157350e-01
9.439919559383905812e-01
9.546716396335830357e-01
9.496106348356370130e-01
9.553832126423587034e-01
9.694949917444329879e-01
9.614934931663762230e-01
9.784677016227709689e-01
9.770756191947006508e-01
9.724723415132112692e-01
9.814974716112314645e-01
9.802951637730931145e-01
9.709794766392323417e-01
9.723715236426457853e-01
9.897886142465692760e-01
9.932171602014192580e-01
9.941250670891152996e-01
1.002167631480820553e+00
1.006104079742303092e+00
9.952273853891714372e-01
1.003273482228823399e+00
1.003363752192208747e+00
9.991517936153458956e-01
9.968313033132865097e-01
9.955346249228606004e-01
9.971911641785127234e-01
9.945668690638407305e-01
9.918202215395728327e-01
9.960569759141504331e-01
1.000756419262909924e+00
9.941945224430219774e-01
1.004376961883996611e+00
9.941004536167832306e-01
9.921006011838661154e-01
9.819364794950781183e-01
9.793185979112098982e-01
9.699870578424579781e-01
9.624161784617629722e-01
9.635124955039043870e-01
9.627578544889188183e-01
9.643586609594739789e-01
9.681799859662123531e-01
9.661041509887877687e-01
9.691707936563825898e-01
9.681394102756358810e-01
9.702191694624057172e-01
9.648975084607616104e-01
9.586871377971420971e-01
9.692137125173221346e-01
9.596657130770429589e-01
9.631139225726624842e-01
9.674537080688716539e-01
9.806880628954545154e-01
9.845167629768291073e-01
9.856352693308233492e-01
9.869857996157281876e-01
9.927165917778238979e-01
9.991787986590230375e-01
9.993193361382839424e-01
1.002275883734689454e+00
1.008242394298476841e+00
1.008448883560869813e+00
1.011539078624679844e+00
1.015376353808686183e+00
1.017519386931985403e+00
1.011463914171772283e+00
1.014654187031889698e+00
1.008388421484556874e+00
1.012165594870675145e+00
1.008697464831574964e+00
9.991944607077212215e-01
1.003293736666031277e+00
1.001171612700120006e+00
1.001151769483297427e+00
9.987348889258501616e-01
1.006994321057682606e+00
1.008434673860147512e+00
1.015055151796047550e+00
1.018210492537902745e+00
1.013222656571117097e+00
1.012797818195102728e+00
9.981407676669831197e-01
9.861037454902232824e-01
9.804145925944253159e-01
9.673943686189389046e-01
9.612376859694722331e-01
9.685966195529174261e-01
9.656461433422720564e-01
9.742479435724654691e-01
9.768040243427144054e-01
9.884397113959926262e-01
9.775455810991486860e-01
9.815946162436556266e-01
9.673685924910260248e-01
9.728384231459046294e-01
9.717688609845946957e-01
9.668653752830935755e-01
9.760141194243322493e-01
9.763367268778498920e-01
9.898354371423407905e-01
9.958822965697524676e-01
1.003189592515237427e+00
1.005418673366017535e+00
1.006962845635127390e+00
1.015088561819968316e+00
1.023393641582860614e+00
1.023484879791993984e+00
1.024129963304658109e+00
1.023451880274470316e+00
1.013379005418239220e+00
1.003552672964848513e+00
9.886285015144248289e-01
9.715343518318358962e-01
9.568547099793766053e-01
9.472212985527178608e-01
