0.000000000000000000e+00
0.000000000000000000e+00
0.000000000000000000e+00
0.000000000000000000e+00
0.000000000000000000e+00
0.000000000000000000e+00
0.000000000000000000e+00
0.000000000000000000e+00
0.000000000000000000e+00
0.000000000000000000e+00
0.000000000000000000e+00
0.000000000000000000e+00
0.000000000000000000e+00
0.000000000000000000e+00
0.000000000000000000e+00
0.000000000000000000e+00
0.000000000000000000e+00
0.000000000000000000e+00
0.000000000000000000e+00
0.000000000000000000e+00
0.000000000000000000e+00
4.037521655884050709e-02
1.068182061014259832e+00
3.288119732345279100e+00
3.127231378719357746e+00
1.680466379396271304e+00
7.445124463779491109e-01
3.357951154910004399e-01
1.744683270205557024e-01
2.495390135024004030e-01
9.479691965857603986e-01
1.812194221122754856e+00
1.852309525912506638e+00
1.342623582581077502e+00
9.001365313574206661e-01
6.553729342882470554e-01
5.808371840516212137e-01
5.978485550365363332e-01
6.745017639393335873e-01
7.664154256922707242e-01
8.781739793977910713e-01
9.737636947754424455e-01
1.055460192237460681e+00
1.122944463352209432e+00
1.161669154763799838e+00
1.187905181329702353e+00
1.201259170907468476e+00
1.201624020508021973e+00
1.179708377307628675e+00
1.146182988982641593e+00
1.107877320146277045e+00
1.073047266325976690e+00
1.038195375720413427e+00
1.015781920770492341e+00
9.909933552257511602e-01
9.751507957211994482e-01
9.592569422566802340e-01
9.455199218279279894e-01
9.383290285769300132e-01
9.314275217818615005e-01
9.325085069505314461e-01
9.311565532674292989e-01
9.400999719331076809e-01
9.492161347357621626e-01
9.562266190699949542e-01
9.707111794634074586e-01
9.815484388063416832e-01
9.861487994681092939e-01
9.925605656499356666e-01
1.000239076513611547e+00
1.007446155720475467e+00
1.012914180869397773e+00
1.021513566068216194e+00
1.029110152117393984e+00
1.035758258281385125e+00
1.043073190094450320e+00
1.047573833868018500e+00
1.048516369690235539e+00
1.045988840903284922e+00
1.038946408566195023e+00
1.037625193282822655e+00
1.028615990534441860e+00
1.017711090662639428e+00
1.007356420956715404e+00
9.964338612977772236e-01
9.850405533893787924e-01
9.778473718720767094e-01
9.722712012564335149e-01
9.699054863274161331e-01
9.694896196853403092e-01
9.712380846225276976e-01
9.752448543703113870e-01
9.842148159325647683e-01
9.902081665570156011e-01
9.987993760075244420e-01
1.005816264869195509e+00
1.009829962598408848e+00
1.008727758352935266e+00
1.005005008478470740e+00
1.003015638481349336e+00
1.003708162067052490e+00
1.006379333050144931e+00
1.008039364669329307e+00
1.010360516077772886e+00
1.011628491486730175e+00
1.008202438878700535e+00
1.002666841464900926e+00
1.002579148902347228e+00
1.000332482757002817e+00
9.994768265880414893e-01
1.000387587362552955e+00
9.956476803721057145e-01
9.892581063132509511e-01
9.815455573232922948e-01
9.761567710258693964e-01
9.710683863289850670e-01
9.758533875286479198e-01
9.898169048353304689e-01
1.020437251602973383e+00
1.072303035592827136e+00
1.068436430264712023e+00
1.013828871592581615e+00
9.841393290910497305e-01
9.692244733136178292e-01
9.667410580466830883e-01
9.711917962820239003e-01
9.785419103196888457e-01
9.867150680182888989e-01
9.946465020035961668e-01
9.959809923279524524e-01
9.965861312919978010e-01
9.984232315374442779e-01
1.000685876282130460e+00
1.001016597615764336e+00
1.004405127170746370e+00
1.006325661709829511e+00
1.006935375643713604e+00
1.007076507639340868e+00
1.008463387654896293e+00
1.008833160221590752e+00
1.013296012400918933e+00
1.015695910545814762e+00
1.016808924108819179e+00
1.011863619761296462e+00
1.004203283540008984e+00
9.964245748561804117e-01
9.913121240177841242e-01
9.865469919309737268e-01
9.851825696988567582e-01
9.851649564644301416e-01
9.873089794869291946e-01
9.892732627429993153e-01
9.901991251062862709e-01
9.916049491716609765e-01
9.952723021031443240e-01
9.991303278929412057e-01
1.001637345651601674e+00
1.008324645996089064e+00
1.011113190951985930e+00
1.014806888115578065e+00
1.015347511807963787e+00
1.017116459374135751e+00
1.014177377481592535e+00
1.012642329154662013e+00
1.009841252960735680e+00
1.006813164411458628e+00
1.001929808092027141e+00
9.996665154981216883e-01
9.946308708026279088e-01
9.923424565966991739e-01
9.904230795927677633e-01
9.901366146082583031e-01
9.917193145178693214e-01
9.932328417356348638e-01
9.946950608195666010e-01
9.966443348399370850e-01
9.988515351755160587e-01
9.996292881404981179e-01
1.000561563746268146e+00
1.001847729415160426e+00
1.001424524263750060e+00
1.002624260690362368e+00
1.003423438516554578e+00
1.003383627601425632e+00
1.002728625789800931e+00
1.003203616923201036e+00
1.002768831991526000e+00
1.003422429312742281e+00
1.003378389557832762e+00
1.003477567017868388e+00
1.003405942664507666e+00
1.002323921296298215e+00
1.002768645130805547e+00
1.001095208210529330e+00
1.001985294199245757e+00
1.001185849689863128e+00
9.995724046318190670e-01
9.997743872190716363e-01
9.991125879668286691e-01
9.980703236724327576e-01
9.976603330656736990e-01
9.969391994990675077e-01
9.965986312081377418e-01
9.964700351070610029e-01
9.976233613957424806e-01
9.965437793032707603e-01
9.979351171205036453e-01
9.980828638095879946e-01
9.990901258870565904e-01
1.000284451980651523e+00
1.001128189503750709e+00
1.000151436196918597e+00
1.001999046932811499e+00
1.002961782695421800e+00
1.002906085898318533e+00
1.003116250896795902e+00
1.001628865987725936e+00
1.001979635710202876e+00
1.000857485875884967e+00
1.000398056818630588e+00
1.000581599290753410e+00
9.991989602163554585e-01
9.991047898099358893e-01
9.982937859026895788e-01
9.981513632283461890e-01
9.975487212240056190e-01
9.990398634365189601e-01
9.984451371153747479e-01
9.991417946632911162e-01
1.000258116697977595e+00
1.001631641409033380e+00
1.001856424365900056e+00
1.002563480878375657e+00
1.002619783169884426e+00
1.003417383419061615e+00
1.002235192764649341e+00
1.001428664577204142e+00
1.000050473282446006e+00
9.986676978646584768e-01
9.978359534443679291e-01
9.976565589171552118e-01
9.968445868396278442e-01
9.967874256006603595e-01
9.970212109164036107e-01
9.983159536545975765e-01
9.985519714971788918e-01
9.982206410751788273e-01
1.000888651512774619e+00
1.000348187686254775e+00
1.001241767684286854e+00
1.001580754609910473e+00
1.002055433559503994e+00
1.002755545166453821e+00
1.001812707673528147e+00
1.002681861136298869e+00
1.002750852615370114e+00
1.001913619700118607e+00
1.000242192542356356e+00
9.993625009565303419e-01
9.989339089591748877e-01
9.976333602514465548e-01
9.965200603830125514e-01
9.960057874047713034e-01
9.954446458265339137e-01
9.952649747478256037e-01
9.960651245524732023e-01
9.971126001199263067e-01
9.979918198077618596e-01
9.989301539216687287e-01
9.996896474602998683e-01
1.000246054670963058e+00
1.001140275999997886e+00
1.002072917391958473e+00
1.000718281493191197e+00
9.942799117055691749e-01
9.831221937085676821e-01
9.716941669222638467e-01
9.612116400511003800e-01
9.504202692597046864e-01
9.380864611862330671e-01
