0.000000000000000000e+00
0.000000000000000000e+00
0.000000000000000000e+00
0.000000000000000000e+00
0.000000000000000000e+00
0.000000000000000000e+00
0.000000000000000000e+00
0.000000000000000000e+00
0.000000000000000000e+00
0.000000000000000000e+00
0.000000000000000000e+00
0.000000000000000000e+00
0.000000000000000000e+00
0.000000000000000000e+00
0.000000000000000000e+00
0.000000000000000000e+00
0.000000000000000000e+00
0.000000000000000000e+00
0.000000000000000000e+00
0.000000000000000000e+00
0.000000000000000000e+00
3.833871985266763815e-02
1.066311399596667764e+00
3.291828361791145685e+00
3.128394854753230092e+00
1.674152912331464460e+00
7.364563813048561336e-01
3.264763763067998759e-01
1.707924680098211745e-01
2.451575771229703993e-01
9.412490325155995485e-01
1.796333809768195344e+00
1.836425539897329706e+00
1.335554333621981504e+00
8.786643456810663277e-01
6.420913361151898702e-01
5.641526888942010043e-01
5.877664179443754522e-01
6.647047224550678424e-01
7.678350506725970526e-01
8.813327109085560274e-01
9.770434862693445632e-01
1.069293932380385836e+00
1.125552138151591608e+00
1.177876423733284383e+00
1.200843098850773449e+00
1.207667403168730225e+00
1.200478217500627443e+00
1.179641786569394224e+00
1.149822028375038663e+00
1.111277496458034753e+00
1.077247336152688417e+00
1.041308370589095755e+00
1.012698396157566183e+00
9.923935833065200551e-01
9.726587051010970875e-01
9.601085737239775098e-01
9.459246366607912959e-01
9.355610939016968386e-01
9.266121929741056862e-01
9.206371062292098006e-01
9.221974993318142744e-01
9.259897045771977586e-01
9.331049218629747788e-01
9.423448928491195975e-01
9.534134397619627999e-01
9.649719059223855755e-01
9.777221117175722842e-01
9.869672697047674470e-01
9.979377180806655590e-01
1.009458766241032812e+00
1.018691522538797134e+00
1.026258967434610980e+00
1.035293956910043445e+00
1.038722958942071228e+00
1.045601585693538782e+00
1.048336737974256749e+00
1.049785597406781346e+00
1.048875019175876888e+00
1.046879039405734568e+00
1.037706830052290030e+00
1.028654475952401448e+00
1.016757599818394420e+00
1.003073103057552817e+00
9.928224547894209939e-01
9.801113199412380128e-01
9.715278586147104711e-01
9.718039820582879962e-01
9.679575897048212640e-01
9.665360944199763438e-01
9.661409465951904529e-01
9.743919669947697093e-01
9.847095271494160640e-01
9.928002877838121298e-01
1.003931470549516813e+00
1.008146500537075108e+00
1.015197253152680723e+00
1.012350932354970867e+00
1.007899000406971668e+00
1.005024828386502200e+00
1.004698803246615757e+00
1.009946363012963699e+00
1.010507541403776299e+00
1.009783193466761819e+00
1.009448981576802629e+00
1.005663375913687041e+00
1.003254175175814611e+00
9.991971010895660532e-01
9.971382032746837210e-01
9.977374271879769774e-01
9.982104349009578437e-01
9.939545490041840070e-01
9.878743905953362159e-01
9.808652177151488960e-01
9.760119024423357104e-01
9.732137660554126546e-01
9.759150747259024428e-01
9.890796226067302133e-01
1.019288570293278573e+00
1.071289469092100877e+00
1.069545770836869636e+00
1.013002415917908294e+00
9.834105502268095655e-01
9.701227829410268289e-01
9.695154120331493930e-01
9.713240722194067533e-01
9.807185086385116213e-01
9.868684633840824061e-01
9.939597548620325851e-01
9.965905880293548513e-01
9.963384717963763570e-01
9.970541016225225039e-01
9.967767323343906805e-01
1.000275720527475265e+00
1.002224410214836103e+00
1.005531628870145466e+00
1.005875283258268471e+00
1.007734484553345577e+00
1.008896151863613477e+00
1.010941876559090513e+00
1.012026431829343709e+00
1.014302509078471637e+00
1.014419843477864402e+00
1.009082320007578693e+00
1.003767408216144963e+00
9.956194959686203161e-01
9.913288488503092521e-01
9.856803016462601930e-01
9.879464943735568605e-01
9.879011071349385054e-01
9.896878888757397741e-01
9.912956156986637568e-01
9.910339093564729529e-01
9.926374651953953077e-01
9.946656994233288307e-01
1.000050999092007453e+00
1.003850731831795740e+00
1.009215218477558018e+00
1.014501788380632208e+00
1.016863559356371738e+00
1.017542781021251175e+00
1.017568197511684813e+00
1.015162861038302111e+00
1.012270437443356430e+00
1.008239007986201363e+00
1.003204958930654644e+00
9.994834815905835335e-01
9.954352883741043323e-01
9.933813319905459016e-01
9.892919549159632231e-01
9.897745657612774250e-01
9.898193919832346532e-01
9.901452551785012712e-01
9.914234752637158810e-01
9.937545038457427093e-01
9.956958923054725075e-01
9.974638675389765341e-01
9.997145769163130469e-01
1.001181983154751709e+00
1.000910701656405166e+00
1.001208778401046162e+00
1.002136136269641042e+00
1.003847333853515655e+00
1.002774439505509596e+00
1.003379515505532504e+00
1.002729216567376236e+00
1.003291041020812457e+00
1.002926084787727712e+00
1.003164544044730544e+00
1.002891015564537192e+00
1.002172897383223349e+00
1.002130703626418429e+00
1.003014344245853229e+00
1.001484387907536355e+00
1.000263287854088690e+00
1.000187377569984992e+00
1.000466950469691252e+00
9.996277030937960051e-01
9.980949658737028329e-01
9.977310355692166066e-01
9.967681244413332253e-01
9.967002031165742570e-01
9.957881639153102205e-01
9.946018197988863996e-01
9.954585536623291597e-01
9.967704499792021666e-01
9.977668105843486845e-01
9.989704958256118150e-01
1.000233850881105280e+00
1.000558087623476755e+00
1.002230080699425985e+00
1.003656852382971421e+00
1.003552524478176666e+00
1.003871127273663566e+00
1.005068017926064261e+00
1.004022555853020693e+00
1.004059997845818231e+00
1.004781175811606753e+00
1.003829492129729717e+00
1.002482320231232515e+00
1.001191530869696589e+00
1.000411174670818193e+00
9.994976392384734565e-01
9.978531348244703558e-01
9.974523798794593388e-01
9.964495847146003227e-01
9.969347435365009114e-01
9.971793898358569663e-01
9.980534834488674623e-01
9.989524709930892588e-01
1.000029985276490674e+00
1.001598103089925695e+00
1.002674757136026606e+00
1.003401778271454159e+00
1.003267324940930960e+00
1.003896033882245131e+00
1.002957257152109039e+00
1.003069556411437135e+00
1.001704379903786135e+00
1.000918414826489578e+00
1.001177330996593451e+00
1.000852836970293369e+00
1.000544907992055865e+00
1.000985425769732817e+00
1.000938204948054633e+00
1.000309420169001928e+00
1.000223606548419797e+00
1.000505706688161078e+00
1.001120829514454913e+00
1.000862605499589497e+00
1.001189510638644364e+00
1.002658137125612692e+00
1.003599783769424603e+00
1.003946292350700986e+00
1.003874417220923965e+00
1.002532298045123893e+00
1.002212442704085271e+00
1.001313200520763669e+00
9.998927685199465731e-01
9.987743525295281755e-01
9.993962730236380931e-01
9.983466695205763797e-01
9.964118529690033643e-01
9.972429972146051869e-01
9.970648916193688427e-01
9.976899165649685264e-01
9.978962921586748136e-01
9.974988621974999470e-01
9.991085387832394638e-01
9.993474073883378272e-01
9.998911717844568559e-01
1.001185817618493124e+00
1.000973381968622178e+00
1.000990393499796127e+00
9.939048285926918025e-01
9.831680797684455575e-01
9.723641532234327256e-01
9.609629043466102472e-01
9.492814000443248190e-01
9.383620420482685631e-01
