0.000000000000000000e+00
0.000000000000000000e+00
0.000000000000000000e+00
0.000000000000000000e+00
0.000000000000000000e+00
0.000000000000000000e+00
0.000000000000000000e+00
0.000000000000000000e+00
0.000000000000000000e+00
0.000000000000000000e+00
0.000000000000000000e+00
0.000000000000000000e+00
0.000000000000000000e+00
0.000000000000000000e+00
0.000000000000000000e+00
0.000000000000000000e+00
0.000000000000000000e+00
0.000000000000000000e+00
0.000000000000000000e+00
0.000000000000000000e+00
0.000000000000000000e+00
0.000000000000000000e+00
0.000000000000000000e+00
0.000000000000000000e+00
0.000000000000000000e+00
2.977813643865814819e-02
7.265329572035666983e-01
2.514095132709461389e+00
2.870199805576131080e+00
1.878103340309979608e+00
9.386787356831237661e-01
4.385426555317810671e-01
2.509539829311487336e-01
2.039655750664133016e-01
2.176382876315064441e-01
2.409202258731808766e-01
2.680782211541018478e-01
2.912560816031360966e-01
2.875388483215756130e-01
2.835857586320306156e-01
3.092939566292518538e-01
3.831406217630432542e-01
4.892218616813711063e-01
6.524514682687402312e-01
8.478223841403416117e-01
1.049138241185865406e+00
1.211163345544163716e+00
1.349203937021905997e+00
1.453978033873900344e+00
1.533388946503249972e+00
1.617180427925786645e+00
1.633995526092375083e+00
1.614564439779164529e+00
1.510731783978232823e+00
1.385684601708674135e+00
1.223689626587902479e+00
1.077859113824962911e+00
9.807423262964547472e-01
9.136550542432454458e-01
8.648317231177350406e-01
8.565438858163735292e-01
8.668814854318001029e-01
8.746276354406419262e-01
9.011232325113720520e-01
9.157752576189479576e-01
9.315465118602870298e-01
9.643459490704699988e-01
9.888728869061365057e-01
9.856753505049462571e-01
1.008008217108246063e+00
1.017401901651345586e+00
1.040781405088091027e+00
1.042264116770886373e+00
1.056504167018857965e+00
1.044889221467347751e+00
1.061077832124266429e+00
1.041916455698611355e+00
1.029163594471192100e+00
1.022440150061269426e+00
1.004540578801867756e+00
9.948212574945353159e-01
9.798001230648827331e-01
9.779067947243247350e-01
9.787834956586496382e-01
9.657330667296730731e-01
9.792627899046808526e-01
9.693511274840851399e-01
9.884356042877497917e-01
9.871710797854130748e-01
1.002707527638931673e+00
9.932739138398484213e-01
1.011483962498351374e+00
1.015184133199423133e+00
1.017596851896318988e+00
1.022299234680165370e+00
1.012540348872851714e+00
1.020209113451060468e+00
1.020144997009707621e+00
1.014676075430378299e+00
1.015383276597262574e+00
1.010688366615410505e+00
1.010378331425577203e+00
1.015000328186793421e+00
1.004367187002046524e+00
1.002903677712499553e+00
9.917618602499055358e-01
1.000285220631213612e+00
9.927492906418090568e-01
9.877874912475929081e-01
9.972241509712885810e-01
9.971516231792038054e-01
1.003387142123727260e+00
1.004928272469065798e+00
1.004288273966905676e+00
1.000353936799130539e+00
1.002745468469925738e+00
1.001246472841323731e+00
1.010450934806495393e+00
1.002680284498074670e+00
1.008102088773892513e+00
1.004361382436206096e+00
9.997280612947843093e-01
1.000857945275414274e+00
1.005018468412634869e+00
9.982852512432766057e-01
1.001265718772462066e+00
9.971774684482535012e-01
1.001960898146690759e+00
1.001485282711678693e+00
9.944337941142170623e-01
1.001608314457380189e+00
9.985297755935521602e-01
9.945243774868115505e-01
9.955289394398098013e-01
9.967068571879665884e-01
9.925076979715823366e-01
9.997669257719186131e-01
9.958493313498815169e-01
9.962070524431392293e-01
1.001380955425328123e+00
1.000661644487451651e+00
9.948531735842146562e-01
9.984114825617287359e-01
1.000966974512698560e+00
9.961903834699687987e-01
9.963431807122202777e-01
1.002136329270527648e+00
1.001282541185072983e+00
9.959865015047169035e-01
9.988508650925347343e-01
9.924127384624019665e-01
1.001491001595982144e+00
9.991700062710793251e-01
1.003197834803832622e+00
9.952666748541750819e-01
9.963185446459084105e-01
9.941294419972385166e-01
9.956420554250854371e-01
9.964120612052385084e-01
9.998637189758811106e-01
9.954218494217701441e-01
9.979124818375341155e-01
9.972708395000765558e-01
9.944789070038605461e-01
9.977234621851731600e-01
9.963149241557104352e-01
9.979259911906150915e-01
9.983402176511673165e-01
9.959203039292645609e-01
9.949058824401143530e-01
9.966935957331901630e-01
9.970738739076905333e-01
9.983975620500834536e-01
1.000231489783739436e+00
1.002371909245686865e+00
9.960707600317918464e-01
9.950847271942553363e-01
9.948810360970563593e-01
9.970964798478451074e-01
9.957364508858008723e-01
9.953321955140416177e-01
9.975162276199899258e-01
9.976399846033452423e-01
9.967794366388758043e-01
9.981061963816431071e-01
9.982474600980068002e-01
9.945937582390110832e-01
9.957263398196863902e-01
9.960951274852347659e-01
9.915878778350496470e-01
9.931813880075363032e-01
9.952256600090422234e-01
9.948469021320913708e-01
9.915634757198173999e-01
9.919119791388110174e-01
9.954949437816840163e-01
9.930204416200872908e-01
9.958609281809350788e-01
9.951117804184950177e-01
9.965033742692083196e-01
9.978813920450679831e-01
9.934010137445604682e-01
9.952511287514006488e-01
9.937171004420959353e-01
9.946467603991839823e-01
9.934736830081383197e-01
9.966081183520582032e-01
9.937932812875074351e-01
9.982022747302304877e-01
9.961257987577171180e-01
9.914007322331984673e-01
9.938349419141184748e-01
9.951316561038376918e-01
9.972543176721659908e-01
9.936200329103545004e-01
9.956435632778279921e-01
9.975718060487517302e-01
9.940119615010121201e-01
9.958212417416090201e-01
9.976094507807526934e-01
9.957809209513752702e-01
9.969348343809538715e-01
9.964372830718706275e-01
9.976349916159960030e-01
9.949077391891674171e-01
9.943595736003779662e-01
9.953563105060254657e-01
9.950157773620849078e-01
9.954793465591933455e-01
9.957375126447133296e-01
9.978759279802531523e-01
9.930507573806358623e-01
9.962442680380581006e-01
9.993434109648663410e-01
9.959581055890391887e-01
9.962934857324682314e-01
9.960682404684171320e-01
9.970616771212351681e-01
1.000585762969737003e+00
9.965856322763155806e-01
9.933564114326572936e-01
9.967465939923851881e-01
9.965055147728806295e-01
9.933722705538220454e-01
9.936338464253063885e-01
9.982414160356137822e-01
9.996537608425710708e-01
9.975093092653458671e-01
9.965030014097658873e-01
9.944652878000701524e-01
9.959482482816063298e-01
9.959869249548646275e-01
1.000787772576834822e+00
1.000108819498615409e+00
9.995083372308459779e-01
9.959200504732722559e-01
9.985273885851677633e-01
9.991052278248678808e-01
9.991548624413689739e-01
9.965044521047363713e-01
9.989965981658428529e-01
9.956347016123368032e-01
9.937505365842477234e-01
9.951395436683696527e-01
9.966515290874051747e-01
9.964900890561133595e-01
9.984946573978966677e-01
9.941121487474824381e-01
9.976991106942680876e-01
9.995604767971905114e-01
9.992972088940709208e-01
9.992734121266666492e-01
9.998848792198105073e-01
9.961132728789859891e-01
9.935192531113720138e-01
9.755964900031725007e-01
9.654483286350225013e-01
9.603294912345702317e-01
9.470267941947253520e-01
9.359311826465629425e-01
