0.000000000000000000e+00
0.000000000000000000e+00
0.000000000000000000e+00
0.000000000000000000e+00
0.000000000000000000e+00
0.000000000000000000e+00
0.000000000000000000e+00
0.000000000000000000e+00
0.000000000000000000e+00
0.000000000000000000e+00
0.000000000000000000e+00
0.000000000000000000e+00
0.000000000000000000e+00
0.000000000000000000e+00
0.000000000000000000e+00
0.000000000000000000e+00
0.000000000000000000e+00
0.000000000000000000e+00
0.000000000000000000e+00
0.000000000000000000e+00
1.201945894975413623e-05
3.496821972173591586e-02
1.014270715843010207e+00
3.281330964427918939e+00
3.220810554752155497e+00
1.779063678742024424e+00
8.129141036683413812e-01
3.725943227660898915e-01
1.958284381132936458e-01
2.277486026503623973e-01
8.366072138801426972e-01
1.727636562176295687e+00
1.880855070003877527e+00
1.444084485337398194e+00
9.887189766220428888e-01
7.278385083635058317e-01
6.286986457232653924e-01
6.328599937571146583e-01
6.854320097766605224e-01
7.692954739769605199e-01
8.573253528559349190e-01
9.467130749784511412e-01
1.028004268621327766e+00
1.097304498062171785e+00
1.151687671461177453e+00
1.184066991394215673e+00
1.199854798163256797e+00
1.201148338440939156e+00
1.179269699627597090e+00
1.144406226962696005e+00
1.107057208825346972e+00
1.069624506732594238e+00
1.032790932656534100e+00
9.987588254628595452e-01
9.657560109102062418e-01
9.471007328192846408e-01
9.330631772543988012e-01
9.266834609341000339e-01
9.243170324745496602e-01
9.244931475127056153e-01
9.292237124751275834e-01
9.380410189946576383e-01
9.481443197892994723e-01
9.626349748167449816e-01
9.749317514865664114e-01
9.844766522278874943e-01
9.941978166920796278e-01
1.003459487695570473e+00
1.006511679981979324e+00
1.011508273537748082e+00
1.015328442986799473e+00
1.018525858176334786e+00
1.018871312759272785e+00
1.018383359985876480e+00
1.017295780611636502e+00
1.016427501418086354e+00
1.014015279334352648e+00
1.007577087758228407e+00
1.006195046450177655e+00
1.003267515187167058e+00
1.001251438833091090e+00
9.991784162707444406e-01
9.981358375514953751e-01
9.965381896464733380e-01
9.978515099367901708e-01
9.965753561947848782e-01
9.976603423684159422e-01
9.965992698446377585e-01
9.965638037448136810e-01
9.974542018355766482e-01
9.977283979127652414e-01
9.987619498168627263e-01
9.972711323347790424e-01
9.965352768646069670e-01
9.971373652095623097e-01
9.957475809816030976e-01
9.995063091119940069e-01
9.972203586084641413e-01
9.980720953127719675e-01
9.990419524606575230e-01
9.984477401442432010e-01
9.990947225653936670e-01
1.000957102265620957e+00
1.000431474558205247e+00
1.001391860641366760e+00
1.001187566446022581e+00
1.001080698430429239e+00
1.000934796735716503e+00
1.001096677481549513e+00
1.001261840982306195e+00
1.000849521325218427e+00
1.001483967722466728e+00
1.000825677750122322e+00
1.000074221197448043e+00
1.000130718739662639e+00
9.993752361412585605e-01
1.000012107754452817e+00
1.000234884502781751e+00
9.995806254478054598e-01
9.997901982683143896e-01
9.989954077050771097e-01
9.998578380531698562e-01
1.000718324152677585e+00
9.993447273047642021e-01
1.000304437529027313e+00
9.998041504316544925e-01
1.000975549480736415e+00
1.000506460938035191e+00
1.000660095868021626e+00
1.000507424603194861e+00
9.996049758840040989e-01
9.998266329620242310e-01
9.996937930903032621e-01
9.997787150349171093e-01
9.996464287869185616e-01
9.996000935677709087e-01
9.992775258997715904e-01
9.998357946214215808e-01
1.000112097778783626e+00
9.989690351294701065e-01
9.989640468900101711e-01
1.000360508179883423e+00
1.000580537553551475e+00
1.000679141198449695e+00
1.000151957163559313e+00
1.000966523017711607e+00
1.000585955231313218e+00
1.000187516331764170e+00
1.001588559684079449e+00
1.000230900564128111e+00
1.000336620724977754e+00
1.001042465716498908e+00
1.000630411217921178e+00
1.000483298221493733e+00
1.000712038999377995e+00
1.000953915469381394e+00
1.000256612383582766e+00
9.993363838808664301e-01
9.999421549404073906e-01
9.997835825372363150e-01
9.998774671201084985e-01
9.992039558715641867e-01
9.999710351426224220e-01
9.995828958919490415e-01
9.998438287032022087e-01
9.998469373080087763e-01
1.000007099421531542e+00
9.993111987249553296e-01
1.000178994539929089e+00
9.998514247911024500e-01
1.000194890368082179e+00
1.000816227674866443e+00
1.001522362587073056e+00
9.997006045151788367e-01
9.996288388318285145e-01
1.000376106717258740e+00
1.000313164597357973e+00
1.000073640673597497e+00
9.999325466692491338e-01
1.000675198259753040e+00
1.000618987313694364e+00
9.995941148003355536e-01
1.000504566839592657e+00
1.000105231022600849e+00
1.000112426405799226e+00
1.000272027815430897e+00
9.994617257486312356e-01
1.000392996759286168e+00
9.997853564073405641e-01
1.000043782096269318e+00
9.996246931306664862e-01
9.996809622594704514e-01
1.000112123019766930e+00
1.000190891120922299e+00
1.000140917032320997e+00
1.000247684856101937e+00
1.000215693907846592e+00
9.994739252308038058e-01
1.000137236788333883e+00
1.000670542254415096e+00
1.000439068402329879e+00
1.000424191469377444e+00
9.998081163392770199e-01
9.998182492935833166e-01
1.000061487429071416e+00
1.000089949719097371e+00
9.998144524705457892e-01
1.000848250705096643e+00
1.000258739357066551e+00
9.997894415346102459e-01
9.996593539554361474e-01
1.000437882338525597e+00
1.000351964951594841e+00
9.998184291089872167e-01
9.997932248874340511e-01
9.998948130773865905e-01
9.997182962501578452e-01
1.000261645248347930e+00
1.000154556516810178e+00
9.997412348398921900e-01
1.000561653043154253e+00
1.000749361900443946e+00
1.000174944057274695e+00
1.000109285961139571e+00
9.997014759381429583e-01
1.000272772393677512e+00
1.000537212236973561e+00
9.999463029236215217e-01
9.996366413309396570e-01
9.998346209325609246e-01
1.000168505780971051e+00
1.000352795698694397e+00
1.000430839993922127e+00
1.000030985854627241e+00
1.000190004666133836e+00
9.993851919123931671e-01
1.000275939674023951e+00
1.000204752414718401e+00
1.000811818692031618e+00
1.000318455019075126e+00
1.000090674889913656e+00
9.997979664253380250e-01
9.998893006535952699e-01
9.997006959646609348e-01
1.000108293312539365e+00
9.995356530796412065e-01
9.999494320900332855e-01
9.998434798769954002e-01
1.000310546276630408e+00
9.998061478833417670e-01
9.999022790066213195e-01
1.000293550684820065e+00
1.000496313908284307e+00
9.998741693635273542e-01
1.000136252948831794e+00
9.997061627357822777e-01
1.000318666657889377e+00
1.000431229178956327e+00
9.999585254225821229e-01
1.000362325648622708e+00
1.000324343384184633e+00
1.000076526006180355e+00
1.000350406988264940e+00
1.000628731783000491e+00
1.000260431079830870e+00
9.971764915635816795e-01
9.874187665925434620e-01
9.764454468066977588e-01
9.645038760665789468e-01
9.543203513241536040e-01
9.432490988870996240e-01
9.323251145598726586e-01
9.214336591173665214e-01
9.110578778540671108e-01
9.001944554732257409e-01
8.898938666833684508e-01
8.790067619901349438e-01
8.694409483246612336e-01
8.586172406654806188e-01
8.489017298711264425e-01
