0.000000000000000000e+00
0.000000000000000000e+00
0.000000000000000000e+00
0.000000000000000000e+00
0.000000000000000000e+00
0.000000000000000000e+00
0.000000000000000000e+00
0.000000000000000000e+00
0.000000000000000000e+00
0.000000000000000000e+00
0.000000000000000000e+00
0.000000000000000000e+00
0.000000000000000000e+00
0.000000000000000000e+00
0.000000000000000000e+00
0.000000000000000000e+00
0.000000000000000000e+00
0.000000000000000000e+00
0.000000000000000000e+00
0.000000000000000000e+00
2.403809540431626530e-05
3.508722242135901837e-02
1.018187153684754209e+00
3.276983788628342609e+00
3.231648705660017828e+00
1.787408144931561527e+00
8.172453535753203546e-01
3.739709318142853678e-01
1.957160126084130647e-01
2.249371498182611007e-01
8.413355483131843560e-01
1.727989824882949943e+00
1.882813750692457377e+00
1.448230326690222558e+00
9.857226995766344979e-01
7.220414107131758463e-01
6.284875422707988379e-01
6.314445182593062533e-01
6.812881107643424805e-01
7.642894563139637221e-01
8.512810416109680700e-01
9.434013276364510148e-01
1.025340075554693309e+00
1.095435523442527259e+00
1.148701758615236601e+00
1.183740976151652635e+00
1.198119878157954288e+00
1.199210779421310713e+00
1.178069615674046888e+00
1.142371284434478884e+00
1.105890206279101395e+00
1.067504123400521587e+00
1.032240558507554695e+00
9.964901680644931981e-01
9.676772111673941357e-01
9.456922968851841915e-01
9.329315521165839620e-01
9.264011658392928839e-01
9.243001687052777582e-01
9.239963183786158440e-01
9.312346207350784555e-01
9.362164343377191722e-01
9.509984933395110307e-01
9.615533824139884667e-01
9.751096870019229090e-01
9.843687836717418538e-01
9.935263493453733163e-01
9.987782249026804227e-01
1.004899948003586285e+00
1.012471445478221987e+00
1.012879677116478527e+00
1.015989875661844621e+00
1.018719194372098791e+00
1.020026179717155923e+00
1.018486125432869205e+00
1.013070116409068078e+00
1.012273946278908099e+00
1.009766516716336548e+00
1.005927790350652051e+00
1.002837521897810946e+00
1.000818030522126145e+00
9.999344688003261039e-01
9.983503402027711360e-01
9.968156619167146681e-01
9.970433295057737899e-01
9.982502927074089483e-01
9.986774801266941060e-01
9.988667163858812037e-01
9.983080244519378921e-01
9.986637869009403756e-01
9.984282828204690263e-01
9.979288532156328495e-01
9.983889601172846184e-01
9.971541829536970658e-01
9.970613852366242424e-01
9.985667935422192221e-01
9.979883541012314341e-01
9.989458226802184759e-01
9.981634348611042595e-01
9.990975805128816667e-01
9.995184804612338159e-01
9.991036913864023150e-01
1.000599240011707858e+00
1.000584000831897802e+00
1.000276908611479776e+00
1.002003002731153947e+00
1.001252671856028176e+00
1.002695105504644468e+00
1.002100090926737463e+00
1.002127564779776492e+00
1.002147960837646234e+00
1.000908836272702551e+00
1.001468423695119458e+00
1.000682762722758135e+00
1.001353110401820734e+00
9.996383231706665873e-01
9.999458805570962117e-01
1.001249020640494036e+00
1.000772160095159569e+00
1.001496910682109887e+00
1.002438750662114186e+00
1.000136419364942242e+00
1.000693174198269864e+00
1.000406569440850157e+00
1.000687075008094284e+00
9.993641862473922055e-01
1.000003343301773873e+00
9.988008989053270836e-01
1.000180695771520023e+00
1.000280996741847561e+00
1.000620016576649229e+00
9.999493098833790450e-01
1.000000871500101196e+00
1.000069358259999319e+00
9.998702670764485489e-01
1.000339088189931669e+00
1.000881032584683528e+00
9.990333494881296073e-01
9.993657326204277158e-01
9.995675134588053456e-01
1.000520684885547240e+00
9.996662153325578393e-01
1.000569937560538580e+00
1.001015602989801634e+00
1.000727935889619946e+00
1.000360979906105063e+00
9.995506087916363747e-01
1.000724295563609756e+00
1.001173768878304449e+00
1.001168411362806765e+00
1.000226113228924518e+00
1.001052016513057419e+00
9.997181250860490698e-01
1.001587370688188372e+00
9.998991622035864335e-01
1.000669578008196003e+00
9.996182268774292945e-01
1.000078128132046329e+00
9.996336465189312737e-01
1.000564953343459074e+00
1.000401205392746018e+00
1.000028609688860426e+00
9.997374676468264720e-01
1.000177825625649053e+00
9.998426637637187753e-01
1.000279004017996298e+00
9.999810846469753267e-01
1.000242703903418295e+00
9.999042043569743576e-01
1.000011520407663612e+00
9.998739222490840017e-01
1.000362878250182330e+00
9.995804562893482181e-01
1.000184148167255982e+00
1.001354606727738794e+00
9.998120798664290598e-01
1.000472570957131380e+00
9.996549063039659178e-01
1.000795768293807342e+00
1.000061286687089712e+00
9.993994489065722853e-01
9.999448448625029018e-01
1.000456986316514252e+00
9.993747028892353557e-01
9.998961054365165246e-01
9.998068967867121959e-01
1.000539825436600028e+00
1.000742019194279520e+00
9.997070726331993562e-01
9.997827829722805149e-01
9.997086807917572315e-01
1.000471944629975463e+00
1.000772112396195013e+00
9.999591353463530563e-01
9.998385411144807833e-01
1.000563873374489932e+00
1.000198480472009432e+00
1.000070867308177291e+00
1.000237130793739215e+00
1.000164491335684636e+00
9.996348534914496486e-01
9.994017665117327365e-01
9.996743616395536991e-01
1.000305071598856177e+00
1.000160877887062094e+00
1.000283028113437167e+00
9.996915066675140515e-01
9.999885561934273026e-01
1.000188257212828669e+00
9.995640438214623558e-01
9.998185185119805585e-01
1.000008931854930339e+00
1.000327471156433168e+00
1.000135448532126992e+00
9.998231409229916267e-01
9.998193720540170526e-01
9.995556142750405826e-01
1.000221974679912140e+00
1.000367527325251693e+00
9.998687167944683152e-01
1.000007778389513380e+00
9.997630495750718937e-01
1.000496665223467918e+00
1.000571344095447124e+00
9.998212358923265208e-01
1.000520206596887451e+00
1.000180866399958068e+00
9.998882724372003539e-01
1.000651014489305490e+00
1.000136410422263866e+00
1.000897358399348125e+00
1.000204033666546755e+00
9.997668889036827045e-01
1.000061075263681154e+00
9.991763483250336586e-01
1.000501675062150042e+00
1.000526234235365131e+00
9.998240051160869335e-01
9.998865833413488335e-01
1.000378557204787411e+00
1.000137162497976684e+00
1.000356426993872505e+00
1.000485662985087121e+00
1.000298882955827695e+00
1.000189429931289897e+00
1.000259879251712336e+00
1.000419901045693338e+00
9.997559099156789753e-01
9.999324698042300064e-01
1.000322422511125131e+00
9.997961720963713939e-01
1.000066118334362653e+00
9.998001167742371909e-01
1.000167941794797732e+00
1.000166304123627725e+00
1.000499018247811733e+00
1.000618004024483199e+00
1.000259472870900002e+00
1.000006719573191427e+00
1.000541085554819798e+00
1.000162663666729124e+00
9.996491251349027829e-01
1.000234651332618574e+00
1.000208203883965474e+00
1.000273795016779266e+00
9.977289161428247732e-01
9.875055517432331786e-01
9.762067981279952678e-01
9.647725564251374841e-01
9.538435725405848276e-01
9.431159515166173124e-01
9.322994517633199640e-01
9.217309437676050043e-01
9.111490848826525601e-01
8.999930878668617185e-01
8.897263030542288398e-01
8.790670847292476608e-01
8.689164067853719642e-01
8.585396632019690610e-01
8.483816487182567201e-01
