0.000000000000000000e+00
0.000000000000000000e+00
0.000000000000000000e+00
0.000000000000000000e+00
0.000000000000000000e+00
0.000000000000000000e+00
0.000000000000000000e+00
0.000000000000000000e+00
0.000000000000000000e+00
0.000000000000000000e+00
0.000000000000000000e+00
0.000000000000000000e+00
0.000000000000000000e+00
0.000000000000000000e+00
0.000000000000000000e+00
0.000000000000000000e+00
0.000000000000000000e+00
0.000000000000000000e+00
0.000000000000000000e+00
0.000000000000000000e+00
0.000000000000000000e+00
0.000000000000000000e+00
0.000000000000000000e+00
0.000000000000000000e+00
0.000000000000000000e+00
3.841395012845388868e-02
8.785478796475605368e-01
3.136134455890763562e+00
3.689231226789674079e+00
2.333640363020920816e+00
1.132453035330375446e+00
5.458027477735792887e-01
3.029995251409818846e-01
2.421698157610862878e-01
2.417483461917322163e-01
2.719141367109986218e-01
3.123433059761162589e-01
3.348415974787132265e-01
3.484658000860382243e-01
3.662575132741321959e-01
3.906489013238393371e-01
4.338858604466349633e-01
5.393241005508768726e-01
6.709501816296035148e-01
8.510371356512645979e-01
1.029561738412886118e+00
1.169218715963167510e+00
1.288751231167967193e+00
1.368547759470749137e+00
1.462066689643576778e+00
1.512378612986602588e+00
1.563419268692433972e+00
1.539218081862740783e+00
1.455672320250981366e+00
1.337927260084247338e+00
1.194016955017167536e+00
1.091051140286351417e+00
9.760001083335577698e-01
9.294443955534138491e-01
8.860243530162248415e-01
8.764514376083143432e-01
8.706528054483334556e-01
8.785978353728040036e-01
8.956063172900907698e-01
9.240132167178395362e-01
9.377160705170330957e-01
9.631800254687054030e-01
9.741610567371595808e-01
9.924612669300078016e-01
1.011762306251231758e+00
1.025174036146255796e+00
1.035607842615523078e+00
1.050475841455177806e+00
1.037558550895977483e+00
1.042972406586796019e+00
1.046435726865280857e+00
1.041772126824237699e+00
1.027789449346498074e+00
1.026917634644307409e+00
1.011261331542077535e+00
9.968727908872002663e-01
9.901773962105788751e-01
9.852089389735769753e-01
9.796677060957530436e-01
9.797802124549623848e-01
9.751101203592511535e-01
9.794678012829020064e-01
9.895305037848974861e-01
9.852571944777609447e-01
9.965437160431633856e-01
9.986540010142674895e-01
1.003429559451735953e+00
1.011234803428789464e+00
1.012043450676110456e+00
1.009583829161876611e+00
1.017250789072052575e+00
1.013573427433575480e+00
1.011699347015766692e+00
1.012518557081824033e+00
1.008196243479969390e+00
1.003472677359401599e+00
1.007143639636321586e+00
1.002793425124835158e+00
9.997550962897974181e-01
9.943354056470881108e-01
9.981800979229804582e-01
9.915376476426026597e-01
9.973944400972818425e-01
9.922973304590165800e-01
9.985218003110346574e-01
9.913068178220918458e-01
9.960867991871658056e-01
9.995243183866173720e-01
1.004742462909920420e+00
9.960158462729578055e-01
9.983797685520580112e-01
1.001374149349957055e+00
1.006183542429243127e+00
1.007224210634804384e+00
1.006175465588555973e+00
1.002571302423484578e+00
1.000978442396481372e+00
1.005987816711027216e+00
9.986848330577796640e-01
1.006530281742069377e+00
1.000607307167610927e+00
1.000361661435303695e+00
1.001161814436549280e+00
9.973909791602277863e-01
9.967920701202712674e-01
9.966402700752580168e-01
9.962311424169392193e-01
9.956672883009910491e-01
9.957304066057934833e-01
9.962059237303486636e-01
9.993109685659512520e-01
9.963814913921974492e-01
9.982397329607994862e-01
9.986676540773505861e-01
9.983678467113804578e-01
9.969524777393105053e-01
9.986199561071169573e-01
9.965443503906065148e-01
9.991452419678158448e-01
9.974319062617544862e-01
9.991979352557124328e-01
9.986612728528665439e-01
1.000948122066424917e+00
1.002014045724698432e+00
9.969824848631623215e-01
9.997038458256615190e-01
9.969228021822709174e-01
9.978235663899902574e-01
1.000780651396842913e+00
9.965194051199198766e-01
9.980757122032383188e-01
9.983491293179282966e-01
9.991295573674928709e-01
1.000838927583937998e+00
9.980265701150039526e-01
1.000368821333946556e+00
9.999841474994545232e-01
9.984412692987902904e-01
9.951783704580474677e-01
9.989661870299242352e-01
9.972376610736394253e-01
9.983919468562222344e-01
9.987815217359166109e-01
9.992834014726642566e-01
9.989030619670067335e-01
9.987245545435137206e-01
9.980639769157797492e-01
9.965688091850284369e-01
9.964893433147605784e-01
1.000688879640479811e+00
9.981572100507501988e-01
9.969148547076286393e-01
9.991068070715841687e-01
9.959522972748638958e-01
9.980234165479558994e-01
1.001106085107544619e+00
9.952794976148305883e-01
9.938287875923066395e-01
9.956667849543496818e-01
9.948242398075300974e-01
9.982788330847284231e-01
9.964801830497655999e-01
9.991109006788315705e-01
9.959497529374818914e-01
9.935448749115483036e-01
9.974448438420212559e-01
9.984460905621119764e-01
9.940859239683302873e-01
9.995070915482887619e-01
9.967581825710373211e-01
9.971681765143816101e-01
9.982211517326305961e-01
9.980556457528817482e-01
9.980954530101157074e-01
9.956679790648546025e-01
9.981475542859130634e-01
9.978735583086282279e-01
9.978402758415908513e-01
9.970269394698528798e-01
9.964220447869428510e-01
9.977476208328721619e-01
9.953205853163423766e-01
1.000907805405729878e+00
9.980248351523477446e-01
9.969143691258793849e-01
9.969880360364861138e-01
9.989662026507570847e-01
9.993281603327016649e-01
9.975029097686590740e-01
9.968643276456554680e-01
9.955676960427194411e-01
9.973961924222951581e-01
9.982854470399846747e-01
9.988078330777101499e-01
9.961974748641596600e-01
9.969755722138136100e-01
9.984341064868124116e-01
9.977451201058401553e-01
9.956992105429723905e-01
9.963240823490326914e-01
9.969042733739987838e-01
9.982024435115893768e-01
9.981781719768463290e-01
9.979092321441680458e-01
9.979155440567124558e-01
9.978470610594353252e-01
9.954871403998171164e-01
9.982561083130856439e-01
9.960440503812543200e-01
9.962738961715692509e-01
9.958339804348784741e-01
9.974043105940553211e-01
9.973361800111537612e-01
9.970739666873412732e-01
9.958071479724822650e-01
9.959784888250809987e-01
9.956539119580248842e-01
9.972172679482269597e-01
9.968935183777597464e-01
9.982729689600480238e-01
9.978547748398634010e-01
9.980751208232616634e-01
9.977288539071748064e-01
9.969664835633480493e-01
9.979931819019526307e-01
1.000222962682815853e+00
9.971637667630610657e-01
9.973387208040707108e-01
9.968529192896035118e-01
9.984638381466013346e-01
9.963907218134587795e-01
9.980523629627534588e-01
9.993720738073615939e-01
9.987511735837598659e-01
9.974783637898327893e-01
9.986383359543159477e-01
9.969098449156555963e-01
9.967964948006182713e-01
9.961881333415782969e-01
9.985634733208672564e-01
9.965713840685669345e-01
9.872022721895579167e-01
9.749080462555534954e-01
9.643181915151192163e-01
9.558122205317796105e-01
9.424805096241100077e-01
9.319868822086840865e-01
9.224576320487724024e-01
9.127035817879708413e-01
8.998786269491281242e-01
8.911342416681493628e-01
8.808145438090271284e-01
8.689603120938409475e-01
8.604269738091316899e-01
8.510928400682321593e-01
