0.000000000000000000e+00
0.000000000000000000e+00
0.000000000000000000e+00
0.000000000000000000e+00
0.000000000000000000e+00
0.000000000000000000e+00
0.000000000000000000e+00
0.000000000000000000e+00
0.000000000000000000e+00
0.000000000000000000e+00
0.000000000000000000e+00
0.000000000000000000e+00
0.000000000000000000e+00
0.000000000000000000e+00
0.000000000000000000e+00
0.000000000000000000e+00
0.000000000000000000e+00
0.000000000000000000e+00
0.000000000000000000e+00
0.000000000000000000e+00
0.000000000000000000e+00
0.000000000000000000e+00
0.000000000000000000e+00
0.000000000000000000e+00
0.000000000000000000e+00
0.000000000000000000e+00
2.168764459179421678e-02
4.340257918172714113e-01
1.518820369120953639e+00
1.945560027596402231e+00
1.422525203303787400e+00
7.871608339992993697e-01
4.837977051095981307e-01
3.208485794767265697e-01
2.649506546869018209e-01
2.635602778755550823e-01
2.698372864013077188e-01
2.696634091649981468e-01
2.628198064210569562e-01
2.415466331678441936e-01
2.309567637402402396e-01
2.602115375199612890e-01
3.275712651103629969e-01
4.239297170146114624e-01
5.438364156930551863e-01
7.067674237844028262e-01
8.756509625444403033e-01
1.045242049217314007e+00
1.185469570079754176e+00
1.310519133094304678e+00
1.403162927610822841e+00
1.467003981434813920e+00
1.531669026456566440e+00
1.550676431821444323e+00
1.490218400191568815e+00
1.407396039998739967e+00
1.291341375625040699e+00
1.157927256381857450e+00
1.065099105565448623e+00
9.915393885561389897e-01
9.299567088808904369e-01
8.980504428963630437e-01
8.841407078377471196e-01
8.771443077746933215e-01
8.975187678800444768e-01
8.965864338409587075e-01
8.984390739446107554e-01
9.177472545851440566e-01
9.233594393527845279e-01
9.398738382420914750e-01
9.657730831436313057e-01
9.737462826723488618e-01
9.986364915291398026e-01
1.004686904600875952e+00
1.018147061105744156e+00
1.026709443166963664e+00
1.036547930550119512e+00
1.026552676981378420e+00
1.033300698009663066e+00
1.017727459613856800e+00
1.011614536810487186e+00
9.970556883211094679e-01
9.915372139614461178e-01
9.945379643375188428e-01
9.807376874209747797e-01
9.639146030369057927e-01
9.726317612324688611e-01
9.682795455646817651e-01
9.788591366829021423e-01
9.874103361018383707e-01
9.943452432607045033e-01
9.890338114902623712e-01
9.899034384036646816e-01
1.004939794590359314e+00
9.973853622880487491e-01
1.008660516200557522e+00
1.020346974904372317e+00
1.010391148088151780e+00
1.006202486673077212e+00
1.005764403265747564e+00
9.956706881737708015e-01
1.002325321408604530e+00
9.976957574935017004e-01
9.993098639789245174e-01
9.862486842656165154e-01
9.852208464805288779e-01
9.939745445687877545e-01
9.928550203672527052e-01
9.899488951245031254e-01
9.892629557201705337e-01
9.872081135815213848e-01
9.875493058479178909e-01
9.791281612044832050e-01
9.914045830333823028e-01
9.888796938238672007e-01
9.853563756587242484e-01
9.959513932197701092e-01
9.931731764427259579e-01
9.938509628981558874e-01
9.968558839188655929e-01
9.948098991890272913e-01
9.952886993139472560e-01
9.996664710151074162e-01
9.992145128896269268e-01
9.932684564525849913e-01
9.945630453888869571e-01
9.942405260108990728e-01
9.936735860440537582e-01
1.000915663865003857e+00
9.956246591022227532e-01
9.985648772798613182e-01
1.000103794636241439e+00
1.000070035853041439e+00
9.930001531692251859e-01
1.001012359422726927e+00
9.954175904020414745e-01
9.946160353392254905e-01
9.931849821381144583e-01
9.959162236688088310e-01
1.000373979388499146e+00
9.939501390466777275e-01
9.992818833265859624e-01
9.955383932980933492e-01
9.997487661518930091e-01
9.971074234415900905e-01
9.986410530792245721e-01
9.949629044516827836e-01
9.938774048560647945e-01
9.995405857091617108e-01
1.001617429946636939e+00
9.983521928767626896e-01
1.001194442636049287e+00
1.002482641806476726e+00
9.953728200312370600e-01
9.970260839283786591e-01
1.001881958844421661e+00
9.977701921083704795e-01
9.988301899423636110e-01
9.996053044797935661e-01
9.993153346961944905e-01
9.938607272821836647e-01
9.902011832198662766e-01
1.001235743146984936e+00
9.928024230005491058e-01
9.945665920242455771e-01
9.995524004794491546e-01
9.991202461319025341e-01
9.924950725235236471e-01
9.960531794034569453e-01
9.978475760815980200e-01
1.000364448405996365e+00
9.986716802774210366e-01
9.976661465959058006e-01
9.975839774486484623e-01
9.970469589927573040e-01
1.002537657370220048e+00
9.971648384479857574e-01
9.970369802922396385e-01
9.975419544140908812e-01
9.968889324157750309e-01
9.962010935513676557e-01
9.932448562068387776e-01
9.973527001125905844e-01
9.980181537042953632e-01
1.004645700542331710e+00
1.001436423749897164e+00
9.975755286686147638e-01
1.001427458680923976e+00
9.977002936573918790e-01
9.989226762836624918e-01
9.965291002224745398e-01
9.985932915060271586e-01
9.963450338884731750e-01
1.002862307006895604e+00
9.984303774419347466e-01
9.986961539878671523e-01
9.987834387261946834e-01
9.953533213509055955e-01
1.000773204985773379e+00
9.988662358762966376e-01
9.971465928180883731e-01
9.995336371908218887e-01
1.000701127141145452e+00
9.954173284324152604e-01
9.974732438625009134e-01
1.001157674619441940e+00
9.987386913249876041e-01
1.000964061752918965e+00
9.994173824764143177e-01
9.985441937718979588e-01
1.001423767552839461e+00
9.989526015990431995e-01
9.987841569421024301e-01
9.940038436520378662e-01
9.978849714478350563e-01
9.972740168873051037e-01
9.993148050794679049e-01
1.002741432542163080e+00
9.999117675451958398e-01
1.000739749282641977e+00
9.956998001643597718e-01
1.000903345001424194e+00
9.962262814319773341e-01
9.972534103036796438e-01
9.990712856295602684e-01
9.941279282071714407e-01
9.996015904222806947e-01
9.992358910589628218e-01
1.004104407944157895e+00
1.000033596532371893e+00
9.982632715918837718e-01
9.992080921251095260e-01
1.001335252329524028e+00
9.998686076496333675e-01
9.975062604432897162e-01
9.980915368735162607e-01
9.986103186278617594e-01
9.951347942890941267e-01
9.995646728838847306e-01
1.000379419739615638e+00
9.957576395910148204e-01
9.964883728335274249e-01
9.987970616318883055e-01
9.987782178347272000e-01
9.980958024798586292e-01
1.000443507551382005e+00
9.996993147702536442e-01
9.990906699023172077e-01
9.994618844841972605e-01
1.000256204704505825e+00
9.994780001717873397e-01
1.003042932512469898e+00
9.986698479734340550e-01
9.991448610371302941e-01
1.000531305481755062e+00
9.981052496649758243e-01
9.966660277972860804e-01
9.973277342241571031e-01
9.939573946838600182e-01
9.991031472576553663e-01
9.995824717153601879e-01
9.951191129780496691e-01
9.977286465810765170e-01
9.965292942079151395e-01
9.953865140984375914e-01
9.970999358863418260e-01
9.981107577794919861e-01
9.962212987151292110e-01
9.990075812124582511e-01
9.970468076499273691e-01
9.985892151589494947e-01
9.980658181347442648e-01
9.906383009711328125e-01
9.800892814046943124e-01
9.716759338584901595e-01
9.579402341838733070e-01
9.506150418422045778e-01
9.353163032661425680e-01
9.272393895603042724e-01
9.176590723432556107e-01
