0.000000000000000000e+00
0.000000000000000000e+00
0.000000000000000000e+00
0.000000000000000000e+00
0.000000000000000000e+00
0.000000000000000000e+00
0.000000000000000000e+00
0.000000000000000000e+00
0.000000000000000000e+00
0.000000000000000000e+00
0.000000000000000000e+00
0.000000000000000000e+00
0.000000000000000000e+00
0.000000000000000000e+00
0.000000000000000000e+00
0.000000000000000000e+00
0.000000000000000000e+00
0.000000000000000000e+00
0.000000000000000000e+00
0.000000000000000000e+00
0.000000000000000000e+00
0.000000000000000000e+00
0.000000000000000000e+00
0.000000000000000000e+00
0.000000000000000000e+00
2.993148534713931282e-04
2.161800463766952105e-02
4.817890077204368127e-01
1.663229019446286872e+00
2.101462646739477691e+00
1.514831293747137986e+00
8.636850245136684645e-01
4.649224844514180943e-01
3.019542824332047126e-01
2.405516616044451605e-01
2.279634488191196739e-01
2.175434882696229699e-01
2.310108349978111930e-01
2.376823780553330712e-01
2.149473894314013755e-01
2.286724728448327748e-01
2.560984692262469054e-01
3.217778836428022426e-01
4.439643319875855032e-01
5.919250743775157364e-01
7.503801208626922348e-01
9.325228315757551067e-01
1.096926147738959578e+00
1.218734756258884389e+00
1.339278591039231525e+00
1.419265086300661949e+00
1.515207472761975316e+00
1.553516049599819038e+00
1.555761958366102871e+00
1.492772925051697674e+00
1.388848062824201479e+00
1.257438732595601794e+00
1.144553897512279761e+00
1.038074783994171524e+00
9.671874628610509506e-01
9.251092982076560833e-01
8.875500759451739885e-01
8.881284686239139248e-01
8.792033729570558620e-01
8.871038997008418026e-01
8.815935418097227139e-01
9.004399488213470359e-01
9.112117038852758366e-01
9.292719624655316757e-01
9.401603272329269734e-01
9.491214586237346484e-01
9.721425599895963110e-01
9.831350836545852401e-01
1.004235241095108755e+00
9.979385687007431560e-01
1.042842791715557382e+00
1.024305584317498630e+00
1.040205858815745898e+00
1.028087458517126240e+00
1.030104941554585762e+00
1.011700385995131013e+00
1.008477358581274075e+00
9.928719898771879437e-01
9.858725092345821395e-01
9.700098687149749654e-01
9.732011257423331951e-01
9.736710316623543582e-01
9.747297730978595753e-01
9.804876915328852860e-01
9.866211599875267524e-01
9.903443018616425730e-01
9.998078151098072075e-01
1.002535890933755836e+00
1.007791434005075981e+00
1.013778213280434493e+00
1.016370575457838488e+00
1.013496207593606036e+00
1.016852499780242836e+00
1.001868082232782120e+00
1.018028034962277006e+00
1.017161080783348215e+00
1.006777860292245697e+00
9.995871326890902742e-01
1.001134420240359590e+00
9.996055288276062267e-01
9.938795828978598257e-01
9.880198061061000736e-01
9.900374875823991783e-01
9.963438375313814488e-01
9.934405188244309626e-01
9.826193278524858465e-01
9.825463607814317601e-01
9.886726400970171635e-01
9.924671022158654266e-01
9.910642719849342974e-01
9.981553693047788833e-01
9.958942490605950937e-01
9.939035554154815877e-01
9.965510029057178532e-01
1.001997074882234218e+00
9.977016846589101817e-01
9.977363434275636767e-01
9.893481255018248266e-01
9.977927104410059256e-01
1.002938502910782015e+00
9.988465044543957116e-01
9.973611594523161816e-01
1.004624230933451656e+00
9.964049539650396969e-01
1.000424936710935464e+00
9.984102169588765507e-01
9.929750906561757295e-01
9.945747598614407270e-01
9.989532496380669757e-01
9.957321200408046913e-01
9.949671541748722481e-01
9.961652781756696884e-01
9.989531042535620964e-01
9.954885857684128148e-01
9.940309139852967490e-01
1.000924952476799357e+00
9.967633989027480101e-01
9.976522640669354125e-01
9.973798259351038809e-01
9.926098578864832600e-01
9.970618321989194177e-01
9.989783549823291198e-01
1.002451357960802092e+00
9.981846736748958282e-01
9.937940053710092592e-01
9.951722229607724568e-01
9.978014674165358588e-01
9.972632083147259241e-01
9.991408726772301740e-01
9.966705665003112724e-01
9.984072694050616370e-01
9.947491033672055671e-01
1.003108907985454268e+00
9.986967629859259121e-01
9.927704755724996444e-01
9.981804226853787654e-01
9.968803277929355611e-01
9.952859038941036518e-01
9.945004522954642434e-01
9.974585695700673993e-01
9.943813503718470503e-01
9.972180411408934075e-01
9.946018111408235773e-01
9.987234432172745757e-01
9.912626083767878127e-01
9.962014059551796974e-01
9.953457766040848531e-01
9.980408604240053050e-01
9.922791051043168276e-01
1.003772985273084117e+00
9.961142866657496375e-01
9.988991909689969306e-01
9.957692483631973568e-01
1.003869208422066617e+00
1.002363263179555375e+00
9.956310727956664275e-01
9.984166612719529432e-01
1.003448545411484538e+00
1.003120544163505379e+00
9.977771534187892533e-01
9.998273167151207064e-01
1.002526166145252473e+00
1.006766225205114385e+00
1.000900690564556994e+00
1.004556040293450803e+00
1.000988722309864576e+00
1.001825293044692922e+00
1.003420463810007934e+00
9.946876366129479008e-01
9.980492317592648543e-01
1.000388720357866301e+00
1.001469523676525641e+00
1.001329423504585314e+00
9.996197324530734507e-01
9.973706045025659828e-01
9.995567176830555400e-01
1.002000387414185845e+00
9.971697883431325238e-01
9.989754719765265856e-01
9.997673267061691904e-01
9.995792340992204483e-01
1.000982089571266886e+00
9.956793399919477983e-01
9.985903268502398511e-01
1.000575582142681164e+00
9.982916196432443101e-01
9.980555884985533588e-01
1.001831812525876275e+00
1.000838934953933945e+00
9.945664921108967604e-01
9.986194994846356865e-01
9.994033365382163359e-01
9.989660937033559840e-01
9.970190286995327389e-01
9.990413769204211647e-01
1.002591536972205155e+00
1.000359523835074871e+00
9.974586183429895447e-01
9.959956918982947327e-01
1.001814821979984504e+00
1.001056939144089108e+00
9.951473094691252186e-01
9.975542589180153019e-01
9.991279641147798873e-01
9.977352869612096109e-01
9.981170079943898488e-01
9.951859946585958072e-01
1.000460542799245234e+00
9.994641465811654468e-01
9.976978871879595978e-01
9.983297316216331874e-01
9.974883642862579780e-01
9.974988255277178473e-01
9.985554088146761931e-01
1.001795943421845969e+00
9.958751138560940630e-01
9.964459400828571400e-01
9.968973682545428927e-01
9.950359756043659631e-01
9.971604188220735132e-01
9.948539896426836782e-01
9.968832726631761121e-01
9.987647235463062989e-01
1.000369315792724922e+00
9.968066901498610077e-01
9.947207125760364477e-01
9.981541534362896595e-01
9.935304644362966675e-01
9.999621841401140632e-01
9.987490805335847988e-01
9.973334589358041624e-01
9.971314191096775081e-01
9.977449703088330235e-01
9.965917840024572927e-01
9.979935648780212665e-01
9.970124354969746028e-01
9.977364188224703279e-01
9.962396196864798936e-01
9.986280349845223503e-01
9.988011589883294405e-01
9.961874344165547734e-01
9.999158715904977734e-01
9.940261788497478657e-01
9.964369419342857803e-01
9.981816020676561596e-01
9.999158394522846827e-01
9.992683657628425031e-01
9.870588685326063816e-01
9.765388239516931135e-01
9.654532671394150389e-01
9.603704555375064400e-01
9.459432638458852294e-01
9.327426838039610812e-01
9.225805177261019452e-01
9.131874938198869529e-01
