0.000000000000000000e+00
0.000000000000000000e+00
0.000000000000000000e+00
0.000000000000000000e+00
0.000000000000000000e+00
0.000000000000000000e+00
0.000000000000000000e+00
0.000000000000000000e+00
0.000000000000000000e+00
0.000000000000000000e+00
0.000000000000000000e+00
0.000000000000000000e+00
0.000000000000000000e+00
0.000000000000000000e+00
0.000000000000000000e+00
0.000000000000000000e+00
0.000000000000000000e+00
0.000000000000000000e+00
0.000000000000000000e+00
0.000000000000000000e+00
0.000000000000000000e+00
0.000000000000000000e+00
0.000000000000000000e+00
0.000000000000000000e+00
0.000000000000000000e+00
0.000000000000000000e+00
2.966809257625559540e-02
5.461055070345930407e-01
1.849484877660170667e+00
2.284713710058376979e+00
1.658860315821554243e+00
9.354847253689452247e-01
5.045717617403790989e-01
3.244657599704079409e-01
2.539055828291784667e-01
2.387218601242165339e-01
2.350294474630231500e-01
2.445409287507316620e-01
2.394913999336841237e-01
2.285178275021314265e-01
2.310254656834054288e-01
2.719236634625940008e-01
3.336659467899165676e-01
4.349944711532959807e-01
5.670031467080663967e-01
7.413875431748327971e-01
9.333701116782510132e-01
1.110339167374311042e+00
1.218591307863299944e+00
1.314893965291047850e+00
1.397496511611865611e+00
1.485529590145121981e+00
1.523373628738656116e+00
1.542273097257065295e+00
1.468036403955785829e+00
1.393106045526333769e+00
1.246200738966084298e+00
1.134380561596009640e+00
1.037776979651630516e+00
9.686993128631981032e-01
9.234282473947480474e-01
9.081104364725766098e-01
8.586952484518589612e-01
8.771629626481500797e-01
8.776518493835503421e-01
8.886411442784594161e-01
9.009113464573464958e-01
9.174122455023974165e-01
9.356022306787908915e-01
9.349163946677686576e-01
9.572831359927457262e-01
9.698138123864030735e-01
9.988915392796571258e-01
1.013422148921116372e+00
1.024888186828450953e+00
1.040177959959260212e+00
1.040214589675322765e+00
1.038476413003928345e+00
1.034371354195363413e+00
1.034240817679183744e+00
1.020965927198541845e+00
1.015649727800021385e+00
9.980441244352112884e-01
9.895879469599557776e-01
9.818501404051472869e-01
9.681278701497048056e-01
9.728622995868635437e-01
9.789090769703859829e-01
9.687221020334795263e-01
9.704855483171336283e-01
9.868190072858896711e-01
9.861148554418427414e-01
9.909001827108901983e-01
1.010470258484351236e+00
1.009630472917667943e+00
1.007024043403253799e+00
1.012672958971757797e+00
1.008312953137087575e+00
1.013393952422088518e+00
1.014271759978681020e+00
1.004502785334394854e+00
1.011308245796854077e+00
9.985298501885024880e-01
9.933438001940890771e-01
9.926840655347199949e-01
1.000758745460905264e+00
9.894362235188463028e-01
9.909981942067200844e-01
9.983394774279908956e-01
9.913785357368017914e-01
9.958124407168351677e-01
1.003828792682808446e+00
9.889396639909593389e-01
9.974699417549546254e-01
9.975613532584050036e-01
9.967263961775145731e-01
9.974373651251852158e-01
9.962872562036545476e-01
1.007029454007477787e+00
1.003800948081210898e+00
1.009767470841031356e+00
1.001432582878801769e+00
1.002772263482111015e+00
1.005099275355509469e+00
1.003428282568340268e+00
1.000841954354479313e+00
9.980656416803400655e-01
9.934081630896528514e-01
1.000119506206169184e+00
1.001837850107796690e+00
1.000630504624310690e+00
1.001145710958531776e+00
9.930681296268587532e-01
9.924073524709451366e-01
9.982120754021678311e-01
1.005944104946899786e+00
1.003330625344484028e+00
9.946918205817349978e-01
9.996787348366806825e-01
1.003200100828585350e+00
9.977700829534364990e-01
1.001885392522469553e+00
1.002277386611356569e+00
9.975869159869915626e-01
1.000661377542034991e+00
1.003511371776512950e+00
1.002951348476619042e+00
9.997274201042831709e-01
1.000393411579550529e+00
9.988785021809772902e-01
1.001803307831655721e+00
9.981413988230759538e-01
1.006622297005750122e+00
1.001607616985674243e+00
9.961566756933184497e-01
9.952484774253591571e-01
9.984722234033691635e-01
9.991083707988531737e-01
9.956957299034823183e-01
1.001743373061370068e+00
1.003859267536183708e+00
1.000380807418155271e+00
9.969264247893727671e-01
9.979324078310873869e-01
1.000329979123591562e+00
1.001729526358359657e+00
1.000656106175705551e+00
9.994188389108680237e-01
1.001809825158850975e+00
9.977510067138307681e-01
1.000792174221846409e+00
1.004548873203399806e+00
1.000049482321684335e+00
9.980838842527413046e-01
9.990393416318644748e-01
9.988776952990623403e-01
9.978491671768393578e-01
9.994813942330015299e-01
1.002695266646193462e+00
1.001170208796470007e+00
9.992885585239953405e-01
1.000993470318148004e+00
1.003565841767956046e+00
1.001396195619099760e+00
1.005129784520636615e+00
1.000552895969857969e+00
9.994593384410743742e-01
9.996227568344936421e-01
1.002587315719056571e+00
9.983677824250513089e-01
1.001205577176992989e+00
1.003972285303851741e+00
1.000510599218251029e+00
1.003645915262692867e+00
9.985616229067513228e-01
1.001930429312997362e+00
1.002985234408859894e+00
1.002374765222428410e+00
1.002719054646494135e+00
1.003695980842521207e+00
1.001348296795504078e+00
9.972710254635620553e-01
1.002129548514077539e+00
1.002541949574982993e+00
9.995317131338394834e-01
9.982616901615528615e-01
1.003349092139048437e+00
9.991199524744099891e-01
1.001519517073932608e+00
9.988895713855333591e-01
1.000883265261433674e+00
1.000195707975805703e+00
9.986875428188950465e-01
1.000730977440351888e+00
1.001689888435282727e+00
9.968473449570427469e-01
9.976185299134835427e-01
1.000589271377585243e+00
9.996297738703796565e-01
9.985532241121939379e-01
1.001600488173649994e+00
9.994914353767181403e-01
9.980327241903127478e-01
9.997294933630560543e-01
9.994439079746485488e-01
9.980058085738330309e-01
9.985696971912163544e-01
9.999241826538769473e-01
9.968567181493844798e-01
1.001099376893979542e+00
1.001111275868694417e+00
1.004101562793094260e+00
9.957565074951743034e-01
1.001107578952836308e+00
1.000714850664590871e+00
9.981999483805049644e-01
9.990654356442107975e-01
9.996047917064631028e-01
9.991414104239367822e-01
9.984438047015111728e-01
9.974437841131256199e-01
1.001795138916889538e+00
9.999643376313335219e-01
9.992168803289331880e-01
1.001099815622133793e+00
9.986668964382582336e-01
9.992722620256399013e-01
1.000986075693235167e+00
9.984395042420167732e-01
9.965741007259427686e-01
9.979961706644342456e-01
9.995334876510212352e-01
9.960762292907102688e-01
1.001539412206781776e+00
9.967028494921538195e-01
1.000093797000978224e+00
9.997846977766973176e-01
1.000196206018186595e+00
1.001163028968681923e+00
9.962408687414890940e-01
9.962603073246127927e-01
1.000715618230898718e+00
9.965337290839613171e-01
1.002682452266572488e+00
9.991929577359817127e-01
9.987055812427926282e-01
9.976489855473451573e-01
9.950535101578306119e-01
9.975499479141797243e-01
9.940538422119433726e-01
9.970094121465004067e-01
9.993397573059458194e-01
9.868916307378126085e-01
9.767905362419208037e-01
9.675208882588872683e-01
9.549243747331361831e-01
9.458645472077669147e-01
9.382176894463036820e-01
9.246328567760415673e-01
9.151890810092668804e-01
