0.000000000000000000e+00
0.000000000000000000e+00
0.000000000000000000e+00
0.000000000000000000e+00
0.000000000000000000e+00
0.000000000000000000e+00
0.000000000000000000e+00
0.000000000000000000e+00
0.000000000000000000e+00
0.000000000000000000e+00
0.000000000000000000e+00
0.000000000000000000e+00
0.000000000000000000e+00
0.000000000000000000e+00
0.000000000000000000e+00
0.000000000000000000e+00
0.000000000000000000e+00
0.000000000000000000e+00
0.000000000000000000e+00
0.000000000000000000e+00
0.000000000000000000e+00
0.000000000000000000e+00
0.000000000000000000e+00
0.000000000000000000e+00
0.000000000000000000e+00
5.988079098808320568e-04
2.411956767903246368e-02
5.148850736789345461e-01
1.768710619457908750e+00
2.192695471001858909e+00
1.577651587630602092e+00
8.821902834850599007e-01
4.921571789072163861e-01
3.075958143229453046e-01
2.460213448886816034e-01
2.124275415556829139e-01
2.243308664488952442e-01
2.280336170178177413e-01
2.250116662604075557e-01
2.132643305694669755e-01
2.283844363655273546e-01
2.582096328907907412e-01
3.307128016534949810e-01
4.412154225451063727e-01
5.709618301847121380e-01
7.571869138030183910e-01
9.359520864230743697e-01
1.109593003201242212e+00
1.253448823711486915e+00
1.333638038269284953e+00
1.420145666758181990e+00
1.492387009295997657e+00
1.538225384306757704e+00
1.558878089238363129e+00
1.490660758597035063e+00
1.399817815797577802e+00
1.267084102498458043e+00
1.142833438332335749e+00
1.052493670061926290e+00
9.719302434347457664e-01
9.265017895380910362e-01
8.948154888388729633e-01
8.817634255149752187e-01
8.784510552935899108e-01
8.928438237020396295e-01
8.916589169291969652e-01
8.926065994171437090e-01
9.146453065804063254e-01
9.247765695214799075e-01
9.459224046745344783e-01
9.550843598849123595e-01
9.875143213111508000e-01
9.927626806505535084e-01
1.019924237124667066e+00
1.022196101651194011e+00
1.034067184103546921e+00
1.048499007599302146e+00
1.050338118723323166e+00
1.045076816932733577e+00
1.040824453723876886e+00
1.026093437293912558e+00
1.022613704760178877e+00
1.001892848800636671e+00
9.928124785615282111e-01
9.792975170617265190e-01
9.850505204646521351e-01
9.770836324579846854e-01
9.674159038711355185e-01
9.810033084214216936e-01
9.926514672596373767e-01
9.918753309777748051e-01
9.969657957754780586e-01
9.977368700687674341e-01
9.998283935768548236e-01
1.011550795559010396e+00
1.017825993550368402e+00
1.011957910457934595e+00
1.005644101326329531e+00
1.013745912739448363e+00
1.011270542142270079e+00
1.016249371695142845e+00
1.006264869925819871e+00
1.000588943101997863e+00
1.000178266480990619e+00
9.984588451737708148e-01
9.898194772668603703e-01
1.000004563623062559e+00
9.868613177892133770e-01
9.878412452473505079e-01
9.883611046818139290e-01
9.877436353813309200e-01
9.902938534008541849e-01
9.876131098347942228e-01
9.909185533360599374e-01
9.931563674956379595e-01
9.940883711694743496e-01
9.965493683716621920e-01
9.999534982022910690e-01
1.001132285270915911e+00
9.913737176205288382e-01
9.911731809577357666e-01
1.005208610974776207e+00
1.003565185960783701e+00
9.948471560565665950e-01
1.002043689668685511e+00
1.000380088696910974e+00
1.006431005541875257e+00
9.984433935500465207e-01
9.971850378917854751e-01
9.948942644854863460e-01
9.933909586519604762e-01
9.952186711934803975e-01
9.976102373727041561e-01
9.904667702973842802e-01
9.940803701373663870e-01
9.926863120039161048e-01
9.928146873158757435e-01
1.000949777848370248e+00
9.969116451823467617e-01
9.951572868944945638e-01
9.922469618896171406e-01
9.979450732667189961e-01
9.916110855923774281e-01
1.000617414828493201e+00
1.000141664002022202e+00
9.953536055209520894e-01
9.986316034831405064e-01
9.972904634224227793e-01
9.968836679076795715e-01
1.002261542073143996e+00
9.996033611855058565e-01
9.981918144064165777e-01
9.935664220981857975e-01
9.988515780253753862e-01
1.000605320680602484e+00
9.992117881488431497e-01
9.936062874113054111e-01
9.969396943580559611e-01
9.963821181140978256e-01
9.947880879919742680e-01
9.962931268299086707e-01
9.998421949978844037e-01
9.960762232147455375e-01
9.987807262934271790e-01
9.982735730982407185e-01
9.970374837827465919e-01
9.983296428466251760e-01
9.975142880013359026e-01
9.976148742068159381e-01
9.925742781846236262e-01
9.944148896368193435e-01
9.940135330739018338e-01
9.927693918564941544e-01
9.963714118294159094e-01
9.922548958311533385e-01
9.961453007063700849e-01
9.987715255722026120e-01
9.919868059834936469e-01
9.980325488942067835e-01
9.892216813804531883e-01
9.922340556752138330e-01
9.907757996019406210e-01
9.940602582641876461e-01
9.943000567946886914e-01
9.926115297452332564e-01
9.922539158948673332e-01
9.992250728183585951e-01
9.982708304353467010e-01
9.936747894838023898e-01
9.958054591358423968e-01
9.967207408912894806e-01
9.931982233251640535e-01
9.941980192143169415e-01
9.918375422039477085e-01
9.963029805121108584e-01
9.919240310583081754e-01
9.947783933778677756e-01
9.948586038357468686e-01
9.914423815923455452e-01
9.938613518357988230e-01
9.972678141491968518e-01
9.955992205689235819e-01
9.954010988773956958e-01
9.930570765140488421e-01
9.996319410922527293e-01
9.955427139162570382e-01
9.901020693832461861e-01
9.948135151183103986e-01
9.937233105101406228e-01
9.955276504443780761e-01
9.963740746200241416e-01
9.947441959621172725e-01
9.952309041411531165e-01
9.938835854772124501e-01
9.969150439903304850e-01
9.951097628470801926e-01
9.977027214517928400e-01
9.935834051491144736e-01
9.971363764288394549e-01
9.953338235129055578e-01
9.961499957504191816e-01
9.947043056748648970e-01
9.933583630711030343e-01
9.935869979640874483e-01
9.976779611723923802e-01
9.940566229333148707e-01
9.945933822529776647e-01
9.991002319824794364e-01
9.961063648251812230e-01
9.985054896080158837e-01
9.989821771643515591e-01
9.967357049067483432e-01
9.973004187342895399e-01
9.958368783693258841e-01
9.990465182809233902e-01
9.948106357830195368e-01
9.961386875655965367e-01
9.939778986360594537e-01
9.989758941608971599e-01
9.949825859392349425e-01
9.990531894705473315e-01
9.942653583461026345e-01
9.953068147940983268e-01
1.001377913295020683e+00
9.968644604505088047e-01
9.982321829204883201e-01
9.958469612118968639e-01
9.965350147624041366e-01
9.980752477815354462e-01
9.978228396594661653e-01
9.984518130327139085e-01
9.956130565460457049e-01
9.966939371160976613e-01
9.973844245275861331e-01
9.963468281384412206e-01
9.995899910672096933e-01
9.983634517477693038e-01
9.948616918148629473e-01
9.970603732025152821e-01
9.937886377572323626e-01
9.967497153381833508e-01
9.961427511331751861e-01
9.997829767969145243e-01
9.982186158238014473e-01
9.942223512123949947e-01
9.962381434129446989e-01
9.972663484923384170e-01
9.987003449351774531e-01
9.930657779369330695e-01
9.988915992613915940e-01
9.969749604468743920e-01
9.963775218600182670e-01
9.889784433253898666e-01
9.777041412000393450e-01
9.629756868850792850e-01
9.567056747229387703e-01
9.446789207949288780e-01
9.340216426375406167e-01
9.224384297166077218e-01
9.129683197685271034e-01
