0.000000000000000000e+00
0.000000000000000000e+00
0.000000000000000000e+00
0.000000000000000000e+00
0.000000000000000000e+00
0.000000000000000000e+00
0.000000000000000000e+00
0.000000000000000000e+00
0.000000000000000000e+00
0.000000000000000000e+00
0.000000000000000000e+00
0.000000000000000000e+00
0.000000000000000000e+00
0.000000000000000000e+00
0.000000000000000000e+00
0.000000000000000000e+00
0.000000000000000000e+00
0.000000000000000000e+00
0.000000000000000000e+00
0.000000000000000000e+00
3.336136705267461256e-05
3.806503117234699002e-02
1.086986661106684959e+00
3.497476635257527722e+00
3.422057350112258867e+00
1.870622516830325655e+00
8.396665710079537215e-01
3.805649205708904192e-01
1.889638275754995655e-01
1.172960622186580010e-01
1.846665998675049158e-01
7.173509011733998353e-01
1.507430196260530986e+00
1.760106503551355450e+00
1.460040147778170150e+00
1.061964453603222891e+00
7.957212086635925274e-01
6.822026885991009371e-01
6.738131727388477765e-01
7.222584589968276125e-01
8.120854610794610018e-01
9.020097372578039785e-01
9.915407902108526184e-01
1.072666218980204755e+00
1.132005898199225813e+00
1.182942129498696593e+00
1.211729845741967848e+00
1.213444430591100520e+00
1.200865096288900924e+00
1.171685239393554401e+00
1.135381596860156383e+00
1.092540690953411664e+00
1.055904123401880446e+00
1.026616490568355466e+00
9.994416461830585297e-01
9.763704037202631802e-01
9.613904443487280016e-01
9.454108597405503911e-01
9.365721543557279372e-01
9.272142303564074872e-01
9.250934610816401449e-01
9.298098584642051634e-01
9.319636823063567332e-01
9.436259306306701289e-01
9.575032659751037123e-01
9.654029169243915076e-01
9.759906115654172210e-01
9.889449201797083644e-01
9.940620502858223961e-01
1.002090216469971207e+00
1.007028818024510164e+00
1.012047125661366564e+00
1.015594959270733177e+00
1.018589338102743103e+00
1.020404968935562984e+00
1.017251082937025375e+00
1.017319591576334448e+00
1.018475855384066486e+00
1.011218564040470724e+00
1.007924486141011489e+00
1.007050631762736126e+00
1.001568024694265757e+00
1.000373070168209422e+00
1.000119253229033944e+00
1.001647487314368590e+00
1.000909919513544688e+00
9.974046956551979592e-01
9.986939609114446892e-01
9.979276549877154068e-01
9.964707662041397684e-01
9.979537258572256375e-01
9.971016708033609843e-01
9.950868691404566313e-01
9.952619395541916214e-01
9.955687269992619104e-01
9.944644174748643595e-01
9.962087803315207157e-01
9.966172840007399003e-01
9.961947297374518229e-01
9.971075510014447696e-01
9.983929813082584870e-01
9.982162166790899960e-01
9.986504127057510560e-01
9.995203542634524263e-01
9.983463300995544243e-01
9.999019736725813789e-01
1.001029320893574770e+00
1.001743470287005389e+00
1.001145814148597823e+00
1.000215675843739271e+00
1.002428139615271219e+00
1.000778312210713450e+00
1.000897629868049421e+00
1.000785001136464958e+00
1.001073379087290327e+00
1.001174443943535497e+00
1.001279516462964425e+00
1.000899296310493902e+00
1.000629914039805834e+00
1.001339943163411572e+00
1.001397596373652332e+00
1.000594816036075363e+00
1.000918639618270989e+00
9.993415527592829362e-01
1.000844033409398426e+00
1.000461607666546238e+00
9.983603138494840934e-01
9.991607859511489886e-01
9.994104283855093085e-01
1.000455111919119178e+00
9.980515491717425469e-01
9.995377208406696079e-01
9.987484467678499067e-01
9.996578180364319444e-01
9.993062337868472422e-01
9.987048723032468933e-01
9.991923911433238104e-01
9.983923193535652052e-01
9.992100101893542918e-01
9.997749072979312812e-01
9.993409775737096545e-01
9.996279737348680028e-01
1.000700038323458552e+00
1.000188287256055242e+00
9.998305282010261363e-01
9.996086549414641143e-01
1.000417894968673949e+00
1.001014113061279520e+00
1.000834954220605200e+00
1.000515158230087742e+00
1.001265445142188737e+00
1.001009171387848840e+00
9.998031019580025935e-01
1.001817853711768791e+00
1.000422334366791732e+00
1.000603538166656037e+00
1.000065200996389514e+00
1.000269321548988843e+00
1.000100947371797888e+00
1.000129339935833750e+00
9.995516235157275720e-01
1.000287301015719166e+00
9.999728116817085954e-01
9.994337854220789463e-01
9.998788868253071227e-01
9.990433115136552189e-01
1.000612196574927060e+00
9.992323285141072597e-01
1.000605154309666789e+00
9.999364626113330656e-01
9.995811797704325929e-01
1.000449627547610021e+00
9.993825395692292890e-01
1.000298754988478311e+00
1.000133902047072088e+00
1.000088589653254756e+00
1.000412000827699766e+00
1.000217352308926611e+00
1.000872642178257887e+00
1.000186103070907606e+00
9.997806222982313917e-01
1.001099266882556460e+00
1.000554842007977507e+00
1.000291787810289712e+00
1.000610448797860208e+00
1.000130989643509549e+00
9.997002030614036139e-01
1.000875610685674877e+00
1.000256689412988287e+00
9.990565588760257354e-01
9.998993250886063500e-01
1.000257838861067450e+00
1.000049007042584925e+00
9.999854275176837115e-01
1.000339190373827902e+00
1.000326864472601551e+00
9.993806494682009323e-01
9.995749581207499235e-01
9.995788621090784254e-01
1.000089493986608513e+00
1.000390936998618363e+00
9.995452557771670188e-01
9.992735861131260000e-01
1.000384545414688464e+00
9.996909624721203036e-01
9.996114795311171752e-01
9.993733566976708005e-01
1.000208858885934804e+00
9.998750085721398451e-01
1.000625935264825239e+00
1.000011265686421291e+00
9.997966908108547601e-01
9.999983497316686787e-01
9.995052533976082065e-01
9.997212137335148574e-01
1.000140752843643455e+00
1.000924404321642980e+00
1.000530453075771931e+00
1.000401655441016002e+00
1.000211838069058778e+00
9.997744818789071619e-01
1.000123529921741028e+00
1.000098485024263129e+00
1.000837280669080176e+00
1.000005371236841301e+00
1.000124626789329563e+00
9.994623225828102031e-01
1.000530853183789981e+00
1.000155651315906447e+00
9.997163681867723417e-01
9.999388131848329087e-01
9.993572491298400307e-01
1.000010196300910481e+00
9.997115386933222991e-01
1.000349471510334043e+00
1.000383901239446205e+00
1.000056681361394695e+00
9.997914741590170351e-01
1.000334959521931966e+00
1.000148176611343809e+00
1.000509703026125852e+00
1.000691502634875496e+00
1.000091336737339853e+00
9.995940214011385105e-01
1.000367620904514920e+00
9.998829291946713660e-01
1.000593307543122812e+00
1.001128524789924423e+00
9.996798168655397498e-01
1.000162791660633266e+00
1.000240385136248245e+00
9.995278032174120808e-01
1.000365298621236798e+00
9.998392890631444541e-01
1.000618013596485500e+00
1.000133278339509602e+00
1.000214146140377736e+00
1.000470638419069580e+00
1.000099242842937608e+00
1.000573245659504007e+00
9.998433865703066914e-01
1.000410597304572713e+00
9.999058385704405749e-01
9.998644246157754045e-01
1.000429144831263661e+00
9.996828346126284126e-01
9.995493773879509103e-01
9.996218034203734337e-01
1.000216380807997352e+00
1.000596900478069040e+00
1.000158518797046092e+00
9.985436435715649983e-01
9.909293976358986011e-01
9.788026622355344708e-01
9.683353983262298348e-01
9.578949208869745879e-01
9.470354852089765130e-01
9.368394281038234794e-01
9.258593466548524775e-01
9.151639087613856471e-01
