0.000000000000000000e+00
0.000000000000000000e+00
0.000000000000000000e+00
0.000000000000000000e+00
0.000000000000000000e+00
0.000000000000000000e+00
0.000000000000000000e+00
0.000000000000000000e+00
0.000000000000000000e+00
0.000000000000000000e+00
0.000000000000000000e+00
0.000000000000000000e+00
0.000000000000000000e+00
0.000000000000000000e+00
0.000000000000000000e+00
0.000000000000000000e+00
0.000000000000000000e+00
0.000000000000000000e+00
0.000000000000000000e+00
0.000000000000000000e+00
0.000000000000000000e+00
0.000000000000000000e+00
0.000000000000000000e+00
0.000000000000000000e+00
0.000000000000000000e+00
0.000000000000000000e+00
2.542390160836500990e-02
4.511598343553907542e-01
1.642308930198468575e+00
2.128513790191107979e+00
1.559920295039984417e+00
9.232310064196342925e-01
5.277331030239796883e-01
3.372519377433316201e-01
2.761151927578445742e-01
2.657615733259263702e-01
2.726073825561898811e-01
2.623092865998427614e-01
2.749379622530803147e-01
2.569183167099859388e-01
2.540776651378922613e-01
2.752477710921210630e-01
3.406608654533709313e-01
4.291823709145387022e-01
5.561613853929474605e-01
7.008772954999407112e-01
8.887539504814406799e-01
1.042266710156631637e+00
1.163642119209995496e+00
1.269252963890502794e+00
1.412063427925107417e+00
1.492256274804398375e+00
1.533836280084130088e+00
1.541336475822182361e+00
1.510991526013030883e+00
1.370909606357959332e+00
1.275360686870480542e+00
1.174829646505920699e+00
1.085471127661583157e+00
9.884363217019854764e-01
9.537264133702327840e-01
9.102536154166959159e-01
8.976843274798328443e-01
8.840865489260099075e-01
8.976834259638706293e-01
8.966894299947693048e-01
9.122538892768241592e-01
9.222027166553193878e-01
9.385876631905012424e-01
9.614947021636041091e-01
9.710480340592609894e-01
9.947017823102412004e-01
9.973902874425558673e-01
1.018851897180658383e+00
1.034213681381963124e+00
1.040457903291064357e+00
1.048639560629644807e+00
1.042007583771931367e+00
1.035498414151785784e+00
1.026377099304792040e+00
1.028559699897128255e+00
1.010859356768084583e+00
1.007374751133860435e+00
9.973777125457055082e-01
9.942192321086791296e-01
9.883579983794905655e-01
9.855949732474172942e-01
9.833144382891800817e-01
9.823377727292341710e-01
9.806445872139207820e-01
9.903334889982260414e-01
9.929452202826851703e-01
9.946627516050302598e-01
1.009053165196134305e+00
1.000137219376988851e+00
9.991812838239915173e-01
1.014443222605173389e+00
1.011678067654680602e+00
1.014619818274769214e+00
1.012859404904678406e+00
1.010987227508338915e+00
1.017010292238357261e+00
1.003482383662736455e+00
1.013969076447296169e+00
9.972973167008938322e-01
1.003761415324995410e+00
1.001607901999254091e+00
9.952513991108622449e-01
1.004742517712378325e+00
1.012298760781144003e+00
9.988645790421656345e-01
9.956590943129888238e-01
1.005664919600784080e+00
1.004944596517485689e+00
1.006894712512013124e+00
1.005361567386451549e+00
9.987446657956693397e-01
1.001231261706973408e+00
1.007167056070496836e+00
1.013190728690346543e+00
1.007633328068238132e+00
1.004579879080440330e+00
1.004734240211798246e+00
1.010489657731934665e+00
1.005943230566656021e+00
1.006719999400574439e+00
1.009578260256852378e+00
1.005970881819868268e+00
1.007023197723692975e+00
1.005185260815526505e+00
1.008976957873938707e+00
1.004719246491251550e+00
9.941151488756988508e-01
1.002717756219920320e+00
1.001627410880979729e+00
1.000887395005386260e+00
1.000040407722210700e+00
1.005785500944413657e+00
1.000356651887785553e+00
1.000373997640814583e+00
1.003341102413626507e+00
9.998722544804441448e-01
1.000836938255492248e+00
9.967799078066343910e-01
1.001187171696998446e+00
1.000745198890556242e+00
1.002955576467888799e+00
9.985295583169165878e-01
1.000155302547205416e+00
1.000910880173310202e+00
9.983788005520379816e-01
9.978779062647890052e-01
9.925118691476623178e-01
1.001732367143077784e+00
9.978903570525808897e-01
1.006447301939828787e+00
9.979206565739631163e-01
1.005206529907387347e+00
9.935076723640402507e-01
1.000379111520340869e+00
9.984638720678212787e-01
1.000837480022463755e+00
1.004949780989295771e+00
9.954396792150718154e-01
9.995876151818604560e-01
9.986485122866840536e-01
1.002359620917395722e+00
9.985606988280718577e-01
9.965364857593982384e-01
1.005397464032577792e+00
9.980259662386320452e-01
9.973154813570659361e-01
9.978468145967658298e-01
9.981562659775072843e-01
9.993725850752197548e-01
9.945207087468054263e-01
1.001096136383699209e+00
9.940456331930440648e-01
9.957854757641829702e-01
9.962252314997145364e-01
9.994067245970338353e-01
9.976330632260651532e-01
9.954257601916860487e-01
9.980264020986074902e-01
9.972670007741134546e-01
9.991289287911010453e-01
9.939435060599962624e-01
1.003172426330025013e+00
9.961685319120784365e-01
9.988567721819434642e-01
9.961349943262474138e-01
9.997452493670013762e-01
1.001394781720459815e+00
1.001306111887780181e+00
1.000637260558956410e+00
9.989644845078710089e-01
1.001522232647832578e+00
9.987051515456031314e-01
9.994793996198493291e-01
9.976193852358030689e-01
1.000032234340472170e+00
9.992020523495722673e-01
9.995740158256438690e-01
9.981988884162144027e-01
9.996179801799246478e-01
9.975145904723519141e-01
1.000779559624482618e+00
1.003949077951670210e+00
9.994966103616378383e-01
1.001395826715486992e+00
1.001544448836211743e+00
9.993644908728482879e-01
9.979458945576302753e-01
9.988173089797487414e-01
9.966139875101340806e-01
9.994280077192103651e-01
1.001603416891652554e+00
9.986155203124382762e-01
9.998653047180472431e-01
1.000533689471840404e+00
1.000087440440271536e+00
1.001652143977122877e+00
1.000254994131049679e+00
9.989841023840262402e-01
1.000577106020295703e+00
1.001504512669665781e+00
1.003531655294008118e+00
1.001192856641452300e+00
9.977365490571942219e-01
1.001071464910200604e+00
9.985755528909668888e-01
9.990290414011987474e-01
9.986900347164644476e-01
9.989607803987048396e-01
1.004621502561362734e+00
1.002072932153103446e+00
1.002534449705344555e+00
1.000921122945321873e+00
1.003321762470436473e+00
1.001826416867549252e+00
9.966844922258811801e-01
9.991833166613264261e-01
1.000989817719900588e+00
9.997512566630513131e-01
1.000655936219369435e+00
1.003645194475654145e+00
9.987155735391675115e-01
9.989579201035042599e-01
1.000911673479596198e+00
9.970021757968150489e-01
1.000046259835856377e+00
9.990428075556082588e-01
1.002908096880597233e+00
9.972982408098272078e-01
9.968107028926107560e-01
1.001094497543194128e+00
9.994506859147629374e-01
1.002226317890160479e+00
9.998021296827688253e-01
9.996932483758931287e-01
1.002841350352632332e+00
9.988504105792170851e-01
1.000070917355130762e+00
1.001371332761154864e+00
1.000735941371202253e+00
1.001356604491638880e+00
1.000486556641771108e+00
1.002017367455539931e+00
1.001701276670115215e+00
9.998817825797549075e-01
1.000732730586857633e+00
9.999282167524073950e-01
9.976525344300543052e-01
9.839803526052041116e-01
9.756366904925747319e-01
9.687064932621052282e-01
9.555319492228557809e-01
9.434110963153266027e-01
9.348470750487763992e-01
9.208980480909547683e-01
