0.000000000000000000e+00
0.000000000000000000e+00
0.000000000000000000e+00
0.000000000000000000e+00
0.000000000000000000e+00
0.000000000000000000e+00
0.000000000000000000e+00
0.000000000000000000e+00
0.000000000000000000e+00
0.000000000000000000e+00
0.000000000000000000e+00
0.000000000000000000e+00
0.000000000000000000e+00
0.000000000000000000e+00
0.000000000000000000e+00
0.000000000000000000e+00
0.000000000000000000e+00
0.000000000000000000e+00
0.000000000000000000e+00
0.000000000000000000e+00
0.000000000000000000e+00
0.000000000000000000e+00
0.000000000000000000e+00
0.000000000000000000e+00
0.000000000000000000e+00
0.000000000000000000e+00
2.234978394927459797e-02
4.648912662393663298e-01
1.609151657939236868e+00
2.074321347094501444e+00
1.539610631951753072e+00
8.838459299278342840e-01
5.087655202961980372e-01
3.353152954788802265e-01
2.765986041820286401e-01
2.648167882924098993e-01
2.709764523306971706e-01
2.882495710411147605e-01
2.614254404450055413e-01
2.541414773890368628e-01
2.547851526208826933e-01
2.711354934659132021e-01
3.183790960127957370e-01
4.124713256105814740e-01
5.327560152711877661e-01
6.746916596498248042e-01
8.628570012596055161e-01
1.002396766217297897e+00
1.148164133417419075e+00
1.265758662945837276e+00
1.367768437489834010e+00
1.421104074628231073e+00
1.479103715023196264e+00
1.513169061951899153e+00
1.464558474486931106e+00
1.365057918730975706e+00
1.253305412161755061e+00
1.138463610093061185e+00
1.063411623648876647e+00
9.804158008639037858e-01
9.292441427587896374e-01
8.984411503197378135e-01
8.908672704987308233e-01
8.759248130269573496e-01
8.888279060622348293e-01
8.848083637929823331e-01
8.954458964654726794e-01
9.253954082701029149e-01
9.488783597119473390e-01
9.569064971869464253e-01
9.714827061972988176e-01
9.836850396428107324e-01
1.003546756052757560e+00
1.009694618772118746e+00
1.018299279825690240e+00
1.025270722874747964e+00
1.048362701351948090e+00
1.049283223520745656e+00
1.039213966345434725e+00
1.028850441723238474e+00
1.009776166317583268e+00
1.010316532533697131e+00
1.001222721327641008e+00
9.845050445945753292e-01
9.760702900339836008e-01
9.786288591004013160e-01
9.739383582276343043e-01
9.792001282118691918e-01
9.698476252055228120e-01
9.820993429082681692e-01
9.811182899892418874e-01
9.868354143824265012e-01
9.896694757143150722e-01
1.004523798670577728e+00
9.972407110249420503e-01
9.902129019364755980e-01
9.997375883123857943e-01
1.005899413837250789e+00
1.006429057562308493e+00
1.011134079129509367e+00
9.976006794309292269e-01
1.000380816592192579e+00
9.921245941941033708e-01
1.003872542151151626e+00
9.939511691862513709e-01
9.851052227261312133e-01
9.928661630718584874e-01
9.983184945990593029e-01
9.844847342414794200e-01
9.873680715397538110e-01
9.858082146397443291e-01
9.906633718566478786e-01
9.910205530789609751e-01
9.951562624570315929e-01
9.936390269470090075e-01
9.957755080681263138e-01
1.000930850340682410e+00
9.981354681615036695e-01
9.991060958039188478e-01
1.003408290794961522e+00
9.977959225677796029e-01
9.972690714606816664e-01
9.985876667140054508e-01
9.958864955049891998e-01
9.968012472955986025e-01
1.005608156632051609e+00
1.003382393434481656e+00
1.000342060649329401e+00
9.939354064807417455e-01
1.001377447607544546e+00
9.943618728297255460e-01
9.963389531345082650e-01
9.987691620330954034e-01
9.950809759505117036e-01
9.989081061609695888e-01
9.991372649079098833e-01
9.994525942104818261e-01
9.960103649424766337e-01
9.963578745731120900e-01
9.931347302516470021e-01
9.902698426347189553e-01
9.981955001092683855e-01
9.902837561224770990e-01
9.965778412996528779e-01
9.969746434649593425e-01
9.931142386332229011e-01
9.948884122689253262e-01
9.938267691965697592e-01
9.966539235100883021e-01
9.980525875231829325e-01
9.996467168910500023e-01
9.915886833667248990e-01
9.937543735916364307e-01
9.969038418003303148e-01
9.974310126456851222e-01
9.950302334275606952e-01
9.968150405272052650e-01
9.954924547448940064e-01
9.960294927565848111e-01
9.984801339677146226e-01
9.960548821067368719e-01
9.953431951848402681e-01
9.941871457170148307e-01
9.940050700514651005e-01
9.959147049782252070e-01
1.000162847803764965e+00
1.000181824747919057e+00
9.979820430118008234e-01
1.000642865640437584e+00
1.000794959192430555e+00
9.986337923026985530e-01
9.978691039976034238e-01
9.975561173913162216e-01
1.003050390874030695e+00
9.965616112390519588e-01
1.004049156320358849e+00
9.994371690822424492e-01
9.969762801031288868e-01
1.001127640469798630e+00
1.004485444899757551e+00
1.001408136325197873e+00
1.001494283506449090e+00
9.997510706591677954e-01
9.992624063326793760e-01
1.004455101124918093e+00
9.989747082621780461e-01
9.958779405097408777e-01
1.001435418886860385e+00
1.000595837986105741e+00
1.001439304201985570e+00
1.003199396264617071e+00
9.983246378082620831e-01
9.981722309247129665e-01
9.997408927020231539e-01
9.986675905056190405e-01
9.955001223156109136e-01
9.955517300769484157e-01
9.983933561187288142e-01
9.983287308201376220e-01
1.000364673244032998e+00
9.951160341715306057e-01
9.979440710792094604e-01
9.982514586381456834e-01
9.980924157670592045e-01
9.974383237129983426e-01
9.995559954191723939e-01
9.939569194393450546e-01
9.960522474727206976e-01
1.001189602711240800e+00
1.001078385743783272e+00
1.001743293642481047e+00
9.992453490114160397e-01
9.996655630005093496e-01
1.000727115285438673e+00
9.994865853360105357e-01
9.974949979606073658e-01
1.003061764977585035e+00
1.002913857382991658e+00
9.996565946522888435e-01
1.004716596195041722e+00
1.003497666722835691e+00
1.004231372719172288e+00
1.001090678363518949e+00
1.000621183990194840e+00
1.002187535508596739e+00
1.001433370359660513e+00
1.003189154660291349e+00
9.998977479020791925e-01
9.979632432854435020e-01
9.996044214187053134e-01
1.000418848087608836e+00
9.998858626940556604e-01
1.004163507068077443e+00
9.981792660232796655e-01
9.992895719854296699e-01
9.970760541448635550e-01
9.979442160292262276e-01
1.002314037373716937e+00
9.953235465693300865e-01
1.000373381630956127e+00
9.969565054978307694e-01
1.000199519654255687e+00
9.985438855183411677e-01
1.000674042306905820e+00
9.991354137739913988e-01
9.955929512715696594e-01
9.979649929181851897e-01
1.003914644221842511e+00
1.002034356067762699e+00
1.000432425431724504e+00
9.997183726401364101e-01
9.988475302984554105e-01
9.992270408112090552e-01
1.001154153338372987e+00
9.990971647119569754e-01
9.988480639056500632e-01
9.983309025982399776e-01
9.974158149130244455e-01
9.994682917636367181e-01
1.000868079080907913e+00
9.988282172181853769e-01
1.001435694316058278e+00
9.970322583230271096e-01
9.977081936768246173e-01
9.993915485037274671e-01
1.000932208987460825e+00
9.970123043212609781e-01
1.000765078579188616e+00
1.000901645907371407e+00
9.994552568269989834e-01
9.964663101556351377e-01
9.962385862478194687e-01
9.948062223750455679e-01
9.837912684680463205e-01
9.685692538861649936e-01
9.628458187053482442e-01
9.531144086432512541e-01
9.417577243143802068e-01
9.327856908450932183e-01
9.212628833696983044e-01
