0.000000000000000000e+00
0.000000000000000000e+00
0.000000000000000000e+00
0.000000000000000000e+00
0.000000000000000000e+00
0.000000000000000000e+00
0.000000000000000000e+00
0.000000000000000000e+00
0.000000000000000000e+00
0.000000000000000000e+00
0.000000000000000000e+00
0.000000000000000000e+00
0.000000000000000000e+00
0.000000000000000000e+00
0.000000000000000000e+00
0.000000000000000000e+00
0.000000000000000000e+00
0.000000000000000000e+00
0.000000000000000000e+00
0.000000000000000000e+00
0.000000000000000000e+00
0.000000000000000000e+00
0.000000000000000000e+00
0.000000000000000000e+00
0.000000000000000000e+00
0.000000000000000000e+00
2.514107048941591899e-02
4.513573762640750719e-01
1.653193599337124287e+00
2.070738991011264130e+00
1.591550067592226503e+00
9.219181660708096748e-01
5.128022940080345649e-01
3.391285909353090600e-01
2.772310904093382433e-01
2.587200782750996852e-01
2.644709504241349318e-01
2.837574123676472326e-01
2.709296307420611116e-01
2.663134535210899823e-01
2.548800693076745394e-01
2.856898838508668548e-01
3.291010510943672696e-01
4.277757104896337537e-01
5.565804843144573910e-01
6.931052981306508043e-01
8.689431848081219378e-01
1.036732759014564742e+00
1.178078230814070038e+00
1.298944326335670363e+00
1.385175609280868914e+00
1.463795077330953154e+00
1.511631617102311420e+00
1.513433692154911636e+00
1.501867468772711822e+00
1.419955775240316465e+00
1.296265812320184674e+00
1.171345598445728164e+00
1.065372363371282605e+00
9.896862130298468285e-01
9.517732509181876521e-01
9.210735937545287966e-01
9.027845886485913462e-01
8.873711860935512563e-01
8.907224176520902592e-01
9.000419025787897986e-01
9.153673990677823058e-01
9.275878895454253703e-01
9.451488116602387857e-01
9.542955194953044451e-01
9.725727546455973371e-01
9.985565540570759957e-01
1.001993829360418031e+00
1.021218035318157247e+00
1.034107227575711274e+00
1.033603756074781055e+00
1.044372332144775983e+00
1.042452673057177925e+00
1.040545953336191820e+00
1.039956773512423327e+00
1.020062714775632706e+00
1.008475958024738883e+00
1.002480482206803192e+00
9.979725714835248063e-01
9.823777998689960933e-01
9.769774341131618467e-01
9.875575090137916900e-01
9.810271161099235471e-01
9.891417042653725122e-01
9.822735936349338282e-01
9.805920408864182702e-01
9.943088237714231559e-01
1.000556862451054352e+00
1.004269365994192365e+00
1.009666596196595822e+00
1.007584412353954795e+00
1.006403582112198380e+00
1.001674303299326718e+00
1.005947328620108605e+00
1.012324193859896582e+00
1.008090337714997675e+00
1.009120105933698053e+00
1.008984291549526624e+00
1.001833903892404898e+00
1.001795775090841056e+00
9.983357136201614912e-01
1.004359245208189977e+00
9.947753966446717389e-01
9.992550863498500524e-01
9.960918547312851423e-01
1.000591491302649239e+00
9.932974711730878647e-01
1.005713051332625119e+00
9.957756236126162896e-01
9.997531318142504064e-01
9.937671329881132554e-01
1.003276820314974227e+00
9.973708583261278182e-01
1.002376429271521596e+00
1.005042137028087756e+00
1.009711079039530945e+00
1.005864185231677421e+00
9.892344783994995172e-01
1.005334469624526772e+00
1.009551886619129091e+00
9.984105266426241965e-01
1.008017640964849360e+00
1.003395066818974168e+00
1.003356279329526313e+00
1.003023539557527766e+00
1.002894174294235663e+00
9.984094329171796511e-01
1.003153587294967286e+00
1.003857234766553308e+00
9.998090693953293195e-01
1.002182049633314032e+00
1.007284633083752157e+00
9.997118789590960786e-01
9.985012183263938246e-01
9.980793493246917780e-01
1.007606382422586044e+00
1.002821761571914605e+00
1.007820377049271743e+00
9.958905659891239548e-01
9.949706287168730290e-01
1.007799470647062101e+00
1.000359052774865365e+00
1.000466734703723715e+00
1.002589322932988747e+00
1.003951316752182521e+00
1.002520858858037434e+00
9.986984474030421444e-01
9.988716056083635220e-01
9.954500086916674428e-01
9.948768386650759243e-01
9.921183377661056957e-01
1.000210983046703417e+00
9.976026026009578995e-01
9.934651660279812946e-01
1.001259920369065526e+00
9.942675866601565771e-01
9.958409890639934314e-01
9.971444500638361186e-01
1.000396586137076049e+00
9.940926457590122389e-01
9.964558423958911337e-01
9.963906639339293880e-01
9.974377948647364933e-01
9.975883846433405422e-01
9.967236234304931441e-01
1.000129768813829534e+00
9.997935545883894770e-01
1.001118753065688427e+00
1.000300550507666308e+00
9.992420033730373685e-01
9.981298202917334716e-01
9.985530874957553316e-01
9.962818684629199950e-01
9.963201142539903632e-01
1.000777260401093827e+00
1.001232814092942736e+00
9.996879612758680089e-01
9.955896959181382844e-01
1.000703784569868526e+00
9.997065755175572610e-01
9.988893088893965322e-01
9.983253517016938972e-01
1.000088323297014359e+00
9.989804527996316574e-01
1.004385391365347990e+00
9.966958156313293626e-01
9.991052825225252843e-01
9.983614072594153566e-01
9.969559556740498207e-01
1.002450051627660210e+00
9.974312792481737633e-01
9.970253218306551757e-01
1.002657433383361996e+00
9.968477636293056054e-01
1.001667697752693709e+00
9.961469765501140827e-01
9.982001097819082069e-01
9.995804974624296069e-01
1.000388167140423112e+00
9.991431451795390606e-01
9.991803888564515512e-01
9.977805769905762068e-01
9.997878868577123601e-01
9.978928224731808960e-01
9.997029354027472392e-01
9.979048048370605661e-01
1.002034470744968209e+00
1.000598401810035121e+00
9.980992993128289248e-01
9.990528679120020961e-01
1.002894589142127924e+00
9.979249851500461288e-01
9.982173195690425826e-01
9.998925893326960912e-01
1.001007315304419443e+00
9.965203854943806006e-01
9.987755866839193031e-01
9.980293488040375971e-01
9.962784715730625962e-01
1.001525979884100082e+00
9.966061110567042691e-01
9.971872861792867582e-01
9.972497052935628270e-01
9.968444694642702997e-01
1.000163146069247277e+00
9.972828277081393633e-01
9.999939794273823290e-01
1.000578323276026138e+00
9.971217662867437603e-01
9.965739876971141387e-01
9.966433687403056796e-01
9.975668978862444192e-01
9.974552322326362130e-01
1.000300739678430251e+00
1.001244407777020839e+00
1.001337316937386257e+00
9.993288897197100118e-01
9.966155156734483045e-01
9.963912939122345769e-01
9.972630842374082816e-01
9.976612007097427348e-01
9.935060895239724577e-01
9.951152808508662018e-01
9.966600905310091241e-01
9.962824142451263132e-01
9.961322431531866028e-01
9.955031988899368800e-01
9.959729667710672807e-01
9.969996909951573949e-01
9.961257688596177884e-01
9.966805535497067492e-01
1.001872215918948150e+00
9.996241424775792472e-01
9.968464415677144030e-01
9.974235258646060309e-01
9.969331421652201097e-01
9.954599359452036555e-01
9.961982066043009176e-01
9.988237300195073054e-01
9.974073760534265531e-01
9.978933028443394138e-01
9.986808778754783233e-01
9.945072682051104840e-01
9.964721571671376621e-01
9.947446544450739836e-01
9.987132289792303164e-01
9.997538532660595889e-01
9.952990144873181677e-01
9.872970765948030358e-01
9.736178048418290265e-01
9.613618501815643924e-01
9.517338078845447580e-01
9.444333308719601305e-01
9.299457420507030170e-01
9.214523795754193669e-01
