0.000000000000000000e+00
0.000000000000000000e+00
0.000000000000000000e+00
0.000000000000000000e+00
0.000000000000000000e+00
0.000000000000000000e+00
0.000000000000000000e+00
0.000000000000000000e+00
0.000000000000000000e+00
0.000000000000000000e+00
0.000000000000000000e+00
0.000000000000000000e+00
0.000000000000000000e+00
0.000000000000000000e+00
0.000000000000000000e+00
0.000000000000000000e+00
0.000000000000000000e+00
0.000000000000000000e+00
0.000000000000000000e+00
0.000000000000000000e+00
1.681610090626545963e-05
3.349703042896630401e-02
1.013363824554406323e+00
3.375770533622159064e+00
3.410618915351777858e+00
1.930403476089484371e+00
8.875447792498094568e-01
4.078127325720987684e-01
2.123294744894644592e-01
1.290823098204036123e-01
1.849045494876531692e-01
6.766757148010806855e-01
1.449662225319203745e+00
1.727488504301755601e+00
1.474553355404373267e+00
1.090383121574136416e+00
8.272855102258218629e-01
7.078151883093457553e-01
6.915476743858005593e-01
7.329962284791892158e-01
8.125376717683864269e-01
9.047483357269930915e-01
9.863053483215337147e-01
1.061368271311489808e+00
1.122342819253062451e+00
1.171388202818896218e+00
1.196324782547744103e+00
1.208762936453558368e+00
1.192023078733953412e+00
1.167878777550949598e+00
1.132972230991339924e+00
1.093106149657190551e+00
1.057924113785008835e+00
1.030160065689583071e+00
1.005494547638478897e+00
9.834133384963088531e-01
9.660466696293642519e-01
9.527951641964387264e-01
9.403648501659309655e-01
9.359334811471006210e-01
9.316052046554115229e-01
9.331254570725061592e-01
9.343345942872709475e-01
9.434912428124142547e-01
9.526020128111707397e-01
9.636089212551617322e-01
9.739514947926086741e-01
9.855354461630438934e-01
9.928483311455819083e-01
1.001568345112051395e+00
1.005519516059154794e+00
1.012231555434975672e+00
1.016602421860512750e+00
1.017431503897491263e+00
1.020240415338516726e+00
1.019522664834450199e+00
1.018603445421277565e+00
1.017300088414218484e+00
1.010820557306461698e+00
1.010195416802008639e+00
1.006473976728136543e+00
1.005718024528072352e+00
1.002979886463114756e+00
1.000774021318473483e+00
9.997491950793701010e-01
9.991218869756846033e-01
9.965066533401647497e-01
9.971494617542245864e-01
9.954486051766404664e-01
9.944973701731258942e-01
9.954463048236299461e-01
9.955169958876496361e-01
9.962036727976131267e-01
9.966544058054007671e-01
9.969675338248830121e-01
9.972040611452720471e-01
9.981040269527519104e-01
9.975782036964757626e-01
9.987605812926466653e-01
9.988166935882701880e-01
9.985762413318887143e-01
9.999152645474302936e-01
9.998483024692185195e-01
1.000435880633175900e+00
1.001788211472503187e+00
1.001671388843387911e+00
1.000301062084874681e+00
1.000416145567506021e+00
9.995044657018709033e-01
1.001099461708888194e+00
9.998572902054032596e-01
1.001331503535300316e+00
1.000668760594450424e+00
1.001458420907981095e+00
1.000940071156758870e+00
1.000528947082004239e+00
1.002094631775656497e+00
9.994100982805981248e-01
1.000008849871789396e+00
9.999729950842380921e-01
9.996491944434223731e-01
1.000623560022898095e+00
9.998286959877630276e-01
1.000387136211296601e+00
1.000599877283363082e+00
9.999352127873222251e-01
9.997172360076173048e-01
1.000109177572579444e+00
9.989877941781262205e-01
9.993465999027473234e-01
1.001400012304601184e+00
1.000595396951224014e+00
9.995551565294399365e-01
9.994636565354620972e-01
9.997324505241934611e-01
9.991653235772398611e-01
1.000096962915797638e+00
9.997234697452669350e-01
1.000244723647740086e+00
9.994729625894991365e-01
9.987878981108685439e-01
9.987858863839188528e-01
1.000131163587539840e+00
9.996494894162243350e-01
9.999288928660770015e-01
1.000561950123737720e+00
9.993180312298723944e-01
1.001257807911078546e+00
1.001332687887512618e+00
1.001447852062645749e+00
1.001528968870625924e+00
1.001963840166851583e+00
1.000649640814537333e+00
1.000775158029384659e+00
1.000005201287560430e+00
1.000677652980869636e+00
1.000331272523757642e+00
1.001085518448449951e+00
1.000095490529477882e+00
9.990178935622334722e-01
9.993546631863906571e-01
9.993856459379880652e-01
9.993977284099461178e-01
9.993553705769436801e-01
9.986809294707766904e-01
9.995804537363324194e-01
1.000999332196254032e+00
9.994446429449870273e-01
9.986616029244942405e-01
9.990774637971621130e-01
9.997501903355405783e-01
1.000065371656648994e+00
1.000491352304976544e+00
1.000337425808647263e+00
1.001114811419352879e+00
1.000592817242721866e+00
1.001340929207236385e+00
1.000126661567458886e+00
1.000519849228317382e+00
1.001860343011448329e+00
1.000397026759743513e+00
1.000273130900408924e+00
1.000655534749930409e+00
1.000007747681020520e+00
9.999736224742326041e-01
9.995158552644803907e-01
9.997472463346490645e-01
9.997373106274037857e-01
1.000269886314780532e+00
9.999787443397437636e-01
9.997866008385867254e-01
1.000165137943081373e+00
9.999979454284733116e-01
9.999080136492585202e-01
1.000456139462891025e+00
1.000015884015206469e+00
9.997551648505421662e-01
9.992498311501719632e-01
9.995856085880860942e-01
1.000030686962556592e+00
9.997268748876600997e-01
1.000003575390268296e+00
1.000145048962079564e+00
1.000486357129892534e+00
1.000333898660893839e+00
9.997701287599448650e-01
1.000748530752259224e+00
1.000445538786628008e+00
9.997345159142617677e-01
9.991660217994551285e-01
9.999527559792650289e-01
1.000203716719597402e+00
1.000229735246610296e+00
1.001159468484475790e+00
1.000459754405635282e+00
9.999712762441911318e-01
1.000343510828794136e+00
9.999702066712840010e-01
9.992168527470886019e-01
9.999263712736949916e-01
1.000106847030741264e+00
1.001310285513215215e+00
1.000432296155104428e+00
9.996822923698648333e-01
9.996459925033817084e-01
9.999845515235616933e-01
1.000613251752938471e+00
1.000632206217571873e+00
9.996172066486422869e-01
1.000856153388643976e+00
9.997313957808222629e-01
1.000001104681215613e+00
1.000852916724040975e+00
9.998919143486290073e-01
1.000795754952340078e+00
1.000334983215755535e+00
1.000321745907792659e+00
1.000111234289764006e+00
9.995507125114884150e-01
1.000475923006012513e+00
1.000115846421773647e+00
1.000342598153841189e+00
1.000107667293562486e+00
9.997239904733126181e-01
9.999193297399504576e-01
1.000169091074604388e+00
9.998045588016452045e-01
9.999653919501897414e-01
9.996047918702919421e-01
1.001040157448674028e+00
1.000219074596562896e+00
1.000038131208287551e+00
1.000082775630780407e+00
9.999086063118971524e-01
1.000563065516274275e+00
9.998714919119753297e-01
1.000265982328788938e+00
1.000053345395864657e+00
9.999435272532917196e-01
1.000353718608387954e+00
9.998481006518179504e-01
1.000418271515657986e+00
9.999509090753883056e-01
1.000257191756515285e+00
9.998520242966650873e-01
9.998907447189696596e-01
9.999745752657640541e-01
1.000296606376764652e+00
1.000017538465720168e+00
1.000107939937758816e+00
1.000416007072510105e+00
1.000708326345814081e+00
9.972449673123520153e-01
9.876528165610597432e-01
9.765135264681905625e-01
9.655007094714975757e-01
9.558213438355545044e-01
9.445247490739627771e-01
9.337083019376594129e-01
9.232179933650511705e-01
