0.000000000000000000e+00
0.000000000000000000e+00
0.000000000000000000e+00
0.000000000000000000e+00
0.000000000000000000e+00
0.000000000000000000e+00
0.000000000000000000e+00
0.000000000000000000e+00
0.000000000000000000e+00
0.000000000000000000e+00
0.000000000000000000e+00
0.000000000000000000e+00
0.000000000000000000e+00
0.000000000000000000e+00
0.000000000000000000e+00
0.000000000000000000e+00
0.000000000000000000e+00
0.000000000000000000e+00
0.000000000000000000e+00
0.000000000000000000e+00
1.681152649704472480e-05
3.344206545720838225e-02
1.009431662215919401e+00
3.379483595177481536e+00
3.426452857173047928e+00
1.931855947450989985e+00
8.870819939508712837e-01
4.113175496694279065e-01
2.092792775262632410e-01
1.306385671185456288e-01
1.848618463300168990e-01
6.856991459256852606e-01
1.445775910177757639e+00
1.730727050241396503e+00
1.472246614309144386e+00
1.089015609479738966e+00
8.266467701200748142e-01
7.046630786519114675e-01
6.877460869194730320e-01
7.353691958548334018e-01
8.114981336159023950e-01
9.016097242281206903e-01
9.852037839265394004e-01
1.058293801823108726e+00
1.124599560530948450e+00
1.168949963118116164e+00
1.197460135153867178e+00
1.208640822604128973e+00
1.194585676550683484e+00
1.172146439390803652e+00
1.132409120660812674e+00
1.096618655956001609e+00
1.057792717823208051e+00
1.030832781354789951e+00
1.004868934329065322e+00
9.835931650828774186e-01
9.665143574850209029e-01
9.487487811068788801e-01
9.423555528236678969e-01
9.355052328036337350e-01
9.335236494318532863e-01
9.322214628330101061e-01
9.368083601508719882e-01
9.428788426162595382e-01
9.551913131068744400e-01
9.639380902568437381e-01
9.742522115773858404e-01
9.844624350897280829e-01
9.917409397930786463e-01
9.999251264619350987e-01
1.007044470620699128e+00
1.012272734347978265e+00
1.015532703052772989e+00
1.018471928495584544e+00
1.018207200557951442e+00
1.018034185977857220e+00
1.018834698944834694e+00
1.014605651410524612e+00
1.013570624549748000e+00
1.008980338274748201e+00
1.008546827022764658e+00
1.006619997548083845e+00
1.003352820725908812e+00
1.000742997700260206e+00
9.995019790467366549e-01
9.982527180899397612e-01
9.975105414041803842e-01
9.972990787292490555e-01
9.962126577859061749e-01
9.965301773070305291e-01
9.936518508413205719e-01
9.964514551903299600e-01
9.947401192770641831e-01
9.962070805128622197e-01
9.973174924422935073e-01
9.968281979963460326e-01
9.972550502097936587e-01
9.979639501546282432e-01
1.000858860106625059e+00
9.994728756949892157e-01
9.998346827886588351e-01
1.001584379515440881e+00
9.995016607906939132e-01
1.001074720153781961e+00
1.000616243551895934e+00
1.000054864062384752e+00
9.989461543818206612e-01
9.998810712167364168e-01
9.983748053248009402e-01
1.001190173691239638e+00
1.000879336196961678e+00
1.000804475936921900e+00
9.994697208077819583e-01
1.000690669116712117e+00
9.995633827357438550e-01
9.997487902764047307e-01
9.992947978841539847e-01
9.996464767409346530e-01
9.981380779419896099e-01
9.992442418265207182e-01
9.985864441026912619e-01
1.000887008614161244e+00
9.997719171906841451e-01
1.001554023072336097e+00
1.000899830332787621e+00
1.000364899205312241e+00
1.001515895434959447e+00
1.000656075892752295e+00
1.000140687887876023e+00
9.998740830151843229e-01
9.999417277851970765e-01
1.000186312979590930e+00
9.990284687308221834e-01
9.997813631831438119e-01
9.996433078803881322e-01
9.999800289940019571e-01
9.991513503472708724e-01
1.000083548807712219e+00
9.989813129406160952e-01
9.988198039287536911e-01
9.996495349510464701e-01
9.993040442860642303e-01
9.989633705086705673e-01
9.980958602589397044e-01
1.000135759257555490e+00
1.000159927402521687e+00
1.000512994065530181e+00
1.000389758017513175e+00
1.000651739078077140e+00
1.000957277202398688e+00
1.001160437636604117e+00
1.000692842427417517e+00
1.000438816308574452e+00
1.001162411154365550e+00
1.000540756748825144e+00
1.000414210265226922e+00
1.000371043306677699e+00
1.000985825519409067e+00
1.000592462330810894e+00
9.990808424987042136e-01
9.997661317583137475e-01
9.989108621252790199e-01
1.000109312018520491e+00
9.995638275131953909e-01
9.988017511291130690e-01
9.989816683808058206e-01
9.999279207840661154e-01
9.998374436343530069e-01
9.988508777105697956e-01
9.989198135380448207e-01
9.992835248718542340e-01
9.999115335227548584e-01
1.000212781208104529e+00
1.000521187945115242e+00
1.000344239870148089e+00
9.998262140568685563e-01
1.000729873967235006e+00
1.001002275533203312e+00
1.000427989824451469e+00
1.000761646811756167e+00
9.999049637384370692e-01
1.000945302066465592e+00
1.000650446860922971e+00
1.000161943812220011e+00
1.000695131543963390e+00
9.999386882816914124e-01
9.997753596609891824e-01
1.000373879353091633e+00
1.000581879263775287e+00
9.994442196887318719e-01
9.999235448257985936e-01
9.999084827797860564e-01
9.994940357207118264e-01
1.000123688218658824e+00
9.997687487783504245e-01
1.000334198511995565e+00
1.000001673360212617e+00
1.000259908271377007e+00
9.997620476916927457e-01
9.999647855676733199e-01
1.000557420526834607e+00
9.992038584693733183e-01
9.998538557953878803e-01
1.000279552952059392e+00
9.995791996353055042e-01
9.998619433822618641e-01
1.000493204435379591e+00
9.998909399307662760e-01
1.000325705174819335e+00
1.000429702118096786e+00
1.000100644190748067e+00
1.000043321773271598e+00
1.000105998253602024e+00
1.000364535011919465e+00
1.000846017826393597e+00
1.000415179795652643e+00
1.000300696879089957e+00
1.000491227987484466e+00
1.000259980086108280e+00
1.000438738643725012e+00
9.997526757066187431e-01
9.992761292875470547e-01
9.998596890885460553e-01
9.999964376012054901e-01
9.997056511782365096e-01
1.000152495126806595e+00
1.000455660054122786e+00
1.000267848941466697e+00
9.999861226399884284e-01
9.999352136141614888e-01
1.000144537017072954e+00
1.000014414168334920e+00
1.000117374288692851e+00
1.000084557244427907e+00
9.998721291790372279e-01
1.000013302333727427e+00
1.000579878353989205e+00
1.000363965961993395e+00
9.998871594098848181e-01
1.000378087398446025e+00
9.998859385467374628e-01
1.000605893856262085e+00
1.000173996222506245e+00
1.000061286837176766e+00
9.994535850977931402e-01
1.000000899321393355e+00
9.998905469488276188e-01
9.999420889528570777e-01
1.000213428304299379e+00
9.997706057828390502e-01
9.998110666760879894e-01
1.000129068128498666e+00
1.000523397793013247e+00
9.998775333901543938e-01
9.997460412670643448e-01
1.000251260624605232e+00
1.000016439529443746e+00
1.000121591958371470e+00
1.000592597370937087e+00
1.000347400461559788e+00
9.999109013986087202e-01
1.000806974143654937e+00
1.000125200818684279e+00
9.997222125555824679e-01
1.000653232532911163e+00
1.000225042782959317e+00
1.000044624206335886e+00
1.000529723513325253e+00
9.998957718290716334e-01
1.000237414476269793e+00
9.999461787653135536e-01
1.000391243208588410e+00
9.971613523520858058e-01
9.871335255056438163e-01
9.758134952956770691e-01
9.654657020953630875e-01
9.551339423550671004e-01
9.442470754336433902e-01
9.333632938651961197e-01
9.231779785438311015e-01
