0.000000000000000000e+00
0.000000000000000000e+00
0.000000000000000000e+00
0.000000000000000000e+00
0.000000000000000000e+00
0.000000000000000000e+00
0.000000000000000000e+00
0.000000000000000000e+00
0.000000000000000000e+00
0.000000000000000000e+00
0.000000000000000000e+00
0.000000000000000000e+00
0.000000000000000000e+00
0.000000000000000000e+00
0.000000000000000000e+00
0.000000000000000000e+00
0.000000000000000000e+00
0.000000000000000000e+00
0.000000000000000000e+00
0.000000000000000000e+00
0.000000000000000000e+00
3.410382284116470625e-02
1.008086281586285882e+00
3.384423985944004620e+00
3.425460258923037404e+00
1.940904377631213373e+00
8.915168035132713387e-01
4.126430389832261292e-01
2.129959368439664213e-01
1.290156259283147255e-01
1.854637591247301764e-01
6.856122327890038504e-01
1.449647836478007878e+00
1.729464681976869755e+00
1.475013148600119894e+00
1.094083781215194895e+00
8.276053626764031668e-01
7.032541417839994757e-01
6.886098698383813499e-01
7.300950577479965453e-01
8.115715220796257956e-01
9.002072043711859539e-01
9.859450867772665550e-01
1.061956325417008795e+00
1.124331483593144609e+00
1.169890467146435409e+00
1.199939858568881190e+00
1.208710628436059364e+00
1.198995695750392665e+00
1.169314142449880078e+00
1.135826828330666061e+00
1.097758300461627812e+00
1.061751184030838013e+00
1.030819174668042626e+00
1.005533080973983084e+00
9.818012236774410484e-01
9.675150787183200984e-01
9.516045044800469643e-01
9.422185367669730915e-01
9.341483549418844179e-01
9.344760390626963842e-01
9.336832285749099292e-01
9.376457011103587202e-01
9.417492431273637443e-01
9.531251761085361984e-01
9.636840384380740421e-01
9.771336487264474790e-01
9.820882341520396075e-01
9.944091184781786996e-01
1.001516763048355019e+00
1.007280695029578732e+00
1.013846373531437139e+00
1.016715079524550980e+00
1.018687094742200649e+00
1.020475352016183779e+00
1.020092453236976615e+00
1.018169461765007222e+00
1.015763016493198778e+00
1.014698526444847815e+00
1.010810748592577690e+00
1.007600099037571972e+00
1.005666388766207175e+00
1.002874586133331247e+00
1.000635775884845868e+00
1.000099031672063044e+00
9.971846724204993517e-01
9.960326753854006343e-01
9.985199377255221664e-01
9.973268046405419085e-01
9.963600032757351510e-01
9.952888034627070946e-01
9.946027077763663904e-01
9.956991393206965357e-01
9.948245275891083317e-01
9.966499501022884067e-01
9.981641129325079520e-01
9.972396049024920828e-01
9.976750596699649476e-01
9.988517834622541169e-01
9.995728787418700634e-01
9.985562401352084949e-01
1.000047094346083520e+00
1.000913266669582136e+00
9.988815204365070199e-01
1.000602326721557134e+00
1.001633599480778347e+00
1.000410484896984586e+00
1.000162574694100748e+00
1.000629095702627147e+00
1.000648352328577406e+00
1.000753638239090915e+00
1.000558325029015982e+00
1.001386670804833567e+00
1.001667434315722582e+00
1.000753350846079970e+00
9.999436509949299889e-01
1.000224315968089472e+00
9.999457057734826293e-01
9.998359767632497563e-01
1.000209973994336865e+00
9.987629716733453789e-01
9.997982811916549251e-01
9.996151567698333684e-01
9.997122820457117198e-01
9.997872036142970709e-01
1.000866251682430041e+00
1.000055986161106025e+00
9.998578464208287553e-01
9.999033914119470623e-01
9.997562306566818435e-01
1.000104924517333682e+00
9.996444836747417906e-01
1.000015470990796906e+00
1.001207382662086198e+00
9.990944484285352312e-01
9.998173129171118445e-01
1.001730302110709347e+00
9.994796899505437038e-01
9.992739873582886512e-01
1.000497113949104788e+00
1.000764798657424848e+00
9.987302060819664984e-01
9.997581121574520280e-01
9.988607004626256503e-01
9.991060402833601417e-01
1.000044820098999532e+00
9.999623614884370904e-01
1.002188188250729306e+00
1.001222514978280742e+00
1.001720836212653509e+00
1.001360274759698354e+00
1.001560839682008375e+00
1.001549705361597820e+00
1.000955639274832887e+00
1.001045311796086690e+00
1.001190187698700385e+00
1.000182841308052684e+00
1.000580686243693673e+00
1.000404748017747592e+00
1.000750433239892878e+00
1.000352513933601140e+00
1.000058931380109151e+00
1.000376324408948303e+00
9.995169042945536431e-01
9.997190609999762057e-01
9.997210595961271151e-01
9.985674142013326593e-01
9.996914793254818576e-01
9.993749356104210113e-01
1.000064584539500201e+00
9.997263094329565947e-01
9.999144371656091268e-01
9.998030127590110672e-01
1.000222644471425948e+00
1.000311944006680775e+00
1.000349638898362592e+00
1.000422535734665885e+00
1.001413246996086137e+00
1.000147946839918145e+00
9.999990708386945482e-01
1.001175616239735167e+00
9.995293732901718853e-01
1.000508653208828758e+00
1.001218378377171092e+00
1.001208490368121762e+00
1.000158879330590667e+00
1.000297956473302552e+00
1.000193638802024942e+00
9.996545305924986469e-01
1.000636465135410047e+00
9.996872072837579282e-01
1.000588119260793496e+00
9.997878465114647950e-01
1.000178470920808360e+00
1.000021191863509573e+00
9.997051324512605808e-01
1.000107677882205115e+00
9.998512895426021618e-01
1.000702067165253339e+00
1.000333860642289130e+00
1.000099878931191677e+00
1.000222298084942008e+00
9.995889661528628567e-01
9.995247327462218889e-01
1.000387691952588254e+00
1.000727005920677648e+00
9.998699254288513361e-01
1.000821733607069941e+00
1.000153023456648027e+00
1.000754609840932563e+00
1.000030527694539373e+00
1.000120466444112344e+00
1.000779192648945104e+00
9.999106425688820687e-01
1.000020703513405218e+00
9.999763974449702442e-01
1.000260401620418627e+00
1.000642131167270188e+00
1.000030099017986229e+00
1.000295057364148477e+00
9.998843903179999160e-01
9.997151917824154133e-01
9.999704534302508163e-01
1.000827422448450577e+00
1.000172678462094122e+00
1.000003427153502766e+00
1.000006183770504764e+00
1.000177124194143508e+00
9.994988184083624105e-01
1.000049061583041965e+00
1.000505994526999842e+00
9.996326259425090122e-01
1.000307826322686333e+00
1.000309641254539805e+00
9.998482275472290182e-01
1.000619876716687395e+00
1.000269103615069488e+00
1.000316626392300678e+00
1.000173373933334275e+00
1.000523615453539517e+00
9.995441340625890181e-01
1.000104033154209704e+00
1.000024625321417338e+00
9.998061045203620045e-01
1.000137458188152140e+00
1.000233364728936536e+00
9.998729351180472014e-01
1.000171790338955313e+00
9.996868075735496628e-01
1.000051303877898423e+00
1.000850486945706219e+00
1.000305012908484503e+00
1.000595188556775206e+00
1.000709441825416102e+00
9.997356504938493815e-01
1.000366882440394178e+00
1.000101120679607103e+00
1.000206341208629279e+00
1.000556470162685008e+00
1.000464089699646397e+00
1.000270838249733396e+00
1.000345930065065003e+00
9.995745314967402484e-01
9.999479167195605145e-01
1.000024135764519206e+00
1.000045571853329429e+00
9.999928511895865846e-01
9.999848682876651962e-01
1.000222968537307411e+00
9.999030918500750875e-01
9.996162317430041799e-01
9.998086687477858447e-01
9.975085061869994885e-01
9.873346415610309013e-01
9.770411396927420888e-01
9.654176645525108791e-01
9.543728020675017465e-01
9.436821398218508961e-01
9.339873161835693383e-01
9.230204993016056791e-01
