0.000000000000000000e+00
0.000000000000000000e+00
0.000000000000000000e+00
0.000000000000000000e+00
0.000000000000000000e+00
0.000000000000000000e+00
0.000000000000000000e+00
0.000000000000000000e+00
0.000000000000000000e+00
0.000000000000000000e+00
0.000000000000000000e+00
0.000000000000000000e+00
0.000000000000000000e+00
0.000000000000000000e+00
0.000000000000000000e+00
0.000000000000000000e+00
0.000000000000000000e+00
0.000000000000000000e+00
0.000000000000000000e+00
0.000000000000000000e+00
0.000000000000000000e+00
3.523469612523846134e-02
1.045949685138484631e+00
3.455415928505658041e+00
3.431353294699034162e+00
1.903008460183933659e+00
8.718381266179998645e-01
3.956372681591986962e-01
2.050735731197514677e-01
1.239689616371047187e-01
1.858856861208143252e-01
7.049977617133887930e-01
1.484545648525792627e+00
1.745763729307270973e+00
1.468454019621922457e+00
1.076698986832749894e+00
8.109583856604770657e-01
6.905126851849493486e-01
6.821478206820794643e-01
7.314612240202785776e-01
8.120830465412751664e-01
9.026221937866143463e-01
9.875188145093997116e-01
1.069718952702808590e+00
1.125987198396607214e+00
1.174050844781338254e+00
1.206764061696831813e+00
1.211779909282731937e+00
1.200799696039850595e+00
1.170239954239198799e+00
1.133574720887748466e+00
1.099749855444899227e+00
1.060822711289362896e+00
1.028911614233940064e+00
1.005726908793854957e+00
9.813530977063729122e-01
9.637364440815973099e-01
9.484505598450054809e-01
9.417645148732205485e-01
9.334711243262658886e-01
9.271923777792754340e-01
9.308553574023051835e-01
9.357757398447714703e-01
9.423560848801978418e-01
9.544748810940543171e-01
9.659207735691021091e-01
9.740733056291669412e-01
9.836215975678453960e-01
9.931080490381823944e-01
1.000553493200117217e+00
1.005726213616876530e+00
1.012967088360131607e+00
1.016235895233299047e+00
1.017683164133854401e+00
1.017944457705463712e+00
1.019489235971271723e+00
1.017268051772320048e+00
1.015778738164619277e+00
1.013390886749658826e+00
1.009013457646646517e+00
1.006734656967080976e+00
1.004812892045333639e+00
1.004144578344178917e+00
1.004680110333038279e+00
1.000539062604602680e+00
9.990944942096493531e-01
9.999882840689889862e-01
9.978062348369727275e-01
9.973504327389929314e-01
9.977798798094529298e-01
9.967466782862594021e-01
9.975320150397627428e-01
9.975623127991630756e-01
9.970924439657662397e-01
9.975897001266973430e-01
9.970992551490202027e-01
9.968785011232368376e-01
9.955499483841895314e-01
9.968232776176031429e-01
9.992892652608843518e-01
9.982859822296688002e-01
9.980481514443235724e-01
9.998450130330870378e-01
9.993800328179003323e-01
1.001379464184335655e+00
1.001241398377417768e+00
1.001554078982329621e+00
1.001391466289953236e+00
1.002636913383047945e+00
1.002374676230729733e+00
1.002215861399776919e+00
1.002421070046864759e+00
1.001557995181079130e+00
1.001667868745198309e+00
1.000018141909339686e+00
1.000467885585460515e+00
1.001145490670239502e+00
1.001024558439272960e+00
9.999790499135371435e-01
1.000883005121442348e+00
9.994176397853186122e-01
1.001145240681331483e+00
1.000286353693495833e+00
1.001304380906343106e+00
9.985471968980101920e-01
1.000527227928957874e+00
9.997501173530209950e-01
1.000033070104550559e+00
1.000937548751799744e+00
1.000492867091570259e+00
9.994148208683309997e-01
9.992505902839720067e-01
1.000132097482308691e+00
1.000883036453268815e+00
9.993923767803817304e-01
1.000688347466439643e+00
1.000157692811524335e+00
1.000064678571790822e+00
9.999875628527555849e-01
1.000424342630569452e+00
9.995999309229121055e-01
1.000564129595119089e+00
1.000580629179409708e+00
1.000517905193457180e+00
1.001594208701900968e+00
1.000720976230374148e+00
1.000846348662736363e+00
9.998848835958787928e-01
1.000728784459483656e+00
1.000031270402768957e+00
1.000933535609735969e+00
1.000353162627118930e+00
1.001100090626764638e+00
1.000715791411734168e+00
1.000126631385317433e+00
9.998505026332119572e-01
9.995516306643861260e-01
1.000297224776675709e+00
9.997404124931065228e-01
1.000069162494973130e+00
9.996355947641613060e-01
1.000983904675934566e+00
1.001156331342403005e+00
9.997939781599142206e-01
1.000077798690870434e+00
1.000051570767946707e+00
9.999631929516991091e-01
1.000961872711870315e+00
1.000125434088018350e+00
9.996192791465265959e-01
9.996080738807755495e-01
1.000444688639659629e+00
1.000679649339949240e+00
9.994942713884733543e-01
9.999561259250396850e-01
9.994566814815115663e-01
9.997477596737780470e-01
1.000387167737822436e+00
9.996277305885815645e-01
9.997459868038355291e-01
9.999537141247929473e-01
1.000872255003181888e+00
1.000238519753914757e+00
1.000671819292717979e+00
1.000508096564316052e+00
9.999534496942737993e-01
9.996860263354244713e-01
1.000396593743891893e+00
9.994737283240843206e-01
9.993880175011830014e-01
9.991832347383167168e-01
1.000213356709451551e+00
1.000158055764664100e+00
9.999197585225662044e-01
9.996392272614861296e-01
1.000001026240955326e+00
9.998476227576106323e-01
9.998447783126505062e-01
9.998334745499106724e-01
1.000428617519470320e+00
9.990680975036662081e-01
1.000207345355100141e+00
1.000235521204114075e+00
9.998570808358825390e-01
9.997122022470442682e-01
9.997786734023316191e-01
1.000483288447508334e+00
9.998659997566083923e-01
9.999789681167086108e-01
1.000565761319412994e+00
9.994517478936866262e-01
1.000387903197089035e+00
9.996705554130874694e-01
1.001096111072244943e+00
1.000175973711743271e+00
9.999480982969586318e-01
9.995184611971568156e-01
9.996631387605828811e-01
1.000241290986161546e+00
1.000181283010888267e+00
9.999840231898411425e-01
1.000562733381161751e+00
9.998269338042057308e-01
1.000196616808820993e+00
9.997988078155888303e-01
9.992441488643680758e-01
1.000025404222716352e+00
9.999730337239853828e-01
1.000671471781442889e+00
1.000108379197994779e+00
1.000262742647788583e+00
9.999813127269511215e-01
1.000427589564432118e+00
1.000495618259616304e+00
1.000551896500483373e+00
1.000288049535509094e+00
1.000226755513678123e+00
1.000328080927419983e+00
1.000015182319494933e+00
9.999083865655293835e-01
1.000334372206619138e+00
1.000021588505908943e+00
9.999438118296957168e-01
1.000352393199687606e+00
9.999518580601816087e-01
1.000011153358614235e+00
1.000016698744048416e+00
1.000068253356853010e+00
1.000077267893088040e+00
1.000026372491817916e+00
1.000173468249356157e+00
9.999394813960015282e-01
1.000280572721570671e+00
1.000226454858191616e+00
1.000397383093068138e+00
1.000199405800963337e+00
1.000170791592265074e+00
1.000507658735383831e+00
1.000144447904116163e+00
9.995527392774087305e-01
1.000766898638822955e+00
9.999356109787479463e-01
1.000024593596762434e+00
9.998296920069978944e-01
9.998779236763486455e-01
9.998937750384784273e-01
1.000213616527107607e+00
1.000151207945550791e+00
9.999354596381773153e-01
1.000298239701063796e+00
1.000223466509831960e+00
9.992044686372737461e-01
9.921681892601705854e-01
9.803168640456443317e-01
9.700139484369281195e-01
9.591604818801421350e-01
9.486220541459353672e-01
9.372962424327049291e-01
9.272604161893022168e-01
9.167591885101613602e-01
