0.000000000000000000e+00
0.000000000000000000e+00
0.000000000000000000e+00
0.000000000000000000e+00
0.000000000000000000e+00
0.000000000000000000e+00
0.000000000000000000e+00
0.000000000000000000e+00
0.000000000000000000e+00
0.000000000000000000e+00
0.000000000000000000e+00
0.000000000000000000e+00
0.000000000000000000e+00
0.000000000000000000e+00
0.000000000000000000e+00
0.000000000000000000e+00
0.000000000000000000e+00
0.000000000000000000e+00
0.000000000000000000e+00
0.000000000000000000e+00
8.330303791851351527e-05
3.794348272418011231e-02
1.077864007201275287e+00
3.492734750914874731e+00
3.422628162892503489e+00
1.885492796025235229e+00
8.475202685367072553e-01
3.868197822889813953e-01
1.952279058220809105e-01
1.195929359867475006e-01
1.865746049721724864e-01
7.238692780055172582e-01
1.509149484303088817e+00
1.756134950248143589e+00
1.462148208975146302e+00
1.064742557898915809e+00
7.968029279797583797e-01
6.834880075993406967e-01
6.760541157990740402e-01
7.257382054243081138e-01
8.139727533470377807e-01
9.040427511408306582e-01
9.902349962195340360e-01
1.068821716092099194e+00
1.133606879642787613e+00
1.180084204412748639e+00
1.208192271355390535e+00
1.217421699715990346e+00
1.204001478400112291e+00
1.174599191093096850e+00
1.137634235962776019e+00
1.097256260621018331e+00
1.060921521820118230e+00
1.028473425070737912e+00
1.002143043526607658e+00
9.767094217089227204e-01
9.627999925660695180e-01
9.466939571443681034e-01
9.374564289546737372e-01
9.253683809873645139e-01
9.261037399490805733e-01
9.291536672764649785e-01
9.339595835961796988e-01
9.404113886090141872e-01
9.520265202503798152e-01
9.629939527164965707e-01
9.728586894019234377e-01
9.830822515441598464e-01
9.935894841265784372e-01
1.002389047001999378e+00
1.009030655537526799e+00
1.014428985598514465e+00
1.017762014859501241e+00
1.020160821674264362e+00
1.022506565406717360e+00
1.022385627625296944e+00
1.019870532813677455e+00
1.017369000124795031e+00
1.014868811360584600e+00
1.010293608915732610e+00
1.008843904966935101e+00
1.005292497611883995e+00
1.001808194879983516e+00
1.000971571293915119e+00
9.996769612750391332e-01
9.956310750939199039e-01
9.958635930041623840e-01
9.939705137962202564e-01
9.921648287489922557e-01
9.936750946737410439e-01
9.943286245298801340e-01
9.929799071636049579e-01
9.944989899637978192e-01
9.952055878113154064e-01
9.971692622536562078e-01
9.958881928004585937e-01
9.958167103154700328e-01
9.991954428565940072e-01
1.000632914130398898e+00
1.000810843586598331e+00
1.001145513705633983e+00
1.000631087958250287e+00
1.000605278947052978e+00
1.000377954448466777e+00
9.999381986064297401e-01
1.001180042277566296e+00
1.001394025001275612e+00
1.000244528994275406e+00
1.000874836752601249e+00
9.992320604697373376e-01
1.000002918801143004e+00
9.998228052826509948e-01
1.001097332602939316e+00
9.997517502030520697e-01
9.996030656074081922e-01
1.000148494053674231e+00
1.000164212102869543e+00
9.992589576489198100e-01
9.997742076798201705e-01
9.998940020139530649e-01
9.990435556273555839e-01
9.997079184086714587e-01
9.995576551112129726e-01
1.000660416612369596e+00
1.001004804649541446e+00
1.001880356891069024e+00
1.001636076365763017e+00
1.000450351443908037e+00
1.001303156146254203e+00
1.001020319640506084e+00
1.000539707721484817e+00
9.998278854900048973e-01
1.001660937267115692e+00
9.990389790293373595e-01
1.000089802768696412e+00
9.994782637917871693e-01
9.997642183386353798e-01
9.986193636880908997e-01
9.995808939933896742e-01
9.995641295898339829e-01
9.983411470087811823e-01
9.983059587655601641e-01
9.978051074934367604e-01
9.983873385293561276e-01
9.991560943395282335e-01
1.000890171579599475e+00
9.999812887413546125e-01
1.002779690802720003e+00
1.002565641266826679e+00
1.002042909842020268e+00
1.001579683649989283e+00
1.001648808264567592e+00
1.004137138979786403e+00
1.001907371470503794e+00
1.001015216327771462e+00
1.000702249300442270e+00
1.001155281059362467e+00
1.000326519706568495e+00
1.000355455726134934e+00
1.000245293362288512e+00
9.987735241115501816e-01
9.979420333092704487e-01
9.986701145450123107e-01
9.989405931077449674e-01
9.979909823180228567e-01
9.990937234279438917e-01
9.993341525475202269e-01
9.974888134524236838e-01
9.990782615871482975e-01
9.988972819827944827e-01
9.989259433709207769e-01
9.996205459045157671e-01
1.000220651484583057e+00
1.000528611768106035e+00
1.000392187958840440e+00
1.001277304262741641e+00
1.001183043302825260e+00
1.001261615953410233e+00
1.001572744013518923e+00
1.001825674646944275e+00
1.001899975522019925e+00
1.001360165289385984e+00
1.000655086460672694e+00
9.999374707727470835e-01
9.995939982973258697e-01
1.000050281751878378e+00
9.997338394324605249e-01
9.997182219902610578e-01
1.000151800716493122e+00
1.000627050478952729e+00
9.998728365262767870e-01
9.994832659320003199e-01
9.992099514709325003e-01
9.993570318319914270e-01
9.994873288510410791e-01
9.997783307878697068e-01
9.993569183408912426e-01
1.000471768672975159e+00
1.000143535265838546e+00
1.000419980648445950e+00
1.000292064387590552e+00
1.001035157529784225e+00
1.000058438651668880e+00
1.000438506034362351e+00
9.998825197174454615e-01
1.000257228910900853e+00
1.001017107527176986e+00
1.000349996048435663e+00
1.000340035813400918e+00
9.996482084619850994e-01
1.000244017050884171e+00
9.999660532806148305e-01
1.000075177919009572e+00
1.001408789518293263e+00
1.000100938243579707e+00
9.999776811172786939e-01
1.000540733470690835e+00
1.000289832259160683e+00
9.996039407403007893e-01
9.994071696936792648e-01
1.000172009128441397e+00
9.998965859592066074e-01
9.993903453871259002e-01
1.000454685002383215e+00
1.000275360415069148e+00
9.999871455710434009e-01
9.995670036913699708e-01
1.000511149850128234e+00
9.996587613481464629e-01
1.000135401159189419e+00
1.000380571268236762e+00
1.000206810239667954e+00
9.999028934467618646e-01
1.000155236866666630e+00
9.998238990016405925e-01
9.999774198472918263e-01
1.000671671645008365e+00
9.997791793414927408e-01
1.000385666280669605e+00
1.000383383149780814e+00
9.993787954867876522e-01
1.000486863978512275e+00
1.000437824401225084e+00
9.999947793328101131e-01
9.997445595967261456e-01
9.994928788078953907e-01
9.999125258057577348e-01
1.000361365021786852e+00
9.999165581315287987e-01
1.000041727595844421e+00
1.000260034754053562e+00
1.000300654568938796e+00
9.998418845147610812e-01
1.000850970597724876e+00
9.996082344251833174e-01
9.997690077522393137e-01
9.997574541651165214e-01
1.000196159523389250e+00
9.996350508128784007e-01
1.000014087818522857e+00
1.000002545728719827e+00
1.000019281507647184e+00
1.000559609553268725e+00
1.000658089554816943e+00
1.000787440167091313e+00
1.000096346990007046e+00
9.995544582186858262e-01
9.999586525881545285e-01
1.000125696837137923e+00
1.000109905277207334e+00
1.000340257100466257e+00
9.983949776846763324e-01
9.893149279046259403e-01
9.782452380535852088e-01
9.670125245081486742e-01
9.567632729996301544e-01
9.459144639218122208e-01
9.351780784684360359e-01
9.249279589322932926e-01
9.145003786846223059e-01
