0.000000000000000000e+00
0.000000000000000000e+00
0.000000000000000000e+00
0.000000000000000000e+00
0.000000000000000000e+00
0.000000000000000000e+00
0.000000000000000000e+00
0.000000000000000000e+00
0.000000000000000000e+00
0.000000000000000000e+00
0.000000000000000000e+00
0.000000000000000000e+00
0.000000000000000000e+00
0.000000000000000000e+00
0.000000000000000000e+00
0.000000000000000000e+00
0.000000000000000000e+00
0.000000000000000000e+00
0.000000000000000000e+00
0.000000000000000000e+00
1.666372074501941525e-05
3.667797869630529117e-02
1.079448755429964990e+00
3.500476254421721833e+00
3.436836870261066768e+00
1.889399330035510083e+00
8.536025512841508567e-01
3.865586705888549579e-01
1.964973984101153481e-01
1.185046787172297916e-01
1.895833539137582180e-01
7.222469889379724561e-01
1.513462996535241079e+00
1.762179718723938526e+00
1.466587530004680673e+00
1.066375351175616881e+00
8.003426983192157840e-01
6.819422568263587836e-01
6.730429107279619627e-01
7.225429861884918870e-01
8.085268052604797084e-01
8.984043443164018150e-01
9.924829356765438870e-01
1.069113969021893151e+00
1.132534794025553015e+00
1.181685050938529269e+00
1.204913173265649950e+00
1.218803980811502985e+00
1.208981688924622766e+00
1.177782955087707251e+00
1.136512045585473363e+00
1.096985944899840248e+00
1.059155437068948880e+00
1.029788806243515431e+00
1.004471448510205533e+00
9.817375717526918288e-01
9.616766001885189707e-01
9.479766874518368303e-01
9.357630087007895447e-01
9.318683263519704774e-01
9.266843806605391531e-01
9.239402525197288885e-01
9.313942947168258879e-01
9.403647707360669461e-01
9.514484793998982948e-01
9.627167727457465185e-01
9.730293884942983196e-01
9.846325815094881806e-01
9.937482750094649431e-01
1.003375339118065757e+00
1.009844896431393746e+00
1.013688253509358539e+00
1.017547096798114614e+00
1.021270690201095954e+00
1.022986618148671534e+00
1.023396248236944306e+00
1.021998790293052517e+00
1.019208046820449187e+00
1.016150752548581782e+00
1.009386360779397807e+00
1.008464964908071027e+00
1.005986502487992151e+00
1.003997995993125114e+00
1.000172105753564855e+00
1.000100167719438993e+00
9.969525113467072597e-01
9.982177178121952599e-01
9.928590021310755853e-01
9.933133643649507682e-01
9.939971784206241834e-01
9.921583651632597256e-01
9.935377412501457117e-01
9.940364789510447441e-01
9.947730266972085733e-01
9.961610582145744575e-01
9.973598959696780009e-01
9.993822182790580433e-01
9.992325786424779421e-01
1.000372299042615598e+00
9.998531452544568987e-01
1.000937305255492182e+00
1.000144985472739112e+00
1.000522912669339570e+00
1.000940849552840461e+00
1.000407261292496131e+00
1.000304232912207603e+00
1.000416467185093250e+00
9.997319905345548596e-01
9.981994031678781409e-01
9.997318863189008642e-01
1.000528223671143468e+00
9.995758154562166542e-01
9.991509461438040640e-01
9.991333195777274412e-01
1.000145665729819333e+00
9.981611550376110475e-01
9.992363823184509108e-01
9.990991728634476265e-01
9.989459648931960922e-01
9.986275269546687205e-01
9.980754169810821530e-01
9.999568773039012592e-01
1.000286802176754808e+00
1.000421232901305579e+00
9.998447906079096503e-01
1.001166585130337960e+00
1.001185064343737663e+00
1.000908739404495984e+00
1.000889608456454916e+00
1.000519479934073308e+00
1.000841414640107452e+00
9.998506643385749459e-01
9.992935488412615364e-01
1.000390532396196130e+00
9.990640117352131977e-01
1.000710311544221742e+00
9.993254964976201471e-01
1.000022231602560430e+00
9.980759603259461432e-01
9.991987763259989608e-01
9.992540166039365346e-01
9.984298811157302778e-01
9.984879130487587240e-01
9.987341016798182425e-01
9.979654346972944845e-01
1.001654538048341925e+00
9.997109209694533538e-01
1.000332923399781970e+00
1.001284609460198149e+00
1.002388723310203567e+00
1.001620258178461009e+00
1.001593365419979120e+00
1.002089720902855419e+00
1.001679897244371009e+00
1.001710194259374243e+00
1.000772211449047822e+00
1.001417853260410995e+00
1.000940931430837955e+00
1.000203069946385748e+00
1.000885379008344289e+00
9.994237475159122308e-01
9.991696608496474230e-01
9.980713142155827056e-01
9.985639168930017240e-01
9.983353573924445001e-01
9.997353415513725583e-01
9.982603663403625260e-01
9.983737278806354976e-01
9.987473756355054189e-01
9.992197274666437812e-01
9.997937484766599159e-01
9.995944334985882307e-01
9.996879657679662579e-01
1.000496147581299011e+00
1.001702557642034863e+00
1.000566129317759900e+00
1.001624866663227031e+00
1.001039205848328839e+00
9.998001053030668439e-01
1.000737239983459093e+00
9.997986616170752017e-01
1.000367216113707158e+00
1.000286033644951944e+00
1.000683458373979873e+00
9.999227580571166119e-01
1.000038888398640191e+00
1.000154847266434777e+00
9.992880009791927920e-01
1.000016584162248812e+00
9.996601083429695889e-01
9.988838668760703365e-01
1.000158025132205530e+00
9.993337184310931987e-01
9.992190167064091133e-01
9.999607041360466519e-01
9.990259315660977579e-01
1.000513969930318270e+00
9.998564014028402669e-01
1.000027332037534133e+00
1.000155687611736344e+00
1.000833371179883802e+00
9.998374690645361884e-01
1.000950242616896135e+00
9.999938916797304067e-01
1.000722215518089042e+00
9.998332727120748942e-01
9.995553397674562524e-01
1.000013746677793858e+00
9.998138342483020580e-01
1.000045016549183430e+00
1.000021192118668578e+00
1.000630638894253854e+00
1.000274303473903004e+00
9.997376639248597430e-01
9.999204751111173683e-01
9.996910979904344297e-01
9.998479745363820781e-01
1.000328236845005048e+00
9.999265785711209942e-01
9.999309006539638389e-01
1.000092529199162028e+00
1.000247174140569184e+00
9.994946043397880953e-01
9.994975724131551775e-01
9.994929284077801457e-01
1.000304168654296832e+00
1.000381682733898048e+00
1.000439211777833348e+00
9.996200479902165315e-01
1.000048469792090167e+00
9.994651146402258046e-01
1.000161589944237539e+00
1.000221510082794474e+00
9.994946270854837556e-01
1.000134021360716385e+00
1.000135478165268044e+00
1.000805933600635411e+00
1.000306486497382519e+00
1.000107261404776349e+00
9.995116115964961523e-01
1.000105631678966267e+00
1.000761242929504746e+00
9.998350763688690357e-01
9.999414737703555822e-01
1.000297635346566238e+00
1.000480246850529831e+00
1.000002191087663084e+00
1.000169581578348899e+00
9.999230528839334609e-01
1.000053739175343015e+00
1.000118325805419150e+00
1.000356567541585306e+00
1.000114184227333114e+00
1.000125584307139937e+00
9.997455984738974344e-01
1.000105392794711667e+00
9.995950743893097235e-01
9.998640654932794414e-01
1.000008105377644396e+00
1.000286759364289013e+00
1.000349183211840964e+00
1.000160561924592351e+00
1.000259262430587270e+00
9.997326689945073008e-01
1.000497280577767878e+00
1.000404945515816824e+00
1.000412547999314006e+00
1.000328939632618708e+00
1.000068615228911550e+00
9.998983984327293184e-01
9.994963986681617563e-01
9.987912496552255881e-01
9.893535833273982005e-01
9.785188591748454900e-01
9.675881911168863203e-01
9.566114011870920919e-01
9.465648740367327285e-01
9.352898808959293486e-01
9.247830934672618408e-01
9.147996540433994683e-01
