0.000000000000000000e+00
0.000000000000000000e+00
0.000000000000000000e+00
0.000000000000000000e+00
0.000000000000000000e+00
0.000000000000000000e+00
0.000000000000000000e+00
0.000000000000000000e+00
0.000000000000000000e+00
0.000000000000000000e+00
0.000000000000000000e+00
0.000000000000000000e+00
0.000000000000000000e+00
0.000000000000000000e+00
0.000000000000000000e+00
0.000000000000000000e+00
0.000000000000000000e+00
0.000000000000000000e+00
0.000000000000000000e+00
0.000000000000000000e+00
3.332614107270658900e-05
3.667654754296510028e-02
1.077124212156529204e+00
3.508899226759327306e+00
3.442699566346651086e+00
1.887225470573733910e+00
8.504677857218526649e-01
3.878122792635018135e-01
1.952912550614017695e-01
1.199566598208216400e-01
1.881982351826023414e-01
7.244138939579271019e-01
1.511295435320166636e+00
1.761075018333759123e+00
1.469172266878257194e+00
1.066794997306415693e+00
8.006006030783531235e-01
6.812134173075556909e-01
6.713487194657022927e-01
7.230085623724122890e-01
8.106515518001963239e-01
9.030336814663340039e-01
9.924248221085724131e-01
1.071363341364118371e+00
1.133208573685829501e+00
1.178272806181843269e+00
1.207774882549131901e+00
1.215034523036933711e+00
1.206585277229362818e+00
1.178177192986396893e+00
1.139038259671296904e+00
1.096639459462181332e+00
1.062331107753693438e+00
1.027795942373109561e+00
1.002694409120714614e+00
9.792731265432789156e-01
9.619242987610396867e-01
9.468868670663740383e-01
9.386039728866198972e-01
9.299742879714260058e-01
9.270672782459754568e-01
9.282651395485925772e-01
9.344472861007769859e-01
9.403072346052717689e-01
9.504870967282659233e-01
9.627902192844703944e-01
9.740842360357379048e-01
9.835227259191404725e-01
9.955902472937495640e-01
9.989005995892020762e-01
1.009696986792353757e+00
1.014430986438595861e+00
1.023090551613988319e+00
1.021854450085996735e+00
1.024961978650711147e+00
1.022197644464525768e+00
1.020561055794437788e+00
1.020818323241413195e+00
1.015770126058598954e+00
1.011709607109981590e+00
1.007426941775267926e+00
1.006135996990628945e+00
1.004701793262298581e+00
1.000218466207055013e+00
1.000175911185456901e+00
9.974261953375153089e-01
9.961577765872269286e-01
9.958345403697379528e-01
9.928721945116161240e-01
9.938097492941632138e-01
9.926934639618915091e-01
9.935282539413953229e-01
9.948432854448244766e-01
9.951396002895410708e-01
9.959300355423208462e-01
9.978785179546423301e-01
9.990792268939056031e-01
1.000159503296736307e+00
9.998329934309251321e-01
9.995608625453036300e-01
1.001795569444356326e+00
1.000609049590089228e+00
1.000699200702369618e+00
1.002112686425318699e+00
9.993131618213074718e-01
1.000299811766526492e+00
1.000164389359600836e+00
1.000668767794476555e+00
1.000177361654250197e+00
1.001463408400612876e+00
1.000696832677311354e+00
1.000562715271285708e+00
9.995895460418353640e-01
1.001333264797058753e+00
1.000770164767315729e+00
1.000325748456813324e+00
1.000424566845125707e+00
9.999535555138793219e-01
9.993818257717618225e-01
9.981491019227324291e-01
1.000253404283238723e+00
9.977348979988881483e-01
9.995565308170841767e-01
1.001098566692969705e+00
1.001748340960644468e+00
1.001818571241493538e+00
1.002295369788307466e+00
1.001402215339420643e+00
1.001563160695964072e+00
1.001194613005423228e+00
9.996705507788102851e-01
1.000044142290957172e+00
1.000017343377942458e+00
9.999062371971966234e-01
1.000061484354443309e+00
9.995554443293073188e-01
9.994545342952523281e-01
9.996108988196757972e-01
9.985664543790854220e-01
9.984820703454770907e-01
9.995041954669389161e-01
9.981513020343149023e-01
9.984513670669621366e-01
9.989648537326765165e-01
9.995550430723815216e-01
1.000952115051538582e+00
1.000869258757885127e+00
1.001533970237685089e+00
1.002547106143158118e+00
1.002302917756599410e+00
1.003527436205412293e+00
1.002874694173118364e+00
1.001861185799420184e+00
1.002505232606545338e+00
1.001448695409562495e+00
1.001584758486637305e+00
1.000558905875380544e+00
1.000668090308300950e+00
1.000626288877662473e+00
9.996663352969754612e-01
9.993192244677238101e-01
9.981134596793587166e-01
9.993031399984313445e-01
9.982446066007559793e-01
9.990250112416187989e-01
9.984461552323166122e-01
9.975235958551480486e-01
9.992437190669787306e-01
9.992979890833907364e-01
9.987163267662938493e-01
9.989174899884067926e-01
9.998049931769813492e-01
1.001277787717697931e+00
1.001173746124361719e+00
1.000900740902354258e+00
1.000558469226746627e+00
1.001247636392746054e+00
1.000796958284017046e+00
1.001262258583529574e+00
1.001128603457720034e+00
1.000428230594207379e+00
1.001094235283009004e+00
1.001307083303636380e+00
1.000866146577807259e+00
1.000226944678907159e+00
9.996371506532649720e-01
9.997680595156435146e-01
1.000096714560174238e+00
1.000175272930077242e+00
9.999062544371957184e-01
9.993426386957757757e-01
9.991688249723441606e-01
9.999027724756693880e-01
9.988687563184559526e-01
9.991972193581480921e-01
9.994630450696244672e-01
1.000132640059363975e+00
1.000540841725726438e+00
1.000323028148434767e+00
9.994755686896626967e-01
1.000278602870206202e+00
1.000450346657773659e+00
1.000751655226592041e+00
9.998332684471160636e-01
1.000540307999791434e+00
1.000227634711238656e+00
1.000078404469690430e+00
9.998977830429348623e-01
1.000971906374118703e+00
9.999683343635930033e-01
1.000223857785237591e+00
1.000613202463614293e+00
1.000533388181638506e+00
1.000320811882940530e+00
1.000370261716038600e+00
9.997786270333479663e-01
9.999504694676168981e-01
9.999002583157942103e-01
9.997600752836549587e-01
9.998825801617675646e-01
1.000341329782217681e+00
1.000301794372584485e+00
1.000403081044475950e+00
9.998141567016796127e-01
1.000066917539965017e+00
1.001012919188392747e+00
1.000217182075763711e+00
1.000335759436352667e+00
1.000217160853168696e+00
9.993614422124170726e-01
9.998213352194242898e-01
1.000318208882378324e+00
1.000516770946160872e+00
1.000327498483742028e+00
1.000718593576960247e+00
1.000027120663084412e+00
1.000044468216803706e+00
1.000398331601615842e+00
9.997125090222190869e-01
1.000363863327299763e+00
1.000181646235807076e+00
9.998121368507134621e-01
1.000497226078149504e+00
1.000438163998856433e+00
9.998037774989959603e-01
9.998409815984563576e-01
1.000877374015910481e+00
1.000010727312990122e+00
1.000049972164449130e+00
9.993821630525248079e-01
1.000403439391928773e+00
1.000290958582487510e+00
1.000650368689259162e+00
1.000051573739144439e+00
1.000559894937439243e+00
1.000537916693782448e+00
1.000383879169618018e+00
1.000040751104690040e+00
1.000148844938010928e+00
1.000260313924967503e+00
1.000268245839251779e+00
1.000394805498568296e+00
1.000232328755616074e+00
1.000247569169792294e+00
1.000158699165161869e+00
9.994485031158645283e-01
1.000063064638308630e+00
9.998540408906589905e-01
9.999477896369055596e-01
9.994918724596915105e-01
1.000254575511588140e+00
9.982022146282740760e-01
9.898155489051432276e-01
9.784615765972979329e-01
9.673460326131096965e-01
9.567112020888546287e-01
9.461442634866806811e-01
9.353702624860555925e-01
9.249442288242498700e-01
9.145916381126215633e-01
