0.000000000000000000e+00
0.000000000000000000e+00
0.000000000000000000e+00
0.000000000000000000e+00
0.000000000000000000e+00
0.000000000000000000e+00
0.000000000000000000e+00
0.000000000000000000e+00
0.000000000000000000e+00
0.000000000000000000e+00
0.000000000000000000e+00
0.000000000000000000e+00
0.000000000000000000e+00
0.000000000000000000e+00
0.000000000000000000e+00
0.000000000000000000e+00
0.000000000000000000e+00
0.000000000000000000e+00
0.000000000000000000e+00
0.000000000000000000e+00
0.000000000000000000e+00
3.452065940956157430e-02
1.006111643852859450e+00
3.374696300095745727e+00
3.386157158269567979e+00
1.910084603992148633e+00
8.794713651270676946e-01
3.996184348782144680e-01
2.057477161966983215e-01
1.263469101313589305e-01
1.806844903032633065e-01
6.683752148102406476e-01
1.436152346931324875e+00
1.702327446235424535e+00
1.441930362790373010e+00
1.061385411505513243e+00
7.942140512419371134e-01
6.743832963041285211e-01
6.579710041600866921e-01
7.039783032105881855e-01
7.846171113917059792e-01
8.804730242232651216e-01
9.695358251080556933e-01
1.057113370890210069e+00
1.126044812088305980e+00
1.176840061893475342e+00
1.211226510756815866e+00
1.221477360474966467e+00
1.216465253189993545e+00
1.184648901646697672e+00
1.148575369755232112e+00
1.105123742901652051e+00
1.066142524124380264e+00
1.033374305867916343e+00
1.009854707421129705e+00
9.846940891424983411e-01
9.675742840790965138e-01
9.529038699349078323e-01
9.443844230919882232e-01
9.351701112274781735e-01
9.290271966103316181e-01
9.290282099698625728e-01
9.322329815437681022e-01
9.388236380346625110e-01
9.477685487516035456e-01
9.583513685814684102e-01
9.689511887427588732e-01
9.817648048852027909e-01
9.921328129056292688e-01
9.991523948855656201e-01
1.007373523832943096e+00
1.013656234609227713e+00
1.017902800669322483e+00
1.020315837435410877e+00
1.018431032864336006e+00
1.021248847518866576e+00
1.019357185174390112e+00
1.015988856036705412e+00
1.014949403532440675e+00
1.012202835022936842e+00
1.006282329206685144e+00
1.008456271784220037e+00
1.004149429136138361e+00
1.003596432436031805e+00
1.002533588246676599e+00
1.000284264816314383e+00
1.000364658297135945e+00
9.984315427296116541e-01
9.988988603882045236e-01
9.966171206028261453e-01
9.961448256134617374e-01
9.981499632605823624e-01
9.983258344759523562e-01
9.948351869663675240e-01
9.953685437176370554e-01
9.966726684080444709e-01
9.945377255476868239e-01
9.950361253395709760e-01
9.949780202871194579e-01
9.946750670223614144e-01
9.954701320367077555e-01
9.979679344256441320e-01
1.000028376976699995e+00
9.996408918095709417e-01
1.000117762096388141e+00
1.002113572118119134e+00
1.002003560403076365e+00
1.002720990556335678e+00
1.002797952170912499e+00
1.003788132760556895e+00
1.001930339061465558e+00
1.001361780474878893e+00
1.002312167316110392e+00
1.001752663710327562e+00
1.001697183959874948e+00
1.000877271984335959e+00
9.991859230811516168e-01
1.000390416594058918e+00
1.000175976187231974e+00
1.000456917765085274e+00
9.983065290669606018e-01
1.000344938076431101e+00
9.991703095356283537e-01
9.997597943139132637e-01
9.999425839957863937e-01
1.001248280259683821e+00
9.993700704490370290e-01
9.990330021987839926e-01
9.996012513825726087e-01
1.000280640021991241e+00
9.998742330743324302e-01
1.000511737803596590e+00
9.995696253138043330e-01
9.999325869291548763e-01
1.000174808604256560e+00
1.001323368657902613e+00
1.001918791410584264e+00
1.000595307769723608e+00
1.000507872644593732e+00
9.996944324587881958e-01
1.000086861414566597e+00
1.000198241194638848e+00
1.000372748362131414e+00
9.994643862987767635e-01
9.996079462385535352e-01
1.000418000388713757e+00
1.000149279395186275e+00
9.998252629662821578e-01
9.987604999003180106e-01
9.985231154923154273e-01
9.988198790750958400e-01
1.001212996968476876e+00
9.991165896879592445e-01
9.993703608810414751e-01
1.001014418538090256e+00
1.001943322699039740e+00
1.001374530864204360e+00
1.000801305097050342e+00
1.001297632555663064e+00
1.001485819646075859e+00
1.001076397753786873e+00
1.000669351579732247e+00
1.001678276647261834e+00
1.000058815500214804e+00
9.997726330431061514e-01
9.995473841369999501e-01
9.987462782140906770e-01
1.001621456731107251e+00
9.994187601002578747e-01
9.999753220906009155e-01
9.993648544063429284e-01
9.997192043639514525e-01
9.988598860125280643e-01
9.997486995943124510e-01
9.987416893628910941e-01
9.999948952490660403e-01
1.000406048213845045e+00
1.000250363988186342e+00
1.000542060324554727e+00
9.995338458910904000e-01
9.998973823764839564e-01
1.000371374951822157e+00
1.000093165583030297e+00
9.995273381366586163e-01
1.000770913535153683e+00
1.000437519424353772e+00
1.000191559672714448e+00
1.000963135389631109e+00
1.000441238583838821e+00
1.001705568036105332e+00
1.000363356439097018e+00
1.000554849219583042e+00
9.997603944805071308e-01
9.987212414004672523e-01
9.992202188531382756e-01
1.000591599045183022e+00
1.000390138035723409e+00
1.000178649179479962e+00
9.998245018989707633e-01
9.997342050651898404e-01
9.999115205093467296e-01
1.000128957129900797e+00
9.992672313665776906e-01
9.997313686231388274e-01
1.000115908309008539e+00
9.999031995975126152e-01
9.995231785720596340e-01
9.998476630121176933e-01
9.998301504454882860e-01
1.000185264553524300e+00
9.999499217225642500e-01
9.997881811445141764e-01
9.998300495851849545e-01
9.998289670913940164e-01
1.000677833915409876e+00
1.001060321558689958e+00
1.000484677225094376e+00
1.000279871834627965e+00
1.000034051014384584e+00
9.988596876430777538e-01
9.997178676652914708e-01
9.996557712492625258e-01
1.000382485163644475e+00
1.000364522516481003e+00
9.993797366594233678e-01
9.998298834363172904e-01
9.998482672864269505e-01
9.993872766067252167e-01
9.997947757123533119e-01
1.000846757982555513e+00
1.000669803583839945e+00
1.000114140654277284e+00
1.000190868286065404e+00
9.996057452160832524e-01
1.000275237563680308e+00
9.993802723784734887e-01
9.995678446735741796e-01
1.000377292483086267e+00
9.993030373262000721e-01
9.999377313739747919e-01
9.997453006534479103e-01
1.000535810111419455e+00
9.996991396726413459e-01
1.000063641710777329e+00
1.000099149015611033e+00
9.999461524550985470e-01
1.000129086485601837e+00
1.000782797288627401e+00
9.996986945287115178e-01
1.000204345116790350e+00
1.000051435591954752e+00
9.984670125354532244e-01
1.000071655502677404e+00
9.995277512827115407e-01
1.000120183169409760e+00
1.000368363492696755e+00
1.000005951796937742e+00
1.000028544418112286e+00
9.996140351967581772e-01
9.998003508749671031e-01
9.998578369107837815e-01
9.998378384709790678e-01
1.000956332202960875e+00
1.000610384326786617e+00
1.000708560470568997e+00
1.000181888837723632e+00
9.995294252095594523e-01
1.000463828968664703e+00
9.999871614680762022e-01
1.000695096202082190e+00
9.999962700351816558e-01
1.000018834571451576e+00
9.999326433874863307e-01
1.000887240363614650e+00
9.995654331735197573e-01
1.000063473729614794e+00
1.000616962606944105e+00
1.000578393954007161e+00
1.000105180165208552e+00
9.996400061609072019e-01
