0.000000000000000000e+00
0.000000000000000000e+00
0.000000000000000000e+00
0.000000000000000000e+00
0.000000000000000000e+00
0.000000000000000000e+00
0.000000000000000000e+00
0.000000000000000000e+00
0.000000000000000000e+00
0.000000000000000000e+00
0.000000000000000000e+00
0.000000000000000000e+00
0.000000000000000000e+00
0.000000000000000000e+00
0.000000000000000000e+00
0.000000000000000000e+00
0.000000000000000000e+00
0.000000000000000000e+00
0.000000000000000000e+00
0.000000000000000000e+00
0.000000000000000000e+00
3.267693295587529440e-02
1.003171074599220836e+00
3.369696111047975506e+00
3.387543510176647565e+00
1.901498940326453946e+00
8.665569602155810403e-01
4.008311912216674378e-01
2.063878967896159711e-01
1.258314260040577226e-01
1.798403889440671755e-01
6.685213158048901594e-01
1.432034962756575158e+00
1.699300981216968154e+00
1.442066729011010295e+00
1.058650538835181454e+00
7.965524111569947108e-01
6.744788337643160547e-01
6.604338097440377586e-01
7.097128112589927706e-01
7.851381210847830916e-01
8.773826906459359920e-01
9.701603575505157728e-01
1.055656939402880523e+00
1.126441911218785785e+00
1.179302060817525311e+00
1.216245660734622147e+00
1.219073667341257217e+00
1.212747700879728940e+00
1.183373155764114282e+00
1.143153631962456229e+00
1.103449895923470647e+00
1.067020804594105421e+00
1.032761421019227077e+00
1.008946332927443290e+00
9.866435918919312931e-01
9.687885298913249121e-01
9.510599012486984360e-01
9.460633216629684705e-01
9.355490146905481863e-01
9.328627464648738821e-01
9.286555645796495950e-01
9.330217275890327899e-01
9.381591338377220923e-01
9.499533957623305103e-01
9.569593690282035547e-01
9.682202595625150066e-01
9.787868618332572490e-01
9.934370123669838959e-01
1.001610588593083273e+00
1.010010743998183580e+00
1.014202652324392773e+00
1.018052364260131570e+00
1.022927829072671768e+00
1.022734215824707693e+00
1.022671605981490428e+00
1.017789480835117111e+00
1.017232447430371778e+00
1.013824837090320008e+00
1.011905385013856407e+00
1.009108116519336296e+00
1.007273240943344916e+00
1.006279164374964452e+00
1.004044448293125447e+00
1.002797663641300741e+00
1.001460571222860807e+00
9.994311825000093963e-01
9.977451483876430549e-01
9.998248972277414826e-01
9.973547758809859776e-01
9.973790484898217290e-01
9.946330930293111328e-01
9.980261973346685744e-01
9.977411100326479820e-01
9.975051076438326003e-01
9.946244105988034656e-01
9.948484528193802801e-01
9.948887187590607084e-01
9.954135899413184552e-01
9.984272771516454759e-01
9.966691343825128113e-01
9.980542122136953909e-01
9.988686572885827619e-01
9.993035711194585557e-01
1.002127055499330899e+00
1.000288554515145201e+00
1.005032305224519362e+00
1.001509289269489233e+00
1.002071531929302095e+00
1.001094941715695796e+00
1.004894963011380371e+00
1.001353663401920890e+00
1.002371306152373798e+00
1.003343065853134819e+00
1.002067412516292499e+00
1.000849028687828657e+00
1.000776910414840515e+00
1.000957149199660723e+00
1.000440419874694342e+00
1.000128190345002333e+00
9.979385167578012084e-01
9.991757799491238767e-01
1.000285496237539151e+00
9.989139744430933776e-01
9.988887611749558415e-01
9.981676967211245977e-01
9.993159431414238014e-01
9.995635263529976111e-01
9.985955299706968935e-01
1.001314923635798770e+00
9.991804059085687140e-01
9.987673298927690624e-01
9.996974144355029734e-01
1.000117696785446153e+00
9.997037218294853034e-01
1.001365392491561312e+00
9.994774652822535632e-01
1.000297692327368759e+00
1.001201326516897083e+00
1.000725483118624526e+00
1.000167357577161242e+00
1.001381866219553718e+00
1.001098080401167989e+00
1.000465948984205378e+00
1.000499810555103730e+00
9.998509551379169968e-01
1.000032901003093500e+00
9.985170321742447008e-01
9.995422917326477474e-01
9.990699748975525596e-01
9.999381078569815617e-01
1.000128231047528793e+00
1.000876061253100469e+00
9.983798013981783903e-01
1.000415328305435114e+00
1.000860927058870642e+00
1.001683119820578671e+00
1.001507970908408929e+00
1.001185959430786809e+00
1.001741649493913977e+00
1.000769826841940935e+00
1.000428167311951055e+00
1.001255358982895194e+00
1.001410200546810625e+00
1.000805645217879514e+00
9.998874542708504620e-01
1.000564975439782289e+00
1.000189925810494707e+00
9.999616497223575706e-01
1.000073836748498035e+00
1.000924468532654821e+00
9.998140900758296645e-01
9.993653582943782254e-01
1.000480587838959323e+00
9.998726521891595498e-01
1.000590686344395186e+00
9.990034152836323456e-01
1.000067613596020699e+00
9.998038013374472843e-01
9.994809302885786506e-01
1.000678529411577200e+00
9.998809357191581482e-01
1.000119990667986292e+00
1.001014085380719898e+00
1.000361886327251204e+00
1.000873686097423665e+00
1.000617232770453890e+00
1.001263951507201266e+00
1.000509013785789936e+00
1.000580410864795766e+00
1.000189427586134272e+00
1.000963000879993237e+00
1.000548609772235586e+00
1.002246753681026226e+00
1.000264378699468493e+00
1.000180561155504355e+00
1.000271318499564854e+00
1.000965012717372149e+00
9.994439960001445522e-01
1.000499678522507985e+00
1.000616631879181817e+00
9.999354765683852175e-01
9.991772019831660634e-01
9.997655799088799311e-01
1.000338476122464071e+00
9.997971003903428633e-01
9.996427900007360812e-01
9.993218716013043679e-01
1.000320428537508910e+00
1.000559177803128863e+00
1.000235224213269492e+00
1.000578696986630378e+00
1.000503478257498635e+00
1.000715267681232978e+00
9.995377134335291514e-01
1.001085054914613970e+00
1.000539936091315862e+00
1.000222960546018225e+00
1.000239755069502356e+00
9.999515366246102266e-01
9.997298526821442044e-01
1.000052127787339984e+00
9.996587573565837159e-01
1.000354472350562629e+00
1.000044268198409192e+00
9.998367463536615984e-01
1.000306049226040050e+00
9.999247898070010576e-01
1.000314126890898381e+00
9.994444721713905411e-01
1.000686866268142738e+00
9.996732564923248576e-01
1.000302420937232650e+00
1.000403991945410631e+00
9.998083555263964639e-01
1.000807900585110044e+00
9.998847861244301027e-01
1.000167263027738507e+00
1.000079073022162479e+00
1.000276210458714177e+00
1.000405437707553524e+00
9.992967538147951023e-01
1.000047829045671355e+00
1.000495488710893666e+00
9.997885738981870940e-01
1.000883036590441089e+00
1.000160841838565684e+00
1.000764299520942036e+00
1.000114253350510740e+00
9.995318710411956742e-01
1.000087943528528811e+00
1.000000562877866983e+00
9.996327413762164937e-01
9.996413585603667329e-01
1.000693341248857005e+00
1.000559388537607175e+00
1.000188497911551400e+00
9.999139082247356924e-01
1.000103985079428659e+00
9.994876831594387001e-01
1.000566364853165302e+00
1.000132592205383197e+00
1.000393966415116687e+00
1.000764211322292319e+00
9.997043254489613728e-01
1.000474773531341954e+00
9.998109269833095336e-01
1.000224812779715089e+00
1.000250136776830834e+00
1.000103432302087647e+00
1.000833917026593856e+00
9.995983049272931797e-01
9.998653492899353123e-01
1.000086308079864095e+00
1.000199632031309793e+00
1.000136032701635980e+00
1.000256130761428608e+00
1.000123214516473125e+00
9.998957243063887335e-01
1.000102695046148904e+00
