0.000000000000000000e+00
0.000000000000000000e+00
0.000000000000000000e+00
0.000000000000000000e+00
0.000000000000000000e+00
0.000000000000000000e+00
0.000000000000000000e+00
0.000000000000000000e+00
0.000000000000000000e+00
0.000000000000000000e+00
0.000000000000000000e+00
0.000000000000000000e+00
0.000000000000000000e+00
0.000000000000000000e+00
0.000000000000000000e+00
0.000000000000000000e+00
0.000000000000000000e+00
0.000000000000000000e+00
0.000000000000000000e+00
0.000000000000000000e+00
0.000000000000000000e+00
0.000000000000000000e+00
0.000000000000000000e+00
0.000000000000000000e+00
0.000000000000000000e+00
3.811723646473218902e-02
6.923239968996230953e-01
2.669072433109118681e+00
3.137638603915837265e+00
2.106207012847923110e+00
1.096551465830006844e+00
5.072951044901889972e-01
2.755851447458992909e-01
2.180375615517378407e-01
2.151935563360256876e-01
2.097971575437185543e-01
2.585704829102445923e-01
2.666591676290834823e-01
2.684240054337289072e-01
2.863712268917854575e-01
3.220042225865035745e-01
3.616611331238582250e-01
4.834815700169880492e-01
6.600219973052388056e-01
8.223049368631956124e-01
1.048130175407975484e+00
1.191663575838204592e+00
1.329632066935029666e+00
1.420736012995472253e+00
1.527856948826147088e+00
1.607518203161218295e+00
1.651857991818640681e+00
1.570622053441262711e+00
1.529325006474119730e+00
1.392629161193090326e+00
1.220740888577391825e+00
1.066211380678478760e+00
9.969638768333096701e-01
9.286239704570604658e-01
8.570950026401934485e-01
8.493166358526674786e-01
8.652779123063955025e-01
8.630322343629511783e-01
8.975412145266189468e-01
9.027719607433675186e-01
9.365993906637767319e-01
9.506172940059265386e-01
9.780394371660559028e-01
1.011599241892124024e+00
1.012304622160569600e+00
1.015251457108302002e+00
1.054927963614502140e+00
1.056263376071341797e+00
1.031131082439152413e+00
1.054940350195478382e+00
1.036545762022521133e+00
1.039492828949840408e+00
1.039612588246299429e+00
1.035155376513685832e+00
1.010390354562705539e+00
9.933901443582461299e-01
9.881054215109195127e-01
9.743863633987966955e-01
9.660445780522359804e-01
9.735748809031595785e-01
9.779814870125911330e-01
9.862541854845104927e-01
9.924807350666962069e-01
9.929784437209322467e-01
9.974183859462593116e-01
1.003432657123980443e+00
1.004170689230753144e+00
9.874027847962529858e-01
1.010603520695365187e+00
1.013811092460583652e+00
1.000078127269414363e+00
1.001158807103188053e+00
1.005270939361294191e+00
9.888938115711306542e-01
9.989052494886840883e-01
9.934113667643792445e-01
9.920121405971354944e-01
9.877495022917929246e-01
9.732091347885478694e-01
9.951228185514603419e-01
9.933074127088548089e-01
9.978196072962727259e-01
9.966208114596188938e-01
9.757458844586313074e-01
9.798992841717454327e-01
9.912403413887517223e-01
9.845282889984366959e-01
9.934700081611468336e-01
9.917788789201090749e-01
9.965926492033417849e-01
9.838924979043743857e-01
9.994772675739868051e-01
9.934016117334014684e-01
1.011415489150798042e+00
9.750734617795547843e-01
9.976088210924374255e-01
1.001663961299882333e+00
1.012610767431819658e+00
9.913633482441095435e-01
9.851386846775521677e-01
9.937138286412230403e-01
9.805272240889291169e-01
9.796004491186557361e-01
9.851957892986722420e-01
9.854242259501531098e-01
9.817658036669163479e-01
9.876849019022313492e-01
9.802992768131724155e-01
9.874277471392791661e-01
9.770475244071427090e-01
9.861483461245562632e-01
9.830162398983903760e-01
9.865826870281381167e-01
9.967786527080620962e-01
9.954041644817993584e-01
9.857012399092330845e-01
9.914027259440547635e-01
9.851416296925750160e-01
9.808339934318752729e-01
9.881681126639467738e-01
9.899404342684627878e-01
9.958447925014480839e-01
9.948894476008407484e-01
9.854572630079964091e-01
9.918543674385964515e-01
9.892963028090082656e-01
9.893228640909840221e-01
9.899474272036904443e-01
9.809499214807663181e-01
9.808861294502287942e-01
9.894966695341187446e-01
9.987294385500172789e-01
9.957121493488834130e-01
9.920941376647895993e-01
9.915057589404135951e-01
1.002803732887723509e+00
9.974227920199654207e-01
9.978844834240815365e-01
9.963258278751782049e-01
1.001886964249637968e+00
9.977825733841563238e-01
9.941718467618588795e-01
9.961354221253013730e-01
9.959764869167279100e-01
1.002275993419327937e+00
9.973157680025112048e-01
9.952639601073227649e-01
9.977345982445221528e-01
9.926424320517428512e-01
9.959485041014194406e-01
9.977610174140771893e-01
9.909686833988341492e-01
9.995251253521033608e-01
1.002644321330627530e+00
9.958012452892174293e-01
9.957665921616352112e-01
1.001714347414577766e+00
9.973941135553933135e-01
9.971504535206295872e-01
9.938547584494420439e-01
9.880947974431862901e-01
9.925730044159208898e-01
9.919395710876238725e-01
1.002513514240328751e+00
9.951298445125009717e-01
1.007880522798806577e+00
1.000381818334356465e+00
9.940972063952167037e-01
9.984035342742113572e-01
9.959682564237187785e-01
1.003419605024123751e+00
9.967688229484160667e-01
1.002265781295583968e+00
9.932389762256722543e-01
9.907007848604124645e-01
9.881343215312865524e-01
9.947850023318813850e-01
1.001863151595051571e+00
9.953805827151971375e-01
9.963577561434556751e-01
1.001274522012786772e+00
9.960725035818236428e-01
9.952514455066041599e-01
9.992933030555704033e-01
9.978274823464062804e-01
9.994305518044357406e-01
9.994760821552092223e-01
9.924687714526484461e-01
9.965246728258183584e-01
9.912497577474158605e-01
9.949894283862381617e-01
9.978808314516893763e-01
9.912335065367696707e-01
9.998649007621038809e-01
9.943361282590211792e-01
9.930907000340991608e-01
9.914405232905258991e-01
9.962396725308358958e-01
9.917154565420839285e-01
9.937415332842927107e-01
9.953257356495677222e-01
9.927503654780506226e-01
9.944879778594671871e-01
9.895120849897773851e-01
1.003683996038843729e+00
9.888752336922940200e-01
9.931613190262688073e-01
9.938937844632437235e-01
9.928187492298808925e-01
9.973854477891317405e-01
9.944255647569981704e-01
9.967090652984689214e-01
9.942554730761509196e-01
9.948096885997514960e-01
1.000900899119900656e+00
9.938857298949034247e-01
9.973777671887318341e-01
1.001823297369948795e+00
1.005579617826341199e+00
1.000353841650883702e+00
9.991202127189694471e-01
9.906153863156224038e-01
9.977396643370752827e-01
9.952080901698795445e-01
9.969494660372015815e-01
9.958321384351128680e-01
9.900346462614287857e-01
9.884364535748616509e-01
9.967151505066177419e-01
1.000497315984485436e+00
9.982226203545293552e-01
9.975967944317511993e-01
1.000891744828103613e+00
9.964502530885903653e-01
9.924545296226493507e-01
1.001174277782020283e+00
9.949820989537130345e-01
1.000229981825912162e+00
9.984227428925973591e-01
9.906282825527871205e-01
9.993711528476343364e-01
9.984341909099158086e-01
9.957790803622117437e-01
9.978803348390207217e-01
1.000186924092273388e+00
1.002094622824667880e+00
1.000533815184024400e+00
9.994322566314034484e-01
9.984742604314966741e-01
9.962817547228484116e-01
9.964909991237745901e-01
9.918420417319157023e-01
9.992613880873176813e-01
9.962080501602330607e-01
9.951430189603259757e-01
