0.000000000000000000e+00
0.000000000000000000e+00
0.000000000000000000e+00
0.000000000000000000e+00
0.000000000000000000e+00
0.000000000000000000e+00
0.000000000000000000e+00
0.000000000000000000e+00
0.000000000000000000e+00
0.000000000000000000e+00
0.000000000000000000e+00
0.000000000000000000e+00
0.000000000000000000e+00
0.000000000000000000e+00
0.000000000000000000e+00
0.000000000000000000e+00
0.000000000000000000e+00
0.000000000000000000e+00
0.000000000000000000e+00
0.000000000000000000e+00
0.000000000000000000e+00
0.000000000000000000e+00
0.000000000000000000e+00
0.000000000000000000e+00
0.000000000000000000e+00
3.310344036227997472e-02
8.140942707580871573e-01
2.719149014243550599e+00
3.120193620696551040e+00
1.950479660323888087e+00
9.759797312635468680e-01
4.957853251207286482e-01
2.619453428262323302e-01
1.895604123178913636e-01
2.127755024850781218e-01
1.974410066874289771e-01
2.428500714287114004e-01
2.791474389736978146e-01
2.767957133767097733e-01
2.739155044742543343e-01
3.061056219588260685e-01
3.727786035637010720e-01
4.981113188922117185e-01
6.812560358666115423e-01
9.083707996726725353e-01
1.105294738455327330e+00
1.264123876883953557e+00
1.395830714495258640e+00
1.473721738548187110e+00
1.558455440465883690e+00
1.655250534658174955e+00
1.701170894137445488e+00
1.656509715203611455e+00
1.509112915095751628e+00
1.382617292520800678e+00
1.193464608886130263e+00
1.078006909992392792e+00
9.550430788686481431e-01
8.914042847825457416e-01
8.518569212360862508e-01
8.538562135577631995e-01
8.403769770112278215e-01
8.573033019392036769e-01
8.975652355011580763e-01
8.850174209120009738e-01
9.262370057479150098e-01
9.267964498962242281e-01
9.515137489493113998e-01
9.811502474195308299e-01
9.923137443349003828e-01
9.957017356697954735e-01
1.020930940797032616e+00
1.028136686038894965e+00
1.030472795696009136e+00
1.039614990609754708e+00
1.044804299461120856e+00
1.015828781626204602e+00
1.016032781526261308e+00
1.010450972943963022e+00
9.828868419888718844e-01
9.829487260049163400e-01
9.833789244071349245e-01
9.596842071923665785e-01
9.717081939695226822e-01
9.726110161636222218e-01
9.687886390498132716e-01
9.823991732319757864e-01
9.776054482479198393e-01
9.786777984789766238e-01
9.943190437776456836e-01
9.944997611442246699e-01
1.002678569520978114e+00
9.911806801685119073e-01
1.001670878002191678e+00
1.009157631168410507e+00
1.010142191156662372e+00
1.011549358228349238e+00
9.992320412051605150e-01
9.967319726184719064e-01
1.014084276623477665e+00
9.975146722783452269e-01
9.926452040972061353e-01
9.816277205786407833e-01
9.732720730634308870e-01
9.774631270421004769e-01
9.681230880409699147e-01
9.753165332520421504e-01
9.930342375276360878e-01
1.003535561973276868e+00
9.875607081827804112e-01
9.870873586776389708e-01
9.792399192701810584e-01
9.950779611230925470e-01
9.871562720464579499e-01
9.849124206095932754e-01
9.977863981337965482e-01
1.003123880024579861e+00
9.992386891598878940e-01
1.010266376704920699e+00
1.003582767834318545e+00
9.925330599777574259e-01
9.943627727692347928e-01
9.972665365406606641e-01
9.947154879868406185e-01
9.943232798696650665e-01
9.894352665783854306e-01
9.951416555013568033e-01
9.939264916130734484e-01
1.005090972511333502e+00
9.959713871604872759e-01
9.922545737732207938e-01
9.938812032198396373e-01
1.001801666457377671e+00
9.965842402681156509e-01
9.985859041544457027e-01
9.992820823054809898e-01
9.992050670679966107e-01
9.918240965667282083e-01
9.944209545009988771e-01
9.979154119151461000e-01
1.008138332176590657e+00
1.001149688212706002e+00
1.000057016487867267e+00
9.850606126662138085e-01
1.002798934020284083e+00
1.000008888746714009e+00
9.898847876497922638e-01
1.009627901086694202e+00
1.000210698051633651e+00
9.937589387558960485e-01
1.001618735308464014e+00
9.931295110690120387e-01
9.914737622128534378e-01
1.001009526033412644e+00
1.000268887890203739e+00
9.991240278161065413e-01
9.997880249656019291e-01
1.001426713037278482e+00
9.964419394914029171e-01
1.002578660756282547e+00
1.001775264696867396e+00
1.004629112287481307e+00
9.954437146549787174e-01
1.009382692779410062e+00
9.944336190760285632e-01
1.004806849981128458e+00
1.007048522627046028e+00
1.008217325313464974e+00
1.000679245032112918e+00
1.007639734517197239e+00
1.007093667768561573e+00
1.006254975525840090e+00
1.000197193198805623e+00
1.001994540005482603e+00
1.013354324448102917e+00
9.959801106330580245e-01
9.987507621529114754e-01
1.003867865827542838e+00
1.000600585116466101e+00
1.004477165519019666e+00
1.015203094406411877e+00
1.005392598998934073e+00
1.007142136042390446e+00
1.004675783569242808e+00
1.010518233182290171e+00
1.009773099213884251e+00
1.009004002725386595e+00
1.000575368066322079e+00
1.009161635352797903e+00
1.010528994315831763e+00
1.008427239482314164e+00
1.008351547323927067e+00
1.002225433047321923e+00
1.005946281458931946e+00
1.009604770084251868e+00
1.005051412042358372e+00
9.957826471179295202e-01
1.011891696316639111e+00
1.004662775173140510e+00
9.983389430300032563e-01
1.000234099749156114e+00
9.934186394619515248e-01
1.004137173910210068e+00
1.004200532326537054e+00
1.000838281908228655e+00
1.005905164839957067e+00
1.010574768304798310e+00
9.933136243435005674e-01
1.012370715175649805e+00
9.961506729421918394e-01
9.986262249428020654e-01
1.003515958572734901e+00
1.003866712986722254e+00
1.000958058156057762e+00
9.971240793115117018e-01
9.945587194635253647e-01
1.004696281515375489e+00
9.995479197328462906e-01
9.950085295498053428e-01
1.000747774835956116e+00
1.000247431730506786e+00
1.005264765740431887e+00
1.001914954896328203e+00
9.966326437169538144e-01
9.925225973128878332e-01
9.960044131815423141e-01
9.922030136025948854e-01
9.990611197994381243e-01
1.002984321076202834e+00
9.964386925430681607e-01
9.887292246827504849e-01
9.981170357192773457e-01
9.985571788586421471e-01
9.958988861282692673e-01
9.982698311488850118e-01
9.966258505095781928e-01
9.978833003599112406e-01
1.002867243802031849e+00
1.003391412219241330e+00
9.932084775584792968e-01
9.996571513144432153e-01
1.000471718156755951e+00
9.998175969301830168e-01
9.954348294629052907e-01
1.003175470201583597e+00
9.982448792609486254e-01
9.910581470302749496e-01
1.002488325536275759e+00
1.000065486628348488e+00
1.002389162329677896e+00
1.001546138875825775e+00
9.988528890697035978e-01
9.982563789508208663e-01
9.955887271124239657e-01
9.964416227400062498e-01
9.968045145139363683e-01
9.971603396419569387e-01
1.003487142066835425e+00
9.992631836652509092e-01
9.983935768122216281e-01
9.957909977632548593e-01
1.006838157314914772e+00
1.003950752570293758e+00
9.987982326094401175e-01
1.003306544651854093e+00
1.003128630416378675e+00
9.987260284508977515e-01
1.004289401850929186e+00
1.000116212509236435e+00
9.988976916657352767e-01
1.000248582802546471e+00
9.976870329257047088e-01
1.000218171767582209e+00
9.963117138910762005e-01
1.000300930051956749e+00
9.978992890042368558e-01
9.953653651987297568e-01
9.947331578131196617e-01
9.978232566257776437e-01
1.003502264992949922e+00
