0.000000000000000000e+00
0.000000000000000000e+00
0.000000000000000000e+00
0.000000000000000000e+00
0.000000000000000000e+00
0.000000000000000000e+00
0.000000000000000000e+00
0.000000000000000000e+00
0.000000000000000000e+00
0.000000000000000000e+00
0.000000000000000000e+00
0.000000000000000000e+00
0.000000000000000000e+00
0.000000000000000000e+00
0.000000000000000000e+00
0.000000000000000000e+00
0.000000000000000000e+00
0.000000000000000000e+00
0.000000000000000000e+00
0.000000000000000000e+00
2.702789146133494083e-05
3.501592924596907269e-02
1.030744476410198507e+00
3.378701171466555131e+00
3.326086839695140629e+00
1.834637507279836210e+00
8.211587173961607533e-01
3.753995685101447211e-01
1.918083615451687540e-01
2.226501696710843914e-01
8.357764086948094029e-01
1.734424172747170312e+00
1.898104833977783512e+00
1.449297005130020466e+00
9.686838306126498432e-01
6.772625881744358534e-01
5.525200007226331866e-01
5.411625134350478428e-01
5.930619668526960764e-01
6.834199767579162144e-01
7.873944226601203855e-01
9.018945889589973230e-01
1.005257379743657475e+00
1.094381696955545991e+00
1.168087391520344687e+00
1.215516955367106577e+00
1.250401146379850781e+00
1.256428237250907687e+00
1.236728350973107737e+00
1.199510677020649396e+00
1.144641543295816133e+00
1.098497887504647386e+00
1.056139258804466685e+00
1.015745544401798650e+00
9.869448642808259509e-01
9.627798428405184294e-01
9.412259356301766466e-01
9.287606386742074394e-01
9.190866423668392349e-01
9.153827452524574415e-01
9.151129679555843888e-01
9.175153550496126797e-01
9.309938099386871890e-01
9.451949326524937689e-01
9.592597872121320091e-01
9.731252928886434672e-01
9.901658095191931963e-01
9.962870145351797602e-01
1.008797885559736374e+00
1.014825986108505385e+00
1.023614844402788382e+00
1.029247346037920563e+00
1.024049396233570830e+00
1.025985437213999374e+00
1.024004368424181077e+00
1.019306240277518594e+00
1.015276760131153644e+00
1.010488425640406529e+00
1.007663070260502725e+00
1.001303307035098511e+00
1.002146613153717780e+00
9.976599085124226995e-01
9.960159403993835703e-01
9.990718304037475850e-01
9.998545306506402275e-01
9.972162609535388800e-01
9.986378291493075432e-01
1.001040062408189435e+00
9.999622271025480069e-01
9.996481904849986444e-01
1.000306382452218257e+00
1.001234507333301327e+00
1.000660723434868560e+00
9.991636732517065189e-01
1.000328451518747386e+00
9.996361456284575953e-01
9.973741072547598341e-01
9.977391575898429954e-01
9.978182923231362356e-01
9.972577991022282262e-01
9.954218799463030454e-01
9.956654120733751112e-01
9.973698255128490286e-01
9.987464372345028485e-01
9.996320247358924105e-01
9.996269866044091845e-01
1.000316280123350943e+00
1.002722071221360256e+00
1.002970444765983071e+00
1.002702382724702579e+00
1.002460199322447787e+00
1.004293215191352839e+00
1.002639146629219269e+00
1.003672185840433384e+00
1.002962620862531518e+00
1.003021238744747912e+00
1.001579058532134026e+00
1.001555357052525741e+00
1.001523291463934706e+00
9.996933017070580574e-01
1.000217560782423298e+00
9.994325217070965106e-01
9.999395132469736103e-01
9.989665581382557447e-01
9.983552649598743667e-01
1.000017540326666010e+00
9.995609948966500680e-01
9.981612592773936310e-01
9.981355674846090764e-01
9.998640432565821801e-01
9.995546784151151387e-01
9.999491024257015637e-01
9.993176782950878856e-01
1.000465697130909826e+00
1.000124045038897291e+00
1.000944502330789243e+00
9.994233741900607759e-01
1.001398952357588357e+00
1.001915267369547502e+00
1.000476730636781886e+00
1.000733368829014314e+00
1.000039114173581156e+00
1.000321988965751085e+00
9.998455665633124712e-01
9.998773506682382406e-01
1.000188377387974281e+00
1.000213028587129793e+00
1.000211908025215868e+00
1.000978895013884040e+00
9.999066821341325850e-01
1.000125214006841290e+00
1.000654761924357761e+00
9.998260802625107413e-01
1.000200127707201236e+00
1.001242722718937772e+00
1.000097784192299777e+00
1.000957886423035514e+00
9.987982699069004600e-01
9.992637345351004230e-01
1.000275841370631857e+00
1.000243210883000167e+00
1.000139040384456335e+00
9.999212269984190105e-01
9.982471881218469845e-01
1.001045437610075250e+00
9.990537836589924447e-01
9.995226655910698366e-01
9.994876386939176571e-01
9.997015391651231653e-01
1.000151634488742447e+00
9.990334703529741844e-01
1.000481308942683834e+00
1.000131077961472714e+00
1.001154672166695292e+00
9.993003309318516658e-01
1.000155200962485447e+00
1.000386500977607618e+00
1.000057636246065362e+00
1.000253087021043097e+00
9.992058618772849954e-01
1.000337753112749084e+00
1.001237190587224823e+00
9.998909271974426582e-01
1.000118752277884937e+00
1.000224499007254853e+00
1.000514487084257276e+00
9.997641549597235944e-01
1.000808676987328560e+00
1.000272731772813284e+00
1.000194399290697200e+00
1.000817347005049207e+00
9.994598156179903548e-01
1.000166051348286844e+00
1.001132942045727336e+00
1.000440899913481507e+00
9.998681322654690007e-01
1.001056421583567113e+00
9.999096038629676775e-01
1.000444223035710900e+00
9.994113358437909378e-01
9.999781526205685500e-01
1.000170015655545086e+00
9.993515712540577134e-01
9.998846017084626059e-01
9.997886908222577418e-01
9.995418333185178694e-01
1.000383269542701958e+00
1.000754171697862072e+00
1.000758091336041433e+00
1.000440665592558176e+00
9.996241233850694519e-01
1.000880884870465559e+00
9.999853773217216579e-01
1.000383141103540430e+00
1.000219659821709017e+00
1.000204733580365879e+00
9.999939800673658397e-01
1.000366321366381150e+00
1.000942683255340970e+00
1.000715322750273195e+00
1.000195043632670089e+00
1.000338479150262305e+00
1.000222764743078363e+00
9.999000834789515402e-01
1.000368897914902577e+00
9.991573713099604070e-01
1.001640302276658456e+00
1.000260545381557398e+00
1.000153983067911589e+00
9.999539172161008294e-01
1.000178967973503141e+00
1.000337383423970383e+00
9.996471509878401829e-01
9.994160622001684313e-01
9.994475671700305819e-01
1.000045148837928721e+00
9.999623742460801434e-01
9.996799742893994756e-01
1.000739639766284883e+00
9.998113566798132457e-01
9.999683201382357778e-01
9.997543351895912256e-01
1.000151830053386481e+00
1.001358663537577964e+00
1.000142709643035976e+00
1.000069533512091713e+00
1.000168232742668861e+00
1.001028691120861458e+00
1.000157563090476875e+00
1.000146769571070626e+00
1.000328587220766119e+00
9.995180370842281503e-01
9.998655089380062977e-01
1.000792326139053445e+00
1.000364193689460057e+00
9.990252335135707540e-01
9.998672646562704047e-01
1.000110975829858750e+00
1.000266592563374246e+00
1.000184628020095889e+00
9.996627701224073403e-01
1.000069921033199583e+00
1.000398997729412764e+00
9.999164178623465293e-01
9.993931989697678597e-01
1.000249375247259209e+00
1.000407786650225894e+00
9.998561988403287248e-01
1.000520058973868531e+00
1.000093229642802894e+00
9.998923777842543270e-01
1.000352881140126327e+00
1.000456890467211535e+00
1.000822719144871309e+00
9.998625954452134978e-01
9.997771648745880091e-01
9.999015975341792872e-01
9.996695774584500871e-01
1.000187448428615955e+00
9.998634690682112192e-01
