0.000000000000000000e+00
0.000000000000000000e+00
0.000000000000000000e+00
0.000000000000000000e+00
0.000000000000000000e+00
0.000000000000000000e+00
0.000000000000000000e+00
0.000000000000000000e+00
0.000000000000000000e+00
0.000000000000000000e+00
0.000000000000000000e+00
0.000000000000000000e+00
0.000000000000000000e+00
0.000000000000000000e+00
0.000000000000000000e+00
0.000000000000000000e+00
0.000000000000000000e+00
0.000000000000000000e+00
0.000000000000000000e+00
0.000000000000000000e+00
0.000000000000000000e+00
0.000000000000000000e+00
0.000000000000000000e+00
0.000000000000000000e+00
0.000000000000000000e+00
3.819689981637082454e-02
7.826490061275745980e-01
2.710861057201966240e+00
3.358252317932640896e+00
2.188922166193743912e+00
1.091312823797487619e+00
5.154155162917124500e-01
2.924423582440768277e-01
2.218985268238494180e-01
2.145731122377378397e-01
2.198383002777505313e-01
2.767994312572068516e-01
2.848799589145202260e-01
2.775787185596959028e-01
2.992168947030545700e-01
3.347146172550896082e-01
4.034661154964601648e-01
5.056508926845919571e-01
6.990985160643395924e-01
8.237032965113980643e-01
1.098624042354763741e+00
1.235393483479998444e+00
1.349630883329576925e+00
1.475696892710565589e+00
1.575500840612938269e+00
1.700786061145836081e+00
1.703099991731251928e+00
1.612958556242940045e+00
1.575923883803479475e+00
1.424916185397067547e+00
1.269195991562676928e+00
1.103357932937136798e+00
9.948076614462965095e-01
9.363355945148899018e-01
8.632083103316519068e-01
8.714514696037467534e-01
8.768540268812446969e-01
8.985880416560555473e-01
8.990999815075587653e-01
9.282371867753201888e-01
9.369289704741078362e-01
9.554842134385856944e-01
9.680634252436202125e-01
9.963380752315849076e-01
1.017453664955725090e+00
1.019678743136847476e+00
1.042562337269306028e+00
1.047566549881769449e+00
1.051089005533548892e+00
1.077456625882778019e+00
1.051115438673015712e+00
1.058424974396094953e+00
1.029484614057251779e+00
1.020167513022966821e+00
1.020362693680429533e+00
9.914348905782377486e-01
9.746383894422840921e-01
9.767953901565715746e-01
9.628574441963467789e-01
9.814149681324190189e-01
9.697449069980085268e-01
9.855893832540701949e-01
1.003288878313555177e+00
9.877377173364897400e-01
1.007216206394959679e+00
9.975232819029861142e-01
1.001705014736251398e+00
1.016267664825501349e+00
1.013297202669898089e+00
1.022563151856310970e+00
1.013063072429021716e+00
1.027742685755563601e+00
1.023050518629346151e+00
1.022800155588881710e+00
1.014375552716957563e+00
1.017496177350465825e+00
1.018690057727559495e+00
1.004851499262014780e+00
1.003722396962445140e+00
9.984860925498795226e-01
1.012723769290025277e+00
9.920540695332962233e-01
9.927534415729489803e-01
1.000400462337642793e+00
9.951734531042746301e-01
1.014175096387119002e+00
9.978072227070670097e-01
1.022622449304555259e+00
1.002803334036320937e+00
1.014707950146176652e+00
1.002322195793214687e+00
1.017570190161567689e+00
1.008858445315729879e+00
1.019254517502587110e+00
1.025995976724093151e+00
1.026320755993847866e+00
1.020110218661926638e+00
1.005645671245609662e+00
1.012227038385172140e+00
1.013536994670090063e+00
9.996331994385971864e-01
1.014260989495976872e+00
1.002762591625164124e+00
1.012211943420064264e+00
1.002108917624073836e+00
1.004238435816257491e+00
1.004419502339453096e+00
1.003863963748403032e+00
9.996027161841294362e-01
9.972580247883400251e-01
9.989669646408547710e-01
1.009475365187506579e+00
9.962604967052210991e-01
9.962040350319087967e-01
1.011560933526849837e+00
9.963416119530583703e-01
1.001204926068958834e+00
9.951380499844988403e-01
1.001947889033285133e+00
1.014392403504462914e+00
1.006153100011694779e+00
1.007955641214254072e+00
9.981992782402917541e-01
1.010218029266000572e+00
1.004300646191029989e+00
9.994350332932098180e-01
1.011593328183684859e+00
1.012118786951145877e+00
1.006002942413826151e+00
1.013381868797613938e+00
1.004025072351640402e+00
9.943818137060485007e-01
9.961223953566366029e-01
9.958385065681772952e-01
9.972359719723019600e-01
1.009054537377045868e+00
1.005535105919582950e+00
1.005523128296562430e+00
9.993365951612219744e-01
9.999104627060343420e-01
1.009466687020382558e+00
1.003236227840043737e+00
1.010567278631114174e+00
1.008276912674287873e+00
1.007521964178518248e+00
1.000843330535851061e+00
1.002285726351297201e+00
1.004911817502918137e+00
9.992646532810403048e-01
1.012380708074332336e+00
1.001062623595908807e+00
1.002202933344476632e+00
1.004547914829506894e+00
1.001020345394195266e+00
9.940295885050095537e-01
1.000484437625461576e+00
1.000472519415764872e+00
1.013844769131028611e+00
1.004262432472651900e+00
9.982144711812975801e-01
1.000216090105470190e+00
1.005340445609232303e+00
9.971999897427413773e-01
9.976361536859394974e-01
1.007691997218341795e+00
9.961048205014911838e-01
9.979909462916234375e-01
9.973262696841888042e-01
1.004157979999630745e+00
9.987585211107888883e-01
1.003865657173869552e+00
9.936907114446291711e-01
1.005616265372301532e+00
1.012499143032411286e+00
1.001990154310836267e+00
9.990708474407415940e-01
1.000975996616624730e+00
1.010328266372097827e+00
1.002499531497324181e+00
1.006654965441590832e+00
1.004543633041824480e+00
1.003501337206689881e+00
1.004104056491883723e+00
1.001484316546865427e+00
1.004049545149971356e+00
9.998511459847155836e-01
1.002550243853564726e+00
9.993571122113650285e-01
1.003292151292090262e+00
9.991920904389468561e-01
1.002380123346938712e+00
9.998409693940830678e-01
1.004280477315731890e+00
1.001339384712932601e+00
1.005231570544030228e+00
9.990558838817704679e-01
1.004855252795219478e+00
1.003073771067232611e+00
9.989886913881874664e-01
9.998145611696885871e-01
9.956388287461465092e-01
1.003640008098675152e+00
9.965591208948859636e-01
1.000993992603440574e+00
1.006039474217106600e+00
1.001237410609371326e+00
9.968490295546421631e-01
1.000947294666022724e+00
1.003759034331178190e+00
1.000046479336481609e+00
9.999208868821441998e-01
1.003656253463023784e+00
1.005080150941904726e+00
1.004194225846503752e+00
9.986020429777867635e-01
1.000390975629958046e+00
9.970487251082760238e-01
1.003778794413038966e+00
1.002329594759395981e+00
9.984625111291040023e-01
9.984084166586892906e-01
1.002525818211535968e+00
9.941914253153137926e-01
9.958396931126254348e-01
1.002310280819205701e+00
1.000667791949710228e+00
9.970560611397234485e-01
9.978757406834566357e-01
1.000088660717107780e+00
1.001026492692290271e+00
9.958794364138608968e-01
9.984882068991528525e-01
9.952244430286858456e-01
9.972809166501588329e-01
9.994937408216992836e-01
9.952607361197803870e-01
9.936432177113702080e-01
9.984549471942264498e-01
9.947346512528179030e-01
9.896945272035717611e-01
1.000306917791173644e+00
9.988854788870044077e-01
9.914934531804682205e-01
9.986554938174203588e-01
9.949500957272703339e-01
9.975570408572288494e-01
1.001273816689632667e+00
9.977383891378057701e-01
9.949175168093984389e-01
9.958643545589817014e-01
9.930788555817126051e-01
9.944814712473913909e-01
9.964915450002770347e-01
9.922142532651567759e-01
9.947072107464831614e-01
