0.000000000000000000e+00
0.000000000000000000e+00
0.000000000000000000e+00
0.000000000000000000e+00
0.000000000000000000e+00
0.000000000000000000e+00
0.000000000000000000e+00
0.000000000000000000e+00
0.000000000000000000e+00
0.000000000000000000e+00
0.000000000000000000e+00
0.000000000000000000e+00
0.000000000000000000e+00
0.000000000000000000e+00
0.000000000000000000e+00
0.000000000000000000e+00
0.000000000000000000e+00
0.000000000000000000e+00
0.000000000000000000e+00
0.000000000000000000e+00
5.437693558812747440e-05
3.176336365283619761e-02
9.778011514401249160e-01
3.296230877205472698e+00
3.334025928873662448e+00
1.875358485485909110e+00
8.559448784522993847e-01
3.993883108435088425e-01
2.025566287550067124e-01
2.213599244278826039e-01
8.046391779499277863e-01
1.692305454503263862e+00
1.896096289525390555e+00
1.473374772143605460e+00
9.973561553497224397e-01
6.987414578724199243e-01
5.653751952445479345e-01
5.518375320880876123e-01
5.972253256843412794e-01
6.812913035917746996e-01
7.836911252235161385e-01
8.965567426381181315e-01
9.997340442033122443e-01
1.085568101003726360e+00
1.155562056928786330e+00
1.211052686000455347e+00
1.237609028578814385e+00
1.247234220074110000e+00
1.227757064319572100e+00
1.195383032342347995e+00
1.147480747540750023e+00
1.102770739049816262e+00
1.053586733662768227e+00
1.020917818411533284e+00
9.883184580539320363e-01
9.660845985808335090e-01
9.491233379239019108e-01
9.343027255931819486e-01
9.239092520273792797e-01
9.177222707511303312e-01
9.168874599219877242e-01
9.229664369864699625e-01
9.312355535821558172e-01
9.451535082961169953e-01
9.600033842487065705e-01
9.727402639243541982e-01
9.810627083292248196e-01
9.967081035189443439e-01
1.005572888323302827e+00
1.014008208890819329e+00
1.022736338050411309e+00
1.023521215624500824e+00
1.024121801153897060e+00
1.023291372595566573e+00
1.024687319682935804e+00
1.020191609905555019e+00
1.018955576433227650e+00
1.012578029838557603e+00
1.009918421679092626e+00
1.005955728578909358e+00
1.002374340368946459e+00
9.997245888442635176e-01
9.997657427108358474e-01
1.001019566168740882e+00
9.999241072023812293e-01
9.973957416445934365e-01
9.991670696627411585e-01
9.982135842563375494e-01
9.982136384432391818e-01
9.991429002385947555e-01
1.000271742503509476e+00
9.987459225900986448e-01
9.967994814755626320e-01
9.974970031734758935e-01
9.977230875281332123e-01
9.965230964058714447e-01
9.996670894024628495e-01
9.970741650806951295e-01
9.990361082855776509e-01
9.965106331705205767e-01
9.954080462007383057e-01
9.993111977844717497e-01
9.996938074467232038e-01
9.992723717893573498e-01
1.001919705432277041e+00
1.002911721289233116e+00
1.001635544833111791e+00
1.002371095585635308e+00
1.003966654419144122e+00
1.001807596875895490e+00
1.003571490669618260e+00
1.002525424017328248e+00
1.003700087097167737e+00
1.002484922506553744e+00
1.001697615412875164e+00
1.002157829042728876e+00
1.000940742823620999e+00
1.001987109697028533e+00
1.001954009699073778e+00
1.000894174996998842e+00
9.995566433609968104e-01
9.989108001362433376e-01
1.002008518463484155e+00
9.999241069225522915e-01
1.000082607974444926e+00
9.988378791086713893e-01
1.001771608106300615e+00
9.991578080381761096e-01
9.986014794623810920e-01
1.000082196282197078e+00
9.994584068867325977e-01
9.995269471416082796e-01
1.000676006923980621e+00
1.000212749033251747e+00
1.000766327288963087e+00
1.000069297626690279e+00
1.001230142351388963e+00
1.001106691045601682e+00
1.001488893140315195e+00
1.000408946115421749e+00
1.002391324045105891e+00
9.995786841371883114e-01
1.001406462529505381e+00
1.001418689231388770e+00
9.998256994087262317e-01
1.000782610734879841e+00
1.000385497421212078e+00
1.000895699040638132e+00
1.000436547075756355e+00
9.982888987799162228e-01
1.000458012994297485e+00
9.994537675365687823e-01
1.000494415733235609e+00
9.995990367818745614e-01
9.994204468464179536e-01
1.000592501427256531e+00
1.000108158616728637e+00
1.000526095076510469e+00
1.000539105776502291e+00
1.000787136914884190e+00
1.000844852551215691e+00
9.998757874322707906e-01
1.001480828241707366e+00
1.000605672834842919e+00
1.002285985677798141e+00
1.001089813410426910e+00
9.999798379095412582e-01
1.000759343005199531e+00
1.000544309181346847e+00
9.998466072958400730e-01
1.000306815623812184e+00
9.988446543243859610e-01
9.992954830462119631e-01
9.989493969733107548e-01
9.990484981057203839e-01
9.992040378298968628e-01
9.997420473994687029e-01
9.997453249740181347e-01
1.000174649349045763e+00
9.988784585686274475e-01
1.000033320946012161e+00
9.996843126339636232e-01
1.001610638876326620e+00
9.990544625004743606e-01
1.001618889202863683e+00
1.000719050789673270e+00
9.997417674256305897e-01
1.000661205234349094e+00
1.000896068808462269e+00
9.999487678040039906e-01
1.000568411249519452e+00
1.000763482735045784e+00
1.000894340740796418e+00
1.000528304019315362e+00
1.000558820521743941e+00
1.000630546230390605e+00
9.997066107728622697e-01
9.998217687847604784e-01
9.999285345882085174e-01
1.000053559355051691e+00
9.999344586608687191e-01
9.990073685620910471e-01
1.000510087025223260e+00
1.000090289616584860e+00
9.997871454136592062e-01
9.999269271534891868e-01
1.000266357665778205e+00
9.994207765045323155e-01
1.000439445652123727e+00
1.000756017111206209e+00
1.001000540259285865e+00
1.000090243378556787e+00
9.994971497798852411e-01
9.998402786102987827e-01
9.999465440903139157e-01
9.990645429033949698e-01
9.993215727904422030e-01
1.000388046227114858e+00
1.000309776106092396e+00
1.000356965590269986e+00
1.000231700312657512e+00
9.998508198010737091e-01
1.001261643148347646e+00
1.000503357397314774e+00
9.993782430280946372e-01
9.999790396119320190e-01
9.997595320765808591e-01
1.000499532741491171e+00
1.000164611491759947e+00
1.000086102525832077e+00
9.997510433620431236e-01
9.997556960772295831e-01
1.000231305470181908e+00
1.000573028947109089e+00
1.000079923074905786e+00
1.000435470416690897e+00
9.995337436749136550e-01
9.997987636259553224e-01
9.989165883822748171e-01
9.993832033616828481e-01
9.998855782155823269e-01
9.999960008024980640e-01
1.000335674732436120e+00
9.992378869697734478e-01
1.000565034113850782e+00
9.996179879815718650e-01
9.996008951449232294e-01
9.994514425448146611e-01
9.997356050499949243e-01
1.000039103646836347e+00
1.000798723989678507e+00
9.993812364976433216e-01
1.000333032740457373e+00
1.000610083246062487e+00
1.000092139206784303e+00
1.000633876252336796e+00
1.000591878917318711e+00
1.000582053592150356e+00
1.000453157679510596e+00
1.000532591966606155e+00
9.998637369675094089e-01
9.998545145927090205e-01
9.997164030690304237e-01
1.000137047941138224e+00
1.000174495706445343e+00
9.998796685919307814e-01
9.995905398426775390e-01
9.999699603379290647e-01
1.000626552632633004e+00
9.999493363684268665e-01
9.996286757774379694e-01
9.999468370846573695e-01
9.998117207223454761e-01
1.000865058501190896e+00
1.000164966261197552e+00
9.996418268237290405e-01
1.000656330542215589e+00
9.999353270552726602e-01
9.994662842869873609e-01
1.000233509958834643e+00
