0.000000000000000000e+00
0.000000000000000000e+00
0.000000000000000000e+00
0.000000000000000000e+00
0.000000000000000000e+00
0.000000000000000000e+00
0.000000000000000000e+00
0.000000000000000000e+00
0.000000000000000000e+00
0.000000000000000000e+00
0.000000000000000000e+00
0.000000000000000000e+00
0.000000000000000000e+00
0.000000000000000000e+00
0.000000000000000000e+00
0.000000000000000000e+00
0.000000000000000000e+00
0.000000000000000000e+00
0.000000000000000000e+00
0.000000000000000000e+00
2.719379552813410255e-05
3.307992884166344183e-02
9.736357883125583701e-01
3.291496129769005297e+00
3.327272617507342822e+00
1.873071950139925779e+00
8.602789997594126881e-01
3.946304161813267153e-01
2.061985335506605066e-01
2.213770343046449485e-01
8.077333040397524089e-01
1.685610622066751496e+00
1.889228670028759716e+00
1.474875449584758691e+00
9.936624841807373265e-01
6.970372933689655826e-01
5.727955289936526029e-01
5.481418365243624358e-01
6.015911856475787411e-01
6.852121684668099899e-01
7.906109866075945458e-01
8.939052311303458120e-01
9.988731734656235428e-01
1.087369450589120268e+00
1.155038137510394192e+00
1.209479087116502205e+00
1.238665615044311163e+00
1.247701524219144265e+00
1.228663360695977147e+00
1.187346479969183077e+00
1.149341513523539415e+00
1.102159392693883966e+00
1.055995236229714473e+00
1.020694572011751067e+00
9.877732688255183024e-01
9.652497313054149153e-01
9.453097973147516209e-01
9.342714647895113966e-01
9.240001183339110469e-01
9.197133701715544118e-01
9.179352653119653427e-01
9.205301888395244214e-01
9.318072104130018518e-01
9.430766251959509239e-01
9.568972663024812864e-01
9.732292722669501073e-01
9.826765448021027582e-01
9.936044778565521485e-01
1.008106046677736956e+00
1.013679204278306489e+00
1.019165180588538666e+00
1.023453477264548050e+00
1.024165911917732208e+00
1.024617517806556410e+00
1.022738080126332827e+00
1.021315931579551028e+00
1.015762632748107297e+00
1.011606063620949847e+00
1.006844292587174561e+00
1.005523485812661155e+00
1.000612866762388142e+00
1.002661804439907156e+00
9.993469973056482436e-01
9.992992604245329868e-01
9.987001119131571070e-01
9.982025557335062471e-01
9.973127428522188254e-01
9.974029472005458974e-01
9.998905287614523463e-01
9.974037245167456378e-01
9.978258737871070760e-01
9.987313816006451184e-01
9.993045917868393913e-01
9.985357953691778032e-01
9.984766590472782255e-01
9.936064418302799073e-01
9.967452472308463429e-01
9.972491065259998511e-01
9.961275435895936559e-01
9.956160071135913281e-01
9.958418888893776355e-01
9.970250626486487633e-01
9.987788970799159616e-01
1.001348304501193498e+00
1.001076650906821408e+00
1.000264582437417671e+00
1.000734359890592673e+00
1.002429040788975323e+00
1.002211758798038810e+00
1.000266982904081114e+00
1.000537561726534630e+00
1.001818090788984428e+00
1.001291204842034377e+00
1.000861518473475931e+00
1.001101377197790576e+00
1.001323435555821373e+00
1.000270271186406879e+00
1.000723842093760974e+00
1.001056332314034680e+00
9.989515472745614799e-01
9.988299095167869623e-01
9.995331810619667579e-01
1.000538248472743863e+00
1.000078079985702972e+00
9.983686281134916962e-01
9.985437406067878552e-01
9.981428370902741820e-01
9.987355396573034394e-01
9.985403409055553237e-01
9.982013692711885211e-01
1.000471085304925234e+00
1.000055299686412713e+00
9.993876480749015467e-01
1.001696589036465745e+00
1.000504970446275177e+00
9.993575704442095864e-01
9.985896336327135803e-01
1.001331278993339957e+00
1.000896189226997191e+00
9.989932326025816600e-01
9.999282138279881327e-01
9.997129016066921281e-01
1.000300140491588108e+00
1.000781742973464228e+00
9.997325794423191914e-01
9.988697604302974042e-01
1.001162043319060446e+00
9.995997358317659787e-01
9.988858050539858313e-01
9.996372649851756886e-01
9.995736057759920801e-01
9.998772060731276889e-01
9.990257620137835692e-01
1.000181065995222829e+00
9.998198028503565427e-01
9.984391688580568358e-01
9.997408341489186778e-01
1.001342374364132093e+00
9.985462009391794513e-01
9.997350786448990778e-01
1.001283690377356761e+00
1.000389884801432094e+00
1.001285328466081648e+00
1.000239467295458429e+00
1.000769108818212905e+00
1.000271484375649278e+00
1.000823543555952266e+00
1.000044069060713081e+00
9.998864789123791397e-01
1.000896326135781722e+00
9.991164077599449245e-01
9.987411399609787965e-01
9.997432934211415434e-01
9.986670792491705306e-01
1.000029938516200367e+00
9.990572985779532234e-01
9.993141860768234297e-01
9.989594972767708025e-01
9.993571840771849901e-01
9.992927261021833374e-01
9.999391390978824568e-01
1.000429828900236240e+00
1.000509988535532413e+00
1.000986917594872905e+00
1.000481733562128550e+00
1.000974939927645080e+00
1.000492725662088800e+00
1.000436894423662793e+00
1.001336042406629545e+00
1.000400312785560963e+00
9.992059941275558410e-01
9.997876275368658971e-01
9.996184925267203036e-01
9.995349857443068808e-01
1.000050572584591624e+00
1.000307444303719207e+00
9.992026909767883769e-01
9.991681633754067038e-01
9.996980351424701317e-01
9.996400976113178904e-01
9.999919291553207579e-01
9.997864437320718167e-01
9.998431369173005345e-01
1.000437795645956474e+00
9.997824402829753598e-01
9.999320465689075510e-01
9.999158028994227232e-01
9.994098122118519889e-01
1.000473255663724137e+00
1.001013582927529066e+00
1.000764086808080711e+00
1.000565766675849844e+00
1.000629590855543594e+00
1.000341634870009599e+00
9.995795413955744779e-01
9.996821857437746539e-01
1.000656482657793500e+00
1.000079562014054124e+00
1.000698285964872314e+00
9.997914403739431854e-01
1.000147936818538863e+00
1.000079130208272993e+00
9.992131449559625844e-01
1.000175397120132148e+00
9.998600632197138793e-01
9.996341553032047633e-01
1.000161758806833223e+00
1.000445140796211607e+00
9.998163578715079103e-01
1.000005809973264492e+00
1.000029563985994185e+00
1.000141427808880268e+00
1.000379940629154474e+00
9.998256841458004196e-01
1.000258226033585940e+00
1.000538765724884538e+00
9.986689677745129723e-01
1.000119711785072640e+00
1.000129938428972132e+00
1.000143782431565542e+00
9.996645313523612186e-01
1.000801477356302760e+00
9.998854005539168366e-01
1.000057148317198497e+00
1.000501058050582870e+00
1.000258605423859581e+00
1.000396679327769656e+00
9.997209978825041254e-01
9.995492739924690673e-01
1.000326142904872428e+00
9.992486720936546440e-01
1.000164204349597297e+00
1.000725010524925018e+00
9.996928586790797544e-01
9.997493293636897649e-01
1.000330051203553339e+00
1.000728359307024862e+00
1.000251131229084267e+00
9.997513215192503910e-01
1.000253035908518440e+00
1.000124515687116578e+00
1.000036066398740875e+00
9.999366881027557108e-01
1.000565648851815759e+00
9.997909594862088856e-01
9.994243805651118473e-01
1.000446920211721435e+00
1.000377406794290769e+00
9.996758169168814545e-01
1.000028035055584130e+00
1.000794354550446741e+00
9.996681177386863570e-01
1.000188971901609492e+00
1.000059674452106195e+00
9.997301959549040884e-01
1.000311343846723267e+00
1.000174083765260846e+00
1.000358524494117551e+00
1.000854663587865012e+00
1.000262122881661275e+00
