0.000000000000000000e+00
0.000000000000000000e+00
0.000000000000000000e+00
0.000000000000000000e+00
0.000000000000000000e+00
0.000000000000000000e+00
0.000000000000000000e+00
0.000000000000000000e+00
0.000000000000000000e+00
0.000000000000000000e+00
0.000000000000000000e+00
0.000000000000000000e+00
0.000000000000000000e+00
0.000000000000000000e+00
0.000000000000000000e+00
0.000000000000000000e+00
0.000000000000000000e+00
0.000000000000000000e+00
0.000000000000000000e+00
0.000000000000000000e+00
1.201049927241362942e-05
3.220137817507743444e-02
1.012856591829912611e+00
3.306607053740004520e+00
3.263307183049112048e+00
1.815480284942520450e+00
8.272305420569472378e-01
3.825758271975958635e-01
2.020214620881289613e-01
2.304965091115818432e-01
8.458108933168111410e-01
1.741224334817150110e+00
1.902455243247318517e+00
1.456920769034344865e+00
9.969986950711143825e-01
7.242436744764709777e-01
6.261952197663718245e-01
6.232163779759632982e-01
6.783650553189517485e-01
7.586985282336942138e-01
8.513341988125525672e-01
9.408573393908872262e-01
1.023448158922272144e+00
1.095531452105135806e+00
1.147706306548362809e+00
1.187556499687504985e+00
1.205875789173460388e+00
1.204475016802453391e+00
1.181399509726861918e+00
1.151174187840126706e+00
1.111800338841594682e+00
1.074672472781521337e+00
1.038178791432850634e+00
1.002869897237163022e+00
9.720690995246817900e-01
9.531224922246778197e-01
9.358420182418678568e-01
9.278600710013449326e-01
9.230866423368461193e-01
9.233063377271868433e-01
9.283862219743418409e-01
9.360497505258440487e-01
9.464152819480864398e-01
9.597639859268369822e-01
9.715657237350706632e-01
9.839204737339040108e-01
9.917580512476332766e-01
9.976966739947876750e-01
1.004901762490444384e+00
1.007661670996311765e+00
1.011932773237604444e+00
1.018349240580946002e+00
1.019314290235508569e+00
1.018982970341507421e+00
1.019415334284723640e+00
1.019689720902886121e+00
1.015469465486438017e+00
1.013861959530026668e+00
1.008666238449710040e+00
1.006360872945805562e+00
1.002821149104823562e+00
1.001581667273196308e+00
9.992446199189322087e-01
9.992440543982443746e-01
9.978903601085199471e-01
9.977343516223677877e-01
9.974051462396892331e-01
9.977626339250323939e-01
9.975509347439703856e-01
9.952163752179138401e-01
9.981847652939236371e-01
9.982520038717622723e-01
9.977703189636605297e-01
9.962411208051451528e-01
9.976993705629121356e-01
9.976047148081813587e-01
9.991450679214037844e-01
9.993818862212842102e-01
9.996201542129034001e-01
1.000413418379783037e+00
1.001833031915972283e+00
1.001066671604606828e+00
1.000912504488391086e+00
1.001454402387226050e+00
1.001132650809895219e+00
1.001654556650496630e+00
1.001737845636637037e+00
1.001954863594064049e+00
1.000994971130609423e+00
1.001597963900249910e+00
1.001886684883906309e+00
1.000286691431315989e+00
1.001158613406512243e+00
1.001526434652345587e+00
1.000647839111083348e+00
1.001239561651970478e+00
1.000230425266003254e+00
1.000431216582031491e+00
1.000926439559221892e+00
1.000300280576804868e+00
1.000378520286576034e+00
9.998628157213895751e-01
9.993173502146857068e-01
9.995123320344297957e-01
1.000180535300833506e+00
1.000052500321959581e+00
1.000382083504409048e+00
9.999861120998093655e-01
1.000497516918007923e+00
9.998898551399085788e-01
1.000036395996136029e+00
1.000019351023295533e+00
1.000732869741349562e+00
9.993985753956766693e-01
1.000114086082453779e+00
1.000851742313506376e+00
1.001073593731960809e+00
1.000044556810261609e+00
1.000740121459550602e+00
1.000597553155577080e+00
1.000855310922591723e+00
1.000807930684807223e+00
1.000132014638356326e+00
1.000813327776671757e+00
9.999187412769303673e-01
1.000233725656928918e+00
1.000523877823293661e+00
9.995876687929631244e-01
1.000617365411699211e+00
1.000267055717145359e+00
1.000759523379384897e+00
9.996001093303423790e-01
1.000167578589613582e+00
1.000925994849853451e+00
1.000490580357718429e+00
1.000420313246979775e+00
1.000688772242918967e+00
9.998837555887549744e-01
1.000487087533494135e+00
9.998771242959358929e-01
1.000964505274180683e+00
1.000385008507556517e+00
1.000223021745788810e+00
9.996113072567168745e-01
1.000529813040696769e+00
1.000411722055968955e+00
1.000440437590037313e+00
9.998666963697632193e-01
9.992490421467521422e-01
9.994299513059935469e-01
9.997891706868405892e-01
9.996836488020902634e-01
1.000243578230898711e+00
9.998445864576059883e-01
9.996799821438990818e-01
1.000605154714526712e+00
9.999199712998947387e-01
1.000326097540649384e+00
1.000574348018254511e+00
1.000795413521580191e+00
1.000275972124027524e+00
1.000896866354526127e+00
1.000449487774323076e+00
1.001289140270886335e+00
1.000623366877586795e+00
1.000587269424807024e+00
1.000583961052066817e+00
1.000935211950559012e+00
1.000128839976534234e+00
1.000468257321177834e+00
1.000084389097747994e+00
9.992124711464116515e-01
1.000333749058688104e+00
9.997477453092135091e-01
1.000339531358955369e+00
9.995843594877363847e-01
9.996539311801716510e-01
1.000592872061774052e+00
9.997817151531932511e-01
1.000478663773952004e+00
9.995969891883790259e-01
9.999738713648259614e-01
1.000128125262272683e+00
1.000007607313431413e+00
1.000105980764056657e+00
1.000203260902697844e+00
1.000671564415480885e+00
1.000416538258119381e+00
1.000478266391267912e+00
1.000091570117984219e+00
1.000246852233906525e+00
1.000697014849280864e+00
1.000669252323618252e+00
1.000379916651508161e+00
1.000150010502383280e+00
9.996290780365182371e-01
1.000166776499393562e+00
1.000138075460967890e+00
1.000468765733446119e+00
9.996106456888994574e-01
1.000341511732784072e+00
1.000001623034808329e+00
1.000681126973713697e+00
1.000276589069901467e+00
1.000202536145556875e+00
1.000157068672031135e+00
9.998867353580853656e-01
9.998771702225953684e-01
1.000072163404503334e+00
1.000397464095342803e+00
9.998487311673223132e-01
1.000186998679121642e+00
1.000662805600328831e+00
9.999982238559194103e-01
1.000582636199061737e+00
1.000137074734941622e+00
1.000183148486188722e+00
1.000036986089154922e+00
1.000500489171151086e+00
1.000207091065940190e+00
1.000222097371361363e+00
1.000632416044259454e+00
9.996072744760203799e-01
1.000558672947660988e+00
9.997289541763847431e-01
9.997486473716090671e-01
9.999887726787745068e-01
1.000219168268667636e+00
1.000002341892379576e+00
1.000150096315964188e+00
1.000393312909026111e+00
9.999287726238553775e-01
9.998731672940033288e-01
1.000082229574241532e+00
9.998076390632716359e-01
1.000090651187509394e+00
1.000649785918278134e+00
1.000182732188702461e+00
9.999385544114772761e-01
1.000423811901650195e+00
9.998892662665396225e-01
1.000124006017102829e+00
1.000042838672412060e+00
9.999952415019238705e-01
1.000226963639641253e+00
9.970354770261914412e-01
9.865602396553062592e-01
9.754367082123872601e-01
9.636588562907512090e-01
9.530732706463812542e-01
9.423796929573639014e-01
9.312214623831287508e-01
9.211111324707476067e-01
9.097574336688646346e-01
8.993198120025591713e-01
8.891771016920368975e-01
8.784108211578854908e-01
8.684354811637925442e-01
8.576690719627469983e-01
8.476870617673902819e-01
