0.000000000000000000e+00
0.000000000000000000e+00
0.000000000000000000e+00
0.000000000000000000e+00
0.000000000000000000e+00
0.000000000000000000e+00
0.000000000000000000e+00
0.000000000000000000e+00
0.000000000000000000e+00
0.000000000000000000e+00
0.000000000000000000e+00
0.000000000000000000e+00
0.000000000000000000e+00
0.000000000000000000e+00
0.000000000000000000e+00
0.000000000000000000e+00
0.000000000000000000e+00
0.000000000000000000e+00
0.000000000000000000e+00
0.000000000000000000e+00
2.401431025486119102e-05
3.560923992240845604e-02
1.012594512481956865e+00
3.313700063635649951e+00
3.283247945176953397e+00
1.825606878058576354e+00
8.365720402601607431e-01
3.867533665756527350e-01
2.001013194023505137e-01
2.315921180401410984e-01
8.440889548067569415e-01
1.744762542948488981e+00
1.910497004803679566e+00
1.462675847956569131e+00
1.001843009724356248e+00
7.275459589695291163e-01
6.224411136094800678e-01
6.191633917610213089e-01
6.727421579916671446e-01
7.515038430712055462e-01
8.464973141741994889e-01
9.383946927299183782e-01
1.024241702973681223e+00
1.094735674631199807e+00
1.150363468305379389e+00
1.190251121426254333e+00
1.204204950835157995e+00
1.202694664060691032e+00
1.183917688178176553e+00
1.152196599793394727e+00
1.113752725793024201e+00
1.074907948651794509e+00
1.038794268872971438e+00
1.004759459786776166e+00
9.746699852932024788e-01
9.548298170673592544e-01
9.375260494094803665e-01
9.270354030335231643e-01
9.262716355164095638e-01
9.241754603490562880e-01
9.274562324130042335e-01
9.357731090254665096e-01
9.445574308245869855e-01
9.588408974311136701e-01
9.700505386717060974e-01
9.822148767854856910e-01
9.895303658737476526e-01
9.970123577420033634e-01
1.003283933681933693e+00
1.009540821977754410e+00
1.014833361845787429e+00
1.016629288476629256e+00
1.019307968321048197e+00
1.021123569646800400e+00
1.020836460952696978e+00
1.019122479252640545e+00
1.013787060313239730e+00
1.011918429281091436e+00
1.008649111284020128e+00
1.006611692512422884e+00
1.004086326788611538e+00
1.000499657260616848e+00
1.001185753582960691e+00
9.993197982904923338e-01
1.000128830027786853e+00
9.975207539309879357e-01
9.976771700239568386e-01
9.953365091257210251e-01
9.975444659565287919e-01
9.966971453051364227e-01
9.965998432369216342e-01
9.959931898787971472e-01
9.960131449278462057e-01
9.957391599711983288e-01
9.968383377772600529e-01
9.974193610188416548e-01
9.971683360953121911e-01
9.977115771412083944e-01
9.994260947984613397e-01
9.993600001379580045e-01
9.991231080493728767e-01
1.000945194081947154e+00
1.000026137574563823e+00
1.001282982190488280e+00
1.002205273893749471e+00
1.001599663260026141e+00
1.002151301244488701e+00
1.000977988222514270e+00
1.001423643147499210e+00
1.001953835778196522e+00
1.000405321143286397e+00
1.001365294701085151e+00
1.001011052081770547e+00
1.000232087387344704e+00
1.000659871482982188e+00
1.001214638758983533e+00
1.001533074587909411e+00
9.991276383868331612e-01
1.000419159332673225e+00
1.000048622030862644e+00
9.999053337984752376e-01
9.988726160178573732e-01
1.000184964991750247e+00
9.990811565674112549e-01
9.994507594459437483e-01
9.994475241032909629e-01
1.000202575064831345e+00
1.000017834445797060e+00
9.990978162014702013e-01
1.000142925816776218e+00
9.998770850386471398e-01
9.998068717379372528e-01
9.999471245882899373e-01
1.000025648383070953e+00
1.000282838862148527e+00
9.999108684755079191e-01
1.000654818010603186e+00
1.001324017694841029e+00
1.000288355796278950e+00
1.000799524342910862e+00
1.000188019507580517e+00
9.995383877479324664e-01
1.000157511469487392e+00
1.000364327533939113e+00
9.999934686286259256e-01
9.998384094431044256e-01
1.000266931222076661e+00
9.994981791879617994e-01
9.997878802962567590e-01
9.997868947475537782e-01
1.000049492095593573e+00
9.997114320831537171e-01
1.000464624493336396e+00
1.000201983990992582e+00
1.000040746834344629e+00
9.998535137155167840e-01
9.992388730602804747e-01
1.000692420422052420e+00
1.001607565186209525e+00
1.000003034167886273e+00
1.000556493284788129e+00
9.996484447723533728e-01
9.999976582860125029e-01
9.987781034138133451e-01
9.996180308483477717e-01
9.994456894076573228e-01
1.000089239615876480e+00
9.995345117345015851e-01
9.993835737099900918e-01
9.997271640980949226e-01
9.998257294692827202e-01
1.000171129962557748e+00
9.989845529021447179e-01
9.995645179787508994e-01
9.998287624204963420e-01
9.996008058083625247e-01
1.000326701183579470e+00
1.000701308035393033e+00
1.000473795056568305e+00
1.000608078298605319e+00
9.998958394285327733e-01
9.997439803709937678e-01
9.999993921667899022e-01
1.000211604304048540e+00
1.000289603404192373e+00
1.000282856628854411e+00
1.000679147659498947e+00
1.000046821409596776e+00
9.999363030815985320e-01
1.000127852132872253e+00
9.999666989181882348e-01
1.000022726595163780e+00
9.999156177961360248e-01
9.991534229207723605e-01
1.000280597277834138e+00
9.992499186926926402e-01
9.996845901971638249e-01
9.995784341181702670e-01
1.000368326167418109e+00
9.996266688059517458e-01
9.992374377386281648e-01
1.000302292638776125e+00
9.998707009162610682e-01
9.998997909839747456e-01
1.000071778718295556e+00
1.000156740859200699e+00
1.000123443997755324e+00
1.000179834221390118e+00
1.000746166675391402e+00
1.000462350501936548e+00
9.996272137727030271e-01
1.000392886776692691e+00
1.000221079647043432e+00
1.000373754036426366e+00
1.000598358847788250e+00
9.997802386564211830e-01
1.000232103181940779e+00
1.000329241475276909e+00
9.999655589623099861e-01
1.000076480306978377e+00
9.996153766695247134e-01
9.999331436750042990e-01
1.000709157876647160e+00
1.000252082614192073e+00
9.996958292583546513e-01
9.998168549344351730e-01
1.000024666349997648e+00
1.000368453458729157e+00
1.000467836842092284e+00
1.000144790390832705e+00
1.000454152635136706e+00
1.000723117084076907e+00
1.000055632009987816e+00
9.999595395845415347e-01
1.000191883794719461e+00
1.000156542352791611e+00
1.000398784658101281e+00
1.000192498779617356e+00
1.000174002019599939e+00
1.000595369554132752e+00
1.000244726307025989e+00
9.998711045183423796e-01
1.000081369604132631e+00
1.000258716951964555e+00
1.000973468621344953e+00
1.000009313379556675e+00
1.000124318939104251e+00
9.996668024191810442e-01
1.000598170068192294e+00
9.995813673371445329e-01
1.000400535951866621e+00
1.000240097347538715e+00
1.000013528536321861e+00
1.000144388987435295e+00
1.000107825315019516e+00
1.000418864616390957e+00
9.996724077198185787e-01
1.000242431886091632e+00
1.000199260627411268e+00
1.000179584839584690e+00
1.000178480182782881e+00
1.000190799526013530e+00
1.000332695415907747e+00
9.998487392900298198e-01
9.997434406235425897e-01
9.968890359113543598e-01
9.861631063475632120e-01
9.746368986070663709e-01
9.642806157817657153e-01
9.534983440340626393e-01
9.424222448786566675e-01
9.314759002915921071e-01
9.206067178097924186e-01
9.096848807356943123e-01
8.994287604750613729e-01
8.889045878474467477e-01
8.784247558084793406e-01
8.680211765080007025e-01
8.578737862086569521e-01
8.473742199005349640e-01
