0.000000000000000000e+00
0.000000000000000000e+00
0.000000000000000000e+00
0.000000000000000000e+00
0.000000000000000000e+00
0.000000000000000000e+00
0.000000000000000000e+00
0.000000000000000000e+00
0.000000000000000000e+00
0.000000000000000000e+00
0.000000000000000000e+00
0.000000000000000000e+00
0.000000000000000000e+00
0.000000000000000000e+00
0.000000000000000000e+00
0.000000000000000000e+00
0.000000000000000000e+00
0.000000000000000000e+00
0.000000000000000000e+00
0.000000000000000000e+00
0.000000000000000000e+00
0.000000000000000000e+00
0.000000000000000000e+00
0.000000000000000000e+00
0.000000000000000000e+00
3.407233476576888853e-02
7.986570054026902454e-01
2.732164054874282044e+00
3.060528945163453862e+00
2.054956814429530265e+00
9.765245898418557502e-01
4.670069734028213237e-01
2.511209252908836453e-01
1.968672295784910098e-01
1.893438776299024850e-01
2.325762869556135815e-01
2.437666763692180882e-01
2.759574151184994162e-01
2.562567064589874044e-01
2.775291335035996454e-01
2.886950596322198082e-01
3.977222781305134180e-01
4.924342962848240468e-01
6.824995861050900947e-01
8.583726211014027774e-01
1.137249535851547089e+00
1.302595660307600101e+00
1.400967856675099377e+00
1.505274903706505407e+00
1.594669227860578298e+00
1.645090853570421174e+00
1.724087789007536564e+00
1.675573269557108613e+00
1.565083383206623102e+00
1.424413682063978115e+00
1.252490956544975997e+00
1.088566243015782087e+00
9.788453319154202248e-01
9.262434471495943900e-01
8.705150419604771317e-01
8.734551417291579467e-01
8.757452685285610494e-01
8.769565956814668883e-01
9.178511354606827544e-01
9.453076729090648112e-01
9.687541127127844431e-01
1.001110273654737037e+00
9.934829482046105831e-01
1.030799898472753995e+00
1.034772544309631170e+00
1.057212869813333622e+00
1.039240771755141957e+00
1.038713350976152805e+00
1.056345631788605521e+00
1.052473861812151634e+00
1.059430473733591560e+00
1.045544852866608920e+00
1.045721129910551550e+00
1.019454082243573811e+00
1.012299855408046456e+00
9.830075011398455853e-01
9.713282053489542545e-01
9.723870038245439051e-01
9.740247744462497970e-01
9.731851566288001187e-01
9.705592570329859559e-01
9.892008322736417503e-01
9.754023447877773201e-01
9.610014198128254970e-01
9.849337574030258002e-01
1.002709725356386583e+00
9.939187968110761995e-01
1.011464590974065603e+00
1.011742504358648320e+00
1.014547012810294024e+00
1.010765371972663251e+00
1.023781988354181216e+00
9.980942031563563299e-01
1.007882033999988325e+00
1.005949961654784897e+00
1.006276698840821160e+00
9.989596754142737733e-01
9.912531745984094478e-01
9.896847384578866258e-01
9.848639067137492376e-01
9.873847076818961233e-01
9.898050656370289690e-01
9.996893753052484843e-01
9.967275728181338446e-01
9.991979792630982793e-01
9.881945501389108877e-01
9.930059024251591815e-01
9.896873394143151925e-01
1.007020902748439362e+00
9.939023201508134786e-01
9.959867148758917432e-01
9.938418252660256025e-01
9.983202665181366564e-01
9.930388085480711391e-01
9.966159339202991241e-01
9.976707954226657904e-01
9.944818870378242526e-01
9.805478056727354730e-01
9.910905514420063067e-01
9.943484602429590868e-01
9.882928564006221439e-01
9.949637831652219377e-01
1.001109936078103058e+00
1.008631999021046832e+00
9.881317634177158027e-01
9.924140625368698121e-01
9.966719803490949880e-01
9.853268629136008316e-01
9.899806087026478130e-01
9.716748745998742276e-01
9.863159861511734405e-01
9.932898687980986629e-01
9.868307861173252205e-01
9.801239686947390561e-01
9.839828685075884263e-01
9.843938036841798356e-01
9.814696845539634396e-01
9.819910823773427833e-01
9.848007270854731710e-01
9.896825033825569218e-01
9.846483151242817478e-01
9.821072204070129263e-01
9.853350691357426472e-01
9.846550485493006377e-01
9.817805367500637148e-01
9.776094860277310117e-01
9.844407211711423411e-01
9.891581593346038259e-01
9.801812677901955428e-01
9.791241945474953301e-01
9.785891630879492986e-01
9.772898927905510069e-01
9.792113768610078983e-01
9.748325869514683495e-01
9.768569825474372470e-01
9.779443770484976817e-01
9.763085331976395498e-01
9.782829897313685130e-01
9.787152782844927845e-01
9.784097027818137171e-01
9.800047045804208823e-01
9.836832740198125924e-01
9.755607628392107822e-01
9.806502184543289813e-01
9.768478634411380535e-01
9.784679510863127927e-01
9.805005350302785638e-01
9.845054082279885987e-01
9.776901147754835097e-01
9.716936238036026907e-01
9.858520242946881007e-01
9.786551571202859456e-01
9.800774003091774489e-01
9.766973021339068195e-01
9.854155983415039399e-01
9.907138777926858264e-01
9.867648371679623720e-01
9.850095675021766084e-01
9.831962423069686707e-01
9.852141236953737558e-01
9.857147849714406052e-01
9.819981068061436336e-01
9.859398362846906183e-01
9.795512750058267271e-01
9.865881493956102366e-01
9.833402777050268551e-01
9.951946486854058582e-01
9.856677398531110690e-01
9.900138629359934717e-01
9.974820805501813936e-01
9.926706424457923950e-01
9.898399854915035379e-01
9.854737075414286007e-01
9.905604971767771882e-01
9.888469834741910880e-01
9.915121298294427010e-01
9.902711952409865015e-01
9.924338094937348309e-01
9.854100550909482559e-01
9.912981822769797446e-01
9.861114907633499183e-01
9.924550026706081551e-01
9.915728426950590757e-01
9.858123601690134130e-01
9.890019126192539645e-01
9.926865911411234533e-01
9.945450170528995493e-01
9.910249777332131860e-01
9.846103900843099499e-01
9.908623498848743161e-01
9.907124591879100661e-01
9.919547757437702229e-01
9.853034099783025690e-01
9.887305375722283962e-01
9.897417885171927443e-01
9.859543380475346286e-01
9.885306079402923496e-01
9.946526817313304791e-01
9.958857743780414884e-01
9.890558929277237787e-01
9.906991538776070971e-01
9.923612844434723801e-01
9.886227106268534737e-01
9.907680039491205681e-01
9.929706678332890224e-01
9.945497628356394504e-01
9.961590813087420893e-01
9.965210845770743342e-01
9.896759457742464461e-01
9.988563974631879949e-01
9.999119251191009861e-01
9.931717456607739303e-01
9.915264545494483217e-01
9.905415751552297809e-01
9.990636264048055049e-01
9.954136188360563908e-01
9.916919853980930011e-01
9.982360220748577317e-01
9.953071566801838799e-01
9.914819397699280445e-01
9.950178801939847384e-01
9.973490668958798766e-01
9.960755287442143446e-01
9.943287989566029772e-01
9.988224983989600902e-01
9.943849029247443516e-01
9.971626593114585324e-01
9.920901641763766321e-01
9.978344788498695328e-01
9.961956131881303245e-01
9.965398982781800141e-01
9.997642040251695228e-01
9.948499048195725836e-01
9.962820040864143190e-01
9.959232569437207472e-01
1.004898036781993742e+00
9.950884555965364697e-01
1.001973662084531425e+00
9.998630144234219586e-01
1.000551834461878231e+00
1.002441350085563787e+00
9.975086209905060786e-01
9.958862327629135480e-01
1.001189092241489664e+00
9.980963912700866469e-01
9.946066593103628506e-01
9.946367850440441805e-01
1.001571175832200122e+00
9.940827344685155831e-01
9.997502035074993243e-01
9.966845871868675877e-01
1.000046525857068547e+00
1.000711593382472175e+00
9.947787524168596462e-01
1.003030524562464887e+00
