0.000000000000000000e+00
0.000000000000000000e+00
0.000000000000000000e+00
0.000000000000000000e+00
0.000000000000000000e+00
0.000000000000000000e+00
0.000000000000000000e+00
0.000000000000000000e+00
0.000000000000000000e+00
0.000000000000000000e+00
0.000000000000000000e+00
0.000000000000000000e+00
0.000000000000000000e+00
0.000000000000000000e+00
0.000000000000000000e+00
0.000000000000000000e+00
0.000000000000000000e+00
0.000000000000000000e+00
0.000000000000000000e+00
0.000000000000000000e+00
0.000000000000000000e+00
3.698136314642631178e-02
1.042446212398723038e+00
3.390781908975929682e+00
3.342043964709267456e+00
1.838689274349210256e+00
8.148905152933514362e-01
3.719109976992072131e-01
1.915267256099315307e-01
2.231700529057216720e-01
8.401152210330193881e-01
1.742489251866016664e+00
1.910862359704943225e+00
1.459182023068431810e+00
9.703347354056586216e-01
6.715679473459306159e-01
5.505532571720908042e-01
5.393071578298693769e-01
5.889021003469780968e-01
6.764234395147976642e-01
7.852187150951509542e-01
8.949134683515705957e-01
1.004718947150256891e+00
1.092341488692961660e+00
1.168425560713872713e+00
1.222429721713061301e+00
1.255185325978783517e+00
1.253832628222143919e+00
1.236638616732966822e+00
1.195701417166611602e+00
1.147681381718598681e+00
1.099244953691236537e+00
1.055613411613930852e+00
1.013068139110181232e+00
9.833167607938601007e-01
9.582669584698004783e-01
9.410705438071850226e-01
9.299882450511040011e-01
9.192964713607586491e-01
9.122801324702743964e-01
9.147375089875081633e-01
9.166891308419213846e-01
9.282332203882435184e-01
9.420496659417735286e-01
9.589115146305450255e-01
9.696201865147002774e-01
9.837746409947070170e-01
9.963816966500871342e-01
1.009015303630316218e+00
1.013997288133976715e+00
1.020310859724466557e+00
1.026245898138550494e+00
1.024549148309488844e+00
1.027836172127485126e+00
1.025566018114100642e+00
1.019425512269999112e+00
1.014342513435025017e+00
1.011312367569939807e+00
1.008993181869910938e+00
1.002538863880694020e+00
1.000095917767342746e+00
9.995637192597460752e-01
9.976650123629167144e-01
9.978657951146620020e-01
9.972383196768802582e-01
9.965690526097491508e-01
9.985002269304827927e-01
9.983012329647976690e-01
9.992704272048735792e-01
9.970654222552993717e-01
9.992546091034730793e-01
9.985797758367155330e-01
9.970391799020926760e-01
9.986883861509687765e-01
9.963264049829191338e-01
9.974985274908492183e-01
9.969407333191229181e-01
9.970730174384025979e-01
9.968996074439663291e-01
9.965822014018448360e-01
9.975961637416661532e-01
9.983383015908089408e-01
1.001422259113067037e+00
9.967160887082195941e-01
9.999111598949260715e-01
1.000477354527106399e+00
9.989630394874920993e-01
1.000588549984932518e+00
1.000257299958565271e+00
1.002443091377810847e+00
1.001706700704287245e+00
1.000339154210958981e+00
1.001643453863600097e+00
1.000234223556271784e+00
1.000920481414309560e+00
1.000877877103911073e+00
1.002247806759222870e+00
1.000738044012881023e+00
9.990853131478364402e-01
9.997651689587014889e-01
1.000299021892030016e+00
9.996056077506508819e-01
9.991625411510423049e-01
9.997177224417426178e-01
9.978856597532302919e-01
9.989110977031209204e-01
9.986450461452602845e-01
1.000362337340677588e+00
1.000269340956778219e+00
9.987138650503926129e-01
9.995119192450283574e-01
9.988064034822006221e-01
9.983046117797909069e-01
1.000651308807342099e+00
9.999820884872976379e-01
9.995533475199923634e-01
1.000826037347235742e+00
9.997808823883579388e-01
9.991932891035872899e-01
1.000358649306260839e+00
9.995291172609269692e-01
1.000358127267322761e+00
1.000409255305152012e+00
1.000661373160607548e+00
1.000519085198281699e+00
9.997216277389973094e-01
9.993337935318107323e-01
9.995042036474318659e-01
9.990997867196058646e-01
9.986894008070635875e-01
9.994315032675543664e-01
1.000348689363631305e+00
1.000707020723198504e+00
1.001128315390255707e+00
9.996830052174739967e-01
9.998236629059285008e-01
1.000755768872381823e+00
1.000931514873519834e+00
1.000941318753510556e+00
9.987590719062526823e-01
9.997810947106388069e-01
9.998610884517226127e-01
9.996194599720400475e-01
1.000337362170604427e+00
9.986293322901007574e-01
1.000213359730993901e+00
9.993720323419245100e-01
9.994496275857376322e-01
9.990024425328845048e-01
9.994321689868299607e-01
9.995240148020241300e-01
9.994998004823247850e-01
9.994551617758767881e-01
9.993066476746724769e-01
9.988123374401246535e-01
9.991887025426003932e-01
1.000526668233861161e+00
9.997298864358893367e-01
1.000106447991627956e+00
1.000663278176413540e+00
1.000510389352733176e+00
1.001564033089646255e+00
1.000023088033727081e+00
9.994160187704215215e-01
9.995793134785194711e-01
1.000548645450852536e+00
9.998546796316067908e-01
9.996691987873143059e-01
1.000097034283722097e+00
9.993614671041247677e-01
9.995344096935040445e-01
1.000067149699171098e+00
1.000467148352864433e+00
1.000399813209621680e+00
1.000481870494444925e+00
1.000414787288694818e+00
9.997529330446530693e-01
9.995418726168637802e-01
9.996770049805621117e-01
9.994823300546465950e-01
9.999742933421825741e-01
1.000396369835825361e+00
9.996653669713349011e-01
9.997686351326251497e-01
1.000355335078328745e+00
1.000190848924171982e+00
9.992803496528835927e-01
9.999174311136331816e-01
1.000419515643330426e+00
9.994539780972492293e-01
9.996658407228754539e-01
9.999547344644259539e-01
1.000513438867164373e+00
9.997587018752690513e-01
9.995389616745565808e-01
9.989578152866498417e-01
9.996084669550930890e-01
9.996139377681868554e-01
1.000466201881506034e+00
9.998292660089392880e-01
1.000540594932550542e+00
1.000158669517975385e+00
9.997711703298339803e-01
9.995616003135385785e-01
9.998699088023015324e-01
1.000158692305944452e+00
1.000274527054694884e+00
1.000221930824032768e+00
9.995901515470320131e-01
1.000221437558594717e+00
1.000084000831912290e+00
1.000170648641093063e+00
9.993014484804818576e-01
1.000221328172699486e+00
9.994736497882183990e-01
1.000032408740309631e+00
1.000365227574800731e+00
9.999687882500704061e-01
1.000002570362300114e+00
9.993784304246364769e-01
1.000016971330537796e+00
9.989146502188834820e-01
9.993688113131902195e-01
1.000858260198281835e+00
9.999104756352956702e-01
1.000201580754503938e+00
9.997958104539390600e-01
9.995556943362997604e-01
9.998248005047014608e-01
9.996381047581127666e-01
1.000183991073303247e+00
9.998892724969160595e-01
9.999238577635668479e-01
9.993584159923853960e-01
1.000135566986662505e+00
1.000397819511913422e+00
9.994489885416890651e-01
1.000053780834323058e+00
1.000053858686356323e+00
9.993627439838228543e-01
1.000220222261277936e+00
9.995393467882305316e-01
9.993441337946562530e-01
1.000673235081711132e+00
9.998194607436068360e-01
1.000107946162821726e+00
1.000484403225019969e+00
9.994687402525208597e-01
1.000485236325671767e+00
9.996287610071769025e-01
1.000231177021260187e+00
1.000043498151272026e+00
9.997086237887004012e-01
9.998290912382391538e-01
9.997649224595974715e-01
1.000779212983567534e+00
9.999209440925381776e-01
9.999954259067106443e-01
9.993506892149291998e-01
9.998619737927820772e-01
