0.000000000000000000e+00
0.000000000000000000e+00
0.000000000000000000e+00
0.000000000000000000e+00
0.000000000000000000e+00
0.000000000000000000e+00
0.000000000000000000e+00
0.000000000000000000e+00
0.000000000000000000e+00
0.000000000000000000e+00
0.000000000000000000e+00
0.000000000000000000e+00
0.000000000000000000e+00
0.000000000000000000e+00
0.000000000000000000e+00
0.000000000000000000e+00
0.000000000000000000e+00
0.000000000000000000e+00
0.000000000000000000e+00
0.000000000000000000e+00
0.000000000000000000e+00
0.000000000000000000e+00
0.000000000000000000e+00
0.000000000000000000e+00
0.000000000000000000e+00
3.484840674916047515e-02
7.702747946175261262e-01
2.687855720000812632e+00
3.112734976530897146e+00
1.959685457027204869e+00
9.787288678177652468e-01
4.665249409200676878e-01
2.652396383390239198e-01
2.108847443164147129e-01
2.117351336522186322e-01
2.359388112687916816e-01
2.721610870857628650e-01
2.824026139935715274e-01
2.989944485979302291e-01
2.974011004337486774e-01
3.157657285147475457e-01
3.961302789599899787e-01
5.146070317295698970e-01
6.743408385634562796e-01
8.626431969914767350e-01
1.090862541031499822e+00
1.254912143833990967e+00
1.371439352290620972e+00
1.474047606609699024e+00
1.555021818626362018e+00
1.631786515882938104e+00
1.644074110604235361e+00
1.622488922791598176e+00
1.518154043350924409e+00
1.375827123283475784e+00
1.231465583545795051e+00
1.091734268806646480e+00
9.820098251064605099e-01
9.155606259917773437e-01
8.790564078873719378e-01
8.682129340544502138e-01
8.651905791982076321e-01
8.745949455002559603e-01
8.983024174405426221e-01
9.140242588448908023e-01
9.299507666778846771e-01
9.562503321310249493e-01
9.873337077453377963e-01
1.001679315260464609e+00
1.007947873162442720e+00
1.031551827778282249e+00
1.043940672154749283e+00
1.038359623993586833e+00
1.050894879559575168e+00
1.059983652082036709e+00
1.048667274669792038e+00
1.034109984634536961e+00
1.039850566377967134e+00
1.025123210182107725e+00
1.016297414767205254e+00
1.001668366121533094e+00
9.986456750424984596e-01
9.947492981205764417e-01
9.942645558634820580e-01
9.993343769088182116e-01
1.003121351061944111e+00
1.000897872147034517e+00
1.004051565144371327e+00
1.004917816587842960e+00
1.005289533099379629e+00
1.017092547275831427e+00
1.009324931295768613e+00
1.007954973644773711e+00
1.004698116831184818e+00
1.009354792014003355e+00
1.009549149806237667e+00
1.012364530603003132e+00
1.005066679211613412e+00
1.006388339893204087e+00
1.007638705681946245e+00
1.014304049060159363e+00
1.006923309506066344e+00
1.001688819530836216e+00
1.012522379006285611e+00
1.003663587893189213e+00
9.994892277659862545e-01
9.972114657651468539e-01
9.983244501022902062e-01
9.993979522408313887e-01
9.975374284278324399e-01
9.987235747608014247e-01
1.003867246454559048e+00
1.002591473935051880e+00
9.984806321914198035e-01
1.000521600237259001e+00
9.961225549929115797e-01
1.004492354682328337e+00
1.002505719269257023e+00
1.003696647067962466e+00
1.007894299832432727e+00
1.009033226352146206e+00
1.009837314398650543e+00
1.005779559364359477e+00
1.007579904434269480e+00
1.006587020005795363e+00
9.984888985398333583e-01
1.006623999524774771e+00
1.001250445035289260e+00
9.980135318251673882e-01
1.004728677721560270e+00
1.005734198105210808e+00
1.005483273719353754e+00
1.003699111814521316e+00
1.004265281918884201e+00
9.985812889648171264e-01
1.001625388617512380e+00
1.002619499510086998e+00
1.003739847438088972e+00
1.008687013902015428e+00
1.002870906557754571e+00
1.005329926881009195e+00
1.007884221179889517e+00
1.007432899781832703e+00
1.004588601629232913e+00
1.003406856982672402e+00
1.001843156323334538e+00
1.007092154385810900e+00
1.008856151586470462e+00
1.009437186225441874e+00
1.002332035161062729e+00
1.004686068474504479e+00
1.002925297664666981e+00
1.001697850451534144e+00
1.006661326762545716e+00
1.008365440339556773e+00
1.000940436335295836e+00
1.006890058552560197e+00
1.006913090920425358e+00
1.003661628391538718e+00
1.000275794006817875e+00
1.001472360839298359e+00
1.005386624365726123e+00
1.003114352417448840e+00
9.983404809392608659e-01
1.003415076216804591e+00
1.001615149131333871e+00
9.937733431585017430e-01
9.983653456208001487e-01
1.002392428713614558e+00
9.998429103690567032e-01
1.000710510800172148e+00
9.981716972263268151e-01
9.950223964206398319e-01
1.005922588939484275e+00
9.982678181289780239e-01
9.991953393052177557e-01
9.992809837373032300e-01
1.001087969089635710e+00
1.006136019532607895e+00
1.000595216605194793e+00
1.002031891210604320e+00
1.001639692800873727e+00
1.000927011335405625e+00
1.001749820014083081e+00
1.004622203306374306e+00
1.002233164018979439e+00
1.000373428273243714e+00
1.005987553387921674e+00
9.978163900439176448e-01
1.003681090935646170e+00
9.999502150140837653e-01
1.004330999337164299e+00
1.000803843892717815e+00
1.001112932344752959e+00
1.003599626723508331e+00
9.991641608169987698e-01
1.001649102944757841e+00
1.002097474715543335e+00
1.003919281034541644e+00
1.002334213033350352e+00
1.000230638640334568e+00
1.003016853675564146e+00
1.001456284163551924e+00
1.006418445746294577e+00
1.002460359743005291e+00
1.003196894054148247e+00
1.005239425785476870e+00
1.002042856516139002e+00
1.003107468986347062e+00
9.991257955914030209e-01
1.003926937969255917e+00
1.004245544940498114e+00
1.002328095848915579e+00
1.001902012944346332e+00
1.006874391768771027e+00
1.006048331507644278e+00
1.004734424558704653e+00
1.002590762984223005e+00
1.004031180013962521e+00
1.003594342697566200e+00
1.002146755258043864e+00
1.002498509466041687e+00
9.983548667371148211e-01
1.003172608626998974e+00
1.002559807003141179e+00
1.004286979877195396e+00
1.002684906788493313e+00
1.004275014555261469e+00
1.001311359966810199e+00
1.001553525106816833e+00
1.000935091318930326e+00
1.000109196635132980e+00
1.001579842660132114e+00
1.001429915847522611e+00
1.000724305689298710e+00
1.004384081528750805e+00
9.994079603798190492e-01
9.991424802727156829e-01
9.989137782540056243e-01
1.000556266910893610e+00
1.003176544770665313e+00
9.984865392349928648e-01
1.002482808698316630e+00
1.000177958199830242e+00
9.982960497576481851e-01
1.001154303514535604e+00
1.000886412340692644e+00
1.002899491097020146e+00
1.002160431228346305e+00
9.998243444840202443e-01
1.001291578491017908e+00
1.002386065818032357e+00
1.001250322243721458e+00
1.000405583441379642e+00
1.002017867946622953e+00
1.000841782543338665e+00
1.001664766281106012e+00
9.994017366031174854e-01
1.000349232069876804e+00
1.001366459830467681e+00
9.994217947374034461e-01
1.000099469338084024e+00
9.973984643701558905e-01
9.992055451999413140e-01
9.979499242669294112e-01
1.001204071224401915e+00
9.983236505307323538e-01
9.993865451691663626e-01
9.965474006575721910e-01
9.969639173295923307e-01
9.965652274592189386e-01
9.977693967915665096e-01
9.965810055797789113e-01
9.971669164081453651e-01
9.898226541695278602e-01
9.777811143554211437e-01
9.676900757107683715e-01
9.535202930352486561e-01
9.441425112490867688e-01
9.335594559884874410e-01
