0.000000000000000000e+00
0.000000000000000000e+00
0.000000000000000000e+00
0.000000000000000000e+00
0.000000000000000000e+00
0.000000000000000000e+00
0.000000000000000000e+00
0.000000000000000000e+00
0.000000000000000000e+00
0.000000000000000000e+00
0.000000000000000000e+00
0.000000000000000000e+00
0.000000000000000000e+00
0.000000000000000000e+00
0.000000000000000000e+00
0.000000000000000000e+00
0.000000000000000000e+00
0.000000000000000000e+00
0.000000000000000000e+00
0.000000000000000000e+00
3.128958736990318154e-05
3.568692491372763009e-02
1.028107257248123352e+00
3.360536976369356665e+00
3.311273051245563703e+00
1.832932216349783872e+00
8.343846948931241680e-01
3.790070278173777729e-01
1.956618016018132900e-01
2.266878595447682498e-01
8.392812186217296633e-01
1.747973259506994781e+00
1.905220027669768168e+00
1.461384104410896612e+00
9.889952448573147148e-01
7.014244646311761366e-01
5.861516564810657082e-01
5.782447089544788810e-01
6.297194032838507871e-01
7.156435474684669229e-01
8.157108063194248304e-01
9.177778441479319538e-01
1.013941284409542787e+00
1.095918222027231659e+00
1.158318512174860926e+00
1.207142167408266076e+00
1.228402487989649572e+00
1.230165145894985157e+00
1.210449534617035194e+00
1.171460708972133391e+00
1.131470514599763888e+00
1.090176893695072424e+00
1.045185298095380411e+00
1.009523342536316148e+00
9.822398913056251679e-01
9.548811490216657649e-01
9.398268453400931977e-01
9.262672952565910167e-01
9.213517131377131353e-01
9.204458299585883685e-01
9.175418894282499904e-01
9.223588147514680813e-01
9.364418022194049840e-01
9.497808144427641874e-01
9.617334664070185113e-01
9.793413085033035870e-01
9.880102063815806579e-01
9.969386840940968053e-01
1.004097434353320661e+00
1.014321163212351440e+00
1.017452391984646543e+00
1.024004271037618263e+00
1.023615996252045024e+00
1.024135558284884118e+00
1.021347512876340957e+00
1.020413009802196180e+00
1.017377908096051664e+00
1.013531316479599154e+00
1.009627186728105697e+00
1.003947369225675512e+00
1.002380733151942760e+00
9.989636077336532249e-01
9.975238132346855302e-01
9.976372814884224560e-01
9.960486330602343896e-01
9.978861293404542865e-01
9.960191234735525923e-01
9.981600125341016927e-01
9.981745964059667298e-01
9.992273738385920590e-01
9.998785293999852275e-01
9.972112139773160466e-01
9.977427605005813049e-01
9.963611815923132387e-01
9.960992873723893970e-01
9.956096239169235362e-01
9.958421146873499552e-01
9.978465172064494570e-01
9.973849235429891325e-01
9.984871209064237751e-01
9.981117901525485836e-01
9.999624729817876423e-01
9.991765791304725308e-01
1.001460127846258263e+00
1.002126009758942837e+00
1.001110353053916491e+00
1.001812405430421382e+00
1.001957841387439929e+00
1.001051298848503412e+00
1.000754831695735092e+00
1.001343428461895169e+00
1.002090653180746749e+00
1.001494000318851718e+00
1.001496249707384711e+00
1.000818469136617761e+00
1.000781426872768165e+00
9.988514874450395986e-01
1.001010140614968957e+00
9.990488170178208893e-01
9.995430975249394168e-01
9.987697896514821094e-01
9.979550183578894673e-01
9.993798430715727932e-01
1.000266113365916310e+00
1.000241180546107111e+00
9.997013158849945569e-01
9.998597104513701206e-01
1.001304368491976904e+00
1.000846361232181847e+00
1.000437920916748880e+00
1.001689829637305795e+00
1.002369398988982585e+00
1.002328221229449756e+00
1.000308396191261329e+00
1.001171497247134834e+00
1.000739436685691208e+00
1.000527696957415724e+00
1.000779006732119392e+00
9.994549388603530815e-01
9.995006542979937292e-01
9.986043338808455738e-01
9.989964267736872738e-01
9.993964287657959300e-01
9.987641135606291076e-01
9.997642630181442502e-01
9.989947924917866873e-01
1.000104547571651681e+00
1.000470729941293158e+00
1.000481119155335330e+00
1.000632083306855602e+00
1.000729901357005458e+00
1.000068956799122777e+00
1.000695361613358036e+00
1.000284259989247859e+00
1.000914278399710700e+00
1.001945265643350069e+00
1.001568476950493558e+00
1.000884246269891920e+00
1.000926700561380223e+00
1.001177106139643946e+00
1.000896334021604828e+00
1.000563372746597679e+00
1.000172985225249223e+00
1.000434337607578383e+00
1.000247266985408556e+00
9.998271951303817628e-01
1.000207757470232828e+00
1.000317429778403877e+00
1.000209755352485130e+00
9.991780228408059239e-01
1.000215778772946873e+00
9.998859307826604148e-01
9.997389146897415202e-01
1.000713094492193589e+00
9.996753638752087223e-01
1.000823308831664926e+00
1.000510296397420396e+00
1.000102799120116570e+00
1.000540222530607259e+00
1.000598478561860238e+00
9.997620410657332979e-01
9.997472039677122169e-01
1.000081161788604733e+00
1.001324171128012308e+00
1.000447517941212006e+00
1.000636303270845628e+00
1.000073635894283219e+00
1.001031632199547605e+00
9.999440852337952990e-01
1.000504390133879262e+00
9.997475311881554028e-01
1.000372078082178762e+00
1.000868676515569433e+00
1.000624368047076329e+00
1.000187531285346987e+00
9.996594171427185538e-01
1.000791606416050916e+00
1.001524290859563404e+00
1.000249800204605188e+00
1.000757542544322698e+00
1.000082594402714076e+00
1.001582818819821474e+00
9.998055608645372017e-01
1.000548178380819886e+00
1.000108279916628540e+00
1.000336809537084815e+00
1.000630756038509928e+00
1.000022483708964183e+00
1.000083673504397863e+00
1.000463261001892867e+00
1.001019506858823904e+00
1.000135854467935959e+00
9.995588226133657050e-01
9.995934231121386127e-01
1.000036859987068372e+00
9.998031572874741535e-01
1.000292481338956874e+00
9.996330779573879832e-01
1.000703029682777911e+00
9.997022493609677429e-01
1.000045822770341264e+00
9.997072655280107023e-01
1.000239497960026203e+00
1.000733126479326662e+00
1.000935080601146554e+00
1.000197257577987164e+00
1.000672676900996372e+00
1.000796040388728825e+00
9.999223446702254492e-01
9.998224009109980548e-01
1.000203170221073856e+00
1.000136732270187290e+00
1.000086982323011187e+00
1.000460805319136171e+00
1.000200782728895676e+00
1.000251642607071112e+00
1.000643753072457898e+00
9.997987136334778313e-01
1.000257959266454666e+00
1.000365724507171095e+00
9.999166287106374673e-01
9.996504848798623000e-01
1.000203020632751016e+00
9.999879915427364319e-01
1.000006028164874161e+00
1.000076784098445248e+00
1.000254388346783374e+00
9.999942255421205850e-01
1.000417840912523282e+00
1.000006459011741899e+00
1.000038083787013310e+00
1.000367883770398203e+00
9.994197712605106254e-01
1.000499107928003673e+00
1.000099813759361744e+00
1.000029686738015178e+00
9.999466414802029579e-01
1.000095454760137281e+00
9.999686717596918406e-01
1.000181607165058661e+00
1.000907772486214986e+00
1.000104955210918023e+00
9.999814900502195236e-01
9.994409715707338604e-01
9.997241135248043920e-01
1.000075673742440108e+00
1.000491868638222037e+00
1.000034668617933331e+00
1.000608605216790181e+00
1.000126284625981521e+00
9.997171109264308964e-01
1.000517587957230115e+00
1.000309163582745686e+00
9.994070529960020766e-01
9.917227284522244224e-01
9.809720677873343675e-01
9.701498626467272013e-01
9.590929974606114961e-01
9.483942292023099796e-01
9.377839293069479831e-01
