0.000000000000000000e+00
0.000000000000000000e+00
0.000000000000000000e+00
0.000000000000000000e+00
0.000000000000000000e+00
0.000000000000000000e+00
0.000000000000000000e+00
0.000000000000000000e+00
0.000000000000000000e+00
0.000000000000000000e+00
0.000000000000000000e+00
0.000000000000000000e+00
0.000000000000000000e+00
0.000000000000000000e+00
0.000000000000000000e+00
0.000000000000000000e+00
0.000000000000000000e+00
0.000000000000000000e+00
0.000000000000000000e+00
0.000000000000000000e+00
1.564733971773247520e-05
3.473959865023498739e-02
1.029352713241933337e+00
3.356082576012601404e+00
3.308065063090683822e+00
1.835799317995930657e+00
8.335091015442317453e-01
3.786947780454250623e-01
1.963089814862271631e-01
2.267852066164909586e-01
8.462753297185081625e-01
1.742464929082549352e+00
1.911021721600757894e+00
1.459582580166860044e+00
9.874654136016848271e-01
6.996390662656032378e-01
5.821299838815555683e-01
5.763511849361154793e-01
6.312284096724490867e-01
7.165735425549081272e-01
8.156831706096767665e-01
9.187138583487685084e-01
1.013498224075864096e+00
1.094125875112933244e+00
1.161472855401674664e+00
1.204358750469339379e+00
1.227695981299034012e+00
1.230137976810082634e+00
1.209570067281147798e+00
1.175250817402990533e+00
1.132675901248424433e+00
1.087145524773331484e+00
1.044269681075413292e+00
1.011075509608498679e+00
9.772382944911353064e-01
9.561276286663147328e-01
9.375878083729274337e-01
9.258431448862280977e-01
9.198200639640652376e-01
9.162521745607251633e-01
9.174737903475037593e-01
9.255015658271006362e-01
9.358331657200396059e-01
9.484690318309422219e-01
9.646834408310446252e-01
9.746824546570057590e-01
9.896493178294346604e-01
9.959663294368727993e-01
1.007017924153953192e+00
1.012588129728886566e+00
1.017988488033789052e+00
1.020226459476479608e+00
1.023664959965755239e+00
1.025363846922200617e+00
1.022977191553722687e+00
1.021575963117648866e+00
1.016164521884319161e+00
1.013650267361902779e+00
1.008125427939080998e+00
1.004236667215373968e+00
1.001249822076443863e+00
9.989548780573842546e-01
9.989800531588716170e-01
9.969317881957669991e-01
9.963175797873353723e-01
9.971218354579445275e-01
9.946332665670561957e-01
9.980939483292198267e-01
9.974544759119881032e-01
9.987027468012380504e-01
9.970322892604642773e-01
9.960403787472664749e-01
9.968843235499447175e-01
9.966843274525816199e-01
9.958990395810473073e-01
9.968504848590079570e-01
9.966617230209211531e-01
9.950885449010439254e-01
9.967852914315443735e-01
9.971296252850722075e-01
9.997107178916302406e-01
9.996502307970722701e-01
9.996546954849820921e-01
1.000923788562240180e+00
1.000299162534676434e+00
1.001103680635136550e+00
1.001592724978539906e+00
1.000470981421844208e+00
1.002015931678368554e+00
1.002291222141808991e+00
1.001330248416482993e+00
1.002246326909391749e+00
1.001241248547666274e+00
1.000771383567844675e+00
1.000560940414539912e+00
9.987429438434057838e-01
9.997763099858854030e-01
1.000026868149360704e+00
9.997931257328562804e-01
9.986307918559024221e-01
9.995198156730220607e-01
9.981971758050229848e-01
9.989319466581513263e-01
9.987173877425659096e-01
9.990529254673716775e-01
9.998631720474274731e-01
1.000505362800555798e+00
1.001265027286738496e+00
1.001266151630918921e+00
1.000767019202895014e+00
9.995205885498634757e-01
1.000835793628211734e+00
1.000697994623272580e+00
1.000903697554119898e+00
9.996750953726095679e-01
1.000848921695531413e+00
1.000240808651736479e+00
9.994334742021832030e-01
9.989877329431946507e-01
9.985297461507818273e-01
9.988504750504956231e-01
9.984021667834044322e-01
9.986068222748764045e-01
9.981888487829270185e-01
9.990960206879023753e-01
9.987106178440557924e-01
9.989753179234743818e-01
9.997027423004587465e-01
9.996820825982313252e-01
9.992541129601084648e-01
9.995204461783613326e-01
1.000215374344266106e+00
1.000927502901017840e+00
9.996632319457845472e-01
1.000758924873381472e+00
1.001045610432911737e+00
1.001233604489640383e+00
1.000163955856218090e+00
1.000395813760190267e+00
1.000069102406031751e+00
1.001262453628421145e+00
9.998637939229638727e-01
9.999760922436462529e-01
9.997335642220003260e-01
9.985672184048731692e-01
9.999231522519266280e-01
9.992575957213540860e-01
1.000074432163120530e+00
9.995325646830183208e-01
9.997394167805404575e-01
9.992307988264251817e-01
9.991141566136754193e-01
9.993704725196470573e-01
1.000418648153908352e+00
1.000183209876526647e+00
1.000049596988533240e+00
1.000046705594516361e+00
1.000329017249962149e+00
9.991082311309879005e-01
1.000051151750634304e+00
1.000166384585436274e+00
1.000481714417859269e+00
9.999828557536525331e-01
1.000757386820871675e+00
9.996877297223123460e-01
1.000997547287620026e+00
1.000110640920778504e+00
1.000123685702245746e+00
1.000244346703029974e+00
1.000059692439542403e+00
9.993270140465148055e-01
1.000224248365735980e+00
9.998872850376839816e-01
9.990573156533321120e-01
9.998791471105497042e-01
1.000839460813068849e+00
1.000585866505649735e+00
9.996104335188120693e-01
9.995248920063263265e-01
9.999749970940579047e-01
9.998461441226810242e-01
9.991382924628762208e-01
9.999714770064147551e-01
1.000087322179865845e+00
9.998094490004807433e-01
9.996606142406516682e-01
9.996732086419491958e-01
9.996339321436419345e-01
1.000527228522835044e+00
9.990911319742282748e-01
1.000425109532789847e+00
9.999072164978610733e-01
1.000040759367018195e+00
1.000047130859151867e+00
1.000276655053540464e+00
1.000056646628256773e+00
9.996122298229718206e-01
9.999074009536359497e-01
9.995085110980803655e-01
9.999823394654155928e-01
9.994891795909158771e-01
9.996718231112102782e-01
1.000542304652086711e+00
1.000019211897182458e+00
1.000411557852675548e+00
9.994484251732075331e-01
9.997888793401200624e-01
1.000100242898616987e+00
9.999296270997356517e-01
9.998890846706981472e-01
9.997328720688820614e-01
1.000079940125917499e+00
1.000154224533220670e+00
1.000036869739782341e+00
9.999815381563565975e-01
1.000248989001979671e+00
1.000041673037234347e+00
1.000171887655669556e+00
9.997768178593626764e-01
9.998066067529710610e-01
9.993892413113352191e-01
9.998225279760517559e-01
1.000194114040004578e+00
9.999059144654526277e-01
9.996062311645478315e-01
9.999582080777494886e-01
9.996041563625166493e-01
1.000025758283360711e+00
1.000134275117006144e+00
9.998519161324084248e-01
1.000016462518286353e+00
9.999287322997989502e-01
1.000749671306810029e+00
9.994402052573855277e-01
1.000314154763240149e+00
1.000005235023907701e+00
1.000286015399585837e+00
9.995767569828724053e-01
1.000508774379783583e+00
9.998664796670341248e-01
9.998968486596274685e-01
9.995514504444725778e-01
1.000080752834302311e+00
9.996992945397480401e-01
1.000771553831258709e+00
1.000007869415553863e+00
9.998750382055304753e-01
9.999412471692638027e-01
1.000202067824773611e+00
1.000165255328806069e+00
1.000145152733775467e+00
9.997869865120980748e-01
9.998503492542557547e-01
9.988582840907621607e-01
9.913471322220060999e-01
9.808933248457450960e-01
9.696998656487724189e-01
9.595580929913674062e-01
9.490097848803249470e-01
9.379389015799559637e-01
