0.000000000000000000e+00
0.000000000000000000e+00
0.000000000000000000e+00
0.000000000000000000e+00
0.000000000000000000e+00
0.000000000000000000e+00
0.000000000000000000e+00
0.000000000000000000e+00
0.000000000000000000e+00
0.000000000000000000e+00
0.000000000000000000e+00
0.000000000000000000e+00
0.000000000000000000e+00
0.000000000000000000e+00
0.000000000000000000e+00
0.000000000000000000e+00
0.000000000000000000e+00
0.000000000000000000e+00
0.000000000000000000e+00
0.000000000000000000e+00
5.560980383258524751e-05
6.298083779573576679e-02
1.190570744492647437e+00
2.922710416704578318e+00
2.421014930738143889e+00
1.270544331382837067e+00
6.040103202171207553e-01
3.237410947542594397e-01
2.145935485835862300e-01
2.523802736768335775e-01
8.829330855314113657e-01
1.763752766369087066e+00
1.915418194581819833e+00
1.725661194745808480e+00
1.538965277139851429e+00
1.329546834197244065e+00
1.129339413074716969e+00
9.836896305612942148e-01
9.080815502246847304e-01
8.641360057266946892e-01
8.419313354903433799e-01
8.228693865040334066e-01
8.062139025029050332e-01
7.834741291250912898e-01
7.642714354803148424e-01
7.535733249637948106e-01
7.641085871681048136e-01
8.068362534268471720e-01
8.798833276487344479e-01
9.896068259124326527e-01
1.100096586969085966e+00
1.175365440216637580e+00
1.199412575178012030e+00
1.184320220561508430e+00
1.148336800526928769e+00
1.106014256957267738e+00
1.074363458528296400e+00
1.062324556956264487e+00
1.061414657543739981e+00
1.069435939468651453e+00
1.062172726047585947e+00
1.042663664716072303e+00
1.011197918757070990e+00
9.787277626422586918e-01
9.474275727458602026e-01
9.246693265974782472e-01
9.124979836859532512e-01
9.082732550823406914e-01
9.113788090470668068e-01
9.181208474309492384e-01
9.297637828919196323e-01
9.445124738283553478e-01
9.631955048948637188e-01
9.894408362570268345e-01
1.015022354564519169e+00
1.041768505961353064e+00
1.065287517318248112e+00
1.083545954919615362e+00
1.090081385635217170e+00
1.086000801757991852e+00
1.071093069665485231e+00
1.049384547078590746e+00
1.027743150692420171e+00
1.006492153770019327e+00
9.898025829407200993e-01
9.757251255617489516e-01
9.656501076085864943e-01
9.549058637463532229e-01
9.459143973280179640e-01
9.420156423158680958e-01
9.443599759712267838e-01
9.509815850131795312e-01
9.633852226739241242e-01
9.783948400184501182e-01
9.915235985102667238e-01
1.001927598802566877e+00
1.007442229713310544e+00
1.012066805094705479e+00
1.015960268599994887e+00
1.019940113411368143e+00
1.023844171399651781e+00
1.029061186283614759e+00
1.031079979698236615e+00
1.030882942365178634e+00
1.026282648577032219e+00
1.020843273337044499e+00
1.011513924111973051e+00
1.002136998111203159e+00
9.941151492365672970e-01
9.901925052335975863e-01
9.858436372658602176e-01
9.839570086379486602e-01
9.802814592668909199e-01
9.746613625724758201e-01
9.713948049842827670e-01
9.737017353579706658e-01
9.774623828456413532e-01
9.857155685681490143e-01
9.975654402314499958e-01
1.014749651493861871e+00
1.023428978666927724e+00
1.018765056823917048e+00
1.012163997980976005e+00
1.008102212915725993e+00
1.005286496405318752e+00
1.005695633449712467e+00
1.006846211209883935e+00
1.006641199234776352e+00
1.007193201920129733e+00
1.004493005208993539e+00
1.000505421510818671e+00
9.962303256185051081e-01
9.945898470554933590e-01
9.934512518336318099e-01
9.930336642766099953e-01
9.941746338014738615e-01
9.962558410417121646e-01
9.975954216825356768e-01
9.984933403380560346e-01
9.979263773788572545e-01
9.970392057486265891e-01
9.952941649875101104e-01
9.974483435417336175e-01
1.002196724816855067e+00
1.006365469843180538e+00
1.009173724722597809e+00
1.009159202096990837e+00
1.005890850037240325e+00
1.002586763307791395e+00
9.993526364592668632e-01
9.961620922815854762e-01
9.940144700662795207e-01
9.933054719441486435e-01
9.936601600974630522e-01
9.944129266330196115e-01
9.969809933915714240e-01
9.992185106189379606e-01
1.001784625204948709e+00
1.004599677668799318e+00
1.006078768180427963e+00
1.006992402423900090e+00
1.006428763899825718e+00
1.006033216897809224e+00
1.004075054004001100e+00
1.003254899236942999e+00
1.002102497977357176e+00
9.993803858785985650e-01
9.963562450524683367e-01
9.938659407011550817e-01
9.920707175786763754e-01
9.936767568487742119e-01
9.962767484326042755e-01
9.985519949868749690e-01
9.987597139015755854e-01
9.981350600065606038e-01
9.960669337254010047e-01
9.947017839625500457e-01
9.961684646095891882e-01
9.975211735819415892e-01
9.989830447365396493e-01
1.000714095695211858e+00
1.002111282166356032e+00
1.004321064841239508e+00
1.005512920646531416e+00
1.007660017844425937e+00
1.008136828505697746e+00
1.007110626340208315e+00
1.005928468602415027e+00
1.004064695143864983e+00
1.001377461792379187e+00
9.987014755799176191e-01
9.965769689434222922e-01
9.953515554406757726e-01
9.950238103260112821e-01
9.950194827116930485e-01
9.957280829943107037e-01
9.965647336961245273e-01
9.967636240213088028e-01
9.982668534394492088e-01
9.998770266633998371e-01
1.001567884161375765e+00
1.002157105410284910e+00
1.003809224384840437e+00
1.004381819163954193e+00
1.003704234891157565e+00
1.002235679887827136e+00
1.000806609905786404e+00
1.000135879078160484e+00
1.000038917318982312e+00
1.000121070431835291e+00
1.000276200220333811e+00
1.000171832605388555e+00
9.993276412907466932e-01
9.987701313464166786e-01
9.994745241662978952e-01
1.000381497679778908e+00
1.001586380321529468e+00
1.002430182106571088e+00
1.003258230109740579e+00
1.002863728170871216e+00
1.001112323848372121e+00
9.989782798111132012e-01
9.953707686357031736e-01
9.851767016360748475e-01
9.730623979291960213e-01
9.612135909127756950e-01
9.506750920895589152e-01
9.385969197283017262e-01
9.270317522432179880e-01
9.144503226240799920e-01
9.016002159701685947e-01
8.879695167407994916e-01
8.744789238855313895e-01
8.610154297412717650e-01
8.487362433936970207e-01
8.372079841165857017e-01
8.252657371141021159e-01
8.128770023091224095e-01
8.013205581968905200e-01
7.893550172307631785e-01
7.772168023443374318e-01
7.652043414594591475e-01
7.533606838576271114e-01
7.415986422474504236e-01
7.295742681861197010e-01
7.188102726230212181e-01
7.083724360175661650e-01
6.978504747272412656e-01
6.878552832386674032e-01
6.785128788381548093e-01
6.686474162158805301e-01
6.583329464247104079e-01
6.475446456150228958e-01
6.365765146284729781e-01
6.258591646476505677e-01
6.153279291307731658e-01
6.050375539377443879e-01
5.948452007726565682e-01
5.838017565375136497e-01
5.728955187693085538e-01
5.621368084401363596e-01
5.519237717322662551e-01
5.428197353043006101e-01
5.352123933614937323e-01
5.272641907831773223e-01
5.182380249376283832e-01
5.083090094552054072e-01
4.978120819007980091e-01
4.874333785693891197e-01
4.770213503251166109e-01
4.674892659672691408e-01
4.584538448846350867e-01
4.493317212506408032e-01
4.411919425680478346e-01
4.329439662656642818e-01
4.246704188906249566e-01
4.160319055533501786e-01
4.070254999532149087e-01
3.983492213918198299e-01
3.899238931245702644e-01
