0.000000000000000000e+00
0.000000000000000000e+00
0.000000000000000000e+00
0.000000000000000000e+00
0.000000000000000000e+00
0.000000000000000000e+00
0.000000000000000000e+00
0.000000000000000000e+00
0.000000000000000000e+00
0.000000000000000000e+00
0.000000000000000000e+00
0.000000000000000000e+00
0.000000000000000000e+00
0.000000000000000000e+00
0.000000000000000000e+00
0.000000000000000000e+00
0.000000000000000000e+00
0.000000000000000000e+00
0.000000000000000000e+00
0.000000000000000000e+00
3.974555575523205648e-05
6.202921823568321308e-02
1.186659038157505286e+00
2.925857127274996028e+00
2.421208347201520450e+00
1.266480758477556812e+00
6.067247292120020452e-01
3.262007586838893691e-01
2.150043487600886705e-01
2.527609682734544561e-01
8.793494816845841555e-01
1.766870769564534926e+00
1.923680044804386036e+00
1.735819380669902712e+00
1.536980588404305959e+00
1.326157104941439346e+00
1.123674509190350168e+00
9.808384547020070343e-01
9.006208762720447902e-01
8.571134125184644015e-01
8.346951112171285825e-01
8.191643132195629562e-01
8.032437066920081747e-01
7.839739726984500390e-01
7.658839877572524157e-01
7.588382432374806141e-01
7.691152617543796088e-01
8.077778771080236231e-01
8.826338809638896166e-01
9.890319011394733684e-01
1.100691381548748682e+00
1.182195823401025470e+00
1.207676852996811379e+00
1.189187776173923572e+00
1.144145125354109060e+00
1.103816561049810296e+00
1.070147643643052593e+00
1.057392203028241662e+00
1.065571018529285263e+00
1.070386589080731143e+00
1.066610822861286723e+00
1.045250311395867548e+00
1.012174090514327940e+00
9.740299887750369923e-01
9.405228554680782338e-01
9.193520291878874984e-01
9.061150189125588561e-01
9.037975406877863938e-01
9.096754917064854284e-01
9.175106683520672934e-01
9.309576713896010602e-01
9.447405065019729431e-01
9.654347856370635306e-01
9.914369219160793500e-01
1.019353774827566950e+00
1.046957039799596423e+00
1.070920855175130804e+00
1.084861579259512210e+00
1.089944346951605469e+00
1.086276778344144489e+00
1.071894905039594503e+00
1.052190687926546797e+00
1.027192371955866212e+00
1.005341136609444908e+00
9.873488102088646690e-01
9.735660641578764984e-01
9.606456152792728354e-01
9.496780596956156950e-01
9.432181358526506854e-01
9.432435337445042034e-01
9.468465538064874121e-01
9.538461441352497072e-01
9.637812746166805056e-01
9.786344633080342748e-01
9.915767411687225197e-01
1.003353023219788032e+00
1.010153473764082488e+00
1.013513552630888492e+00
1.015733442999685376e+00
1.020910513645564954e+00
1.023570209843675638e+00
1.026888384410173272e+00
1.028505805551829910e+00
1.028184053410436283e+00
1.025398467478838560e+00
1.020980930223813754e+00
1.013381820234931396e+00
1.004903546757282440e+00
9.951351742247215304e-01
9.872645484758424406e-01
9.839207473318507535e-01
9.808952579139028627e-01
9.787266370858224152e-01
9.771328367998526332e-01
9.742914222745888697e-01
9.761472884263824312e-01
9.786331593656200090e-01
9.866870890121477444e-01
9.980839980787203913e-01
1.015094678582783683e+00
1.022856278286342180e+00
1.016260149049337480e+00
1.010256539435071543e+00
1.007279492177220792e+00
1.006948726032091068e+00
1.007586499256333923e+00
1.008404271060989732e+00
1.008479757263572862e+00
1.007886845597502079e+00
1.004099744194188126e+00
9.992235784752042660e-01
9.944259933320318545e-01
9.923470969868570801e-01
9.915186278961203303e-01
9.932589431826152060e-01
9.951791021755854727e-01
9.973553104727406193e-01
9.984083059133129767e-01
9.988143862838630982e-01
9.966897946290618204e-01
9.953482432474896058e-01
9.947008785619406712e-01
9.971879468551674286e-01
9.999036097774683940e-01
1.005156067267910069e+00
1.007085724125483361e+00
1.006284903413053877e+00
1.005196296563520386e+00
1.004061862455552179e+00
1.002074955220597641e+00
9.985610832686222516e-01
9.963725782787592467e-01
9.943216420793713484e-01
9.951092693776824039e-01
9.963832601510937970e-01
9.985532139756274628e-01
1.001471621744638218e+00
1.002450936863786835e+00
1.003285322781951150e+00
1.005860083336187483e+00
1.006843254874508098e+00
1.007742699758940264e+00
1.006841564554055823e+00
1.004227269715119997e+00
1.002560349813745866e+00
9.995288982201686601e-01
9.970936097784516283e-01
9.936186007876107729e-01
9.930888352112868800e-01
9.925810996070970615e-01
9.936836286976131749e-01
9.952940876112422730e-01
9.987970018399521255e-01
9.990490025777463146e-01
9.981584697929104522e-01
9.973752865983265270e-01
9.964156182534980033e-01
9.963356792269086881e-01
9.979386938168923749e-01
1.000487990269215643e+00
1.002602691531823353e+00
1.003424987856147865e+00
1.004524337270868539e+00
1.005404046280000463e+00
1.006072124233762910e+00
1.006312591982353677e+00
1.006380459216944523e+00
1.005938097076357396e+00
1.003727425930057704e+00
1.001098057964151966e+00
9.989855993938309142e-01
9.964230305207592009e-01
9.957355888035162028e-01
9.957237139647774349e-01
9.959987762640590825e-01
9.964079233272561398e-01
9.956948828913262384e-01
9.962203757258616399e-01
9.968780228861860992e-01
9.979853967029251871e-01
9.997552152245503532e-01
1.001467903410037552e+00
1.003213787686765723e+00
1.004640187881241209e+00
1.005087155278091782e+00
1.003734369887975264e+00
1.001908393103340789e+00
1.000886120345563901e+00
1.000728585048479058e+00
1.001082119700620776e+00
1.000591640509753022e+00
1.000127728251205328e+00
9.996638020025740978e-01
9.986261151322584073e-01
9.977706664515820778e-01
9.987671112191836009e-01
9.997172278483067442e-01
1.001854033948200051e+00
1.002688893239929158e+00
1.002917807937642847e+00
1.001734732213976242e+00
1.000021455717860386e+00
9.963631113112216831e-01
9.860302225095242123e-01
9.742875419134335857e-01
9.619572194116062791e-01
9.504531153692962198e-01
9.388977179428401598e-01
9.273102675013566998e-01
9.143128963019662159e-01
9.019554565232983379e-01
8.888551656622757369e-01
8.757748746229596648e-01
8.626868319271027152e-01
8.495925411573526098e-01
8.375336078874042745e-01
8.258753020733150541e-01
8.144300921229625789e-01
8.023474713905517364e-01
7.908533313685381927e-01
7.790388245667193567e-01
7.667793046491658826e-01
7.539501464769284844e-01
7.415800993350328829e-01
7.302869927121342641e-01
7.191281789424448512e-01
7.087197553801473093e-01
6.987688768966879849e-01
6.889393684929202566e-01
6.787083621420493262e-01
6.681833050340587610e-01
6.577229767076233635e-01
6.472832824020735565e-01
6.361516092422840885e-01
6.257261773416940009e-01
6.151758482004900941e-01
6.050460617556069343e-01
5.950350164328048752e-01
5.846552478294468891e-01
5.740347433251636877e-01
5.636884309516390079e-01
5.539917425460042510e-01
5.453822987631464780e-01
5.365560655602140683e-01
5.277826091832120703e-01
5.183824784259660756e-01
5.086288704936954286e-01
4.984072141378667054e-01
4.878982524509089536e-01
4.779981471517343872e-01
4.679531472756716659e-01
4.581905332612544735e-01
4.493402163293505613e-01
4.407042262349955553e-01
4.326384367385560648e-01
4.242605579482205402e-01
4.158235122342390788e-01
4.072686140284921819e-01
3.984783011447552981e-01
3.899773855406443723e-01
