0.000000000000000000e+00
0.000000000000000000e+00
0.000000000000000000e+00
0.000000000000000000e+00
0.000000000000000000e+00
0.000000000000000000e+00
0.000000000000000000e+00
0.000000000000000000e+00
0.000000000000000000e+00
0.000000000000000000e+00
0.000000000000000000e+00
0.000000000000000000e+00
0.000000000000000000e+00
0.000000000000000000e+00
0.000000000000000000e+00
0.000000000000000000e+00
0.000000000000000000e+00
0.000000000000000000e+00
0.000000000000000000e+00
0.000000000000000000e+00
0.000000000000000000e+00
0.000000000000000000e+00
0.000000000000000000e+00
0.000000000000000000e+00
0.000000000000000000e+00
1.012044235872970599e-03
1.874227151578705328e-02
3.689675103463118666e-01
1.310930757561128646e+00
1.632685499326790080e+00
1.273413453077283819e+00
7.335556346765561564e-01
3.993857409228829258e-01
2.826576128953656175e-01
2.560046807166396765e-01
2.381304487463125341e-01
2.376116298009778305e-01
2.400847665438558820e-01
2.353236116977128201e-01
2.113274194399208383e-01
2.090456444791782831e-01
2.606169621552807958e-01
2.940432056615333023e-01
4.041513175033732974e-01
5.390735986186161455e-01
7.499342295250186474e-01
8.689984058050272964e-01
1.046901228206731149e+00
1.248156006090889170e+00
1.326360036196593040e+00
1.460163560985050513e+00
1.537264923268280681e+00
1.569283208988346612e+00
1.587278653058216138e+00
1.517379013251097142e+00
1.396101279035329989e+00
1.257848402824684797e+00
1.120123193635137460e+00
1.048309170753839670e+00
9.836240022087940904e-01
9.013896729710650924e-01
8.902382413172350573e-01
9.010680886422294256e-01
8.616497104909741633e-01
8.757970204299114769e-01
9.034123621602127008e-01
9.091889756753966934e-01
9.315633596978201147e-01
9.379463067490386718e-01
9.513454668305710848e-01
9.712926739467749870e-01
9.986427166712896764e-01
1.017989169449541542e+00
1.025199187372332954e+00
1.035452476858509829e+00
1.042843616363223758e+00
1.035326729415975366e+00
1.020506282640790019e+00
1.024791000632089277e+00
1.026351737043326384e+00
1.000401640669385195e+00
9.899740330779320807e-01
9.931961448805813886e-01
9.813493507835943097e-01
9.688600754083285249e-01
9.569532841738178641e-01
9.748024327087484453e-01
9.661450842775389791e-01
9.767871765707603071e-01
9.777591369414159184e-01
9.737890378963901528e-01
9.807636597942281931e-01
9.953643716621149995e-01
9.854799558402832504e-01
9.879493026629190267e-01
1.000130550701515908e+00
1.005872494011736951e+00
9.906070246616058839e-01
9.760223176781958054e-01
9.941962270339067542e-01
9.952315963125224485e-01
9.930307580904278453e-01
9.835217924348607088e-01
9.716741040151782860e-01
9.738391257614960050e-01
9.811289228561624887e-01
9.920944399066936592e-01
9.761148702149164968e-01
9.679329824280006322e-01
9.756945138290423758e-01
9.908336607678476238e-01
9.872226821594447532e-01
9.869111332108535528e-01
9.737356891743835785e-01
9.769326231090419421e-01
9.890005998290097855e-01
9.960021777076075722e-01
9.883694280579728986e-01
9.887255614415783045e-01
9.992553332812897926e-01
9.837362938361290388e-01
9.962774427120558718e-01
9.827535818641983667e-01
9.989648740510965741e-01
9.888414551930909679e-01
9.906966158534826761e-01
9.920407252487858374e-01
9.723297847686637185e-01
9.882655581492919561e-01
9.917820485607402592e-01
9.767952210439397875e-01
9.859360424020301439e-01
9.727597257793819674e-01
9.680643863689506468e-01
9.759888616047578402e-01
9.627117600856462953e-01
9.713710729890712159e-01
9.791553765387330799e-01
9.773161015603896162e-01
9.710996695526806777e-01
9.753630197180316319e-01
9.819075173457155747e-01
9.762453244824674803e-01
9.852195837706601012e-01
9.809607401644255820e-01
9.872025184801279662e-01
9.854858512337976162e-01
9.776744885742600921e-01
9.749975150206180441e-01
9.831706444636195696e-01
9.804060688335549667e-01
9.794064449445440967e-01
9.927253008400946932e-01
9.939949658994723380e-01
9.801767914927154157e-01
9.890864390839646525e-01
9.841722701333399659e-01
9.972385178679670226e-01
9.903274695372842329e-01
9.908840233842705070e-01
9.897402376734393270e-01
9.860757630677433605e-01
9.823514770821153430e-01
9.852671937479209330e-01
9.845129076622337605e-01
9.911298578920733071e-01
9.851955238123123459e-01
9.986618268910681939e-01
9.935891885616129349e-01
9.874896903427931028e-01
9.918564883808176358e-01
9.832771964632968098e-01
9.907328192451643201e-01
9.862761912545418008e-01
9.842555557992378468e-01
9.852725382788961594e-01
9.855061461116926269e-01
9.909989002463256424e-01
9.871355410311449807e-01
9.947152359353502726e-01
9.895824058374836918e-01
9.874589351715218344e-01
9.919028651079893066e-01
9.901126701312839007e-01
9.926532538559175167e-01
9.904529229182688077e-01
9.810520578352909249e-01
9.897109799961342214e-01
9.913705239214442022e-01
9.871483478624949459e-01
9.894526915486595575e-01
9.862351346769204774e-01
9.837945926380763373e-01
9.881016912676804376e-01
9.881451408743913145e-01
9.859490184656825029e-01
9.836610766688603791e-01
9.904297717399412893e-01
9.912831038944126538e-01
9.927972143469564470e-01
9.925128000306189247e-01
9.854903610065181008e-01
9.897770825999956390e-01
9.876226375303959193e-01
9.820792371968493084e-01
9.868984862074227093e-01
9.846638615303289210e-01
9.926375243213486632e-01
9.877260584527954856e-01
9.931349628222724268e-01
9.920691316301705198e-01
9.819891005001631923e-01
9.809016186253735059e-01
9.845418281159578067e-01
9.958391516714755198e-01
9.873979611910003173e-01
9.878459233090209901e-01
9.872561085209813347e-01
9.885381240857039620e-01
9.952200375901711915e-01
9.938754395863099722e-01
9.913742326279315620e-01
9.965487135224604387e-01
9.921966961742407776e-01
9.898413169169650860e-01
9.885758302291008937e-01
9.961333488860009133e-01
9.937409913168888664e-01
9.882512947244108670e-01
9.861057722354861221e-01
9.916034516086390527e-01
9.936782424630203892e-01
9.930873328613958329e-01
9.925425028701545527e-01
9.919109841098816549e-01
1.001721361552854628e+00
9.922443220323075019e-01
9.948977236989203776e-01
9.929824137964448072e-01
9.889530763981910777e-01
9.925802212759560206e-01
9.997472624342701453e-01
9.984916120703573039e-01
9.990876834467582457e-01
1.002338004759595114e+00
9.965914116869072359e-01
1.000328563693940520e+00
9.947863893886854658e-01
9.972838074830181476e-01
9.945180158974029627e-01
9.939356646168080456e-01
1.000042596683757390e+00
9.942947009943576830e-01
9.979979887389109905e-01
9.972328616311779692e-01
9.919323106885428176e-01
9.935464748950889602e-01
9.973787803317928358e-01
9.960201255704331791e-01
9.994418777734573878e-01
9.927532403323305887e-01
9.953676686679502339e-01
9.936057454475785145e-01
9.927423745949924827e-01
9.969155678609112892e-01
9.966748229334486675e-01
9.956404478576093009e-01
9.950995371176333260e-01
9.992407347522331840e-01
1.002051704654245201e+00
9.996127599274473585e-01
1.001396909199334218e+00
9.938125248894694730e-01
9.937030261092240080e-01
9.957786325831990970e-01
9.939044915456348717e-01
9.958709079229935979e-01
9.899969832455889351e-01
9.963075736635131907e-01
9.978015013586923887e-01
