0.000000000000000000e+00
0.000000000000000000e+00
0.000000000000000000e+00
0.000000000000000000e+00
0.000000000000000000e+00
0.000000000000000000e+00
0.000000000000000000e+00
0.000000000000000000e+00
0.000000000000000000e+00
0.000000000000000000e+00
0.000000000000000000e+00
0.000000000000000000e+00
0.000000000000000000e+00
0.000000000000000000e+00
0.000000000000000000e+00
0.000000000000000000e+00
0.000000000000000000e+00
0.000000000000000000e+00
0.000000000000000000e+00
0.000000000000000000e+00
2.810318768049177538e-05
3.617907530337533678e-02
1.065289940847792050e+00
3.465471693526749331e+00
3.387065680417723268e+00
1.867866816771516447e+00
8.390777948991500201e-01
3.724672885735143546e-01
1.905689611042832021e-01
1.150958463270961157e-01
1.825234576086752214e-01
7.152381531601829101e-01
1.480215256418628167e+00
1.726868943146012247e+00
1.429016621544404009e+00
1.034556902574386594e+00
7.672791783381925912e-01
6.545090595933288347e-01
6.452654431127681223e-01
6.955365024549725605e-01
7.867248162839913794e-01
8.832781577452926136e-01
9.776840314028008017e-01
1.065359642882560243e+00
1.134938440700202555e+00
1.183602386019592112e+00
1.221000828405709671e+00
1.234664298546300332e+00
1.220553721598489849e+00
1.189859815690606837e+00
1.147577191230622962e+00
1.108981107559286805e+00
1.065684986126831602e+00
1.033115901740204734e+00
1.005601882688455628e+00
9.842792970287738141e-01
9.651623880513419129e-01
9.528098857996060156e-01
9.382317254784386940e-01
9.290686476215153089e-01
9.248506927770711039e-01
9.228808427705468276e-01
9.268494102938357182e-01
9.332907262450362840e-01
9.461588957520751242e-01
9.579223032525515658e-01
9.702891454065143417e-01
9.787521763003079744e-01
9.922522459330194167e-01
1.001281560069049004e+00
1.010189613408306597e+00
1.021864199732158474e+00
1.024103003053254746e+00
1.026190161043256888e+00
1.025143011812325256e+00
1.026764653591333953e+00
1.022057816427734522e+00
1.018597643429080213e+00
1.012678726086313041e+00
1.009936881940441955e+00
1.010176898779257648e+00
1.002573162007315499e+00
1.002756992390555713e+00
9.999167798090218273e-01
9.973876055298293020e-01
9.973089325550007489e-01
9.949322744876688551e-01
9.937701034006225509e-01
9.936564006381838343e-01
9.944366100804736819e-01
9.920856240720778985e-01
9.942511064952849198e-01
9.950713095241902062e-01
9.963979920158769765e-01
9.972462272014770424e-01
9.966257173737755881e-01
9.962580555827571516e-01
9.993080037320435371e-01
1.000525734025015767e+00
1.000615908694809209e+00
9.988635353992447730e-01
1.001663778314115794e+00
9.997543406557982681e-01
9.999577214273041026e-01
9.987078916467611034e-01
9.989270553605609226e-01
9.994514147321793551e-01
9.991415424006926393e-01
9.995532522250956120e-01
1.000518281989596581e+00
9.999236329800865741e-01
1.000141327019415494e+00
9.996930315745086171e-01
9.999084573366311401e-01
1.000481072594452847e+00
9.999693262068152233e-01
9.989481720622288563e-01
1.000162832606176666e+00
1.000719098629429205e+00
9.981760476365936219e-01
9.986820236918104721e-01
9.989121480960777566e-01
9.988678667024991631e-01
1.000366142443460005e+00
9.997351068989708267e-01
9.993765744763768444e-01
9.988977418330783342e-01
9.991727300888013641e-01
1.000163075570693394e+00
1.000615675924841907e+00
1.000592960815206434e+00
9.987849807811474134e-01
9.987280167646296336e-01
1.000522569363872627e+00
9.988481280174483778e-01
9.999107278603499571e-01
9.986693781444544449e-01
9.998768088184859515e-01
9.988787057364382216e-01
9.981044030662292732e-01
9.990718094923363157e-01
9.979057562305340134e-01
9.972091065044609293e-01
9.970905649281890382e-01
9.984694882944266103e-01
9.996238112306486956e-01
9.995044611493973941e-01
1.000375295297288414e+00
1.001271376703950722e+00
1.001523934832049934e+00
1.002709838151379040e+00
1.001643987742891095e+00
1.001042944274049384e+00
1.002168787427103913e+00
1.001590202368628724e+00
1.000097435429909476e+00
1.001169202558219062e+00
1.000051270106339762e+00
1.000479992735001211e+00
1.000624823871998803e+00
9.987376585700891152e-01
9.986414748213939818e-01
9.983310943214118716e-01
1.000162127808189361e+00
9.968251832119838785e-01
9.976634362643282961e-01
9.984927877349887293e-01
9.974081915631791695e-01
9.986712335710672406e-01
9.987854384863985580e-01
9.996385250242521003e-01
9.998520247376854186e-01
9.997762510637773214e-01
1.000406106221525482e+00
1.000657577901280071e+00
1.001200037986791580e+00
1.000761244932455885e+00
1.001052362968180232e+00
1.001225961350068916e+00
1.000207299077575218e+00
9.998171809477033323e-01
1.000444578312024824e+00
1.000747828603088196e+00
9.996235573133359642e-01
9.993382481492225633e-01
1.001274237562316483e+00
9.994108756789603643e-01
9.992125756033946038e-01
9.996424103960575014e-01
9.994545806360980444e-01
1.000373090956779398e+00
1.000223589710674377e+00
9.982409127165859930e-01
9.997536285571587689e-01
9.990820013314151149e-01
9.995925865284933653e-01
1.000216047715600576e+00
1.000120616495475234e+00
9.999451551912549307e-01
1.000663502809182370e+00
1.000524716653816704e+00
1.000726624452578761e+00
1.000013272794757935e+00
1.000340670977317270e+00
9.998150506696288353e-01
1.000099535628997227e+00
1.000767657062611615e+00
1.000720218314576249e+00
1.000094241279967822e+00
1.000971922367574596e+00
9.995593960238133846e-01
9.997736924298332717e-01
1.000624812824942200e+00
9.995484566807701921e-01
1.000468405867378063e+00
1.000008128090991821e+00
1.000501559031604204e+00
1.000158830239856300e+00
1.000341364048438209e+00
9.995498411854000231e-01
9.997033279606332146e-01
9.997417946082136631e-01
1.001652836647541678e+00
1.000376708207384890e+00
1.000180171027537757e+00
1.000551058426312201e+00
1.000340841690917859e+00
1.000616029233646120e+00
1.000261894673629026e+00
1.000480796638404835e+00
1.000734515714985173e+00
9.992098514475188376e-01
9.990759607418833177e-01
1.000731533624014569e+00
1.000085085188081369e+00
9.998290561321601100e-01
1.000371167077598988e+00
9.994461148514245385e-01
1.000826227508271771e+00
1.000440641650117479e+00
1.000174711214249834e+00
1.000346942954860596e+00
1.000771181604155124e+00
9.998153113014439652e-01
1.000242365101137176e+00
1.000716123232921362e+00
1.000176077773348160e+00
1.000095135251597878e+00
9.994930106200180520e-01
1.000467127806606848e+00
1.000058236304445014e+00
1.000777788251673517e+00
9.997937521673990746e-01
9.993363352008164391e-01
9.991809491337551030e-01
1.000269477490168146e+00
1.000277586216341996e+00
9.997309141096597518e-01
1.000121942814850007e+00
1.000219223955457482e+00
9.995728801472095748e-01
1.000436634682906334e+00
1.000574400118084961e+00
1.000488160054584963e+00
9.994673939748117686e-01
1.000127145528607597e+00
1.000265032028654799e+00
1.000007083897630045e+00
1.000368189815726394e+00
1.000397799342817473e+00
1.000467595030925860e+00
1.000194161383153535e+00
9.995969672372015946e-01
1.000425601925176489e+00
1.000365955910035520e+00
9.997119688548400385e-01
1.000661146542757063e+00
1.000221710468125691e+00
1.000000815923223429e+00
9.995217307924555428e-01
