0.000000000000000000e+00
0.000000000000000000e+00
0.000000000000000000e+00
0.000000000000000000e+00
0.000000000000000000e+00
0.000000000000000000e+00
0.000000000000000000e+00
0.000000000000000000e+00
0.000000000000000000e+00
0.000000000000000000e+00
0.000000000000000000e+00
0.000000000000000000e+00
0.000000000000000000e+00
0.000000000000000000e+00
0.000000000000000000e+00
0.000000000000000000e+00
0.000000000000000000e+00
0.000000000000000000e+00
0.000000000000000000e+00
0.000000000000000000e+00
0.000000000000000000e+00
3.627860750886913177e-02
1.075359346798071325e+00
3.467547802398541101e+00
3.406236238170907704e+00
1.862335095923103756e+00
8.288243744843303284e-01
3.744857509215835933e-01
1.895661815355900170e-01
1.176388462768836185e-01
1.812530939248656603e-01
7.075080496092531757e-01
1.481917854626558340e+00
1.729330919968529834e+00
1.437197331312793480e+00
1.040085261521369597e+00
7.707512230852037183e-01
6.529070981375675320e-01
6.426441863568616020e-01
6.951371207565748556e-01
7.832321327686392332e-01
8.852020233300079699e-01
9.798746573832248785e-01
1.061823246518879049e+00
1.132886655087339767e+00
1.189768319550444264e+00
1.220861858073925221e+00
1.228605620118337072e+00
1.219128273733566692e+00
1.194506032087419012e+00
1.149651057572247392e+00
1.104058719670918842e+00
1.069986224528292507e+00
1.033423691784246756e+00
1.002386401627486379e+00
9.840880284838215974e-01
9.643920860144018503e-01
9.495531447044952555e-01
9.353153122129780339e-01
9.307318849420516127e-01
9.239791488016741994e-01
9.210984922450007328e-01
9.257440866459264450e-01
9.310719882367897160e-01
9.416318277560206118e-01
9.580115272760626466e-01
9.691948039724698205e-01
9.798441743205978938e-01
9.916984662154181285e-01
9.994350374213304411e-01
1.013406719678755952e+00
1.018385732808683830e+00
1.022526573022714880e+00
1.024273706124149141e+00
1.028538592196603929e+00
1.028960188296399680e+00
1.023379313970884441e+00
1.022975023647257453e+00
1.018599929263154236e+00
1.010167223419142335e+00
1.005383574030301430e+00
1.003584162880357011e+00
1.001180364744691520e+00
1.000580167592171277e+00
9.958155023026746822e-01
9.955212432318703009e-01
9.970391832742612204e-01
9.924041815755993978e-01
9.932485196533138438e-01
9.935052642749240270e-01
9.932875304945563144e-01
9.943853672458532467e-01
9.930240348765883018e-01
9.967421970415555332e-01
9.948555686639811713e-01
9.979718541318323144e-01
9.969864123159013491e-01
1.001372884368471050e+00
1.000511796727783675e+00
1.000383632127011202e+00
1.001376890696259458e+00
9.986423990751079893e-01
1.000826426116835366e+00
9.986922193333263031e-01
1.000066521883088200e+00
9.995455035654428055e-01
9.991144300791200417e-01
9.996547440515487493e-01
9.997967931595956870e-01
1.001360846980121400e+00
1.000896774191973870e+00
1.000008858709166670e+00
1.000051608087602073e+00
9.998019032716813914e-01
1.002986922836230699e+00
1.000642187710926612e+00
1.001600438857373820e+00
9.987417965370377626e-01
9.993963720192952094e-01
9.982010591510626085e-01
9.964667050347564281e-01
9.995051870058441201e-01
1.001721709967007046e+00
9.999371006246402516e-01
1.001933208314614188e+00
9.992648209601011633e-01
9.991667639284553815e-01
9.991341153700881161e-01
9.996524420201180483e-01
9.994228990044439209e-01
1.000421570600977805e+00
9.993699952732164604e-01
9.999678565521540330e-01
1.000132844543584421e+00
9.990828464115691920e-01
9.992215108894976217e-01
9.996748947137671371e-01
9.983413374411727048e-01
9.984333129370148718e-01
9.985414519016249102e-01
9.993633254043607916e-01
9.995030485565438161e-01
9.982851639756228357e-01
9.977588961274905799e-01
9.983434391856090828e-01
9.994727325089193259e-01
9.993423386035057421e-01
1.001392974333158659e+00
1.003122776350959811e+00
1.001554910641434093e+00
1.003242053550262636e+00
1.003182119065875399e+00
1.001719480109032556e+00
1.001541137207016430e+00
1.001800567440423340e+00
1.001336935577101128e+00
1.001142344109525961e+00
1.000366262347667456e+00
1.001446427330248579e+00
1.000805659640739753e+00
9.997490766703637233e-01
9.984946579054069238e-01
9.994841909221711118e-01
9.976574727057504477e-01
9.978391861052193779e-01
9.974421400991664299e-01
9.986945917568548214e-01
9.995463655960993288e-01
9.984908613044434222e-01
9.986219385151859917e-01
1.000808336367203344e+00
9.981142747865909826e-01
1.001529091607104904e+00
1.001010180588696397e+00
1.000436573295814702e+00
1.001024387174883623e+00
1.001253728199400062e+00
1.000814150560527915e+00
1.001512282898669115e+00
1.001741620524848386e+00
1.000333865367465602e+00
1.000709116359797646e+00
9.998429395083362481e-01
9.994381314257622106e-01
9.990114378854494381e-01
1.001192009907898361e+00
1.000249173950869874e+00
9.995103394988250622e-01
1.000529925193909042e+00
1.000302718721397088e+00
9.989539700343782469e-01
9.995010070706091820e-01
1.000214206304576692e+00
9.987428405371291396e-01
9.998502937905204835e-01
1.000287661348645329e+00
9.994526560234581192e-01
1.000401352894720652e+00
1.000228339247993814e+00
9.995333742941809874e-01
1.001339356812066317e+00
1.000048787721446786e+00
1.000080287458074313e+00
9.999151257986165220e-01
1.000377007476821012e+00
1.000065134027860125e+00
1.000707898171012911e+00
1.000749214119358133e+00
1.000268480914495495e+00
9.999012029456759709e-01
1.000500177717003947e+00
1.001035751624561154e+00
1.000926315310744830e+00
9.999750621799941008e-01
1.000608668025851022e+00
9.994279211671516228e-01
9.994023289735295412e-01
9.995556773595485334e-01
1.000561459973703382e+00
1.000853134374454001e+00
1.000100615731806197e+00
1.001032841627323977e+00
1.000606182713537740e+00
1.000353494619531602e+00
1.000102621325569485e+00
9.992405408214888318e-01
1.000835956541687333e+00
1.000406640614516451e+00
9.992764021902356131e-01
9.996245422954403992e-01
1.000003292261228749e+00
9.997730975534950826e-01
1.000955516828904157e+00
9.997794434124233076e-01
1.000460670138931807e+00
1.001188220215243119e+00
1.000338134175908111e+00
1.000511354353816662e+00
1.000580676992934626e+00
9.999519152410449863e-01
9.998589475815998773e-01
9.998804630476878508e-01
1.000203657918029565e+00
1.000427465686719142e+00
1.000553695109581920e+00
1.000255259861445589e+00
1.000783280555260557e+00
1.000588678346377325e+00
1.000052815697093367e+00
1.000892007492879321e+00
1.000902327551606685e+00
1.000121731876879805e+00
9.999764369547204934e-01
9.998863035034658564e-01
9.998857905996413331e-01
1.000540234578404020e+00
9.996151480900107300e-01
1.001179591418615678e+00
9.996923771741003106e-01
1.000437529587785424e+00
9.997994404078105468e-01
9.999769935526219289e-01
1.000561144945805392e+00
1.000200390578533938e+00
9.999317929974321784e-01
1.000985087544621344e+00
1.000366752633808032e+00
1.000732802276293132e+00
9.998723865150587198e-01
1.000377072359549979e+00
1.000665209583711190e+00
1.000136939497375144e+00
1.000372233651688925e+00
9.995650080991967945e-01
1.000164931657519407e+00
1.000276025153431503e+00
1.000312227703260559e+00
1.000324384502548236e+00
1.000100872227182025e+00
1.000158553849709087e+00
