0.000000000000000000e+00
0.000000000000000000e+00
0.000000000000000000e+00
0.000000000000000000e+00
0.000000000000000000e+00
0.000000000000000000e+00
0.000000000000000000e+00
0.000000000000000000e+00
0.000000000000000000e+00
0.000000000000000000e+00
0.000000000000000000e+00
0.000000000000000000e+00
0.000000000000000000e+00
0.000000000000000000e+00
0.000000000000000000e+00
0.000000000000000000e+00
0.000000000000000000e+00
0.000000000000000000e+00
0.000000000000000000e+00
0.000000000000000000e+00
0.000000000000000000e+00
0.000000000000000000e+00
0.000000000000000000e+00
0.000000000000000000e+00
3.035980702167031414e-04
3.643338342202671193e-02
7.722896235964770151e-01
2.662576850325273803e+00
3.091096405347840914e+00
1.949641690707029529e+00
9.914930253665262816e-01
4.769872731542796340e-01
2.698524692409969838e-01
2.203686253569771547e-01
2.204885467229316109e-01
2.510471586319577009e-01
2.716803611648092587e-01
2.839528552298380415e-01
2.946002780661526321e-01
3.052198618973920308e-01
3.401129629985660263e-01
4.087895916607539037e-01
5.134817096362996880e-01
6.926994874632397270e-01
8.620920463361028130e-01
1.067853926214280325e+00
1.243679431076441633e+00
1.390660366555201310e+00
1.482355917434650783e+00
1.578753868139447292e+00
1.654351362204768305e+00
1.690024168153279938e+00
1.653169987597349344e+00
1.543036622977245198e+00
1.412758934061794536e+00
1.232964888403605741e+00
1.105949247821638393e+00
9.845271305453410227e-01
9.188271583417763066e-01
8.972600992575321399e-01
8.844294126653599042e-01
8.816819644133881972e-01
9.007725304395808319e-01
9.141202585294707639e-01
9.402727295195628665e-01
9.564260018309497235e-01
9.825740991130438307e-01
9.961160931073604896e-01
1.007837863297535552e+00
1.035906210350550527e+00
1.040612261208646583e+00
1.059259053728841549e+00
1.058469980055292803e+00
1.083677081331137604e+00
1.069262545677135412e+00
1.069645210033549843e+00
1.065471770786576844e+00
1.054689934597166090e+00
1.042920409141276927e+00
1.019796434269759189e+00
1.016022594153652259e+00
9.990864858122520120e-01
1.000054796433751170e+00
9.791701171873360421e-01
9.907892162102280853e-01
9.929112700637994227e-01
9.892841209889210452e-01
9.951764144812244028e-01
9.996169766350536667e-01
1.010899372033444932e+00
1.025152350168168747e+00
1.040139694971527584e+00
1.040987937018147180e+00
1.036940048006735671e+00
1.043375719930937473e+00
1.041163845492767415e+00
1.036504421804184339e+00
1.040415508817774892e+00
1.041489154763024061e+00
1.022776504538700726e+00
1.030079559497780295e+00
1.017562408101750915e+00
1.006560591350759815e+00
1.008680298238429529e+00
1.011697197778004709e+00
1.003317778472761601e+00
1.004383932009840441e+00
1.017194155523339472e+00
1.013690409561562644e+00
1.021603286833748792e+00
1.009527041841750572e+00
1.014644789449785423e+00
1.007948806253971652e+00
1.018461395656751867e+00
1.012443527569260038e+00
1.013326373936262792e+00
1.019729182402912659e+00
1.022167986612025459e+00
1.017843412953209237e+00
1.018808749405575753e+00
1.021386903092946996e+00
1.012261214006137999e+00
1.012670781596345604e+00
1.014646700532825019e+00
1.016497494341840557e+00
1.019026907352247546e+00
1.011578232381870501e+00
1.010700618116029403e+00
1.009497922041218576e+00
1.014983310908352143e+00
1.011754922444589644e+00
1.007060369986169324e+00
9.992963126059251078e-01
1.011343526331863751e+00
1.013082052419921775e+00
1.002698073068555296e+00
1.010017715638463764e+00
1.008562379485709481e+00
1.015575445574739000e+00
1.005680835215260638e+00
1.017494726860709520e+00
1.006056254493683744e+00
1.002593048388401575e+00
1.011229145627954296e+00
1.006832958722339244e+00
1.001379771878932123e+00
1.015597348798860322e+00
1.006570615825249426e+00
1.006988151851928359e+00
1.007203593925484642e+00
1.009674609470084361e+00
1.001162180591645745e+00
1.007950639779873647e+00
1.008947768721661031e+00
1.002639230976644757e+00
1.006019955822249345e+00
1.001399024158115214e+00
1.005777882528584133e+00
1.008319190459502135e+00
1.005467963133706455e+00
1.003005059118090125e+00
1.003457347673666344e+00
1.008556617418208790e+00
1.004690428683342907e+00
1.001858743049633516e+00
1.001706148562123699e+00
1.006526823618952182e+00
1.007422026504833479e+00
1.001291418910716713e+00
1.003990320318491669e+00
1.003639529009046738e+00
1.000507555011999727e+00
1.001994267125799309e+00
1.007853348149843953e+00
1.002784549864637720e+00
1.004892284223879662e+00
1.000802874938424791e+00
9.984618469849457778e-01
1.000695034709864650e+00
1.001293753007907350e+00
1.000656296994420602e+00
1.001891966355071162e+00
1.001454386449436962e+00
1.005364653041222356e+00
1.003005821885317284e+00
1.003460289469401578e+00
1.004267983598768677e+00
1.000520963379670336e+00
1.004165885210446252e+00
1.001920242738946643e+00
1.003436162635716000e+00
1.004326745251331809e+00
1.010956518596665799e+00
1.003600149826860743e+00
1.000609843393806653e+00
1.003168189173178293e+00
1.005701822243102006e+00
1.005032073928353809e+00
1.008232217785339557e+00
1.007276616800584002e+00
1.005145208642304056e+00
1.003894059327807398e+00
1.003220842822390102e+00
1.004736102024503586e+00
1.004985073552381758e+00
1.002980629180494132e+00
1.005134146532304928e+00
1.006664094594453829e+00
1.003757321056330420e+00
1.006111091428812054e+00
1.003128374686437896e+00
1.004536167501385080e+00
1.003120365894959676e+00
1.000093700256042606e+00
9.997733581741744535e-01
1.002370196899426746e+00
1.002629974455589768e+00
1.002145344637139113e+00
1.001636102393588912e+00
9.991909673032278727e-01
9.997457835944566495e-01
1.001823390746196418e+00
1.000336774165009768e+00
1.001390748582977830e+00
1.001153134139686429e+00
9.987666934012076059e-01
9.964675506767948221e-01
1.000286247738890966e+00
1.000819954916252641e+00
1.001819475167263329e+00
1.000201553516125275e+00
9.988929705993147001e-01
1.000901062891198956e+00
9.995990196075789092e-01
9.992365673937232406e-01
1.001437107382571634e+00
1.001133840329424762e+00
9.985465879122208399e-01
1.002607099069671825e+00
9.973370212297196780e-01
1.000565655159937117e+00
1.001210420933629219e+00
9.962962719415291435e-01
1.000595959796836132e+00
9.980057075041185444e-01
9.982645459651117159e-01
9.982269035445201499e-01
9.993326497483057125e-01
9.953708223043756798e-01
9.937862688523452226e-01
9.955187493427056777e-01
9.978556958133161237e-01
9.967371075533197899e-01
9.947556639001494672e-01
9.994124768867179709e-01
9.971580129482028321e-01
9.963086537525590591e-01
9.958174991032109347e-01
9.976390968944146564e-01
9.958533730518809302e-01
9.962491168860302393e-01
9.932262605303570080e-01
9.957487490780549955e-01
9.952626856396674659e-01
9.973283639974329651e-01
9.972650518323636915e-01
9.928864192905773045e-01
9.942788008828515878e-01
9.965710121867475957e-01
9.952547270720308870e-01
9.948038917893747834e-01
9.967322582853130886e-01
9.948416302741739381e-01
9.925768703514702418e-01
9.844093572040667484e-01
9.746976422204883805e-01
9.638093864939299982e-01
9.510323868414547466e-01
9.420868931508243893e-01
9.306330590620447429e-01
