0.000000000000000000e+00
0.000000000000000000e+00
0.000000000000000000e+00
0.000000000000000000e+00
0.000000000000000000e+00
0.000000000000000000e+00
0.000000000000000000e+00
0.000000000000000000e+00
0.000000000000000000e+00
0.000000000000000000e+00
0.000000000000000000e+00
0.000000000000000000e+00
0.000000000000000000e+00
0.000000000000000000e+00
0.000000000000000000e+00
0.000000000000000000e+00
0.000000000000000000e+00
0.000000000000000000e+00
0.000000000000000000e+00
0.000000000000000000e+00
0.000000000000000000e+00
0.000000000000000000e+00
0.000000000000000000e+00
0.000000000000000000e+00
3.035612751293889329e-04
3.754985871684217436e-02
7.301611659581354052e-01
2.692132058098454905e+00
3.178886916802876161e+00
2.029810578108198538e+00
1.011940739459225025e+00
4.811533287310345020e-01
2.687846711337751882e-01
2.229399165695189755e-01
2.253609752200815275e-01
2.504383539261966218e-01
2.845048630880731566e-01
2.976543283365450376e-01
3.087026823510572449e-01
3.165118861369308201e-01
3.231848127898606093e-01
3.884247182640007678e-01
5.091821713982180864e-01
6.614131836811257825e-01
8.476318444974370037e-01
1.035155843934341124e+00
1.211671509556631943e+00
1.356246386735345144e+00
1.466139832145234134e+00
1.562572409697868148e+00
1.623210023431986837e+00
1.659725028868868968e+00
1.624010771527260921e+00
1.510060965636379038e+00
1.389519084416955819e+00
1.215362712080307439e+00
1.085549653490056610e+00
9.766912693412145297e-01
9.093971371834577155e-01
8.762011184332851865e-01
8.576860161185049236e-01
8.556052907991101852e-01
8.634816905395533704e-01
8.859890362579299072e-01
9.130880752997470040e-01
9.327357737105307356e-01
9.494056782024740127e-01
9.758771030258280854e-01
9.919865829171007343e-01
9.996374013727282737e-01
1.028606600333600296e+00
1.037885263556611815e+00
1.026861184629412005e+00
1.042492421677530201e+00
1.049334189814417506e+00
1.047744171877994956e+00
1.032116882226930654e+00
1.033202031868834414e+00
1.007188473999473866e+00
1.011109270170165608e+00
9.980982965255444928e-01
9.895823387844017160e-01
9.809769698040538000e-01
9.770127258269776238e-01
9.646109314620384678e-01
9.709033476908411897e-01
9.786912539086675134e-01
9.841067420963313106e-01
9.875596674898843297e-01
1.002700482429049078e+00
1.007583824616766988e+00
1.012282893415671126e+00
1.018455652697636271e+00
1.028913961361883844e+00
1.023597691668106435e+00
1.021275979180454652e+00
1.025126383836272970e+00
1.024838256900749256e+00
1.014409467243475804e+00
1.009583394202316908e+00
1.005633037635398352e+00
9.990424893167657583e-01
9.953201263576928470e-01
9.960542069598303794e-01
9.943025546926509417e-01
9.920297223762349903e-01
9.880667565042524636e-01
1.002957173350881304e+00
9.974371593224520272e-01
9.996540249659202626e-01
1.007688280636790612e+00
9.951726877664115456e-01
1.006343613263455783e+00
9.927896525127304361e-01
9.985872846957947191e-01
9.958407164634838216e-01
9.947384022574308204e-01
1.003775890812165450e+00
1.006728008640376260e+00
9.998493671201865718e-01
9.979567274978166092e-01
1.002546646960405408e+00
9.945748341709925722e-01
1.001320934428071796e+00
1.001384045862753869e+00
9.967344851445599785e-01
1.001422670187620545e+00
9.996031328687446926e-01
1.000060766121106504e+00
9.977670064318203691e-01
1.000910089168949524e+00
1.002733444238049776e+00
1.001822191162221820e+00
9.978462704476596112e-01
9.965893619909035328e-01
9.984177014118136295e-01
9.906467133872278730e-01
9.969890443081995679e-01
9.982947331926744772e-01
9.986947293447725471e-01
1.002471291367217354e+00
9.979338805158917136e-01
9.958035323432485875e-01
9.988673838675896643e-01
1.002382021953478031e+00
1.002067600884210430e+00
9.962758643439593165e-01
9.982733406482497962e-01
9.990319412850362513e-01
9.934077176824402944e-01
9.978940002921220520e-01
9.953003084376325083e-01
9.970147301887493096e-01
9.941998633826495402e-01
1.004601911270676551e+00
9.945553485595627352e-01
1.001158693917050035e+00
9.938722784995618342e-01
9.942111133537695489e-01
9.960409199045164863e-01
9.958373773082113134e-01
1.001023034754340735e+00
9.972060122019237305e-01
9.961835450505034384e-01
9.923830653316354500e-01
9.930683484074952494e-01
9.985032487384694067e-01
9.946987755891573135e-01
9.946809925234834093e-01
9.968151407011337506e-01
9.948166737303157925e-01
9.910552451145802078e-01
9.980022447904413063e-01
9.967371819397130572e-01
9.977674458889467246e-01
9.971733882887229283e-01
9.967563464385148508e-01
9.972823760628160006e-01
9.952946520641015038e-01
9.929485698149266293e-01
9.927096920488261977e-01
9.954917742624231902e-01
9.933664171604590365e-01
9.965672021748942511e-01
9.989279534283077577e-01
9.906547206153299978e-01
9.934946165997261547e-01
9.939097932655742706e-01
9.933198167672714352e-01
9.928671718626905784e-01
9.922618963119793634e-01
9.947731433898356901e-01
9.900215672009954337e-01
9.905028085899098000e-01
9.924485860698782913e-01
9.946643190433575032e-01
9.943423822241792553e-01
9.903522287984634076e-01
9.909880328762012969e-01
9.894300118249685916e-01
9.868903206740158307e-01
9.931394363189779417e-01
9.884114371496133256e-01
9.917381552742298156e-01
9.922479770726517767e-01
9.903143577978427148e-01
9.923324272095150889e-01
9.924773254948719980e-01
9.949078460933469259e-01
9.951894888463300726e-01
9.928976001717639832e-01
9.900740765973355950e-01
9.919491935860806908e-01
9.938795595628706625e-01
9.934971046923786187e-01
9.921872234522857159e-01
9.921236425068052922e-01
9.961722646137514126e-01
9.942125252938720514e-01
9.968684562294656271e-01
9.945683007270991194e-01
9.962416752932337083e-01
9.943699362748082970e-01
9.967820641838216478e-01
9.941401600721364584e-01
9.944705304866033879e-01
9.953308300469421166e-01
9.941898316689429249e-01
9.957703180962402811e-01
9.996670517484290697e-01
9.957242679516554729e-01
9.954156990728971754e-01
9.950183249769567473e-01
9.959114964404293113e-01
9.967625316555062120e-01
9.939782349118631011e-01
9.968322712092181348e-01
9.939509995272917120e-01
9.975196912595410970e-01
9.966443179450811263e-01
9.973251563848920531e-01
9.982393657627733896e-01
9.965071286647094739e-01
9.966696696149419665e-01
9.954673123677185709e-01
9.981405593509917740e-01
9.972091295701096536e-01
9.983844994505582937e-01
9.972864369685858765e-01
9.952788103090237648e-01
9.965655617188403648e-01
9.949372235436476641e-01
9.974851776826244576e-01
9.990845388851656850e-01
9.974738128245764779e-01
9.971767057585476657e-01
9.947005179159379429e-01
9.984590299963910232e-01
9.974717664418190077e-01
9.986986474924953727e-01
9.982391981094478339e-01
9.951658743640963145e-01
9.980082230483420247e-01
9.971971793733569456e-01
9.969574161553000913e-01
9.956938560656194426e-01
9.980622148275596350e-01
1.000222178366162229e+00
9.985635109034084467e-01
9.966998492295164880e-01
9.970070586705725990e-01
9.952443326115029132e-01
9.977642718328262328e-01
9.967126952722986655e-01
9.845609508395262166e-01
9.775015482352452656e-01
9.665959548972431481e-01
9.550041772738064871e-01
9.457320446460276697e-01
9.341897406462271736e-01
