0.000000000000000000e+00
0.000000000000000000e+00
0.000000000000000000e+00
0.000000000000000000e+00
0.000000000000000000e+00
0.000000000000000000e+00
0.000000000000000000e+00
0.000000000000000000e+00
0.000000000000000000e+00
0.000000000000000000e+00
0.000000000000000000e+00
0.000000000000000000e+00
0.000000000000000000e+00
0.000000000000000000e+00
0.000000000000000000e+00
0.000000000000000000e+00
0.000000000000000000e+00
0.000000000000000000e+00
0.000000000000000000e+00
0.000000000000000000e+00
1.560130475661842799e-05
3.442459347850224810e-02
1.028899781798901847e+00
3.348665329739336283e+00
3.313587410399610356e+00
1.841066827333180500e+00
8.334814496447214838e-01
3.820028218260502761e-01
1.961996484704161825e-01
2.303442429950553205e-01
8.463366831707976878e-01
1.740875092763070953e+00
1.916672818091299524e+00
1.459967451089446255e+00
9.861193031313775226e-01
6.977817983122047707e-01
5.847483377676193639e-01
5.770429617056770377e-01
6.297916768048557046e-01
7.134459851694636701e-01
8.170369786430599079e-01
9.170240542337516620e-01
1.014160962865152005e+00
1.094370627662902828e+00
1.152725680230012095e+00
1.202786509789388392e+00
1.229290548016674256e+00
1.230666054511758700e+00
1.210753036454176756e+00
1.172849678463314671e+00
1.130933418337275675e+00
1.086334789551021363e+00
1.049768798186251351e+00
1.008953291461335722e+00
9.807752582981213996e-01
9.590653872716602413e-01
9.377734833286386351e-01
9.299674983819848917e-01
9.239014983533597736e-01
9.191829512661949808e-01
9.181673308914227727e-01
9.267987209451890029e-01
9.360495750984637597e-01
9.521280250579264859e-01
9.633665932625221640e-01
9.742627875487276379e-01
9.866802942535587428e-01
9.967847001236321836e-01
1.003354197822116767e+00
1.010545293852911586e+00
1.015125367447211602e+00
1.018561562484842753e+00
1.020952541356572763e+00
1.023182480467068167e+00
1.022053398158623061e+00
1.018838035460372771e+00
1.014136130641131839e+00
1.012790018390773428e+00
1.008464791976395381e+00
1.005414655144350355e+00
1.003962471158698522e+00
1.002606560748513509e+00
1.001802428497206243e+00
9.982715270826617582e-01
1.000112848716021574e+00
9.975558719903513394e-01
9.978379499975404965e-01
9.965514605383661850e-01
9.975880524135488647e-01
9.968717947510948862e-01
9.974847062694986999e-01
9.959365246834365193e-01
9.956296903611957516e-01
9.968993051964509799e-01
9.955786426631243469e-01
9.963679354790175857e-01
9.951609362365720912e-01
9.966466538582623436e-01
9.972758945264346142e-01
9.973771570064384751e-01
9.966744880906159842e-01
9.981704494405445605e-01
9.982580998823596952e-01
9.998378517398646137e-01
9.984752354685165754e-01
1.000977224533557308e+00
1.001709689553707872e+00
1.002541005752533909e+00
1.003165563085448575e+00
1.003030757968421449e+00
1.002555498134162670e+00
1.001058575453484645e+00
1.001789523302857754e+00
1.000784698206800494e+00
1.001651274983115236e+00
1.000410526309968295e+00
1.001350398968336108e+00
1.000408245562912191e+00
9.980373415300096696e-01
9.977683284023176613e-01
9.979329129307880075e-01
9.990009457476670685e-01
9.985918833530109673e-01
9.986725274668577512e-01
9.986116901905113252e-01
9.985070520789323112e-01
9.982318198056466807e-01
9.994889954509804664e-01
9.996043468431594636e-01
9.978785559555917173e-01
1.000200906495498643e+00
9.993743742201601776e-01
9.989460049553735566e-01
1.001491862093732532e+00
1.001925327384952213e+00
1.000868632853323170e+00
1.001076018806088097e+00
1.000958357078367111e+00
1.000606809392794005e+00
1.001882704192698315e+00
1.000666395811871778e+00
1.000834525239311823e+00
1.000142013057289336e+00
1.000277849739179548e+00
1.000853860197921330e+00
1.000160688126185082e+00
9.997622078538628276e-01
9.998103329722601851e-01
9.986930483554266047e-01
9.984483896458671293e-01
9.993094203075305604e-01
9.983013737651281749e-01
9.993082400641722929e-01
9.990309755919540846e-01
9.990346893035402243e-01
9.993277593748751686e-01
1.000447800336472737e+00
1.000981892843814114e+00
9.990733972608085711e-01
1.000365903184775362e+00
1.000243493734141342e+00
1.000895516365094773e+00
1.001438501604081432e+00
1.000383422132067546e+00
1.001639595836566698e+00
1.001014241215590683e+00
1.000686469895976760e+00
1.000630734032068592e+00
1.000483412462387145e+00
1.000135923480216293e+00
1.000568243084420716e+00
9.995585427988297189e-01
1.000763734353555812e+00
9.996441438904778432e-01
9.993322808761947451e-01
1.000176397916226367e+00
9.998684342922964374e-01
9.993272911647020917e-01
9.994755825859664711e-01
1.001146981198606012e+00
9.996938533358211698e-01
1.001180558576099555e+00
1.000216973980842416e+00
1.000525734453173277e+00
9.993407638354829814e-01
1.000165513487729418e+00
1.000180901257796462e+00
1.000008580440698847e+00
1.000291600233796929e+00
1.000114225409739044e+00
1.000478409025712612e+00
1.000144486679776623e+00
1.000826259076196711e+00
1.000578665188945449e+00
1.000220409465836902e+00
1.000321965539135327e+00
1.000203207899514002e+00
1.000179048169841822e+00
9.999216113249832505e-01
9.998008802624722691e-01
1.000480979766469103e+00
9.995211189761733506e-01
1.000043578179534043e+00
9.999460806277513658e-01
1.000165901554205927e+00
1.000261578010303687e+00
9.995559458618421544e-01
1.000011575306277267e+00
9.997236450613019576e-01
1.000892213937408126e+00
9.993299480230580789e-01
9.995626942257752612e-01
9.993782381914813051e-01
1.000400665349050700e+00
9.996969151261871911e-01
1.000302607792906029e+00
9.999324249077032878e-01
1.000631149479429993e+00
9.998922431924860410e-01
9.997903929750613372e-01
1.000127930662525033e+00
9.998980826642488440e-01
1.000417984527750770e+00
1.000291114203347043e+00
9.998828333866687235e-01
9.997852139919253256e-01
9.999351285365732922e-01
9.997715533636390983e-01
1.000417990680616542e+00
9.992894496154163253e-01
1.000265555075215307e+00
1.000647611927194536e+00
1.000041549617552539e+00
1.001063244654639695e+00
1.000231947203330973e+00
1.000426851489025992e+00
9.999327018642170106e-01
1.000058942289337116e+00
1.000489618237270673e+00
1.000124158046104439e+00
1.000009863763288820e+00
1.000097485262522179e+00
1.000401785072084326e+00
9.993126180107132495e-01
9.999488811442724945e-01
1.000597342186329008e+00
9.998862471756058135e-01
1.000780423426277155e+00
1.000297982606778602e+00
9.994329307032470133e-01
9.998952859774442592e-01
1.000108963700262033e+00
1.000097507821454235e+00
1.000361958350808766e+00
1.000428072266455359e+00
1.000194380739128919e+00
9.996730733981119554e-01
1.000199484288115004e+00
1.000222180917681669e+00
1.000071381188008868e+00
1.000627843572343911e+00
9.999044853158639556e-01
1.000372577000436358e+00
1.000609948277179528e+00
1.000410279002844849e+00
1.000063539570872573e+00
1.000316889957746147e+00
1.000187321899854709e+00
9.999673444140982914e-01
1.000510317911264879e+00
1.000068382300617120e+00
1.000515276956471133e+00
9.996202538576467456e-01
9.982567312004875237e-01
9.888129166284097549e-01
9.778318387837328096e-01
9.673332034690071968e-01
9.562744416434765249e-01
9.454083576394801680e-01
9.354519479259232329e-01
