0.000000000000000000e+00
0.000000000000000000e+00
0.000000000000000000e+00
0.000000000000000000e+00
0.000000000000000000e+00
0.000000000000000000e+00
0.000000000000000000e+00
0.000000000000000000e+00
0.000000000000000000e+00
0.000000000000000000e+00
0.000000000000000000e+00
0.000000000000000000e+00
0.000000000000000000e+00
0.000000000000000000e+00
0.000000000000000000e+00
0.000000000000000000e+00
0.000000000000000000e+00
0.000000000000000000e+00
0.000000000000000000e+00
0.000000000000000000e+00
3.120796334575942724e-05
3.508307992610192050e-02
1.021861197853864534e+00
3.354013432115936499e+00
3.306792481399771777e+00
1.827777563287872775e+00
8.333162975818206863e-01
3.817128275893467149e-01
1.970891676967997941e-01
2.254401567869785128e-01
8.456429823043368765e-01
1.740942385580935170e+00
1.913592795612746755e+00
1.462859413652014107e+00
9.840183424834242354e-01
6.985572299543693076e-01
5.841939465320638014e-01
5.780700886313623332e-01
6.318643111612269880e-01
7.166958273157133519e-01
8.142143134137077576e-01
9.158599968154480520e-01
1.009393129255181876e+00
1.088381921837775712e+00
1.158113394159579146e+00
1.204180877801384941e+00
1.221751533325086791e+00
1.226644826367074836e+00
1.206273735932269719e+00
1.171407384667632279e+00
1.127231234054003162e+00
1.086293652102455320e+00
1.044147512981074222e+00
1.005966591555572887e+00
9.794994558342490221e-01
9.587806280416610871e-01
9.411909129846635080e-01
9.273240586347027969e-01
9.238550176077425791e-01
9.188015726305319708e-01
9.192655988567819403e-01
9.274398019507100743e-01
9.387304118181448720e-01
9.492806280521105533e-01
9.638723835619029678e-01
9.751255531917292219e-01
9.855815155078866407e-01
9.968233746650904115e-01
1.004812314493073400e+00
1.008965716821984993e+00
1.014474840927679811e+00
1.019016022756202622e+00
1.021464615643774332e+00
1.021286799197856254e+00
1.019023957443128348e+00
1.016902630773140581e+00
1.013781184109015632e+00
1.009142910884481825e+00
1.007894958988560852e+00
1.004195589390544763e+00
1.001403053317291292e+00
9.996434750157572324e-01
1.000869026571591158e+00
9.997561237743572971e-01
9.981515125872014726e-01
9.986719120272373740e-01
9.974122170485555383e-01
9.969074540636996273e-01
9.975749728235127067e-01
9.978698883769105965e-01
9.961967823301030034e-01
9.956561543427832062e-01
9.950967635113044940e-01
9.943665123383704785e-01
9.951538316696691977e-01
9.952998264155760166e-01
9.952753498631379259e-01
9.944173750200839823e-01
9.960051200982107389e-01
9.966532683673988702e-01
9.968553354464435579e-01
9.977287046263169090e-01
9.979924834008826462e-01
9.998569574802474991e-01
9.992394013380559992e-01
9.994211811175697235e-01
1.002423987727617982e+00
1.000667019402304625e+00
1.001151475991091777e+00
1.001410270392424362e+00
1.001219753752894848e+00
1.001136968612583722e+00
1.002130889265856695e+00
9.995542516021866941e-01
1.001248830745474994e+00
1.000525644966004490e+00
9.993959342022538106e-01
9.985998740848676114e-01
9.982306068237413177e-01
9.969781893869308353e-01
9.979307513120825313e-01
9.977626274704205489e-01
9.980551347818148455e-01
9.975323050446806006e-01
9.989696436278699965e-01
9.991993144774373725e-01
9.968639876449003623e-01
9.990980488118795799e-01
9.986215799547676353e-01
9.982723216145178435e-01
9.998860981491189959e-01
9.987406634288602536e-01
9.998844674683460276e-01
9.990246674222634793e-01
9.998624983265493871e-01
1.001371582363797863e+00
1.000072779480023710e+00
1.000758612752517207e+00
1.001385130583861027e+00
9.999201221692661790e-01
1.001128515355234727e+00
1.000251825489112623e+00
1.000023901692982831e+00
1.000024923178085778e+00
9.999717294330839890e-01
9.998468747223780984e-01
9.989457575086414520e-01
9.989747028039963617e-01
9.994459001668545284e-01
9.990120753358217032e-01
9.992191005952919536e-01
9.985281190135404383e-01
9.991931960260092005e-01
9.993001255904689906e-01
9.984499485182325440e-01
9.992830237478294020e-01
9.995127578055490458e-01
9.997774382100188539e-01
9.992148078237252928e-01
1.000035320420668894e+00
9.999695739732457067e-01
9.998277436785701910e-01
1.000256391548207002e+00
1.000831810555498746e+00
1.001019144019611007e+00
1.000564588377597097e+00
1.000213523577912378e+00
1.000309868970193472e+00
9.994007705896172933e-01
1.000077162079175519e+00
1.000398109156363846e+00
9.991868434775714736e-01
1.000372950590218579e+00
1.000147726869142550e+00
9.999274117239327353e-01
1.000138736231121150e+00
9.989028695299013716e-01
9.988622149721517740e-01
1.000095308849045850e+00
9.994069198519406338e-01
9.998965244078589221e-01
9.995983162132417998e-01
9.997570931603361188e-01
9.999663994235894471e-01
1.000038054202865068e+00
1.000239973803018767e+00
1.000072316349236878e+00
9.994586865326750003e-01
1.000391789675857401e+00
9.993627484555006601e-01
9.991498310686861561e-01
9.995409793317292513e-01
9.999257495906271886e-01
9.999624258534651755e-01
9.999159994372222027e-01
9.997316064623122944e-01
9.992102154415748450e-01
9.998605202418422433e-01
1.000390845427957531e+00
9.993079463887927227e-01
9.996848662459933976e-01
1.000264681696634739e+00
9.993782045955599269e-01
1.000384231555103476e+00
9.997115828876904642e-01
9.995507603177774536e-01
1.000319312401656946e+00
9.994324841617685529e-01
9.999299187230693553e-01
1.000059775069402690e+00
9.995944213095188102e-01
9.993791186358468304e-01
1.000003849004847067e+00
1.000326774579499034e+00
9.999768352950274553e-01
9.999646920532686556e-01
1.000163019644356943e+00
9.996916500383219439e-01
9.996221339000569417e-01
9.998953827015807372e-01
9.996334093517105224e-01
9.999994652599438760e-01
1.000018879104507707e+00
1.000040900850757364e+00
9.994676820680561402e-01
9.999320254268757591e-01
1.000293154278671715e+00
9.998484364624360410e-01
1.000335530254628624e+00
1.000047942674010759e+00
9.997901983301663575e-01
1.000284361738237759e+00
1.000798253573091712e+00
9.997894197784089609e-01
1.000566131770643352e+00
1.000466424143457100e+00
1.000362346542135183e+00
9.996243092278072062e-01
1.000084172978006558e+00
9.995260373578612745e-01
9.998795733904365379e-01
1.000268214792703780e+00
1.000092795603629847e+00
9.998473451496299180e-01
1.000052334502832041e+00
1.000038850229101994e+00
1.000556772077718426e+00
9.999737672789312803e-01
1.000053637578423693e+00
9.996422941682149288e-01
9.998222064833905964e-01
1.000029863873620251e+00
1.000593480113272538e+00
1.000962155849651314e+00
1.000235135835501277e+00
1.000114940426899190e+00
9.999582299508000816e-01
1.000131957219350776e+00
1.000404587841595472e+00
1.000170740378200085e+00
9.996519543185452550e-01
1.000111452919246524e+00
1.000446883579546142e+00
1.000157283709394163e+00
1.000862136854381745e+00
1.000399819006764668e+00
1.000418621402977326e+00
1.000402206231336688e+00
1.000429326327038293e+00
9.997037986647280272e-01
1.000502602066001945e+00
1.000078123408113306e+00
9.999863974552288814e-01
9.979392842033271149e-01
9.890928475001551368e-01
9.783485930612388914e-01
9.675735594446995824e-01
9.563110571035873253e-01
9.460789582302551182e-01
9.356585746000353199e-01
