0.000000000000000000e+00
0.000000000000000000e+00
0.000000000000000000e+00
0.000000000000000000e+00
0.000000000000000000e+00
0.000000000000000000e+00
0.000000000000000000e+00
0.000000000000000000e+00
0.000000000000000000e+00
0.000000000000000000e+00
0.000000000000000000e+00
0.000000000000000000e+00
0.000000000000000000e+00
0.000000000000000000e+00
0.000000000000000000e+00
0.000000000000000000e+00
0.000000000000000000e+00
0.000000000000000000e+00
0.000000000000000000e+00
0.000000000000000000e+00
0.000000000000000000e+00
3.484434559523708064e-02
1.075788604327218678e+00
3.483508914962424097e+00
3.440175064202132482e+00
1.897841839790738616e+00
8.558527560465513107e-01
3.889544407168616380e-01
1.974530451621097638e-01
1.208801207043060377e-01
1.869202577813440513e-01
7.216496684861917199e-01
1.507963464156832245e+00
1.758538493398322800e+00
1.467226069144702549e+00
1.071174712383313743e+00
7.997827704479211208e-01
6.842532798089486779e-01
6.726907408431491708e-01
7.239347268155180704e-01
8.053262291358230796e-01
8.994402105638839018e-01
9.908169082740040379e-01
1.067494694866756522e+00
1.129198955284328010e+00
1.175580343671319250e+00
1.206613909590492417e+00
1.211235421881513785e+00
1.202490232859483754e+00
1.172615810001148118e+00
1.134639064519883833e+00
1.092329716609867774e+00
1.057355209825959097e+00
1.029873911359692640e+00
1.005689363184018026e+00
9.797447743925078445e-01
9.645379853020115135e-01
9.500399498189283642e-01
9.389924456739394687e-01
9.334019025805034842e-01
9.262444417410977682e-01
9.318231179649335560e-01
9.325165019327333882e-01
9.410595276869079262e-01
9.533059303772959403e-01
9.628567966831464986e-01
9.740162985365483639e-01
9.837849352174626860e-01
9.940394143655201242e-01
9.962664608347668871e-01
1.003389040948646560e+00
1.009145182813008246e+00
1.013304521660946422e+00
1.018615527357935813e+00
1.017404084785984208e+00
1.016491669032743239e+00
1.017070522920912934e+00
1.015077321332308324e+00
1.014562317438939099e+00
1.013976114565859232e+00
1.007129008540912585e+00
1.007438750983832065e+00
1.007312920396251421e+00
1.004034064092427680e+00
1.003348148752267743e+00
1.001954542795947090e+00
1.000027111646695888e+00
9.987360971543512989e-01
9.970271948760892622e-01
9.960642195025041223e-01
9.974787999702785513e-01
9.972659244833700365e-01
9.953250403478030028e-01
9.955043002150082421e-01
9.928355770213656006e-01
9.962561854431669639e-01
9.970684047039982678e-01
9.951024605431020298e-01
9.974972393570489260e-01
9.966171194440428538e-01
9.976270250602463641e-01
9.976528389699854671e-01
9.971630402940158122e-01
9.994380151986483884e-01
9.995942069275635111e-01
1.001795228331487264e+00
1.002025534453936384e+00
1.002750800589202074e+00
1.001574255270301306e+00
1.003230553598749131e+00
1.002624745218252400e+00
1.001824332768874948e+00
1.002572727622558224e+00
1.002138055680671380e+00
1.000825278299662502e+00
1.001255905676705416e+00
1.000381069154420155e+00
9.990652792765530865e-01
1.000121483629567321e+00
9.997593653122341939e-01
9.979578228668317674e-01
9.994498626315045930e-01
9.992766633799735621e-01
9.993818879053544268e-01
9.989523361459824446e-01
9.996109476489202228e-01
9.996480014162998362e-01
1.000402547300383471e+00
1.000105801333901701e+00
1.001611610687830778e+00
1.000364432272742077e+00
9.998930054919128452e-01
1.001076277226302658e+00
1.001841375589792582e+00
1.001157417812750028e+00
1.001323459251027836e+00
1.001095502844440377e+00
1.001338333453424712e+00
1.001656305337810471e+00
1.000984543139991745e+00
1.000783748422337638e+00
1.001050453104522564e+00
9.995941185513140814e-01
9.991669931237231461e-01
9.995989101814251043e-01
9.992633308777696399e-01
9.992088170535695646e-01
9.992698282151110112e-01
9.986582230940423965e-01
9.999784829510249828e-01
9.996215290811896192e-01
9.986675614607085638e-01
9.991675085450498761e-01
9.994106250914288614e-01
9.992544180874933790e-01
1.001204163846705297e+00
9.989766251707082878e-01
9.996755010787139462e-01
1.000989583753897127e+00
1.000188416593280838e+00
1.000514510255006151e+00
1.001488679019468586e+00
1.001434174084998796e+00
1.000317931659608472e+00
1.000400610033630233e+00
1.000471827673976355e+00
1.000128875921252991e+00
1.000197713504405783e+00
1.000559321629893139e+00
1.000133423580913616e+00
9.995729463208744559e-01
1.000274453340791680e+00
9.995619283661785204e-01
9.999022851449601568e-01
1.000246376174034113e+00
1.000115600057413845e+00
9.988706545207669540e-01
9.998426977393212178e-01
9.994918707553672732e-01
9.997757339827277878e-01
9.996984485829069067e-01
9.999766424002439758e-01
1.000352102359820972e+00
1.000736442192715625e+00
1.000226249504501341e+00
9.998509929399519436e-01
1.000285477118340260e+00
1.000438831810023466e+00
1.000490097211308438e+00
1.000590322049361269e+00
1.000410950877106409e+00
1.000000953730708408e+00
1.000877683534632245e+00
1.000311991729043282e+00
1.000283092516705441e+00
1.000216513441769317e+00
9.996750859002407896e-01
1.000035956215193256e+00
1.000324524827658212e+00
1.001130454283739812e+00
1.000470339058256997e+00
1.000266090988991108e+00
9.996823699635936089e-01
9.997475572212781714e-01
9.999512423621745860e-01
1.000093587531424300e+00
9.998695051390451560e-01
9.999653138499522420e-01
1.000473234189617422e+00
1.000569771782096273e+00
9.997691994995638876e-01
1.000435195578425418e+00
1.000206411841115361e+00
9.998811450375060250e-01
1.000007677672166251e+00
1.000473941751632401e+00
9.999711224868448323e-01
1.000099219360994773e+00
1.000445488076106226e+00
9.997043289279335943e-01
9.999059795766347403e-01
9.998830160973699588e-01
1.000381429828462565e+00
1.000189468439501184e+00
1.000585903737605031e+00
1.000559329893624172e+00
1.000350148267611372e+00
9.999926341163537513e-01
1.000304256414605408e+00
9.998026463713826084e-01
1.000514986583556087e+00
1.000265748641725461e+00
1.000145255348874551e+00
1.000080763655969873e+00
1.000305422476499340e+00
9.990846314508020631e-01
1.000047586647249354e+00
1.000114151634169612e+00
1.000161280891239457e+00
1.000077804555444594e+00
9.997378064583541946e-01
9.999710947855953158e-01
1.000433339265033750e+00
1.000397227641286468e+00
9.998278737161760965e-01
9.999844476874756305e-01
9.998994978923914090e-01
9.996968157777297304e-01
1.000116902081253478e+00
1.000669501466374456e+00
1.000211133137278940e+00
1.000492570795992853e+00
9.998694378178956121e-01
9.997175288531486848e-01
9.999973000145043756e-01
1.000079616008668459e+00
1.000450372338632876e+00
1.000480119051801342e+00
1.000535026771751435e+00
1.000087048863809835e+00
9.999976291409501394e-01
1.000112830275339704e+00
1.000081718330416258e+00
9.997432953542101375e-01
1.000145380606227041e+00
1.000000000000000000e+00
1.000592921190727624e+00
1.000062173327310289e+00
1.000102365784871994e+00
9.999500143504080896e-01
1.000155254608475985e+00
9.978758304061630113e-01
9.880856888374750513e-01
9.777985815937100256e-01
9.664463959833262674e-01
9.558168518606071640e-01
9.444214280551282981e-01
9.343141142245930952e-01
9.233739982393742718e-01
9.134770499459881066e-01
