0.000000000000000000e+00
0.000000000000000000e+00
0.000000000000000000e+00
0.000000000000000000e+00
0.000000000000000000e+00
0.000000000000000000e+00
0.000000000000000000e+00
0.000000000000000000e+00
0.000000000000000000e+00
0.000000000000000000e+00
0.000000000000000000e+00
0.000000000000000000e+00
0.000000000000000000e+00
0.000000000000000000e+00
0.000000000000000000e+00
0.000000000000000000e+00
0.000000000000000000e+00
0.000000000000000000e+00
0.000000000000000000e+00
0.000000000000000000e+00
3.328263798188644716e-05
3.622013347805690120e-02
1.076738453561749465e+00
3.475176844649781494e+00
3.425057095493595494e+00
1.886407587997725788e+00
8.544437490098876209e-01
3.930310672529408467e-01
1.986959501909293380e-01
1.191326131292485130e-01
1.872457005372346051e-01
7.185696804954528893e-01
1.503589558093148204e+00
1.756368938910422228e+00
1.461877492945768520e+00
1.065249745089051014e+00
7.988830390263670367e-01
6.856909441142097217e-01
6.719730577507814218e-01
7.282757847769212312e-01
8.145396085572009781e-01
9.019404803280713923e-01
9.908000488650404725e-01
1.069925824992355778e+00
1.136280354237680479e+00
1.175063439034438550e+00
1.206834824008174545e+00
1.213928792415793323e+00
1.202199975820969602e+00
1.173401417255331314e+00
1.133328367827740824e+00
1.096633956108882257e+00
1.057385677154067505e+00
1.029924904796473806e+00
1.006338643071319927e+00
9.826028377818247783e-01
9.631495406077722476e-01
9.496381645495138857e-01
9.397421370712769617e-01
9.334205468942270434e-01
9.288817698823743640e-01
9.311879676930654437e-01
9.360745745708216603e-01
9.429528087534093661e-01
9.521368593753923859e-01
9.637698563403184204e-01
9.757756247679933992e-01
9.849786367225767947e-01
9.935442972638217629e-01
9.990949256463317329e-01
1.004018812510829806e+00
1.010625346975061678e+00
1.014145674909390227e+00
1.017284997641049404e+00
1.018946388065645525e+00
1.016469797114573970e+00
1.017466774924978612e+00
1.015081910129264076e+00
1.011858802229617771e+00
1.010376627696641716e+00
1.008100674062218705e+00
1.008417569027021177e+00
1.006494655572831798e+00
1.002646849416508612e+00
1.002955835011298369e+00
1.002092273157366042e+00
9.990130242008896655e-01
9.984734703955238100e-01
9.971245139705217087e-01
9.972991951070929728e-01
9.970214269159625164e-01
9.958027678965110097e-01
9.951738331585906483e-01
9.955876421174396640e-01
9.951639671937351217e-01
9.954137912984556413e-01
9.959566141619907720e-01
9.956676152237479149e-01
9.950987999242281168e-01
9.951541673198400773e-01
9.962783687705354385e-01
9.974313096416784763e-01
9.987429287139465428e-01
9.994132182047154034e-01
1.001334642915163053e+00
1.001173165108966812e+00
1.000258243399106073e+00
1.002105184152163986e+00
1.002626282912464584e+00
1.001558350945299880e+00
1.003223246097832755e+00
1.002099339478173867e+00
1.001020729831155753e+00
1.001368044765660992e+00
1.000974179215496029e+00
1.000320505299872931e+00
1.000832594409016396e+00
9.987340879914291536e-01
9.990043734096593075e-01
9.998990955335078645e-01
9.983424836154209947e-01
1.000269256297049436e+00
1.000138673401299583e+00
9.981561505026960157e-01
9.987868613690427111e-01
9.986624489452865516e-01
9.995926069526955837e-01
1.000286465171461137e+00
1.000118930405802686e+00
9.993617350296312152e-01
1.000568555502445722e+00
1.000957259854285297e+00
1.001862239683873446e+00
1.002094374507130237e+00
1.001098128194093384e+00
1.001260369378805359e+00
1.001412512363002660e+00
1.001360216021468963e+00
1.000638873482265323e+00
1.000690130876850770e+00
1.000860264776582298e+00
9.998611314173661002e-01
9.999063907395209228e-01
9.995537439607885544e-01
9.984188017867540177e-01
9.986544073734180405e-01
9.994379584512944614e-01
9.990945454501611867e-01
9.997381548369272952e-01
9.994965937533497602e-01
9.990298390502521109e-01
9.997575653404073837e-01
9.992227245066308550e-01
9.986344053844802282e-01
9.992107037190990360e-01
1.000019381779102767e+00
9.993725556946068123e-01
1.000160235679685039e+00
1.000375538187291413e+00
1.000208345233619900e+00
1.000031226800523809e+00
1.000524170509220490e+00
1.000634552138769173e+00
9.994636529180872531e-01
1.000815155613038465e+00
1.001312651998844672e+00
1.000728635803400879e+00
9.997969942053283043e-01
1.000559859858885847e+00
1.000836734106327786e+00
1.000336628231534686e+00
9.996461223403584340e-01
1.000206394321758507e+00
9.997413709570041052e-01
9.996866690786715415e-01
1.000519958208032634e+00
9.982260388663758421e-01
9.998803338308692723e-01
9.998613634090945945e-01
9.989465444868130817e-01
9.995672770411324626e-01
9.994986753435538551e-01
1.000143546101137648e+00
9.996407221080544359e-01
9.996634096031828953e-01
1.000799492455437978e+00
1.000010759131108706e+00
1.000179168770316318e+00
9.999853339253571560e-01
1.001064711306626442e+00
1.000881726367993885e+00
1.000239951734986477e+00
9.999748943865358619e-01
1.000069402157856002e+00
1.000561823566321396e+00
9.998376653384019042e-01
1.000021919976145313e+00
9.999628791904148217e-01
1.000832769248002796e+00
9.995970060696897086e-01
9.999159573648057631e-01
9.998991312452381042e-01
1.000278813841141368e+00
9.999391080571864432e-01
9.994449483146273794e-01
1.000217315579489785e+00
9.998348971625851123e-01
9.996442944182979407e-01
1.001072831803706542e+00
1.000597725201795019e+00
9.998368499007247445e-01
9.993831909084732734e-01
9.989782713826453886e-01
9.994968950128001461e-01
9.992391721518003589e-01
9.997174354951626762e-01
1.000771387996969963e+00
9.998053375080170335e-01
9.996100534563013840e-01
1.000017494397255957e+00
1.000200551963891460e+00
1.000187339953723997e+00
1.000446625308494264e+00
9.995417460267560505e-01
1.000614338123014813e+00
1.001210516860436384e+00
9.994099598370466131e-01
1.000174613731315665e+00
1.000039052486206614e+00
9.998579652509562710e-01
9.996461091358348483e-01
1.000129411687161074e+00
9.993201339597487243e-01
9.997502749188971194e-01
1.000485278322064131e+00
1.000232761154578487e+00
9.996034976993048993e-01
9.999315481877816270e-01
9.997982663448683471e-01
1.000368829341523380e+00
9.993221016216289332e-01
9.995179204482985691e-01
9.995452626069786239e-01
1.000109715198221227e+00
1.000073716136942181e+00
1.000229215919074655e+00
1.000337875368310092e+00
1.000098660500994274e+00
9.997861387556220558e-01
9.997985260602552104e-01
9.997061610645352481e-01
1.000658106089886701e+00
1.000448177464671629e+00
1.000342003406319069e+00
9.997870312622340050e-01
1.000101472671705904e+00
9.999595994906134155e-01
1.000254452604088184e+00
1.000544327805928724e+00
9.998045092303947667e-01
1.000022780207895590e+00
9.998418580310649562e-01
1.000003451358282058e+00
1.000552483404845150e+00
9.997051478250227330e-01
9.997868503326147183e-01
9.997538758157233918e-01
1.000465797783545385e+00
1.000193276556727628e+00
1.000226036495792892e+00
1.000685337664787289e+00
9.973366085699959527e-01
9.877830833417328149e-01
9.770137213342462434e-01
9.664847726668478467e-01
9.553251645565513650e-01
9.448136110298851476e-01
9.338569161961909337e-01
9.234993942330117500e-01
9.129648623662219853e-01
