0.000000000000000000e+00
0.000000000000000000e+00
0.000000000000000000e+00
0.000000000000000000e+00
0.000000000000000000e+00
0.000000000000000000e+00
0.000000000000000000e+00
0.000000000000000000e+00
0.000000000000000000e+00
0.000000000000000000e+00
0.000000000000000000e+00
0.000000000000000000e+00
0.000000000000000000e+00
0.000000000000000000e+00
0.000000000000000000e+00
0.000000000000000000e+00
0.000000000000000000e+00
0.000000000000000000e+00
0.000000000000000000e+00
0.000000000000000000e+00
6.656969853938020821e-05
3.737246156928639845e-02
1.066420631945563580e+00
3.479220114096823302e+00
3.429537853762280708e+00
1.891265879514310022e+00
8.528472119497438886e-01
3.894223154321679869e-01
1.969524088370671056e-01
1.202014836679913823e-01
1.874912251536001995e-01
7.167493118834308286e-01
1.503166280642560526e+00
1.753556145514182596e+00
1.468057181754296447e+00
1.066253069736983194e+00
8.001594826985063413e-01
6.833140803780506367e-01
6.723055702742524176e-01
7.298216001077657555e-01
8.091947405508328472e-01
9.015576989052941359e-01
9.904128353931314077e-01
1.066703140710948183e+00
1.129414673751361287e+00
1.181530892907354247e+00
1.205595062511708226e+00
1.214871364155271527e+00
1.199570733288503499e+00
1.167929452095918696e+00
1.131714013821937259e+00
1.094203878630771509e+00
1.062059744762699154e+00
1.029976229804422161e+00
1.002952975245465561e+00
9.829860451945926503e-01
9.623567190708731678e-01
9.520392334264308198e-01
9.379261605258116807e-01
9.327791438219095177e-01
9.283567978944156085e-01
9.289361565383965624e-01
9.364734729638239941e-01
9.439661640602433623e-01
9.538597799876119554e-01
9.626941819277579082e-01
9.731908910859373707e-01
9.857995046153601448e-01
9.931943670181775374e-01
9.969151206517112840e-01
1.007716738706333048e+00
1.008614019818616869e+00
1.012747815503858950e+00
1.015741760382843806e+00
1.016732895497820532e+00
1.017413522395470782e+00
1.017521277138563107e+00
1.013652777462347832e+00
1.011575300397247190e+00
1.008469257988075407e+00
1.007614975031337012e+00
1.008593082578726374e+00
1.003679690886437825e+00
1.003416809140837529e+00
1.001416815758170431e+00
1.000172304335747553e+00
9.979050790205689081e-01
9.995503593527595987e-01
9.970165883404347174e-01
9.981391231162128896e-01
9.958995859229828884e-01
9.948829845921375314e-01
9.950453594572193916e-01
9.948656930434202073e-01
9.950538820768878301e-01
9.953326631604834107e-01
9.951183931449424369e-01
9.955020337430253718e-01
9.965001848909611493e-01
9.965465990094479753e-01
9.973474764318964736e-01
9.998048697681820585e-01
9.991248604791237442e-01
9.994365247083875081e-01
1.000277612005073813e+00
1.000764564193695971e+00
1.001494673356668752e+00
1.001604568032519404e+00
1.000466983549952893e+00
1.001666313820515741e+00
1.002915236428624901e+00
1.001640969676560022e+00
1.000499724505534926e+00
1.001306978191078390e+00
1.000527373639921835e+00
1.000143679818439102e+00
1.000034274967187553e+00
9.992949587906833075e-01
1.000464594343008162e+00
9.994203730602918556e-01
9.992740431868124551e-01
9.982213450441346225e-01
9.984920886221624325e-01
9.991989808963938069e-01
9.987814779228620932e-01
9.995394263481883756e-01
9.997914813349566554e-01
9.992517845556928568e-01
9.996245446743647900e-01
1.000349656074197569e+00
1.000614906365410395e+00
1.000031047781726912e+00
1.002031307152926543e+00
1.001208037477324231e+00
1.001430658314537814e+00
1.001695749101904509e+00
1.001498958238103754e+00
1.001247641247641207e+00
1.001324601846784290e+00
1.001075166001892169e+00
1.000209166933551552e+00
1.000770640845991322e+00
9.994885166871969595e-01
1.000802295105829964e+00
9.995147207785104460e-01
1.000040560461315398e+00
9.992918197315759921e-01
9.982957191700163602e-01
9.996212430017983319e-01
9.995805190906067450e-01
9.988686365244093812e-01
9.992135969326546574e-01
9.986035634774022007e-01
9.987616054492032269e-01
9.998169127086831143e-01
1.000069938157166494e+00
1.000549442977636705e+00
9.998443361628244208e-01
1.000751891999321908e+00
1.000728466200220046e+00
1.000551461216078186e+00
1.000418733991135678e+00
1.001065008429798953e+00
1.000755018063583135e+00
1.000151938979858102e+00
1.000226089964651122e+00
1.000330623682686104e+00
1.000094559488359014e+00
1.000030366254603287e+00
1.000575289131332868e+00
9.995427904796464480e-01
1.001430707373072160e+00
9.999274750832244374e-01
9.993812708777506382e-01
1.000419601898534960e+00
9.996595461311585940e-01
9.997564725366927529e-01
9.997163567776575777e-01
9.998128336405021077e-01
9.994361656834847008e-01
1.000730234969902765e+00
9.998940374287831334e-01
1.000343609411033396e+00
9.995301757919519137e-01
1.000623596740363608e+00
9.990452414081637533e-01
9.999282006520265886e-01
1.000093022728288039e+00
1.000476039258867189e+00
9.992765092447664088e-01
9.995906721044532928e-01
1.000026991595885262e+00
9.987299113429790598e-01
1.000199345950979257e+00
1.000775528936992842e+00
1.000222012431964069e+00
9.998572389284078321e-01
9.996970059181137236e-01
1.000388539047907921e+00
1.000194831439167986e+00
1.000151217194003905e+00
1.000276007647582732e+00
1.000019447470080314e+00
1.000211995749949789e+00
9.997052686162093416e-01
9.999286885830421800e-01
9.994459295755574457e-01
1.000500327987376092e+00
1.000330600588386964e+00
9.995101371799186563e-01
1.000055018469865997e+00
9.995462566801642801e-01
9.998058958402687990e-01
9.998719325878925313e-01
1.000298376232740427e+00
9.997576351334761524e-01
9.996645007964375385e-01
9.997288000451901580e-01
1.000021099392645274e+00
1.000306281203894976e+00
1.000338399981008264e+00
1.000465529368201878e+00
1.000338064565174490e+00
9.999008509175911774e-01
1.000051007403152115e+00
1.000710882039185234e+00
9.992184772353115418e-01
9.994492949603629439e-01
1.000282496189115022e+00
9.997359664788991740e-01
1.000245686108741427e+00
9.997163587512266636e-01
1.000115885134344351e+00
9.998726593293207898e-01
1.000454843504512192e+00
9.998815620489992506e-01
9.998871885036330065e-01
1.000138462905489911e+00
9.998467681546839847e-01
1.000338730892726957e+00
1.000184195494430606e+00
9.999728328712422787e-01
9.999175637016681772e-01
9.994240159397276280e-01
1.000318872737480991e+00
9.994751476858040329e-01
9.998190203196892778e-01
1.000031404445636207e+00
1.000276520101572642e+00
1.000196767594995428e+00
1.000185055023212755e+00
1.000020902422845248e+00
9.996494438061164223e-01
1.000479293758524069e+00
9.999073330050026742e-01
1.000032469125933243e+00
1.000451877876867179e+00
1.000231153694312924e+00
1.000163937292205985e+00
9.999834829459859353e-01
9.997891917529340144e-01
1.000459010429981310e+00
9.996815403013439294e-01
9.999621175102740844e-01
1.000004099607667563e+00
1.000227156438044052e+00
9.997561248754892604e-01
9.997187430620599891e-01
1.000236566046853293e+00
9.998307743858492191e-01
1.000167784561181605e+00
9.978504119814359807e-01
9.874019605303258063e-01
9.769142797718950444e-01
9.664517227511286723e-01
9.562037539165508804e-01
9.447542217502464812e-01
9.342144372901556304e-01
9.236350960547670130e-01
9.132351488692662667e-01
