0.000000000000000000e+00
0.000000000000000000e+00
0.000000000000000000e+00
0.000000000000000000e+00
0.000000000000000000e+00
0.000000000000000000e+00
0.000000000000000000e+00
0.000000000000000000e+00
0.000000000000000000e+00
0.000000000000000000e+00
0.000000000000000000e+00
0.000000000000000000e+00
0.000000000000000000e+00
0.000000000000000000e+00
0.000000000000000000e+00
0.000000000000000000e+00
0.000000000000000000e+00
0.000000000000000000e+00
0.000000000000000000e+00
0.000000000000000000e+00
1.664293315053844922e-05
3.599667921555629174e-02
1.062322184796342661e+00
3.480048081394819359e+00
3.431192269673625006e+00
1.893292089533825662e+00
8.568474454060512890e-01
3.875103278269413920e-01
1.948830025158304058e-01
1.193290329062734051e-01
1.874217582891420097e-01
7.192597006770949930e-01
1.495847958426500979e+00
1.752257196411392215e+00
1.461337520689995673e+00
1.070431799180598054e+00
8.036913167388599621e-01
6.872198582453283855e-01
6.761440107175376024e-01
7.267234121608415753e-01
8.102301773920479455e-01
9.021335479428086446e-01
9.856214165337916500e-01
1.066624769527224625e+00
1.127612174344433393e+00
1.175859891577740290e+00
1.205767750238722069e+00
1.211138215013447539e+00
1.194944252732346612e+00
1.169432531726282809e+00
1.129068630568798692e+00
1.096924877662480702e+00
1.058518670798531014e+00
1.030222767233460068e+00
1.002102782191846675e+00
9.819577350986468112e-01
9.622217591442062679e-01
9.471299394288342777e-01
9.409452475531243643e-01
9.340978967918369680e-01
9.294457831037472584e-01
9.278010376608969434e-01
9.345213251470019244e-01
9.401816737733225127e-01
9.521955878476853208e-01
9.633741976109189142e-01
9.761470923046289272e-01
9.845597577218484497e-01
9.914252609343646716e-01
9.967558085383034783e-01
1.002524382853619667e+00
1.009423413915754963e+00
1.011427884597388971e+00
1.014593081640065897e+00
1.016069416590052121e+00
1.016526618873006438e+00
1.014200531736425770e+00
1.013071062340922923e+00
1.013388440154237902e+00
1.009430873432018538e+00
1.008625899342220356e+00
1.007072488830712542e+00
1.003743205960093920e+00
1.002592549788362541e+00
1.001434616389063947e+00
9.990965857760555346e-01
9.994828568506858302e-01
9.977680605837579986e-01
9.981786153770234593e-01
9.957933312264510839e-01
9.977996715682312390e-01
9.962594117874380428e-01
9.938730924505800868e-01
9.964380233975581591e-01
9.951382353491249333e-01
9.951980986837077880e-01
9.950052805558823321e-01
9.961144299058921625e-01
9.940193179329432915e-01
9.969443977548853031e-01
9.958936101228211824e-01
9.977636154803847246e-01
9.984402648054159224e-01
1.000148158608892723e+00
9.992235915425288217e-01
1.000304200863075588e+00
1.000263973479299962e+00
1.000721646325199332e+00
1.001827434394124694e+00
1.001638578622747966e+00
1.002968750559496414e+00
1.003213883515379212e+00
1.001531761351443173e+00
1.000440469516475250e+00
9.998066393213713710e-01
9.999623091178045931e-01
1.000074543882604861e+00
9.992357809076459763e-01
9.990942593604045241e-01
9.994121499781760676e-01
9.984580700317081670e-01
9.987096242224811071e-01
9.991228930962153809e-01
9.986171507250670709e-01
9.988011858387608743e-01
9.998053495020200465e-01
9.987898335526598226e-01
9.992981299531110695e-01
9.995092982838361673e-01
9.998353344010004751e-01
9.998982313303527159e-01
1.000745270656431929e+00
1.000836973467283730e+00
1.000415775363155735e+00
1.000642215928211787e+00
9.999648514019194856e-01
1.001475819620544661e+00
1.001109849988020883e+00
1.000822374119321179e+00
9.997597788131743490e-01
1.000409398499604530e+00
9.993962561592877325e-01
1.000783999756092779e+00
1.001635977891070617e+00
9.990617425656792561e-01
9.989981012829722840e-01
9.993421569965592610e-01
9.988338479745152432e-01
9.980883926478300028e-01
9.987653066103084898e-01
9.984580619885332631e-01
9.995537154200885288e-01
9.986963186493211797e-01
9.981798718859011821e-01
9.993885181198947087e-01
9.997674684196438122e-01
9.996262674168737705e-01
1.000083192446689750e+00
9.987374567131993564e-01
1.000814831878796829e+00
1.000956447425127793e+00
9.995459162366996386e-01
1.000265581381486690e+00
1.000306111881243076e+00
1.000573585530004417e+00
1.000099543917735812e+00
1.000440845009291202e+00
1.000782305703625807e+00
9.997947597457090829e-01
9.997867025084369308e-01
9.996907123896550118e-01
9.996672561235933063e-01
9.999782536148075218e-01
1.000193119103592654e+00
9.994427727883358203e-01
9.992396903660308860e-01
9.992192063121005940e-01
9.996530676975385887e-01
1.000704008501234643e+00
9.992228315355183854e-01
9.997562946305588172e-01
9.991364530528502597e-01
9.990368770747023452e-01
1.000377802969259156e+00
9.992007771512277925e-01
1.000390128349990970e+00
9.996425007569832433e-01
9.997404238642499941e-01
1.000011222111576226e+00
1.000542439802477590e+00
9.997612582816244320e-01
9.996672206630311530e-01
9.991399077156469799e-01
9.992779794185365771e-01
1.000236697026142263e+00
1.001133066647948544e+00
9.992664249075647875e-01
9.990550312903190289e-01
9.999872169690474655e-01
1.001024895594583519e+00
9.995031780940345500e-01
9.997387151072030242e-01
1.000914229602478223e+00
9.994561425276525801e-01
9.995830644719492231e-01
9.996694395588331394e-01
9.999659591054840257e-01
1.000584424288458951e+00
1.000019954111979192e+00
9.996590699351324272e-01
9.999059052804030179e-01
1.000005238967691890e+00
9.996813372372232998e-01
9.997444712557786994e-01
9.999448842344659250e-01
1.000002334847745811e+00
9.994202462487081773e-01
9.995433527960473352e-01
9.993365210993763181e-01
9.996617663809721499e-01
9.999605763507312117e-01
9.996013293015691970e-01
1.000230399622882294e+00
1.000024788027354727e+00
1.000290091756439015e+00
9.999343781198767322e-01
9.999597056562963271e-01
1.000419613699937926e+00
1.000117503774992977e+00
9.995540646031888521e-01
9.998469352587495695e-01
9.997136741635477275e-01
1.000196641920239715e+00
9.996392652610265328e-01
1.000713867222223330e+00
1.000079717859323258e+00
9.993393697246978347e-01
9.997604574462853888e-01
1.000198002243451567e+00
9.997929745375755406e-01
1.000259550609768455e+00
9.996477161462953287e-01
9.998490406228234262e-01
1.000020529350482024e+00
1.000358435605867236e+00
9.997954847394705524e-01
9.997170091435519934e-01
1.000451781000416318e+00
9.997106702413354196e-01
1.000202167723467817e+00
1.000056298579124148e+00
9.996495143246226789e-01
1.000386775673401063e+00
1.000076745954127544e+00
9.999766705329498073e-01
9.994532590028482044e-01
1.000249231518430371e+00
1.000067311989594643e+00
1.000282973209880355e+00
9.998197612329785544e-01
1.000226999474148837e+00
1.000231404803112678e+00
9.995097580881032728e-01
9.999114369015127401e-01
9.996436232357650553e-01
1.000319755501169139e+00
1.000381288139279512e+00
9.997466948368860518e-01
1.000264325516291075e+00
1.000099207572292537e+00
1.000446100649140524e+00
9.980095941491007316e-01
9.879116252511502827e-01
9.770933227068890892e-01
9.660499056601409285e-01
9.552615689704958557e-01
9.440707482634657088e-01
9.338895680018139966e-01
9.235901970056498156e-01
9.130854686825448097e-01
