0.000000000000000000e+00
0.000000000000000000e+00
0.000000000000000000e+00
0.000000000000000000e+00
0.000000000000000000e+00
0.000000000000000000e+00
0.000000000000000000e+00
0.000000000000000000e+00
0.000000000000000000e+00
0.000000000000000000e+00
0.000000000000000000e+00
0.000000000000000000e+00
0.000000000000000000e+00
0.000000000000000000e+00
0.000000000000000000e+00
0.000000000000000000e+00
0.000000000000000000e+00
0.000000000000000000e+00
0.000000000000000000e+00
0.000000000000000000e+00
0.000000000000000000e+00
0.000000000000000000e+00
0.000000000000000000e+00
0.000000000000000000e+00
0.000000000000000000e+00
0.000000000000000000e+00
2.438873849247953293e-02
4.333899057161438861e-01
1.498318355461505602e+00
1.918449495348991674e+00
1.407658628548689839e+00
8.061840242427515957e-01
4.720935715072242522e-01
3.009037244051230853e-01
2.531350635856295384e-01
2.344424734364035368e-01
2.471937072980395500e-01
2.591000635405871777e-01
2.425330713012595063e-01
2.370206366329628833e-01
2.417179288934347414e-01
2.599324946962490168e-01
3.325431231090886230e-01
4.179257481361150495e-01
5.700850362297338325e-01
7.359706379528384579e-01
9.233102525706704533e-01
1.082828348134330598e+00
1.238471000229776076e+00
1.338122252849886396e+00
1.454479258762430671e+00
1.532256727016094278e+00
1.584254407658922004e+00
1.602564842783115617e+00
1.514086648070861241e+00
1.408960000965905790e+00
1.278981867481578050e+00
1.154936323501844830e+00
1.042704329673837638e+00
9.787013600168755767e-01
9.337998944293964820e-01
9.088262131606041905e-01
8.970683362699534147e-01
8.971314574499267280e-01
8.867938928601186710e-01
9.030239590417638018e-01
8.949523896015941782e-01
9.151546103511311037e-01
9.423081554978529617e-01
9.489140371939760454e-01
9.649115563693478892e-01
9.768316662362509506e-01
9.985816415194271878e-01
1.014398678174192270e+00
1.018175854495563915e+00
1.032291156380058306e+00
1.040768676271543125e+00
1.030125308247961780e+00
1.046247477328689168e+00
1.025636149643105455e+00
1.026294871324467728e+00
1.011110743083897701e+00
1.006223107961264684e+00
9.959739037855230848e-01
9.852981624341039524e-01
9.721305659348015160e-01
9.891174219084492014e-01
9.719010482645099591e-01
9.737701729423783314e-01
9.875605719981561670e-01
9.886480160240741499e-01
9.901032420180985172e-01
1.000796618248738001e+00
1.013636121016150415e+00
1.009690637076764430e+00
1.010489257335863478e+00
1.007860965529665531e+00
1.006069232513078449e+00
1.007111306630176895e+00
1.010975537057183349e+00
1.007125621008220229e+00
1.003778329640736544e+00
9.978496729666809228e-01
9.929610035245748367e-01
9.889848552334820075e-01
9.944938291863549829e-01
9.889653755662592971e-01
9.966411037658181593e-01
9.933182248349167187e-01
9.870440935899683632e-01
9.905893959373384128e-01
9.935831350144844754e-01
9.969910649922807400e-01
9.845773004555626873e-01
9.933625183895262722e-01
9.921401307019948046e-01
9.955745398453390571e-01
9.952382928349646773e-01
1.000122096208992062e+00
1.000096617050186154e+00
1.000979831204533932e+00
1.005060884755468953e+00
1.000496513809795873e+00
1.002277464240693083e+00
1.001184991533745849e+00
9.974911857812889249e-01
1.005161671994323935e+00
9.975146240328802705e-01
1.001653099128504198e+00
1.001250803275279599e+00
9.958284792941651808e-01
9.957001062450259177e-01
9.965043331700272899e-01
9.984506421492976846e-01
9.927618269026109443e-01
1.000076058094759857e+00
1.000708082866301307e+00
9.977464506078089768e-01
9.965922129055990730e-01
9.989492330064168035e-01
9.980323856099043711e-01
9.956708432292863398e-01
1.000744226732797948e+00
9.974981374359730424e-01
1.004686461015555698e+00
1.005579684472645008e+00
1.001820337592787435e+00
9.951535195670122569e-01
9.991226497679855933e-01
1.002531111613252923e+00
9.999088184843789584e-01
9.989303586983335759e-01
9.993394430901745285e-01
9.950682668807869780e-01
1.000266365629493670e+00
9.997347320433638274e-01
9.977600796604870759e-01
9.924121179436963258e-01
9.923724105950676444e-01
1.005652854095965498e+00
9.949512325858614892e-01
9.941607980565744240e-01
9.978919571014737144e-01
1.003547487583368314e+00
9.946562912718681648e-01
9.993159293405197152e-01
1.000436000407845194e+00
9.962756631772179405e-01
9.941931624502093889e-01
9.982894323319089214e-01
1.000239539762227237e+00
9.966166431571045203e-01
9.944101423597562217e-01
1.005036508603479151e+00
1.000179329295762587e+00
9.994561055244837178e-01
9.995722669317717024e-01
9.972561764587358768e-01
1.000665479100736555e+00
9.992431411931261831e-01
9.963390286463751355e-01
1.000599480456072721e+00
1.000750474115145616e+00
9.972316276979545924e-01
1.004388712050350740e+00
9.961570675408840669e-01
9.978874170930103205e-01
1.001351372474482693e+00
1.003935356225876818e+00
1.000392538746174065e+00
1.000902039144948130e+00
1.000863360315526585e+00
9.979717418335101176e-01
9.986733214986337481e-01
9.985462467337448134e-01
9.991792596274893246e-01
1.002147253746691558e+00
9.996346408046380416e-01
1.000713053545156939e+00
9.992010003976898869e-01
9.970446397670734706e-01
9.996230361856082158e-01
9.992586777712318957e-01
1.001499423399238031e+00
9.982495708539748103e-01
1.002178086281002800e+00
9.992692459378629266e-01
9.965641857810431103e-01
1.000272247216845933e+00
1.000507069965034468e+00
1.000477043710349401e+00
9.997240334846434484e-01
9.993288007265774819e-01
1.000434381227577330e+00
1.002461666624470338e+00
9.980332717816114974e-01
9.987017530027657575e-01
9.970856453192310509e-01
1.000443453442384278e+00
1.004765378199432790e+00
1.000040281050979196e+00
1.001845997122600362e+00
9.983142702721243822e-01
9.964070308268299092e-01
1.002191123886610802e+00
9.993970491890439289e-01
1.003935820326505857e+00
9.999696412486672736e-01
9.995796197522822668e-01
9.980423418825986603e-01
9.977763140159249255e-01
1.002017642146953991e+00
1.002667233488271137e+00
9.998381369080152625e-01
9.983764240000352341e-01
9.997743476708991217e-01
9.977581984177454899e-01
1.002607612975309870e+00
1.002057307565665578e+00
9.989666875728764328e-01
9.990661588875352495e-01
9.993399888003888787e-01
1.000376349103826890e+00
9.962243465125059094e-01
9.988434388831037847e-01
9.992456730445257174e-01
9.988749303512850508e-01
9.983186623916465718e-01
9.976097443288933775e-01
9.969707734750815620e-01
9.973679520074139049e-01
1.001115437604478631e+00
9.989533724209673782e-01
9.994596824770527466e-01
9.975530940697237003e-01
9.973422769179710601e-01
9.961872751434595052e-01
9.971953672705941019e-01
9.979192151836981939e-01
9.977871862347627019e-01
9.990533456386784250e-01
9.973362852127813927e-01
9.979270451128067210e-01
9.989567072727515429e-01
9.980503606848685205e-01
9.979383737675671107e-01
9.971860516697302890e-01
9.980111068073715952e-01
9.994037253308345470e-01
9.967416572480722881e-01
9.979488598547745504e-01
9.937269932016136176e-01
9.902452358797305676e-01
9.742427009119207781e-01
9.665037710584885033e-01
9.561842256269272866e-01
9.451966069639181622e-01
9.320369973002476938e-01
9.227608632337608308e-01
9.096067540553536279e-01
