0.000000000000000000e+00
0.000000000000000000e+00
0.000000000000000000e+00
0.000000000000000000e+00
0.000000000000000000e+00
0.000000000000000000e+00
0.000000000000000000e+00
0.000000000000000000e+00
0.000000000000000000e+00
0.000000000000000000e+00
0.000000000000000000e+00
0.000000000000000000e+00
0.000000000000000000e+00
0.000000000000000000e+00
0.000000000000000000e+00
0.000000000000000000e+00
0.000000000000000000e+00
0.000000000000000000e+00
0.000000000000000000e+00
0.000000000000000000e+00
0.000000000000000000e+00
0.000000000000000000e+00
0.000000000000000000e+00
0.000000000000000000e+00
0.000000000000000000e+00
0.000000000000000000e+00
2.189109312620991094e-02
4.204578344134995427e-01
1.459756916787715131e+00
1.849954492936963346e+00
1.334435719653860097e+00
7.625218878379869114e-01
4.331469720232358211e-01
3.008577862250647050e-01
2.542409109681619817e-01
2.268401946295838523e-01
2.535831926621567312e-01
2.508956730471364471e-01
2.482728857548792134e-01
2.342404208269455723e-01
2.304096972861518766e-01
2.566159021238374471e-01
3.237652383826652436e-01
4.197131665152705193e-01
5.575170120949055619e-01
7.449766048886835579e-01
9.223592587454165770e-01
1.086026950364368915e+00
1.228519297184245351e+00
1.327354409924832224e+00
1.431898107606295767e+00
1.512944975445174922e+00
1.572997746664972496e+00
1.569751594446020304e+00
1.513593413693166800e+00
1.395919172667111852e+00
1.261167933536060159e+00
1.143929344829468286e+00
1.046412107766460764e+00
9.656885570880117120e-01
9.189293677434804408e-01
8.895463700930126283e-01
8.827821573650054265e-01
8.785574811912478799e-01
8.867520673550578492e-01
9.023871142803356893e-01
8.913831313717388571e-01
9.186455685982529706e-01
9.220070564986813100e-01
9.401469249649617721e-01
9.651949616646927632e-01
9.822785887989039511e-01
9.922459349262865436e-01
1.004336977032608047e+00
1.020299588610302566e+00
1.024622415576491363e+00
1.030633339263807624e+00
1.026565813005115846e+00
1.024833121111579093e+00
1.020152481860966853e+00
1.006046687337509349e+00
9.995588014578340452e-01
9.898282664075361836e-01
9.771480978919633298e-01
9.708927520669466960e-01
9.811668655315045617e-01
9.740624720174041462e-01
9.660587577363254352e-01
9.781935529343910307e-01
9.851988765283022920e-01
9.689647595883275066e-01
9.828389914666605387e-01
9.955488319267814523e-01
9.888155246474398252e-01
9.949352155789390473e-01
1.007027452256085143e+00
9.994102023252722233e-01
1.004769179309477067e+00
1.006516257457238606e+00
1.010821194081376717e+00
1.000805945447360790e+00
9.951431613478058935e-01
9.929737390038154699e-01
9.907382948391940669e-01
9.889229777329120452e-01
9.877500082164405448e-01
9.910450076477286263e-01
9.858287016899826005e-01
9.910174388788062227e-01
9.811313049166570099e-01
9.905337981694929406e-01
9.807828503666763398e-01
9.888888725836548765e-01
9.848197794660307203e-01
9.872581604952861412e-01
9.944395669272710903e-01
9.932573079666920934e-01
9.833723230871692644e-01
9.958947472481578522e-01
9.964550611456269857e-01
9.976370632700173324e-01
1.000820579449068770e+00
1.002626328086849261e+00
1.002966602730466450e+00
1.000241131113023263e+00
9.926928743805980560e-01
9.987205302709275534e-01
1.004689104511944819e+00
9.943812918883223606e-01
9.954115368689536725e-01
9.923281198902287326e-01
9.921266971245068511e-01
9.947669929269549183e-01
9.969332225127649494e-01
9.973438448275375734e-01
9.929486239012763615e-01
1.001787839953814263e+00
9.913972510990702869e-01
9.988547434401807701e-01
9.949164279761805174e-01
9.938575809966012642e-01
9.932054624737758353e-01
9.907485571245819855e-01
9.964480063675260624e-01
9.977569654616752493e-01
9.941096166161564884e-01
9.927173754227006652e-01
9.973363316528502942e-01
9.949634337183805854e-01
9.944367053630237541e-01
9.994898039755588659e-01
9.953437634741907347e-01
9.863162784409410522e-01
9.945364052909710928e-01
9.913082612322190457e-01
9.927971195874796262e-01
9.976713229733528143e-01
9.906993529283331101e-01
9.909891627644439316e-01
9.948734882643052169e-01
9.982292877626069982e-01
9.953297412578480108e-01
1.000171756637451281e+00
9.928815860759543366e-01
9.937277022505240920e-01
9.981330886517567613e-01
9.922239957457271720e-01
9.999179376583383627e-01
9.929309352796300558e-01
9.940455510153561880e-01
1.002342962741915589e+00
9.990516977589398717e-01
9.907722958762802401e-01
9.937628895751534630e-01
9.910084607514244581e-01
9.935408603532793759e-01
1.001381320203813319e+00
9.944292366453112431e-01
9.961942842024948952e-01
9.899637990460724568e-01
9.927521636451355214e-01
9.971914975597776509e-01
9.966943800863519165e-01
9.922706157719775044e-01
9.955107979167531207e-01
9.934033145793870201e-01
9.928335719696441686e-01
9.981704184732074214e-01
9.929645854018207540e-01
9.975733868671279314e-01
9.967861150072910847e-01
9.954726002986709066e-01
9.993424517553823883e-01
9.974449091760104746e-01
9.965777915566542688e-01
9.985837127700930571e-01
9.987684576125636093e-01
9.983594137286174730e-01
9.957938935053838314e-01
1.000808806650571814e+00
9.974588452358499335e-01
9.943655849683611381e-01
9.984891365217704040e-01
9.947671925289640615e-01
9.944579960472377245e-01
9.967483595162371923e-01
9.959219118931937897e-01
9.966064066004904909e-01
1.000222505394025907e+00
9.976405980238207682e-01
9.983126920616942623e-01
9.931279778111488099e-01
9.991503765598978015e-01
9.968403507695554611e-01
9.977149715199495894e-01
9.956430619132389248e-01
9.990682954489199519e-01
9.970074748874194759e-01
9.966749248924866578e-01
9.994940991408085562e-01
9.981343738048241709e-01
1.000625990683565725e+00
9.951977509019720447e-01
1.001362672781574759e+00
9.993930298893848319e-01
9.963854983568725121e-01
9.963358013062832974e-01
9.998621018690394546e-01
9.994903830229128205e-01
1.000155024700164264e+00
1.000026937251957238e+00
9.994824305952494381e-01
9.997671403695528314e-01
9.983469261457875721e-01
1.002092280449061512e+00
9.976741399546886768e-01
9.995370129623789568e-01
9.978277068168950326e-01
9.984794859119764388e-01
9.981389894388058570e-01
1.000209062981818553e+00
1.000528873152682241e+00
9.996444655770130305e-01
1.001570194447841011e+00
9.995341373500140625e-01
1.003407184033307420e+00
9.990139025463916633e-01
9.969875428412287022e-01
1.003098795144992783e+00
1.000351379539684116e+00
1.000199300717617978e+00
9.991041792802600741e-01
9.972807036208943821e-01
9.976565667322967457e-01
1.003395264948149457e+00
9.940328506214819448e-01
9.962659192607145053e-01
1.002772518778066280e+00
1.002185087976358524e+00
9.979961154517730249e-01
1.001912143069854766e+00
9.998023736054881816e-01
1.000641448958416335e+00
1.000087969573731028e+00
1.001108231516517399e+00
9.973884484313478849e-01
9.998535215092374528e-01
1.001280240369909924e+00
9.973749480038952564e-01
9.998987600346568305e-01
1.001185087885251512e+00
9.987871181501368767e-01
9.870983712058682968e-01
9.803408097318511150e-01
9.672188879303416087e-01
9.545100263156366394e-01
9.466993198417922306e-01
9.372601684539361155e-01
9.251266640935803531e-01
9.121160991857338862e-01
