0.000000000000000000e+00
0.000000000000000000e+00
0.000000000000000000e+00
0.000000000000000000e+00
0.000000000000000000e+00
0.000000000000000000e+00
0.000000000000000000e+00
0.000000000000000000e+00
0.000000000000000000e+00
0.000000000000000000e+00
0.000000000000000000e+00
0.000000000000000000e+00
0.000000000000000000e+00
0.000000000000000000e+00
0.000000000000000000e+00
0.000000000000000000e+00
0.000000000000000000e+00
0.000000000000000000e+00
0.000000000000000000e+00
0.000000000000000000e+00
0.000000000000000000e+00
3.805649609239302594e-02
1.080222226200849178e+00
3.497669654977833442e+00
3.417623579529469158e+00
1.887395417692468103e+00
8.492994424390961639e-01
3.869951582206432317e-01
1.959629733932735929e-01
1.208055738504666410e-01
1.863506623455655486e-01
7.199379628852369262e-01
1.505054929059758351e+00
1.754065638313867082e+00
1.461179133712876776e+00
1.067927878637182415e+00
8.006989145043543754e-01
6.833357248519830174e-01
6.760927664470383069e-01
7.267148527500686406e-01
8.061897756246083624e-01
9.007207986800777055e-01
9.863006914442407069e-01
1.068647259358672441e+00
1.131051206186862723e+00
1.180144256715595086e+00
1.202692291329508167e+00
1.213296617866024496e+00
1.197779765340251990e+00
1.172006119862028406e+00
1.131872661610008102e+00
1.094785337614008647e+00
1.057935888855804141e+00
1.026655689680061379e+00
1.002632413423910851e+00
9.766430268294697958e-01
9.621212878846003846e-01
9.477091168853063463e-01
9.363478148199770867e-01
9.321147380638958868e-01
9.286836607420282386e-01
9.310024832631186298e-01
9.360220106703979193e-01
9.426876892510068773e-01
9.550408729670590846e-01
9.658040561148176772e-01
9.787026357657305775e-01
9.839692399541020151e-01
9.943919009463302316e-01
9.993447554295329383e-01
1.006327732739608516e+00
1.009822406910330539e+00
1.011261067456635576e+00
1.016051281735778966e+00
1.015827782490015041e+00
1.015740382022858990e+00
1.017313075900819763e+00
1.013455456028794721e+00
1.011119228947184201e+00
1.007603103129792066e+00
1.007776736592356226e+00
1.005286174458450255e+00
1.001771892794162122e+00
1.001822324744829240e+00
1.001905905131936336e+00
1.001213845484704823e+00
9.989264182374046896e-01
1.000034731669058985e+00
1.000865902524985085e+00
9.968529059045720953e-01
9.986885374321101683e-01
9.970346658911743987e-01
9.967070856956093960e-01
9.974450735729789574e-01
9.953078192987120376e-01
9.952467619727568549e-01
9.957242019138876632e-01
9.970987636868327009e-01
9.957336588830101309e-01
9.962764738533695930e-01
9.970107917038378842e-01
9.977930310367459921e-01
9.992184636734422476e-01
9.988322868196000126e-01
1.000572007208693881e+00
1.000456203837158276e+00
1.001697298323389607e+00
1.000279606677205724e+00
1.001417941670841749e+00
1.002241049362376346e+00
1.001854322569720956e+00
1.001853570508072444e+00
1.000216267952502625e+00
1.001685352065713852e+00
1.001249927178754273e+00
1.000966246370450952e+00
1.000557116612889930e+00
1.001089177850320366e+00
1.001558691676163182e+00
9.988951862062510623e-01
9.988813848682376317e-01
9.987706936634112020e-01
9.984706817616934016e-01
9.976146055999379758e-01
9.998847300498976409e-01
1.000835888937914309e+00
9.999298481377967285e-01
1.000714624663547658e+00
1.000611887184440052e+00
9.984743813383214484e-01
9.994680328710954242e-01
1.000605124782174782e+00
9.998704732540947271e-01
1.000485408053202185e+00
9.998897008431983924e-01
9.988333354269979258e-01
1.000489786330685194e+00
9.987513044661560091e-01
1.000003331701409426e+00
1.000200919530386923e+00
1.000549036917575352e+00
1.000412829809539828e+00
9.992460327029647482e-01
9.996590123384078153e-01
9.997758794568161189e-01
9.995255752499276891e-01
1.000334021175836252e+00
1.000584098882609574e+00
9.999414174677324629e-01
1.000454537209464423e+00
1.000030168864630031e+00
9.993514317106297895e-01
9.996295606717232607e-01
1.000064054791251378e+00
9.997117072210131017e-01
9.995045513275915283e-01
1.000000379985884535e+00
1.000108336354468497e+00
9.996724514107905302e-01
9.993462885265221862e-01
1.000391213433359461e+00
9.993800950333945332e-01
9.997225788698388405e-01
9.997913028809329861e-01
9.998479387670587970e-01
1.000239942892629630e+00
9.997946255979401897e-01
1.000702759772274630e+00
1.000712619491908706e+00
9.996005064144606322e-01
9.997590221019719836e-01
9.998859195325143778e-01
1.000166719252212566e+00
1.000247252537403986e+00
9.991550303411648182e-01
1.000485896858341661e+00
1.000370625467689845e+00
1.000493907140630689e+00
9.998258438814122684e-01
1.000296445908107623e+00
1.000508515994257275e+00
1.000394737308804016e+00
1.000537172288602505e+00
1.000479276950333007e+00
9.997094071889592870e-01
1.000572474791997513e+00
1.000812428585843739e+00
9.998847296597075385e-01
1.000304656806976888e+00
1.000075611959344579e+00
9.999192794572803189e-01
1.000994653936698731e+00
1.000117037084314875e+00
1.000142757231194945e+00
9.995123024340494267e-01
1.000023152325009379e+00
9.994147216560539393e-01
1.000425502789894283e+00
9.997374067176379997e-01
1.000003333093965496e+00
1.000266541747495186e+00
1.000164860485277529e+00
1.000083065826575579e+00
1.000068491083173639e+00
9.999646360360562314e-01
9.999786046256406991e-01
9.999677599304140907e-01
1.000219681811078676e+00
1.000901461073379739e+00
9.999966977565601933e-01
1.000413509769781717e+00
9.998196398847208899e-01
1.000298512665600770e+00
1.000652902114704590e+00
9.993681608072951805e-01
1.000278913435137973e+00
1.000289750866065530e+00
1.000181342528725370e+00
1.000529139811712209e+00
1.000330492653208614e+00
1.000316603149185246e+00
1.000784401112855049e+00
1.000442037347326840e+00
1.000047614868015522e+00
1.000615788903954417e+00
1.000398300534829366e+00
1.000546806657798271e+00
9.999966239065050111e-01
1.000327451144997548e+00
1.000512739423933484e+00
1.000340382094016212e+00
1.000234374489094469e+00
9.999882668392573448e-01
1.000450360620241508e+00
9.999923408905628808e-01
1.000055821720087668e+00
9.999998829235746678e-01
1.000466051264965239e+00
1.000077880352909121e+00
1.000302763655358973e+00
1.000231312773706138e+00
1.000581787064453332e+00
1.000307904291453998e+00
1.000186828091375491e+00
9.998787750160820220e-01
1.000602797541391809e+00
9.996966009043536383e-01
1.000595187746195380e+00
9.999003070164529383e-01
1.000321623365920454e+00
1.000093411304211699e+00
9.999935647132330852e-01
1.000221035143471937e+00
9.998958789774019529e-01
1.000281961493836080e+00
1.000253181295708060e+00
1.000308658531671835e+00
1.000315555547838242e+00
1.000619285000584835e+00
9.996624829065792195e-01
1.000426992836370266e+00
1.000442556676059525e+00
1.000169637209888496e+00
1.000630445187988382e+00
9.998167586803706763e-01
1.000292126347950283e+00
1.000071324985726040e+00
1.000303528709797884e+00
1.000361017034682609e+00
1.000114270383042347e+00
1.000197907124610319e+00
9.995254905287709324e-01
9.901647794542787206e-01
9.793012127698901281e-01
9.682203290358754044e-01
9.581710120183801749e-01
9.469402249367121494e-01
9.361875076497301329e-01
9.259016403662748695e-01
9.150389275714160275e-01
