0.000000000000000000e+00
0.000000000000000000e+00
0.000000000000000000e+00
0.000000000000000000e+00
0.000000000000000000e+00
0.000000000000000000e+00
0.000000000000000000e+00
0.000000000000000000e+00
0.000000000000000000e+00
0.000000000000000000e+00
0.000000000000000000e+00
0.000000000000000000e+00
0.000000000000000000e+00
0.000000000000000000e+00
0.000000000000000000e+00
0.000000000000000000e+00
0.000000000000000000e+00
0.000000000000000000e+00
0.000000000000000000e+00
0.000000000000000000e+00
0.000000000000000000e+00
3.594294273078237067e-02
1.061008660358573996e+00
3.442835071440052186e+00
3.407508807327438660e+00
1.871044711411254946e+00
8.340462243016842914e-01
3.797500291008770179e-01
1.925453685682561866e-01
1.150750841802884172e-01
1.837163414680284268e-01
7.029174918496878810e-01
1.487994303096679349e+00
1.726149777690134890e+00
1.430142855229800558e+00
1.038570626060241198e+00
7.729190635277571886e-01
6.518497475136280084e-01
6.448282956744321170e-01
6.964993908266381428e-01
7.860415168057828250e-01
8.770190657714226345e-01
9.750547558499671474e-01
1.062776140559720250e+00
1.129475208449981505e+00
1.189727606343648825e+00
1.217345995499046873e+00
1.226365759621798279e+00
1.219762906848987694e+00
1.187832439057884493e+00
1.145429585157137664e+00
1.103019407129514295e+00
1.062423695372639365e+00
1.030737053327960506e+00
1.005194815346844406e+00
9.802758411344303369e-01
9.640029324666777866e-01
9.495557429261530791e-01
9.396091775104922217e-01
9.319241157880293613e-01
9.245105974990350806e-01
9.225352929271295466e-01
9.270089693227744343e-01
9.371106817889541807e-01
9.502207149500682126e-01
9.595853777482610258e-01
9.679520077686849522e-01
9.810998539945238184e-01
9.927637082796313406e-01
9.990125870166752797e-01
1.009517123124638260e+00
1.010827626538585378e+00
1.016394884049568015e+00
1.016494199287607980e+00
1.024769283493428329e+00
1.020823971703491928e+00
1.018265185547837515e+00
1.017091370666148187e+00
1.013655458478275984e+00
1.010999304904389273e+00
1.004562865143527661e+00
1.004060828645193748e+00
1.003065196755567712e+00
9.996131681821895931e-01
9.998659009151256161e-01
9.995862839882626583e-01
9.985160692177902364e-01
9.974347260779421465e-01
9.982954400008432483e-01
9.989328309224869695e-01
9.988751989191542169e-01
9.981581536740784522e-01
9.963728746538431658e-01
9.967117486247800695e-01
9.962400851560622161e-01
9.962590096910779458e-01
9.942306396907958366e-01
9.942549916501164375e-01
9.961084102115352890e-01
9.966617052992422510e-01
9.964004914166294524e-01
9.985135698728410114e-01
9.986759516562391248e-01
9.995747509402959086e-01
1.000083024713149582e+00
9.991676693310784785e-01
9.997884650340499446e-01
1.000363190704971483e+00
1.000011208023993348e+00
1.000672304450143990e+00
1.002106083155602789e+00
1.001803498257748837e+00
1.002803846199991078e+00
1.001828843962566218e+00
1.001946150323048457e+00
1.002968419556669932e+00
1.000795322003307675e+00
9.997393504476477233e-01
1.002223884475169857e+00
1.000002167949834986e+00
1.000176661009453127e+00
1.000282717737347227e+00
9.989911627269552064e-01
1.000590669395351240e+00
9.994654800958864271e-01
9.983123827302559095e-01
9.986966867542304005e-01
9.986398688731298323e-01
1.000289895986534283e+00
9.995414750578606178e-01
9.995633633831200182e-01
9.987371460728892147e-01
1.001327846613688788e+00
9.967347526248787615e-01
1.000068454301863863e+00
1.000595143462334580e+00
9.990957037263035190e-01
9.995878976816613415e-01
1.001348560401972065e+00
9.995972811477578102e-01
1.001448005879550518e+00
1.000941798807005734e+00
1.000259907635505430e+00
1.000048252300252960e+00
9.998176997321132076e-01
9.999532040204431871e-01
1.000052478972005554e+00
9.997702889412759530e-01
1.000423172979074904e+00
9.990681092855574486e-01
1.000452028396886073e+00
9.997805886185612279e-01
9.993733805595834685e-01
9.996148327675955514e-01
1.000849390255388327e+00
1.000130411649034379e+00
1.000556706976810206e+00
1.000326627873861840e+00
1.000407492032075352e+00
9.994325654577931317e-01
9.982982374373112755e-01
9.999461902955328885e-01
1.000410118000763404e+00
9.999133069430550247e-01
1.000519082266040360e+00
1.000510894232837344e+00
1.001326276591739228e+00
9.995740643102989376e-01
9.993646666161279946e-01
9.997327625700113130e-01
9.995603180274984512e-01
9.997856740870748604e-01
1.000880196471187977e+00
9.993925219272942195e-01
9.990988120140452677e-01
1.000248608791139970e+00
9.990003397822554421e-01
9.992795940571469471e-01
1.001030320898598225e+00
9.999304525816550271e-01
9.989256860934585536e-01
1.000390145562154665e+00
1.000354545669421613e+00
1.000329854435859200e+00
9.991761829474981038e-01
9.996641986682593961e-01
9.993407467744529482e-01
1.000450789510652250e+00
1.000393409017339641e+00
9.997455511060069355e-01
1.000167937409313090e+00
1.000527026828198274e+00
9.994801056466064981e-01
9.995117721191640880e-01
9.998811423027482714e-01
1.000164780434699363e+00
9.999185228428121297e-01
9.999493547569262564e-01
9.996132783222744234e-01
1.000284325739806190e+00
9.993667411018469782e-01
9.993955246749964827e-01
9.994293070153533742e-01
9.990213755920606120e-01
1.000353925698728386e+00
9.991988266493366799e-01
1.000433466729164111e+00
9.996691741000915954e-01
1.000005358120132692e+00
9.994581396414317087e-01
9.990841206320393297e-01
9.993473227643827617e-01
1.000357809786228236e+00
1.000207766589372937e+00
1.000881524989528870e+00
1.000697748981788093e+00
9.997992082059932173e-01
1.000128955141124765e+00
9.996779304545936329e-01
9.994739523169230422e-01
9.997838075951879233e-01
1.000486063417573845e+00
1.000358654551107174e+00
9.999546680354401973e-01
1.000024453445028216e+00
9.997897515902862686e-01
1.000028736325819345e+00
9.995611168686987513e-01
9.994601355263125209e-01
1.000501466164356978e+00
1.000194122839467736e+00
1.000060188684373186e+00
9.997433141406200097e-01
1.000138549080714423e+00
1.000055870277152037e+00
9.985865964086810820e-01
1.000456196154857924e+00
1.000101197073564707e+00
1.000927008115001238e+00
9.994632496680649902e-01
1.000740785297665081e+00
1.000434570102183729e+00
1.000818163449182174e+00
1.000481068220088421e+00
9.997277437413613077e-01
1.000527171647793034e+00
1.000700118090337210e+00
1.000643061929751942e+00
9.990439124188633668e-01
1.000197037391255206e+00
9.998184409831702979e-01
1.000386808605256084e+00
1.000587047423387110e+00
1.000438905871804396e+00
9.997836772858418319e-01
9.998709143231533369e-01
9.997402542926607794e-01
1.000646918660784035e+00
1.000174642400050828e+00
1.000811419916549649e+00
1.000771224019852523e+00
1.000844587165552024e+00
1.000774387714679969e+00
1.000307536791668506e+00
1.000820647961242704e+00
9.999784167498068088e-01
1.001052736721082637e+00
9.991788642086654182e-01
1.000932565937057817e+00
9.997246785677081915e-01
1.000705826071174531e+00
1.000787832310756631e+00
1.000142072110212332e+00
1.000460546926672967e+00
9.999930348247025869e-01
1.000148161212140563e+00
9.999359028697850649e-01
1.000893357223581193e+00
1.000695737722616441e+00
1.000004302663869860e+00
