0.000000000000000000e+00
0.000000000000000000e+00
0.000000000000000000e+00
0.000000000000000000e+00
0.000000000000000000e+00
0.000000000000000000e+00
0.000000000000000000e+00
0.000000000000000000e+00
0.000000000000000000e+00
0.000000000000000000e+00
0.000000000000000000e+00
0.000000000000000000e+00
0.000000000000000000e+00
0.000000000000000000e+00
0.000000000000000000e+00
0.000000000000000000e+00
0.000000000000000000e+00
0.000000000000000000e+00
0.000000000000000000e+00
0.000000000000000000e+00
0.000000000000000000e+00
0.000000000000000000e+00
0.000000000000000000e+00
0.000000000000000000e+00
0.000000000000000000e+00
5.356661974879548807e-04
1.742634595584790780e-01
2.013711120616670236e+00
4.219792348289790773e+00
3.671605677390166633e+00
2.099780338122904766e+00
1.109210430809898673e+00
7.189286077096317396e-01
6.110553946314123408e-01
5.390776006420490152e-01
4.995547493205680367e-01
5.911775388258796449e-01
7.949811160232884699e-01
9.097979388041824711e-01
8.477964456881142974e-01
7.411090063909266945e-01
6.898462792911052022e-01
6.786590219267722990e-01
7.258095495487393300e-01
7.920667014838617126e-01
8.847857001954463341e-01
1.001479139148812925e+00
1.092586264346180558e+00
1.118785168553234399e+00
1.080863964432393631e+00
9.912665063621527439e-01
8.804262221366062624e-01
7.931977142523316537e-01
7.767242206579962893e-01
8.362476308321870055e-01
9.641484543239637883e-01
1.081568688702950976e+00
1.094078037855523267e+00
1.082984808673790544e+00
1.048430281997068336e+00
1.017484844380074582e+00
9.920031281094364717e-01
9.885752051995182477e-01
9.844951197999191050e-01
9.788232017547943142e-01
1.003403697845487219e+00
1.013155325968489784e+00
1.034202433918928410e+00
1.028405365957055118e+00
1.019578461852029827e+00
1.028380403341602412e+00
1.054874400031037496e+00
1.082618287402687063e+00
1.107332863015374924e+00
1.104836158616076203e+00
1.095482187603186164e+00
1.052644457593640226e+00
1.007250042412229929e+00
9.638876904211319818e-01
9.529281295927625184e-01
9.711871549072366161e-01
1.024333750148267219e+00
1.065148085571449466e+00
1.101276938688583229e+00
1.091693420318854635e+00
1.067926571437432859e+00
1.046031428209490022e+00
1.026111337511212973e+00
1.028124047727106749e+00
1.029863592672448647e+00
1.035075257255655190e+00
1.047719966528354085e+00
1.052589677701382342e+00
1.045164446632153465e+00
1.052431408565539961e+00
1.057078341149820133e+00
1.054611481083779889e+00
1.055724077343410450e+00
1.053630124261142331e+00
1.053506138361532507e+00
1.060823737080854867e+00
1.053019735444064464e+00
1.030175021405900671e+00
1.006592297617750598e+00
9.596132940689461321e-01
9.462444157414493517e-01
9.462797539460482410e-01
9.702054492647114170e-01
9.906954834425122369e-01
1.015605096549760500e+00
1.018333061879259205e+00
1.027132879459468517e+00
1.023101703162250464e+00
1.006712425837952063e+00
9.967777141562486065e-01
9.912650148499755343e-01
9.815331673361245013e-01
9.808440459027492064e-01
1.015571553291497953e+00
1.054248951595556871e+00
1.087301431372972527e+00
1.074896894873287545e+00
1.068237150477768793e+00
1.045762334640460312e+00
1.014040033913830241e+00
9.931670718238008178e-01
9.924607963450652326e-01
9.952830952876219328e-01
1.013889241163397292e+00
1.013697518701506040e+00
1.019440549452390377e+00
1.025946587686335620e+00
1.018224617412361699e+00
1.009393114291652349e+00
1.007572542282575867e+00
9.984033756925441150e-01
9.966293545195036296e-01
9.963918858376971111e-01
9.886054634727039492e-01
9.833259189394771838e-01
9.710135761620598549e-01
9.459704378395921154e-01
9.430449262735307592e-01
9.439997236900934396e-01
9.540194596501784252e-01
9.659188943844639885e-01
9.718437125886204564e-01
9.824619677060211220e-01
1.001295357423812149e+00
1.010249112469550736e+00
1.031678538858435967e+00
1.031571618425941139e+00
1.026894992958466535e+00
1.011651659156587835e+00
9.900851553421997631e-01
9.686517965944236863e-01
9.534867573911713912e-01
9.467070917707421929e-01
9.517670921821606012e-01
9.632719733292697262e-01
9.798714772426647679e-01
1.001921875347029811e+00
1.002086486159736722e+00
1.001963619061529753e+00
9.957534451192469049e-01
9.885005298762479242e-01
9.867277877794514707e-01
9.869589557874165475e-01
9.907755660631523131e-01
9.879992202213342400e-01
9.840133239079216221e-01
9.754337538624834325e-01
9.748223946498543180e-01
9.809649572037021370e-01
9.945070927567485342e-01
1.006328059476210735e+00
1.003977808579076925e+00
9.990254964155605988e-01
9.926849181481284257e-01
9.879621154614190992e-01
9.860912794243481549e-01
9.889320801727125021e-01
9.895945745836128848e-01
9.895528449526536097e-01
9.836479055607880717e-01
9.748056845117205604e-01
9.726661913494102363e-01
9.771227155579256252e-01
9.878322340048639738e-01
1.001815624006229477e+00
1.013675860903486381e+00
1.022561905326767162e+00
1.024177227736773110e+00
1.024228397520932310e+00
1.018588754338265900e+00
1.012424238783952379e+00
1.006771202284583611e+00
1.002719548224461299e+00
1.002561810253509655e+00
9.954100892341481988e-01
9.880475141861044808e-01
9.840048597944380804e-01
9.715323425105248933e-01
9.712664278186381450e-01
9.725252714050260927e-01
9.818252727556869841e-01
9.863250973204983341e-01
9.824751919841641090e-01
9.822008603566786400e-01
9.816647459488078153e-01
9.930025574106707831e-01
1.005510302209081663e+00
1.018700930281341677e+00
1.023051512266359708e+00
1.023428089025331333e+00
1.016949979509096158e+00
1.007396386635878160e+00
1.000329103663273322e+00
9.932124960888631948e-01
9.847449126983430778e-01
9.821837768668327806e-01
9.832190740444162191e-01
9.912797406941996625e-01
9.991338552693747044e-01
1.002961386797465160e+00
1.002742711678154652e+00
9.931248760695657873e-01
9.843235664419970332e-01
9.786270124116240865e-01
9.627338375118126290e-01
9.466266138440170286e-01
9.400673094884007819e-01
9.335898830922056968e-01
9.257745241591307517e-01
9.219310095696107155e-01
9.175665016328572454e-01
9.088040106232030402e-01
8.927101400223146355e-01
8.699108103390589264e-01
8.542744870752163600e-01
8.435352876660267007e-01
8.350049982626088774e-01
8.241477723769469188e-01
8.127568712436034071e-01
8.050887729165596696e-01
7.946977556810078669e-01
7.890599037938087479e-01
7.802852861381265326e-01
7.731792994701984778e-01
7.682903373083711518e-01
7.626182099830757233e-01
7.480603162462551303e-01
7.360854821176580076e-01
7.195326322366307759e-01
7.052748437350623290e-01
6.962909196129070111e-01
6.847550055912339229e-01
6.757341540073411590e-01
6.637788978771148596e-01
6.558363215479188213e-01
6.456362041945293839e-01
6.317722678486316079e-01
6.205018505093222725e-01
6.089240805339671825e-01
5.968012322249712787e-01
5.903932445296575793e-01
5.804969105093150672e-01
5.728981984513898951e-01
5.587698735400923322e-01
5.427838350547574686e-01
5.280722394769865602e-01
5.151375830345383822e-01
5.049725316658015828e-01
5.024819382913802146e-01
4.998446499747642435e-01
4.938007588211615340e-01
4.865567426695586173e-01
4.760836592017096969e-01
4.616475545425995919e-01
4.500453930276468451e-01
