0.000000000000000000e+00
0.000000000000000000e+00
0.000000000000000000e+00
0.000000000000000000e+00
0.000000000000000000e+00
0.000000000000000000e+00
0.000000000000000000e+00
0.000000000000000000e+00
0.000000000000000000e+00
0.000000000000000000e+00
0.000000000000000000e+00
0.000000000000000000e+00
0.000000000000000000e+00
0.000000000000000000e+00
0.000000000000000000e+00
0.000000000000000000e+00
0.000000000000000000e+00
0.000000000000000000e+00
0.000000000000000000e+00
0.000000000000000000e+00
0.000000000000000000e+00
0.000000000000000000e+00
0.000000000000000000e+00
0.000000000000000000e+00
0.000000000000000000e+00
1.603591720408235584e-03
2.017764545214175143e-01
2.038551034883114621e+00
4.110852961344029666e+00
3.520964829591663126e+00
2.020722449631082718e+00
1.132898497596488419e+00
8.028567687337069270e-01
7.336529226461412367e-01
7.161755183428741844e-01
6.310723651264841250e-01
6.313224211009104136e-01
7.880224808007021409e-01
8.984887187432303302e-01
8.818679158627782400e-01
7.403855279401014844e-01
6.374546922939096083e-01
6.137769586079748763e-01
6.773046594625224959e-01
8.196437769698814435e-01
9.603149710608354095e-01
1.059695669199306467e+00
1.084364114725555384e+00
1.057696205369004216e+00
1.002484155726394599e+00
9.481826457159127086e-01
8.865545489248989330e-01
8.541967281515723265e-01
8.908979216061467810e-01
9.796720508281628881e-01
1.072361246111471766e+00
1.121381068679356607e+00
1.118008156639030526e+00
1.060407742361709760e+00
1.021627518182690153e+00
9.981381253343060145e-01
9.981104218198311173e-01
9.854411921829064891e-01
9.634994817287159119e-01
9.552183406398093712e-01
9.559566343757306406e-01
9.586818526598522849e-01
9.668289909382684622e-01
9.752311909720969840e-01
9.744768146695822475e-01
9.894586192524044144e-01
1.007986715940971001e+00
1.027944879412230561e+00
1.045764756397145057e+00
1.072013451118544625e+00
1.059619127955893969e+00
1.040651584245974925e+00
1.012870045550731124e+00
9.874736003907378379e-01
1.006788659326754765e+00
1.052202991331391946e+00
1.110432960308230799e+00
1.150923583232929204e+00
1.166565585147539608e+00
1.133308589364143915e+00
1.090088567232736727e+00
1.033437935883226633e+00
1.010390631512453341e+00
9.951721359455931726e-01
9.930495914809522873e-01
9.815388847033745812e-01
9.905672216784437989e-01
9.951317515936763947e-01
1.029455699866073770e+00
1.052886131941397352e+00
1.062739857131467014e+00
1.050434557227861498e+00
1.057337698223114408e+00
1.049306391555051787e+00
1.047539079036311049e+00
1.043006816790218005e+00
1.026402971447508250e+00
9.970657120215893343e-01
9.888603151979264982e-01
9.743865273620074818e-01
9.665484463527515002e-01
9.735631633398305063e-01
9.844623801406939823e-01
9.998653516941341524e-01
1.013162072179559559e+00
1.019135009801345859e+00
1.023725042237618732e+00
1.016171874413068554e+00
1.018367242167011133e+00
1.017078702148666025e+00
1.013762308948461976e+00
1.006465074777627811e+00
1.012302424710031401e+00
1.024277871729653899e+00
1.052833461178049212e+00
1.075276513327194872e+00
1.064588230697586235e+00
1.058374315182430747e+00
1.050192806854576721e+00
1.041082479544450656e+00
1.028979235023890215e+00
1.018488395864321161e+00
1.020637069203340852e+00
1.023227327253612762e+00
1.025063408566272205e+00
1.008889984019833097e+00
1.004707472806171342e+00
9.911438105977912194e-01
9.843154019516950903e-01
9.794885205857964960e-01
9.913640616419466811e-01
1.005922111649872219e+00
1.004104082656378960e+00
9.936980083128296171e-01
9.749176878809313607e-01
9.500127461805392137e-01
9.307642310961034005e-01
9.223574663624880543e-01
9.287354370156614136e-01
9.414973596387823385e-01
9.605870669186675759e-01
9.826383143305780221e-01
1.002002709033097627e+00
1.005336137314944311e+00
1.006142452988526115e+00
1.007073965866657872e+00
9.981547791970698524e-01
1.000268895514415224e+00
9.980927703431200504e-01
1.001461758728383389e+00
1.001743426670973269e+00
9.978627104844005613e-01
9.890527154738099069e-01
9.862703397871055433e-01
9.833385706435529006e-01
9.847932803387671186e-01
9.874161486564771995e-01
9.925066128258985820e-01
9.954094586981425685e-01
9.968711099018422450e-01
1.001169274186761715e+00
9.967281212115789435e-01
9.934488466887607672e-01
9.910829990972341852e-01
9.827748995641624186e-01
9.766935761510432412e-01
9.762890346184956991e-01
9.768484565140784781e-01
9.757211262331748625e-01
9.812452184447129078e-01
9.791728051521050302e-01
9.885480491186504626e-01
9.971539539395024576e-01
1.002741592482526922e+00
1.006269488418271019e+00
1.010639479860681478e+00
1.005580230335308967e+00
1.006262600254197448e+00
1.007524243104400252e+00
1.004059791423232761e+00
1.003503905355999981e+00
1.001916077366787228e+00
1.007730773278962655e+00
1.007182975382580281e+00
1.005890376261157071e+00
9.922156960455227326e-01
9.932299284509131798e-01
9.949388255970250672e-01
9.940805461239947682e-01
9.995460623057480509e-01
1.008840829629540581e+00
1.008472061598446601e+00
1.000976975382866785e+00
9.893907156055012919e-01
9.789553725040122112e-01
9.710824136491262859e-01
9.707857465128290064e-01
9.673476958603544062e-01
9.671507449368201836e-01
9.622343221609550579e-01
9.626632197417401837e-01
9.746716950086393716e-01
9.899946196890412331e-01
1.000664042391281150e+00
1.008772410105512884e+00
1.014600308866857814e+00
1.009940065426512490e+00
9.998335749063561595e-01
9.871440150474656283e-01
9.732845999997680186e-01
9.666556128289632843e-01
9.755407763361696460e-01
9.822477883805768029e-01
9.954222079905112874e-01
1.002645298825468823e+00
1.005075589760259014e+00
1.007187403619784094e+00
1.005941558067663388e+00
9.985721873661437265e-01
9.931193775372361143e-01
9.858620768945475232e-01
9.808328887553585673e-01
9.852704124690750964e-01
9.825599219433380771e-01
9.759915701564062518e-01
9.662699886070447164e-01
9.572936456224009349e-01
9.464464045554329408e-01
9.364869362200035630e-01
9.264139205871203542e-01
9.164527897600913686e-01
9.018990597790332853e-01
8.812816116266826150e-01
8.657605962158620994e-01
8.506715663847943532e-01
8.403346137118190562e-01
8.340712089246090644e-01
8.272301095035264895e-01
8.219758725987909020e-01
8.185242450786399671e-01
8.107737443981654080e-01
8.027747396416660131e-01
7.867272429570574266e-01
7.700521281255480188e-01
7.543426319304722405e-01
7.440663348988056924e-01
7.330719540212810026e-01
7.248179307315143483e-01
7.111931197759060463e-01
6.992480999462857838e-01
6.864810162300474250e-01
6.778664437767906170e-01
6.706509283258808019e-01
6.625121315028106306e-01
6.545009975196924845e-01
6.415661103728967918e-01
6.276742392941375703e-01
6.154851248297742439e-01
6.040400459250663268e-01
5.975136065823922760e-01
5.887372150120883108e-01
5.794913941472646934e-01
5.697031835401292765e-01
5.609815041632340016e-01
5.527897456085156813e-01
5.377482846461850707e-01
5.211869874922340218e-01
5.077454022153460311e-01
4.954341418293782273e-01
4.885923766009716562e-01
4.845266950692069252e-01
4.791261922099426807e-01
4.731558106150937082e-01
4.652433305872919478e-01
4.563949590783363819e-01
