0.000000000000000000e+00
0.000000000000000000e+00
0.000000000000000000e+00
0.000000000000000000e+00
0.000000000000000000e+00
0.000000000000000000e+00
0.000000000000000000e+00
0.000000000000000000e+00
0.000000000000000000e+00
0.000000000000000000e+00
0.000000000000000000e+00
0.000000000000000000e+00
0.000000000000000000e+00
0.000000000000000000e+00
0.000000000000000000e+00
0.000000000000000000e+00
0.000000000000000000e+00
0.000000000000000000e+00
0.000000000000000000e+00
0.000000000000000000e+00
4.970742882412422400e-05
6.285279669995252894e-02
1.161188443980765372e+00
2.836127283943069344e+00
2.355088855376156864e+00
1.254456674145550288e+00
6.227588685366697296e-01
3.446049852383983314e-01
2.320768462384789066e-01
2.646048506026092983e-01
8.770902744584364585e-01
1.724468397471779157e+00
1.874375565725482584e+00
1.719650532652536867e+00
1.543168920708786862e+00
1.334650850563262381e+00
1.119944607961457894e+00
9.626379805230967923e-01
8.748709678439908766e-01
8.386729542683942773e-01
8.315603404694561496e-01
8.355615607302244729e-01
8.339855444994163092e-01
8.213880811529719050e-01
7.970402609891699131e-01
7.764096270548325185e-01
7.764239219279479576e-01
8.104887078174242143e-01
8.817610575774419424e-01
9.780992222737867614e-01
1.086003774249780784e+00
1.162512055792619403e+00
1.195524820970743418e+00
1.182220268153187037e+00
1.143862310514590863e+00
1.100256566047996154e+00
1.067257588059011386e+00
1.058672428259451737e+00
1.067469511865215992e+00
1.075396080739965399e+00
1.065992562550432954e+00
1.038191159750939896e+00
1.000552226877242878e+00
9.629619326501293042e-01
9.345711544065410381e-01
9.150442422224588368e-01
9.038291532127527006e-01
8.976438824200536626e-01
8.959282818879646948e-01
8.994514783114514467e-01
9.099915592904361805e-01
9.239468113776245772e-01
9.438220955196330308e-01
9.741211095946682441e-01
1.009612025319257311e+00
1.045788220062444651e+00
1.075739503586449652e+00
1.096797282098674220e+00
1.102485626947815378e+00
1.097190752021985016e+00
1.078548338387259831e+00
1.055011042805771737e+00
1.031735470891440576e+00
1.008251510108943094e+00
9.860389462632950242e-01
9.684363584965051119e-01
9.546577654921792888e-01
9.429995370016435174e-01
9.378461025773444648e-01
9.353290265478179100e-01
9.411149950156046939e-01
9.499976267964369558e-01
9.609628660191248395e-01
9.756091785403364636e-01
9.862225301936463628e-01
9.956464140450860256e-01
1.002600472395364095e+00
1.006882702253954820e+00
1.012500701289000382e+00
1.019593323118363148e+00
1.027318725142617017e+00
1.030820955104390535e+00
1.034818509985903967e+00
1.035243066079553298e+00
1.030139174093557042e+00
1.025571220133095540e+00
1.015508823521887649e+00
1.003020750200122047e+00
9.904425118002090356e-01
9.767630987550631749e-01
9.663281369208925886e-01
9.623383307961728139e-01
9.626282659896991944e-01
9.671993505967623195e-01
9.714285774969305676e-01
9.775405473719048777e-01
9.814995898066614100e-01
9.880615002055662677e-01
9.973983740078300464e-01
1.014702913316476440e+00
1.023383652995358606e+00
1.017606124185612915e+00
1.012754186228419062e+00
1.008249159740398415e+00
1.006599635661683090e+00
1.004758506449501043e+00
1.004157834242289438e+00
1.004349689970984949e+00
1.004764470349160499e+00
1.003098915224539756e+00
1.002377144308402190e+00
9.999933859388671076e-01
9.987505579868330985e-01
9.962722365947352943e-01
9.921104103339184466e-01
9.871984244216338578e-01
9.832648581566835189e-01
9.819264049666269756e-01
9.822821611861215496e-01
9.866539682546324741e-01
9.917753513999587600e-01
9.994532618938459789e-01
1.006353653810414306e+00
1.013071431608243422e+00
1.018170847434612947e+00
1.021165203871784666e+00
1.019886498870192115e+00
1.016580531314759339e+00
1.009642615493128837e+00
1.003311399166715523e+00
9.975751291313058600e-01
9.943573039367840094e-01
9.915153254227125901e-01
9.898504622320876134e-01
9.894081945024317815e-01
9.894973110519758031e-01
9.895644437031856366e-01
9.946972254926818025e-01
9.972242090486823640e-01
1.000954423381775094e+00
1.004603596119448605e+00
1.006623966770049394e+00
1.007447017834691039e+00
1.007654926914794746e+00
1.007299683680756397e+00
1.006085640297589956e+00
1.002405535716652585e+00
1.000649415589801139e+00
9.984231553189620856e-01
9.979641069771607587e-01
9.982799693804386143e-01
9.978787341136946543e-01
9.977890147305188417e-01
9.975503799229438195e-01
9.969335619797959902e-01
9.967766559770181445e-01
9.970440698205003116e-01
9.964023759593657603e-01
9.965049750684774610e-01
9.981413870907662744e-01
1.001794052100673404e+00
1.003100805195273670e+00
1.004922445451627455e+00
1.005628525794263206e+00
1.005684068573898582e+00
1.005614998103894209e+00
1.005147540146961394e+00
1.003786168685168123e+00
1.002667521314466015e+00
1.001348603075347343e+00
1.000083687314977654e+00
9.983360886571556181e-01
9.968167909028531337e-01
9.954836346402614611e-01
9.943842647045313399e-01
9.945180332407927981e-01
9.950604488946891424e-01
9.964645866143804209e-01
9.982655349090981955e-01
9.993787841419434770e-01
1.000902740681739900e+00
1.001546585263379363e+00
1.001641821934986520e+00
1.003185674075654177e+00
1.003342033054766658e+00
1.005359086223414966e+00
1.005765595239474175e+00
1.006184553561683348e+00
1.005896155109939016e+00
1.004626834073349517e+00
1.002801080273987289e+00
1.001157949044522599e+00
9.997777674600681896e-01
9.981928984006145367e-01
9.980753585653036053e-01
9.970405943015515637e-01
9.966270604240232700e-01
9.968285669081269340e-01
9.973269603470538147e-01
9.982192369931218723e-01
9.986069883471707653e-01
9.986243445904762206e-01
9.993881528863547414e-01
1.000370215898132242e+00
1.000926374371241989e+00
1.001929283108754065e+00
1.002537712554766980e+00
1.002781869864257658e+00
1.001093368072561107e+00
9.919520653162099411e-01
9.801977057440680596e-01
9.672648168235669086e-01
9.538655531890806172e-01
9.394534215234742192e-01
9.249028851900944481e-01
9.106420922900952952e-01
8.973939955967028537e-01
8.847852076603878180e-01
8.728874687059158255e-01
8.611388158113292279e-01
8.490409466034920527e-01
8.367353471936918030e-01
8.244564814428230193e-01
8.131661007193776713e-01
8.023187156876246950e-01
7.916320272850101425e-01
7.819222757897894560e-01
7.718926427289822811e-01
7.609280714327961714e-01
7.501769644772194878e-01
7.400250368418659352e-01
7.294035947769240691e-01
7.187430194053169297e-01
7.076184596194813325e-01
6.956941422118810836e-01
6.832775687244546647e-01
6.713883977585792806e-01
6.601680633011903776e-01
6.492151718008241090e-01
6.383825716758400048e-01
6.282613438841004871e-01
6.185733817084826391e-01
6.091364229445521694e-01
5.999383178796828808e-01
5.905764862022762074e-01
5.817151422131178196e-01
5.733686003008654497e-01
5.641694954739833179e-01
5.554485034082232708e-01
5.465232405342606015e-01
5.371657655374649787e-01
5.284783546857266812e-01
5.183710149659086497e-01
5.089650077434235698e-01
4.992742214720796712e-01
4.897888134666102400e-01
4.802295096095317017e-01
4.710892524239044810e-01
4.617536661840524470e-01
4.533804239043720541e-01
