0.000000000000000000e+00
0.000000000000000000e+00
0.000000000000000000e+00
0.000000000000000000e+00
0.000000000000000000e+00
0.000000000000000000e+00
0.000000000000000000e+00
0.000000000000000000e+00
0.000000000000000000e+00
0.000000000000000000e+00
0.000000000000000000e+00
0.000000000000000000e+00
0.000000000000000000e+00
0.000000000000000000e+00
0.000000000000000000e+00
0.000000000000000000e+00
0.000000000000000000e+00
0.000000000000000000e+00
0.000000000000000000e+00
0.000000000000000000e+00
0.000000000000000000e+00
0.000000000000000000e+00
0.000000000000000000e+00
0.000000000000000000e+00
0.000000000000000000e+00
3.112267487397204569e-04
2.881838570437563612e-02
5.186250170124875325e-01
1.717461200308464608e+00
2.211838916802393751e+00
1.597308228527750229e+00
9.214112528818330095e-01
5.133158325066621286e-01
3.511211743636638016e-01
2.890634997325763900e-01
2.694756104299468880e-01
2.905370220760971622e-01
2.827331247573597328e-01
2.852367607391064763e-01
2.696808034904703000e-01
2.655358033681473051e-01
2.878545956928660332e-01
3.552571208380663204e-01
4.397063806761674076e-01
5.638682183011300975e-01
7.314596264646152646e-01
8.981686600824579925e-01
1.062314390319804902e+00
1.202360794533108956e+00
1.309728866951594961e+00
1.412178416489674238e+00
1.491948399541870973e+00
1.545949075113681515e+00
1.541237337661682583e+00
1.495181271985832616e+00
1.384720719969445346e+00
1.281835070737285420e+00
1.167668212657401616e+00
1.064069673239227853e+00
9.914720586975150907e-01
9.580830053034899985e-01
9.207851129387587541e-01
8.934993432477797981e-01
8.892967185070331793e-01
8.928288241640929268e-01
8.997422883133908700e-01
9.082420750115205443e-01
9.291513380509213160e-01
9.385189521775068044e-01
9.535033240029715529e-01
9.710937673402040282e-01
9.771393877155533092e-01
1.002391944000786905e+00
1.014340994260800155e+00
1.031326802206183224e+00
1.035558550714295700e+00
1.029015547581695778e+00
1.037340887801029066e+00
1.035911246697726051e+00
1.031678936177684580e+00
1.021479695746417615e+00
1.006226237698540471e+00
9.904709733849675901e-01
9.850326969590514903e-01
9.800547825317282857e-01
9.792473204926519514e-01
9.822049705701563216e-01
9.676948746216670338e-01
9.718949557613036916e-01
9.816046261810875695e-01
9.897111244676227715e-01
9.883101189275906862e-01
9.922733284282051480e-01
9.976707951843357680e-01
9.997064009545257868e-01
1.008395697979075134e+00
1.014251567620396255e+00
1.013492479271401958e+00
1.020367459938304133e+00
1.016949653912253337e+00
1.008896251380573705e+00
1.012660516133954580e+00
1.010894714885666401e+00
1.005833534425403242e+00
9.987319709086077690e-01
1.001801029619370009e+00
1.003321198528665859e+00
9.985429833893777474e-01
9.946636898952618822e-01
9.957554859032445860e-01
9.919622361948139400e-01
9.887059356388592235e-01
9.960828610096720270e-01
9.911459738747088188e-01
9.922111837323408512e-01
9.939179497513455086e-01
9.936604481414985646e-01
9.980761818929634321e-01
9.989012441687461497e-01
9.998920970089058002e-01
9.929485010990839466e-01
9.970724658686006547e-01
9.985696337719541793e-01
1.002515257998141562e+00
1.001504951687438139e+00
9.997183356355263673e-01
1.003782189697945970e+00
9.962660091977358912e-01
9.970309764740670211e-01
9.952941046393375402e-01
9.991800265409317428e-01
1.000006402752390500e+00
9.976562965453937837e-01
9.955139672026265263e-01
9.990756320485452147e-01
9.988964776532237577e-01
9.939768556124232157e-01
9.971553775802161068e-01
9.948314268375590963e-01
9.985350020378045421e-01
9.982851851513049324e-01
1.000818607709101915e+00
9.932951937652124696e-01
9.988528639716208746e-01
1.000061777646493955e+00
1.000942434828787420e+00
1.002205754620759670e+00
9.967702841219568954e-01
9.965021042729719225e-01
9.968491806416157619e-01
9.966969574783274277e-01
9.981505867607993743e-01
9.988190670666300397e-01
9.979251552902256295e-01
9.959700802137499975e-01
9.968411151343884447e-01
1.000996810434885198e+00
9.978071860113034708e-01
9.955808791108566869e-01
9.947002035959862098e-01
9.972212296882585481e-01
9.954792498670721468e-01
9.967972638347843972e-01
9.963202322761859353e-01
9.991843218606314414e-01
9.976983226358059342e-01
9.941680519229869617e-01
1.002492654524405502e+00
9.990765142234602214e-01
9.959985523180645561e-01
9.966174403500923651e-01
9.977769854415062811e-01
9.969721987147365239e-01
1.000789277706657154e+00
9.961516170216224708e-01
9.971269131635936978e-01
9.973112754790720569e-01
1.001436861953952207e+00
9.976260107418739587e-01
9.963786634992241042e-01
9.975856953849808750e-01
9.971082399767540183e-01
9.967302024111367453e-01
9.962410497578247925e-01
9.976006603190289423e-01
9.975732095302092262e-01
9.979195952371241463e-01
9.949231498035213672e-01
9.965507632863839227e-01
9.949915574942197471e-01
9.998295261821570357e-01
9.988387260871133266e-01
9.994203213718356738e-01
1.000512276175284709e+00
9.993059729677776781e-01
9.990542742386668840e-01
1.000915578737636036e+00
9.945725698650738078e-01
9.960859064281104569e-01
9.975011994656630687e-01
1.001235342209116030e+00
9.954422742941561042e-01
9.997811883651115394e-01
9.998155044584988715e-01
9.987148076533297614e-01
9.984124927666404581e-01
9.978199878165476822e-01
9.981655748884996626e-01
9.993176482284560347e-01
9.998396875701577313e-01
9.971572209635614081e-01
9.996637261438315880e-01
1.000758979377852853e+00
1.001177131710162538e+00
1.000395854544664731e+00
1.000037013213116222e+00
1.001539921386312315e+00
9.980098901810491308e-01
9.992844750217597660e-01
1.002937285425494762e+00
9.986566421063700627e-01
9.989192284367788277e-01
1.000103664033268558e+00
1.000090400389617828e+00
9.985919733638132234e-01
1.002078037181532544e+00
9.998437180317273354e-01
1.003168869423056719e+00
1.001645051358195815e+00
1.000914706838500479e+00
9.992259710094826275e-01
9.990151220683588518e-01
9.994579952880211504e-01
1.000773580437950283e+00
1.000085189731485524e+00
1.000080375138631794e+00
9.956576616701897642e-01
1.000147609843770269e+00
9.975230051399752718e-01
9.999655056692287047e-01
9.996280097856101721e-01
9.984913751684528771e-01
1.001144391115882604e+00
9.975245258601880272e-01
1.001009864550546746e+00
9.980986897362966737e-01
1.000181600030137563e+00
9.994641297331167129e-01
9.995615866216739365e-01
9.977899541999393218e-01
9.984241440987229321e-01
9.995495013547969210e-01
1.000474952791878591e+00
1.001083855608840167e+00
9.956993703142368313e-01
1.000731740234963807e+00
9.986460236845153826e-01
9.986793782540679398e-01
9.984309257283513483e-01
9.995828133712117980e-01
9.977407997112084370e-01
9.991194647665256889e-01
9.992776734663396665e-01
9.910952566290104349e-01
9.818187228327720506e-01
9.688777639015596632e-01
9.597664763052469183e-01
9.468578608306517097e-01
9.366273042328868703e-01
9.264219151160602017e-01
9.146818587837215464e-01
9.052694980464307539e-01
8.923506698771613843e-01
8.809964908353422608e-01
8.721099698425962554e-01
8.604063537487618429e-01
8.506068119388396909e-01
8.392135407488051646e-01
8.309535043110177766e-01
8.189256714793847758e-01
