0.000000000000000000e+00
0.000000000000000000e+00
0.000000000000000000e+00
0.000000000000000000e+00
0.000000000000000000e+00
0.000000000000000000e+00
0.000000000000000000e+00
0.000000000000000000e+00
0.000000000000000000e+00
0.000000000000000000e+00
0.000000000000000000e+00
0.000000000000000000e+00
0.000000000000000000e+00
0.000000000000000000e+00
0.000000000000000000e+00
0.000000000000000000e+00
0.000000000000000000e+00
0.000000000000000000e+00
0.000000000000000000e+00
0.000000000000000000e+00
0.000000000000000000e+00
0.000000000000000000e+00
0.000000000000000000e+00
0.000000000000000000e+00
0.000000000000000000e+00
1.556318757668862440e-04
2.478675833642408552e-02
5.209616196541697608e-01
1.792297744645430901e+00
2.244314707736285275e+00
1.646672011360232224e+00
9.570149076303889890e-01
5.235332541780408633e-01
3.433172156483188520e-01
2.843362555287805571e-01
2.774579643325134626e-01
2.734031535768530197e-01
2.790243447170827062e-01
2.748239494547585204e-01
2.658857721976663480e-01
2.679120671683054566e-01
2.860671104849980551e-01
3.458299386495690131e-01
4.435561369259417575e-01
5.656729600281736881e-01
7.286133660464172435e-01
8.867140876497481283e-01
1.066163832725159022e+00
1.199362815033414797e+00
1.314799956663345482e+00
1.394130428911637631e+00
1.480143594800418683e+00
1.519767908676022738e+00
1.521229922824434810e+00
1.476413622095918088e+00
1.385542507601619011e+00
1.276375705812892836e+00
1.153848089947759670e+00
1.063397682030708946e+00
9.825845804802268990e-01
9.410808243300009535e-01
9.181116208604221951e-01
8.990466475011367198e-01
8.968070253265819636e-01
8.827172148558193321e-01
9.005805779495850150e-01
9.109591422546474693e-01
9.195544618596100950e-01
9.283201811264434333e-01
9.582055151043599173e-01
9.746099020226800524e-01
9.913911425357584406e-01
1.008133687196862249e+00
1.015548221398561157e+00
1.022258774150174521e+00
1.040848538996786976e+00
1.037681324546411377e+00
1.029443154767103019e+00
1.028741978304945848e+00
1.023986858263680633e+00
1.022069695633511133e+00
1.001408919250510454e+00
9.943955448238832595e-01
9.810852422215774471e-01
9.825526662234428388e-01
9.809282474425082832e-01
9.745979019208580452e-01
9.768784770620159152e-01
9.725532486990114966e-01
9.816960619457675286e-01
9.865416816095750052e-01
9.890199802718986355e-01
9.981756686818686886e-01
9.993407695242289002e-01
1.007418754202854760e+00
1.008670954067835579e+00
1.018980467771966714e+00
1.009705579316094948e+00
1.009796201440601671e+00
1.009699671045654723e+00
1.014557659746786911e+00
1.013016696508878489e+00
1.012093853789870268e+00
1.006094844814789724e+00
1.000695099215543227e+00
1.002202032575580937e+00
9.966586746639805039e-01
9.999666742623064541e-01
9.971462603860973273e-01
9.958147863390460763e-01
9.979654304125995523e-01
9.926009464451321929e-01
9.949057759428154846e-01
1.002695309463242257e+00
9.976637144427309423e-01
9.953334904276605055e-01
9.985214134756565940e-01
9.944267733244506191e-01
1.000036289286736046e+00
9.997558256900316298e-01
1.003905535052061149e+00
1.011266662757628332e+00
1.005325101223646378e+00
9.995753114544186912e-01
1.005267599095756026e+00
1.004078395506999177e+00
1.003357594353686100e+00
1.001857148580142187e+00
1.005418232710400206e+00
9.975006234936967253e-01
9.976288175407082015e-01
9.980708823136509311e-01
9.999829135606022046e-01
9.993406982853169085e-01
1.001644957267834091e+00
9.995885469439874660e-01
9.968436727084679649e-01
9.990298380743384277e-01
9.989016876243036469e-01
9.992206268752414910e-01
9.957633676890373930e-01
1.000351220125812457e+00
9.996286960598215199e-01
1.000165981028810602e+00
9.986343994789110834e-01
1.000272596805361403e+00
9.976845389604931391e-01
1.000601167759037180e+00
9.975109747794025372e-01
1.000214605404871948e+00
1.002378717655455720e+00
1.001113508089825022e+00
9.957347153027940045e-01
1.000483660277582842e+00
9.994848144152025382e-01
1.000797956811446898e+00
9.999752745199947945e-01
9.950983016529795222e-01
9.984186800816513552e-01
9.968594016617224884e-01
1.001826721615810545e+00
9.980306816934264580e-01
9.969042777383677612e-01
1.000811690206847571e+00
1.001898856481678202e+00
9.985707619267614188e-01
1.001613689995303647e+00
1.002326853507586879e+00
1.002820685298925207e+00
9.988612685038460448e-01
1.000614484683844063e+00
1.002506771249739081e+00
9.998118360754928435e-01
1.000750237554701272e+00
9.987363557752869658e-01
9.976890867727770118e-01
1.000799017746592856e+00
1.003065778781947026e+00
1.000927534435219091e+00
9.967201561024147116e-01
9.968531056381293443e-01
9.996847234076394750e-01
9.985170298209606887e-01
9.963655078217933392e-01
1.000118732737957705e+00
9.949563652779025436e-01
9.987598927777725510e-01
1.000272454017070656e+00
9.996686798648906080e-01
9.969193202637447460e-01
9.985567039927416566e-01
9.955986623794911283e-01
9.998887544000191197e-01
9.965197249446091643e-01
9.977847421795352778e-01
9.982276710185481461e-01
1.000219372061131651e+00
9.963774206564778302e-01
9.937948980447470770e-01
9.966915975359810220e-01
1.000228968127351958e+00
9.968294496888703282e-01
9.983598872752657005e-01
9.957526566049451633e-01
9.998355013690328752e-01
1.000065072602023930e+00
9.974022055908506879e-01
9.972029273599127830e-01
9.977461820835976658e-01
1.001132333125628771e+00
1.002216448858025855e+00
1.001382256992319864e+00
9.995241681969064818e-01
9.976058024831812032e-01
1.002257020479762506e+00
9.989506964146777079e-01
1.001602855385866020e+00
9.986163562870369326e-01
1.000094395457712837e+00
9.978993008318899349e-01
1.002387112712442407e+00
9.992174689861023085e-01
9.989345741932230682e-01
9.989084946532138520e-01
9.988271733624969340e-01
1.000684472215846998e+00
9.984770251920856987e-01
9.999011102460263478e-01
9.988990659410327266e-01
9.988084679216879813e-01
9.989828248051372261e-01
9.987505196705159793e-01
9.990469480017396542e-01
1.000018224377353659e+00
9.994697127654296187e-01
9.979253844864710565e-01
9.994222907510338372e-01
1.000894542586026059e+00
9.984316277272380358e-01
9.986198557558881861e-01
9.990381648427959504e-01
9.988339558061612999e-01
1.000753969821724931e+00
9.994013450403064214e-01
1.000810579849986892e+00
9.986606949847383063e-01
9.990962046255544848e-01
1.000647027514071752e+00
9.998115485343060937e-01
9.988028278531903004e-01
9.990686689243652996e-01
1.000133981930307669e+00
9.988952873991768788e-01
1.000305132963504429e+00
9.988398946207628359e-01
9.960629923132110486e-01
9.986955296592827658e-01
9.986195211971861108e-01
1.000097607120702392e+00
1.001631510571398875e+00
9.967437944894284030e-01
9.979254059698903223e-01
9.970448630445809535e-01
9.920104617165346195e-01
9.794037049885840895e-01
9.690503904966027982e-01
9.548115721118403121e-01
9.466889611143760597e-01
9.356211346433429554e-01
9.246298911762862449e-01
9.148957351063801147e-01
9.030470195111844900e-01
8.939274590904315865e-01
8.812757811596889646e-01
8.717381555962367967e-01
8.621888520851141990e-01
8.510084608801657957e-01
8.399087142303663933e-01
8.279922630799592120e-01
8.196565840326943686e-01
