0.000000000000000000e+00
0.000000000000000000e+00
0.000000000000000000e+00
0.000000000000000000e+00
0.000000000000000000e+00
0.000000000000000000e+00
0.000000000000000000e+00
0.000000000000000000e+00
0.000000000000000000e+00
0.000000000000000000e+00
0.000000000000000000e+00
0.000000000000000000e+00
0.000000000000000000e+00
0.000000000000000000e+00
0.000000000000000000e+00
0.000000000000000000e+00
0.000000000000000000e+00
0.000000000000000000e+00
0.000000000000000000e+00
0.000000000000000000e+00
0.000000000000000000e+00
0.000000000000000000e+00
0.000000000000000000e+00
0.000000000000000000e+00
0.000000000000000000e+00
0.000000000000000000e+00
2.737800127843672410e-02
4.976274818300301939e-01
1.686473703574635330e+00
2.123392889586642962e+00
1.583089130172026460e+00
8.996045876753857584e-01
4.971347316461014465e-01
3.322821791008079284e-01
2.684942253748731078e-01
2.626555251005482927e-01
2.759585940825214911e-01
2.841778881142793534e-01
2.713830241053379888e-01
2.647567451484106327e-01
2.557929713515014747e-01
2.798689987348185193e-01
3.344222018555503273e-01
4.329229737493189289e-01
5.658722821649414536e-01
7.187645328675513756e-01
8.880300710843724854e-01
1.047847736493329629e+00
1.183239407994973291e+00
1.284808323939146124e+00
1.393912564757553429e+00
1.484384494638748331e+00
1.523288563756086011e+00
1.521538432687862485e+00
1.472450983819031833e+00
1.386259075504788107e+00
1.274600413368400575e+00
1.152753982655395637e+00
1.058412788875803257e+00
9.885471120889430807e-01
9.315592112863330110e-01
9.158263662951987572e-01
8.960298069797285603e-01
8.925266057457280633e-01
8.839187772495267215e-01
9.006326407275704327e-01
9.107999896886654900e-01
9.225727046371243745e-01
9.282495247292856799e-01
9.548837970800517772e-01
9.709498485421205194e-01
9.784056106781482409e-01
9.907054307022415962e-01
1.006848831056909477e+00
1.020917333179628628e+00
1.030128367240016107e+00
1.034932455616304647e+00
1.030250747127803512e+00
1.023959290326369453e+00
1.023180592719476589e+00
1.006772940782933778e+00
1.005956411956088647e+00
9.853754295864632917e-01
9.844423163104731866e-01
9.729872474800890236e-01
9.831427059217036080e-01
9.710385441412590080e-01
9.687580136061633151e-01
9.659831477564810864e-01
9.758626998345267811e-01
9.796229739985624629e-01
9.813910674862855732e-01
9.915239073939337011e-01
9.993804037167196563e-01
9.985813544100166084e-01
1.001335918030948458e+00
1.014608277551059645e+00
1.016716665720527102e+00
1.016173374316837519e+00
1.011858454143833796e+00
1.011681405190858474e+00
1.016452433383071563e+00
1.006647254660366420e+00
1.007430882643299830e+00
1.005507380126687389e+00
1.001766046291182155e+00
1.003947533323216845e+00
9.962505581793599241e-01
9.981905522785881058e-01
9.932597168582589786e-01
9.926032359065289912e-01
9.905893731444769257e-01
9.910567203080707932e-01
9.939306201642496008e-01
9.933653045332031528e-01
9.972221954105625619e-01
9.958124289984150446e-01
9.983815567702475358e-01
9.910003095990772559e-01
9.995856364039180653e-01
9.962994221549538176e-01
1.005565290020436153e+00
1.000383043284926554e+00
1.002601195785866262e+00
1.001452697953216120e+00
1.001331371318481489e+00
9.997226674835075766e-01
9.994977906820436964e-01
1.001193595515797119e+00
1.001004193177312374e+00
1.000946638300951319e+00
1.000295152123261477e+00
1.001209392847360213e+00
1.002869923625994142e+00
9.984909673228921090e-01
1.000745983520534788e+00
9.945937454596411875e-01
9.969768034746254726e-01
9.978422523901796515e-01
9.981072709694948086e-01
9.995094599457273743e-01
9.934535606547659770e-01
9.972767138933711362e-01
9.981646794139577006e-01
9.992137403437796328e-01
9.982467257358764723e-01
1.001390716185469376e+00
9.984131784382584973e-01
9.985591766798861402e-01
9.975931372265517405e-01
9.983919435364900785e-01
9.950792039021003621e-01
9.987471966195758943e-01
9.984901287375839152e-01
1.000644705071798368e+00
1.000447412997508945e+00
1.000570109416262898e+00
9.984304761057469779e-01
9.977756595368300063e-01
1.002051155413508310e+00
9.970599953934542459e-01
9.959953531815043393e-01
1.001373592358282938e+00
1.000848552321042195e+00
9.984371659266857435e-01
9.983570192085585715e-01
1.001893844729642158e+00
1.001036927905081919e+00
9.997518881486637810e-01
1.000505673068087908e+00
1.001966780525565204e+00
1.001326759697925839e+00
9.999743899374375911e-01
1.001985512128171552e+00
1.002309634903646662e+00
9.996435720573536576e-01
9.996535330220172044e-01
1.000974606512772480e+00
9.972071791840245725e-01
9.971676626301836377e-01
1.001826573488861394e+00
1.002623728546960358e+00
9.977615079841254397e-01
9.979345819854980038e-01
1.001452370800341107e+00
9.994867353725097603e-01
1.000156203303223634e+00
9.964711466626819947e-01
9.994554404411636339e-01
9.989536594901017308e-01
9.997486664385559774e-01
1.000635449857705916e+00
1.000108952733439471e+00
1.000929147622144022e+00
9.998979820904722038e-01
9.995371698001290772e-01
1.001262756859720326e+00
1.001381847718653795e+00
9.977979686086020372e-01
1.000816099071002219e+00
9.979771760419541282e-01
9.978071926382252599e-01
9.987691076704292570e-01
1.000917630905571620e+00
9.997313327678770678e-01
9.989112866169224114e-01
9.999825608448553727e-01
9.988079495970801913e-01
9.972163853887577867e-01
1.000550962358574658e+00
9.988485525730325110e-01
9.993144844494301626e-01
1.000110665178504776e+00
1.000526186511480509e+00
1.000593563209534409e+00
1.001534044615365326e+00
9.992125349631546527e-01
9.978625222103763015e-01
1.000276969794225534e+00
9.976552303112818931e-01
1.001636025385999496e+00
9.997370218466796743e-01
9.997450192029267990e-01
9.989510767768960964e-01
9.971476695393298728e-01
9.982425889278405684e-01
9.980740403384321668e-01
9.969938703367877686e-01
1.000077162065157621e+00
9.967032646766459392e-01
9.977787980669667878e-01
9.995747151912965922e-01
9.964839244241113780e-01
1.000403337014521776e+00
9.964055848389747894e-01
1.000731284787031328e+00
9.997228748528068643e-01
9.996827233514087307e-01
9.983039719714188465e-01
1.000133245171209717e+00
9.984577511046313081e-01
9.990522732868065692e-01
1.000735434323742234e+00
1.001759909415569805e+00
1.000198203447327350e+00
1.000388391151463052e+00
9.971581850988334716e-01
9.997248646144890616e-01
9.988419951562588217e-01
9.986158120291545037e-01
9.994790551537637846e-01
9.993546315567398697e-01
1.000669105195880260e+00
1.000511275478299211e+00
1.000690643523698631e+00
1.000645872233094202e+00
1.000092994234321075e+00
9.999504448531534306e-01
1.000005824861986969e+00
1.000851211550000786e+00
1.001267913752712513e+00
9.977744686948970543e-01
1.000508871055761473e+00
9.914775542689625576e-01
9.809135456804236597e-01
9.693704713479774915e-01
9.590100595714449172e-01
9.475509829940623741e-01
9.361584872855400752e-01
9.240601002221001670e-01
9.162972192621476886e-01
9.057883065809340106e-01
8.944110617996676726e-01
8.825993398226156250e-01
8.719147990299788153e-01
8.621111980383935336e-01
8.521285151881944353e-01
8.398830987072992693e-01
8.313716134752375808e-01
8.188250781107002663e-01
