0.000000000000000000e+00
0.000000000000000000e+00
0.000000000000000000e+00
0.000000000000000000e+00
0.000000000000000000e+00
0.000000000000000000e+00
0.000000000000000000e+00
0.000000000000000000e+00
0.000000000000000000e+00
0.000000000000000000e+00
0.000000000000000000e+00
0.000000000000000000e+00
0.000000000000000000e+00
0.000000000000000000e+00
0.000000000000000000e+00
0.000000000000000000e+00
0.000000000000000000e+00
0.000000000000000000e+00
0.000000000000000000e+00
0.000000000000000000e+00
1.306993680400378041e-05
3.627763086947952131e-02
1.042036548622692349e+00
3.446677412263329909e+00
3.438876770109446479e+00
1.921980491084812170e+00
8.793853147622787692e-01
4.050784579989607503e-01
2.071611906324532237e-01
1.277844567723390445e-01
1.892886260774634122e-01
7.116475002954311124e-01
1.502674736821026258e+00
1.766341100590890001e+00
1.487170123206837280e+00
1.100390797825830491e+00
8.409283044735694768e-01
7.237582492218312957e-01
7.140873184912800431e-01
7.589727212032089110e-01
8.426004359466784388e-01
9.239386546780976595e-01
1.004090439869844698e+00
1.075867252451223610e+00
1.129850649420107489e+00
1.164950289014418328e+00
1.188060843823302015e+00
1.194461424113606229e+00
1.179018159790760745e+00
1.151878484497267818e+00
1.113605874857001909e+00
1.082909689453993574e+00
1.051443735508010180e+00
1.022852957479459146e+00
9.989680203080631982e-01
9.757075114729713006e-01
9.604143899845056787e-01
9.450672427527896380e-01
9.377359050699085596e-01
9.307535369719837082e-01
9.308412990990727609e-01
9.347552479234040312e-01
9.373042366563505423e-01
9.504089499096498583e-01
9.607407562104510745e-01
9.717435806929699549e-01
9.779158433031727160e-01
9.872147388421691483e-01
9.920302060780233910e-01
1.000531425702688493e+00
1.003357534894392833e+00
1.008288425026902191e+00
1.012379246129076593e+00
1.014389959322416823e+00
1.015103146750888641e+00
1.015666724958076639e+00
1.015030860999339479e+00
1.012732055230748607e+00
1.011944371823419786e+00
1.010754781664637170e+00
1.007190540107593790e+00
1.004873730535266185e+00
1.003729430796399313e+00
1.004214833942261409e+00
1.001576422819787648e+00
1.001353115269425942e+00
9.999846763327093768e-01
9.984247542949288290e-01
9.986162020515617632e-01
9.984497259384044199e-01
9.966260497077744640e-01
9.971326833120702782e-01
9.981807324832618900e-01
9.959843401266373908e-01
9.949136809634816503e-01
9.971285786643039328e-01
9.953991191592869159e-01
9.967314652056112889e-01
9.984814354919657742e-01
9.982553925086321556e-01
9.994581942151851139e-01
1.000558681930002747e+00
9.994804756738467910e-01
1.001027815737656645e+00
1.000518072748710408e+00
1.000812643387012590e+00
1.001308234166376598e+00
1.002080520496065885e+00
1.002329556239808683e+00
1.002602154772996412e+00
9.997919899976766001e-01
1.001291635124123669e+00
1.000770135669946548e+00
1.001158001612041826e+00
1.002299077747537126e+00
1.000286066725882161e+00
1.000880258979765181e+00
9.999680398075304621e-01
9.997248185856012492e-01
9.997962999526834871e-01
9.993160764200249568e-01
9.996286450252385158e-01
9.992479897751438411e-01
1.000139946659712065e+00
9.996573282167201535e-01
9.985645950043436914e-01
1.000787298243148937e+00
9.995828912079729456e-01
1.000843795466792807e+00
9.997941259213581899e-01
1.000256733632629125e+00
9.992099288182477723e-01
1.000083346837170151e+00
1.000326904694220254e+00
9.990936983908137448e-01
1.000571115806032862e+00
9.999264975661303900e-01
1.000317504867039853e+00
1.000217827573069540e+00
1.000423863219481069e+00
1.000251095931235401e+00
1.001174622904339451e+00
1.000820207166320142e+00
9.996415377745740960e-01
9.998715955623043161e-01
1.001031392402224496e+00
9.998436058745556743e-01
1.000377622130874444e+00
1.000980510862198969e+00
1.000005949617241097e+00
9.998300967646028825e-01
9.994001171887306745e-01
1.000471961722343650e+00
9.997724551570064122e-01
9.996462979633081725e-01
1.000030943626963431e+00
9.995689284002143848e-01
1.000306754481607108e+00
9.999308971256913869e-01
1.000385642295028799e+00
1.000191000626171167e+00
9.997597421289250441e-01
9.996103332630803529e-01
9.997931844801314361e-01
9.990767187780931202e-01
9.996950784451407168e-01
1.000011733793596092e+00
9.997745496585708214e-01
9.998860323761870061e-01
9.999849545843441101e-01
1.000629037885709671e+00
9.997160519010933610e-01
9.998733410024475132e-01
9.999927134529096318e-01
1.000184589980059213e+00
9.996989440134763649e-01
9.998654625501320892e-01
1.000097822549058213e+00
1.000446718895999121e+00
9.997779457255450142e-01
9.999961925413860531e-01
1.000167121822398197e+00
9.997759661883193205e-01
1.000770466985531959e+00
9.997407959587284454e-01
9.997206720855681406e-01
9.997812220186360621e-01
9.997992373770940855e-01
9.997565770980439970e-01
1.000208805707742288e+00
1.000411779025666803e+00
1.000013378565181021e+00
1.000473142352828360e+00
9.999647165029648122e-01
9.996659295046687044e-01
9.995595195935292887e-01
1.000454506760636741e+00
1.000312577835399619e+00
1.000049242468871391e+00
1.000273435695929525e+00
1.000300059020272192e+00
1.000066618261206575e+00
1.001228258648440450e+00
1.000713912042656029e+00
1.000010255121374536e+00
9.996594946974529661e-01
1.000032072990338250e+00
9.995567787198668119e-01
1.000208468698570607e+00
1.000532958158518282e+00
1.000195906044668348e+00
9.996852615827215294e-01
9.996012429742018313e-01
1.000677633282072820e+00
1.000093304906916059e+00
1.000465187925801303e+00
9.999411966490326931e-01
1.000679847293794333e+00
1.000320924869991801e+00
1.000691408420077089e+00
1.000222413141559130e+00
1.000139076314137565e+00
1.000631490656367140e+00
1.000079754191162129e+00
9.994189836224751655e-01
1.000141648289440299e+00
1.000685827833634578e+00
1.000130860347583361e+00
1.000545783577818204e+00
1.000216467915389540e+00
1.000396391712039312e+00
9.998778772483960520e-01
1.000079754058910142e+00
9.998565948793152192e-01
1.000213969353333399e+00
9.997299396995692478e-01
1.000584175453414160e+00
9.994102096171731953e-01
9.995086131407464602e-01
1.000132446322423263e+00
1.000237789487674167e+00
1.000436802613317466e+00
1.000109837996325801e+00
1.000274745243649788e+00
9.998318912362207378e-01
9.999315569111663082e-01
1.000706082640490990e+00
9.997943360112231392e-01
9.999098847825385050e-01
1.000188353751631620e+00
1.000557461600277698e+00
1.000343032997442538e+00
9.993716297530855774e-01
9.999497822247445100e-01
1.000247970067045467e+00
9.999756311868861491e-01
1.000023570737424983e+00
1.000122878546382266e+00
1.000147395064661104e+00
9.997451812830532303e-01
9.998606868243710144e-01
1.000042719931677260e+00
9.996797576673933650e-01
9.920706987004935806e-01
9.811520421298576267e-01
9.707401686452541423e-01
9.588485743337756828e-01
9.478007643508267188e-01
9.367282418414721867e-01
9.261549114188714071e-01
9.153581065007549977e-01
9.042581321614517886e-01
8.937402619436599638e-01
8.835231759804088592e-01
8.726613500787562261e-01
8.623023681252507400e-01
8.519944780797991113e-01
8.415166544620610312e-01
8.314305677299016484e-01
8.209934617705576532e-01
