0.000000000000000000e+00
0.000000000000000000e+00
0.000000000000000000e+00
0.000000000000000000e+00
0.000000000000000000e+00
0.000000000000000000e+00
0.000000000000000000e+00
0.000000000000000000e+00
0.000000000000000000e+00
0.000000000000000000e+00
0.000000000000000000e+00
0.000000000000000000e+00
0.000000000000000000e+00
0.000000000000000000e+00
0.000000000000000000e+00
0.000000000000000000e+00
0.000000000000000000e+00
0.000000000000000000e+00
0.000000000000000000e+00
0.000000000000000000e+00
0.000000000000000000e+00
0.000000000000000000e+00
0.000000000000000000e+00
0.000000000000000000e+00
1.558762478874482760e-04
3.669243783882629450e-02
8.812381926213470607e-01
3.039192780848924080e+00
3.540209404591235121e+00
2.228876916235524419e+00
1.103117217433731589e+00
5.178993310277307804e-01
2.904777243604044767e-01
2.222018922829551713e-01
2.369447300616402130e-01
2.643984789811421043e-01
2.877567182032454984e-01
3.239177151134610133e-01
3.467025654305281868e-01
3.414256923907411090e-01
3.702414071672351925e-01
4.283529973599212726e-01
5.254615355162614021e-01
6.778738140708295834e-01
8.546742948439710608e-01
1.022589947223048412e+00
1.166122200926607455e+00
1.288825899410550813e+00
1.373432202412326442e+00
1.459155372383322824e+00
1.525043885530486865e+00
1.554810603624695808e+00
1.529111118023470439e+00
1.447375893431707139e+00
1.321313869204137070e+00
1.183508384831056359e+00
1.078141823487306805e+00
9.691646649757358345e-01
9.114871565904231199e-01
8.705079234171304581e-01
8.484373130490829862e-01
8.565984752289980131e-01
8.737486055183589784e-01
8.761741785502257240e-01
9.002533845645788180e-01
9.315820365753214594e-01
9.521268996418521535e-01
9.685077075976864514e-01
9.922082148910056354e-01
9.948386794431575142e-01
1.007690893477276362e+00
1.029726969829983130e+00
1.035556107958521377e+00
1.036289244364297701e+00
1.035362503715423710e+00
1.036517709560603073e+00
1.031230920195044920e+00
1.024888561730329828e+00
1.014857754429677961e+00
1.001361915001453440e+00
9.905441729981742105e-01
9.724013805661438914e-01
9.711889434552670730e-01
9.653531241632625770e-01
9.645524055296775812e-01
9.623855552269442448e-01
9.657759692373393268e-01
9.776342460775051535e-01
9.853318015570413646e-01
9.854689363787484391e-01
9.853251589142568712e-01
9.947432879925484084e-01
9.974343176646252029e-01
1.005809607797100602e+00
9.990331041743227836e-01
1.007914094890224987e+00
1.006446884476888570e+00
1.006540314747232268e+00
9.993045939656055587e-01
1.002722266177285437e+00
1.004333608542198109e+00
9.982843311337267211e-01
9.945767352344293544e-01
9.941273775909945654e-01
9.942927768863097926e-01
9.895062775321661341e-01
9.904738457379415051e-01
9.872422497161101873e-01
9.842471318146727155e-01
9.913185958967262179e-01
9.931841410328863251e-01
9.947483174551605689e-01
9.925585755859662740e-01
9.986230757411186376e-01
9.985650969997386106e-01
9.962199357757567375e-01
9.964071188060649176e-01
9.906417757637628885e-01
9.993957882859169084e-01
1.002549020850892036e+00
1.005402360674064077e+00
1.002397336727297361e+00
1.006358932150128283e+00
9.990054766406198938e-01
1.000680371987640260e+00
1.001224631465121639e+00
9.976911440730318326e-01
1.001518824981485922e+00
1.000136896645853923e+00
1.000452474721370999e+00
9.995035467288084785e-01
9.970282002730654902e-01
9.994864567098592500e-01
9.931694885259569894e-01
1.002638985654383807e+00
9.961155918910939988e-01
9.977559625287890643e-01
9.993523032261566463e-01
1.002779279260602285e+00
1.002437627030729361e+00
9.976760555032856415e-01
1.002996861429658049e+00
1.001485310593676292e+00
1.000500002206170080e+00
1.002255923505343205e+00
1.001429253022571464e+00
9.966599198658450121e-01
1.001768505971349477e+00
1.003114776684070897e+00
9.971257327867057985e-01
9.968543938346448030e-01
9.957572092950051079e-01
9.979507426402813852e-01
9.997049186120453568e-01
1.000655928607734779e+00
9.986902521089177087e-01
9.946909005100282863e-01
9.934660798277697991e-01
9.955639015543047421e-01
9.958023659888494139e-01
9.983478807908191532e-01
9.972919768553021314e-01
1.000789714293958355e+00
9.975009992832815087e-01
9.972611824212634923e-01
9.991954994959996172e-01
9.960022457744429625e-01
9.981570248157090042e-01
9.986053258181121217e-01
1.001680248256304306e+00
9.989362063239006773e-01
9.980554534361290031e-01
9.984078569358891819e-01
1.000398716237308028e+00
1.002186300752065939e+00
9.978617684839772295e-01
1.000377403884495253e+00
9.969992447015597614e-01
9.994812247674677019e-01
9.994472071943117930e-01
9.976292577721088684e-01
9.963928025251850285e-01
9.985034243007933075e-01
9.947729851959417058e-01
1.000565165926068145e+00
9.987181927113901736e-01
1.002164004501798766e+00
9.974464955595558902e-01
9.973496033603170829e-01
9.961490327787267951e-01
9.959294450787526953e-01
9.998730029469244940e-01
1.000830033732503566e+00
9.970203341214135540e-01
9.977254825399590743e-01
9.944001489764541235e-01
9.982036822346306293e-01
1.000291226802288325e+00
9.994552295328371638e-01
9.987338108752223942e-01
9.981795422002044393e-01
9.949873096238250891e-01
9.964189953189611648e-01
9.983869235664878383e-01
9.981475443447259677e-01
9.962102616323421644e-01
9.966709427034674551e-01
9.973242549987919592e-01
9.979235158522751226e-01
9.971227056278384460e-01
9.956310184323030610e-01
9.941542735422762567e-01
9.965301576116646354e-01
9.961532991838664142e-01
9.949815116229827616e-01
9.994164445356368276e-01
9.925371381566305828e-01
9.966194976254594273e-01
9.950054320152909026e-01
9.935055879781379273e-01
9.954409549370789589e-01
9.949225193835327108e-01
9.955961386971541316e-01
9.952830976044706457e-01
9.954244231418878375e-01
9.976091135224106621e-01
9.989175699794162755e-01
9.953822456498450100e-01
9.982185695365863864e-01
9.958420818482947023e-01
9.958768468216874226e-01
1.000062748709841243e+00
9.984965106013314884e-01
9.975622643559040048e-01
9.988402508121546619e-01
9.972377652840312967e-01
9.972712199506850173e-01
9.979273734747980962e-01
1.000207267923065801e+00
1.000032523798352946e+00
9.983878150791791750e-01
1.002070933519519702e+00
9.993532024645952472e-01
9.984517330412703284e-01
9.982375243194375747e-01
9.982653769748923711e-01
9.984247080018068266e-01
9.989949474101418314e-01
9.991312088340699171e-01
9.996976977589755453e-01
9.992137243865133467e-01
9.998183582839127448e-01
1.000536200712707213e+00
9.994860451444731453e-01
9.983044419178124240e-01
1.000371834780702907e+00
9.995078852607548470e-01
9.993948997407301471e-01
9.994077873038218485e-01
9.998716044059455799e-01
9.996010970081004032e-01
9.994012673101559940e-01
1.000585111290497542e+00
9.996089522212665557e-01
9.996903266703666135e-01
9.968666958577607762e-01
9.862439571190816379e-01
9.749410993078181376e-01
9.640800943584112437e-01
9.527540347505935037e-01
9.394675605503562954e-01
9.330776975265200335e-01
9.215691787452509054e-01
9.114447108126298991e-01
8.997081096156310798e-01
8.894589843317118882e-01
8.793012757475210384e-01
8.680976021371258344e-01
8.571585613828377470e-01
8.485780048951510057e-01
