0.000000000000000000e+00
0.000000000000000000e+00
0.000000000000000000e+00
0.000000000000000000e+00
0.000000000000000000e+00
0.000000000000000000e+00
0.000000000000000000e+00
0.000000000000000000e+00
0.000000000000000000e+00
0.000000000000000000e+00
0.000000000000000000e+00
0.000000000000000000e+00
0.000000000000000000e+00
0.000000000000000000e+00
0.000000000000000000e+00
0.000000000000000000e+00
0.000000000000000000e+00
0.000000000000000000e+00
0.000000000000000000e+00
0.000000000000000000e+00
0.000000000000000000e+00
0.000000000000000000e+00
0.000000000000000000e+00
0.000000000000000000e+00
0.000000000000000000e+00
4.547460846427322373e-02
9.047829206482943531e-01
3.127860451314860679e+00
3.617309018988660974e+00
2.260079266261273201e+00
1.086433314166475927e+00
5.242723993991881271e-01
2.902423683236731167e-01
2.404868284618305319e-01
2.436525053185620848e-01
2.656885350010941838e-01
3.089301049984321534e-01
3.345992004825751875e-01
3.385313050557339221e-01
3.539971122783115431e-01
3.758144318566144504e-01
4.235618272986379496e-01
5.420960334907288791e-01
6.829399063177556961e-01
8.525899506827738783e-01
1.027850350137017532e+00
1.192862067492999723e+00
1.288172854894712671e+00
1.391041700395692526e+00
1.472752463088640607e+00
1.541606862175130654e+00
1.586871119041271871e+00
1.545365343540753500e+00
1.451124122036305586e+00
1.338245754552901623e+00
1.196332170204905454e+00
1.076114689202688268e+00
9.715872587678924255e-01
9.102153485089655716e-01
8.748551079426829524e-01
8.605176107540040142e-01
8.655958198520006253e-01
8.687850339515770237e-01
8.924428372626439510e-01
9.119102356166483014e-01
9.341009463957867798e-01
9.603953697969388470e-01
9.693691626910901915e-01
9.928307336960658924e-01
1.005754137098018752e+00
1.016006011350771843e+00
1.038695067194340682e+00
1.036252159898750635e+00
1.048870762906001675e+00
1.046312989905658908e+00
1.043833765486750220e+00
1.041269676771389374e+00
1.031976439694790360e+00
1.018198918588944180e+00
1.004680028020726867e+00
9.979699330214212294e-01
9.840707836819639898e-01
9.816719935327062885e-01
9.719911183161210610e-01
9.733433260264525710e-01
9.765174710553938819e-01
9.745825818770920135e-01
9.792034989515386867e-01
9.827345918660519430e-01
9.946267797475425443e-01
9.965807361282813526e-01
9.994193870486616227e-01
1.007021897543884714e+00
1.010496768401266454e+00
1.018818713156681710e+00
1.017511502684353752e+00
1.009748181934173150e+00
1.013379582744285745e+00
1.007019889003958113e+00
1.010172276889593324e+00
1.015400256729686479e+00
1.006410190133011362e+00
1.010260546457635522e+00
1.001910852238660832e+00
9.933256971392032675e-01
9.943270221484010740e-01
9.937873236246069775e-01
9.912086086906785054e-01
9.918468991698131676e-01
9.953875228709430090e-01
9.957791981322671182e-01
9.944309842898744201e-01
9.926181999433200120e-01
9.962431426889849506e-01
9.941296610294390046e-01
9.975520024120752005e-01
1.001593469155844573e+00
9.973953659531724636e-01
1.002392962701957657e+00
9.991675468497623891e-01
1.007151242413454550e+00
9.972848557732771901e-01
9.999596642897852217e-01
1.003098509235664126e+00
1.000410872399044138e+00
9.988279747951902543e-01
9.950761828290918265e-01
9.917447642704902977e-01
9.948346639540609493e-01
9.886428408941483337e-01
9.906233811238616127e-01
9.892147852782903206e-01
9.934128949993520363e-01
9.951587021474654904e-01
9.959203929469464533e-01
9.936713228001993192e-01
9.941184714449653459e-01
9.964424190700607031e-01
9.957905099898776147e-01
9.958242817897513532e-01
9.933335920784174267e-01
9.919400617437063028e-01
9.984193936878557052e-01
9.956919244665932700e-01
9.961173810503591852e-01
9.904117141840285132e-01
9.930753183438604248e-01
9.978729543681186254e-01
9.928350936469719779e-01
9.952286742060980629e-01
9.943599091845701787e-01
9.949277946577715914e-01
9.930009376094580675e-01
9.930335771507272646e-01
9.937545452438978355e-01
9.951876751527379827e-01
9.893042030946718191e-01
9.941851208095691117e-01
9.919317606155965139e-01
9.927797970606256905e-01
9.948449013126593465e-01
9.919101719230511982e-01
9.947455004023395553e-01
9.935409512655003494e-01
9.938726058988892609e-01
9.924665702104190634e-01
9.927880994617809263e-01
9.937917648199454668e-01
9.924767898268771482e-01
9.898857448883870980e-01
9.950520941520559770e-01
9.915925505767817505e-01
9.948263698718990966e-01
9.943695142544917154e-01
9.939561103500967887e-01
9.962829740128416045e-01
9.929987785837480763e-01
9.925500247504823736e-01
9.931709962349957177e-01
9.956975025483325581e-01
9.930716878933186775e-01
9.932585130712363597e-01
9.972564760676259077e-01
9.928593938517865647e-01
9.963370798662394279e-01
9.957767092909207696e-01
9.914794466764492720e-01
9.924372232537947980e-01
9.907061243887733681e-01
9.941267866571851242e-01
9.929082173279614176e-01
9.960119647556908706e-01
9.931789369635752873e-01
9.913809175405147167e-01
9.938248119134733827e-01
9.921536471688348069e-01
9.943090405307423163e-01
9.962068678206189576e-01
9.934486134316229400e-01
9.923555697201199566e-01
9.942962101984105239e-01
9.943885370730840556e-01
9.934035285894804446e-01
9.943378392682045153e-01
9.947252743538836928e-01
9.964476029378969146e-01
9.963759280053561262e-01
9.909883507055079477e-01
9.954188682233912067e-01
9.936150531529200913e-01
9.958303759651313536e-01
9.954258613906631359e-01
9.937102361096857850e-01
9.949970312450511223e-01
9.975673030779337314e-01
9.974374165242868573e-01
9.968500596241512968e-01
9.949355047612399305e-01
9.946313757725745441e-01
9.948528416712174582e-01
9.968868783614052154e-01
9.964516779486620734e-01
9.967118204124509884e-01
9.960393651799068770e-01
9.951257713120879034e-01
9.960958783290563279e-01
9.967638247744405877e-01
9.955896022501391496e-01
9.967135422629734842e-01
9.984659968336154767e-01
9.986991348504022925e-01
9.955957511107554891e-01
9.991395572484240706e-01
9.970694385449597741e-01
9.949029111029475958e-01
9.960395220727431553e-01
9.996998180127870670e-01
9.985031307997807026e-01
9.992541440691572463e-01
9.985514103813065701e-01
9.987496843854675177e-01
1.000348213950079224e+00
9.978171178484896986e-01
9.968627098342827120e-01
9.997401231990626913e-01
9.987861155966123450e-01
9.999324567603591341e-01
9.973013909884078654e-01
1.000461952678061150e+00
9.994957424293373638e-01
9.964936512896274134e-01
1.001731169200183569e+00
9.979092780825649101e-01
9.986747274469743862e-01
9.974698417955872864e-01
9.982129511366394370e-01
9.998857187487959486e-01
9.999442115462234826e-01
9.982001881440877300e-01
9.990049135057950114e-01
9.989817885804278541e-01
9.985808075387323512e-01
9.988265146269021955e-01
9.999199103473320749e-01
9.973176032876581720e-01
9.943383800394647309e-01
9.845117037802881832e-01
9.733168357372279367e-01
9.626583583468218963e-01
9.517611690150706849e-01
9.412300158371726955e-01
9.293297428448925590e-01
9.198105262866272946e-01
9.075766211622856572e-01
8.995067694726822660e-01
8.872229772008133342e-01
8.774274500962606638e-01
8.652499044536786643e-01
8.570806480150039430e-01
8.471766096796679024e-01
