0.000000000000000000e+00
0.000000000000000000e+00
0.000000000000000000e+00
0.000000000000000000e+00
0.000000000000000000e+00
0.000000000000000000e+00
0.000000000000000000e+00
0.000000000000000000e+00
0.000000000000000000e+00
0.000000000000000000e+00
0.000000000000000000e+00
0.000000000000000000e+00
0.000000000000000000e+00
0.000000000000000000e+00
0.000000000000000000e+00
0.000000000000000000e+00
0.000000000000000000e+00
0.000000000000000000e+00
0.000000000000000000e+00
0.000000000000000000e+00
0.000000000000000000e+00
3.387966070041425332e-02
1.012029910595846571e+00
3.293050515765549857e+00
3.261256370726256293e+00
1.813533259427932753e+00
8.258057289525768674e-01
3.840401645281981136e-01
2.000567219313938161e-01
2.287862059753031641e-01
8.451857089481386032e-01
1.734186965850547990e+00
1.896061916285390669e+00
1.457835463497942241e+00
9.972406011130761083e-01
7.261074778526913631e-01
6.240957084831413315e-01
6.249574107219654229e-01
6.803113986821143211e-01
7.586729701804170167e-01
8.486260671664982436e-01
9.424712278875424509e-01
1.025852153657418109e+00
1.093909299334618668e+00
1.145238935755175769e+00
1.185524099278454813e+00
1.207973457737713030e+00
1.201243188205654899e+00
1.184698307901775438e+00
1.147034291659987382e+00
1.106701913547107896e+00
1.071958246281715654e+00
1.034700332931223876e+00
1.002535650870200135e+00
9.719248950152777899e-01
9.468627761980707991e-01
9.378473905797437560e-01
9.288748290427881749e-01
9.255747938402233421e-01
9.242128352311690387e-01
9.287589403609382011e-01
9.349654011863903769e-01
9.455087552011268714e-01
9.583157534746412631e-01
9.718821763068887787e-01
9.846103513012786079e-01
9.928140835041150414e-01
9.974408225315921639e-01
1.005048913794313492e+00
1.010862484894377911e+00
1.013840805402530076e+00
1.017704755787073978e+00
1.018851743917437824e+00
1.019102117444823596e+00
1.017057550224617746e+00
1.015855793277097741e+00
1.012905143874152314e+00
1.009759135554607390e+00
1.006768055679553520e+00
1.004516690604524198e+00
1.001444173382748382e+00
1.000907813730259610e+00
9.989364169705393648e-01
9.989567940801270529e-01
9.977278779372457107e-01
1.000220845012740556e+00
9.972537800264007490e-01
9.961270271514029995e-01
9.983416436367067437e-01
9.986135205517894242e-01
9.966820699392812122e-01
9.988334243197215523e-01
9.988398355549532592e-01
9.972478498779063782e-01
9.975126368623508100e-01
9.969942249526979605e-01
9.980305833881648603e-01
9.980364344522106856e-01
9.987983149643703262e-01
9.988834946257757474e-01
9.990164148678586375e-01
9.991804985104313364e-01
9.992335587237535233e-01
1.000456572468103600e+00
1.001482349887024892e+00
1.001556747106423950e+00
1.001186520682007419e+00
1.000641382913812327e+00
1.001966212469829420e+00
1.001112840657802039e+00
1.001720639397004398e+00
1.002054324638652183e+00
1.001602484332331455e+00
9.995293489804693010e-01
1.000764591645042056e+00
1.001318881659542637e+00
1.000858012867534841e+00
1.000482335268322753e+00
1.000339450555618015e+00
1.001292051943787786e+00
1.000752937156222933e+00
9.997764653538416812e-01
9.994397653286060113e-01
1.000174947997077846e+00
9.999640018687304677e-01
9.992439868910291123e-01
1.000173991060850032e+00
1.000892998392404865e+00
1.000605254823234924e+00
9.999309802868964203e-01
9.994309982437559192e-01
9.995573891594312643e-01
9.992946992252291771e-01
1.000260305301689856e+00
9.996093081172976458e-01
1.000077118245014107e+00
9.998777916120934472e-01
9.996545435783982247e-01
9.991961032483016591e-01
9.996658907340920663e-01
1.000871628785190426e+00
1.000636838497350967e+00
1.000119868199288886e+00
1.000891607955262774e+00
1.000806251928117341e+00
1.000601734257841269e+00
1.000710534328811629e+00
1.001058289154563630e+00
1.001196304464568421e+00
1.001622302756474348e+00
1.000223429800287001e+00
1.000352092270585525e+00
1.001446047524537253e+00
1.000601808090972655e+00
9.996800105121234070e-01
9.995036532540795271e-01
9.995537453639397052e-01
9.997140823659361741e-01
9.990419314423949482e-01
9.993481190227438971e-01
9.998411236484358033e-01
9.995033008673400721e-01
9.992377810665931115e-01
9.995984828041670767e-01
1.000191286099509025e+00
1.000094722007782044e+00
1.000040115387321960e+00
1.000093998518742033e+00
1.000529886277855995e+00
9.997883005497657516e-01
1.000476592680327848e+00
1.000483120656338043e+00
1.000499270494935367e+00
1.000119229874696369e+00
1.000671179111292775e+00
1.000737223862106173e+00
1.001395252209780429e+00
1.000355471561275245e+00
1.000395845122449279e+00
1.000061299297795303e+00
1.000495299624328149e+00
1.000134243898126662e+00
1.000143400393072479e+00
1.000241067954730001e+00
9.997625457146431804e-01
9.997028237931696593e-01
1.000107759994457446e+00
9.998049533016215573e-01
9.994974391707979189e-01
1.000120629925608462e+00
9.999733794496815653e-01
1.000315477074744885e+00
9.994624587873239818e-01
1.000441641533335702e+00
9.996536652839707049e-01
1.000470176641611086e+00
1.000041337773407868e+00
1.000333529556630241e+00
1.000520789369002461e+00
1.000816380234388348e+00
1.000427587450029465e+00
9.999184967304945992e-01
1.000233089000569953e+00
1.000085973710305609e+00
1.000055397356305331e+00
9.995621958637658233e-01
1.000114780420638949e+00
9.997652427948758858e-01
9.997552763012627075e-01
9.999507836518787274e-01
1.000057814733691597e+00
1.000222727576944637e+00
9.999969504896356609e-01
9.999263038614991661e-01
9.999359426457975486e-01
9.999445144929465235e-01
1.000277609931177647e+00
1.000213066037629384e+00
1.000088237319653350e+00
1.000529003843660281e+00
9.996633547056713587e-01
1.000532722825993037e+00
1.000506734697535149e+00
9.997241677363163381e-01
1.000103065571624095e+00
1.000547814493531362e+00
1.000078086106838127e+00
1.000293335003545225e+00
9.998225264592963679e-01
1.000208346025684980e+00
9.999545146608891377e-01
1.000352690723343541e+00
1.000135626383135801e+00
9.999430723118002406e-01
1.000048530756816767e+00
1.000284435360114355e+00
9.998107601449234272e-01
1.000377756208933766e+00
9.997775964824520134e-01
9.997515119110492732e-01
9.997347521521607883e-01
1.000098137535055720e+00
1.000583348283725194e+00
1.000455266293224454e+00
9.997509013350486251e-01
9.999569796450907821e-01
9.996313456701310107e-01
1.000371520217978816e+00
1.000096139553605656e+00
1.000286785668772271e+00
9.997091859973852301e-01
9.998994455961792704e-01
9.999535175409828280e-01
1.000220543091121295e+00
1.000358512692966384e+00
9.996836097707912927e-01
1.000018605198245814e+00
1.000165536079315576e+00
1.000059003374627054e+00
1.000739234367818975e+00
9.999316996432280336e-01
1.000250239166440958e+00
9.995200720146498741e-01
1.000305892521798912e+00
1.000149424472456028e+00
9.969892491543486113e-01
9.867349845142407982e-01
9.754254069838927954e-01
9.645406986191488174e-01
9.536856456270197402e-01
9.419471436620671101e-01
9.314380117577608642e-01
9.205759210621687894e-01
9.099956225376160113e-01
8.997073752458119023e-01
8.884905797343936040e-01
8.788903034881301313e-01
8.680844734652136685e-01
8.579547283606807628e-01
8.475045824388480753e-01
