0.000000000000000000e+00
0.000000000000000000e+00
0.000000000000000000e+00
0.000000000000000000e+00
0.000000000000000000e+00
0.000000000000000000e+00
0.000000000000000000e+00
0.000000000000000000e+00
0.000000000000000000e+00
0.000000000000000000e+00
0.000000000000000000e+00
0.000000000000000000e+00
0.000000000000000000e+00
0.000000000000000000e+00
0.000000000000000000e+00
0.000000000000000000e+00
0.000000000000000000e+00
0.000000000000000000e+00
0.000000000000000000e+00
0.000000000000000000e+00
0.000000000000000000e+00
3.419131054480604309e-02
1.021152794217188076e+00
3.306094848934362229e+00
3.265716283605472725e+00
1.818367946591786577e+00
8.281503108448097228e-01
3.805208034680018780e-01
1.983997162171702577e-01
2.300286819352881651e-01
8.489306848203482803e-01
1.744706816433502894e+00
1.904586772552617102e+00
1.461319624550316831e+00
9.914347080514008814e-01
7.240514208840809207e-01
6.247699983404253476e-01
6.230862599760812470e-01
6.737770296942376946e-01
7.552727560612623181e-01
8.470131875827163759e-01
9.429317157128558335e-01
1.026504608018495857e+00
1.098241436801150384e+00
1.149422623737746951e+00
1.189537172199475634e+00
1.207442663519074699e+00
1.206904227261255791e+00
1.185242326941381652e+00
1.153563559504562797e+00
1.112416402270014704e+00
1.076030352626500708e+00
1.038127588000016477e+00
1.003576287041510584e+00
9.749641815794043431e-01
9.527136025477215275e-01
9.367273409071973367e-01
9.297103561672026562e-01
9.242660109768467969e-01
9.253241702681781478e-01
9.283781756806287477e-01
9.350827119943472265e-01
9.458490509853750838e-01
9.577367849678140033e-01
9.727256629696408030e-01
9.847456995526849832e-01
9.913809061308799242e-01
9.996826495428327020e-01
1.006329827856664583e+00
1.010855215064466517e+00
1.015399062065563740e+00
1.017773669714524321e+00
1.018982715437312336e+00
1.020841771080351013e+00
1.018637123277201795e+00
1.017714140122830235e+00
1.013670866240725887e+00
1.010851468663414021e+00
1.008564943673025516e+00
1.003981429412722282e+00
1.002669808706786014e+00
9.989011030664525226e-01
9.984119408866656276e-01
9.984760832935926089e-01
9.983833735205954740e-01
9.976855737187824147e-01
9.961951407739475517e-01
9.982832149507859798e-01
9.980621464039526325e-01
9.979582815353051917e-01
9.986764246230387387e-01
9.977167147613469345e-01
9.987090486342384832e-01
9.983287904515832922e-01
9.973181263267582031e-01
9.975052914103021973e-01
9.988168470037378510e-01
9.975076871770728326e-01
9.975307088905404074e-01
9.988490907028003685e-01
9.988198854062003695e-01
9.996027171860201177e-01
9.999714129923069628e-01
9.997487134367282202e-01
9.998121538065462000e-01
1.002121846027021590e+00
1.001064229198306510e+00
1.002368354304244757e+00
1.001964277301291117e+00
1.000944244985162435e+00
1.001619741346260195e+00
1.001602625181899242e+00
1.000080333059949922e+00
1.001916252933235718e+00
1.000420513888682805e+00
1.000088285179838499e+00
1.001135004602021539e+00
1.000198376549664037e+00
9.999284415578971741e-01
9.997486746255229706e-01
1.000377017154934656e+00
1.000283132865190661e+00
9.999940613109193910e-01
1.000937904800771383e+00
9.991654405006572537e-01
9.997607630497853393e-01
9.999333265055291298e-01
9.996958971187730469e-01
1.000400776739593933e+00
9.998072574724268247e-01
9.988766917378759658e-01
9.996928255488857218e-01
1.000345037234356527e+00
1.000106918239594522e+00
1.001077113315422817e+00
9.998274933819432109e-01
1.000403896688520478e+00
1.000006232577397736e+00
1.000047202067564367e+00
1.000217130314147163e+00
1.001165310756401805e+00
1.001050403348250128e+00
1.000959160393165792e+00
1.000718569038300920e+00
1.000916654289040419e+00
1.000630220217775701e+00
1.000103099467521073e+00
1.000278411823752878e+00
1.001248631332061878e+00
1.000655728338557537e+00
1.000527366275353991e+00
1.000019424319053218e+00
1.000519498269557106e+00
1.000474010793232393e+00
9.997827982894126331e-01
9.995250074726524936e-01
9.997170094637426452e-01
9.990717666043096301e-01
9.998317785585170148e-01
9.993019060235984741e-01
9.991190221197276955e-01
9.998377679391090567e-01
1.000046910493680885e+00
1.000010000488539053e+00
9.999731871398698235e-01
1.000164415584608557e+00
1.000554927759305768e+00
1.000183764054968671e+00
9.998812068486895299e-01
1.000210583918009322e+00
1.000346272512904422e+00
1.001050692581868296e+00
1.000962929316575600e+00
9.997800212537751863e-01
9.997203239860060764e-01
1.000049502544868796e+00
1.000515736377662668e+00
1.001034725653178636e+00
9.998819490193993076e-01
1.000600286928106319e+00
1.000090506568528159e+00
1.000232895751822060e+00
9.998390160253050052e-01
9.997072617594073840e-01
9.996742581945715633e-01
1.000283799223345538e+00
9.996651510328741219e-01
9.999870355039255365e-01
1.000514446553579795e+00
1.000349474276474471e+00
1.000406383742035832e+00
9.995597555074750007e-01
9.999556264138304007e-01
9.999548331230838638e-01
9.999480199589052543e-01
1.000531467432109078e+00
9.998049131287981561e-01
1.000969705897422735e+00
1.000685637459256982e+00
1.000464614696605858e+00
1.000163427841551655e+00
9.999997916720916313e-01
9.998522635196805952e-01
1.000176454696219297e+00
1.000182439783573241e+00
9.999870048501776632e-01
1.000168025474519551e+00
1.000311657631262729e+00
1.000353933077955393e+00
1.000189517428522912e+00
1.000896587500692991e+00
1.000785118307580213e+00
9.998663371809192180e-01
9.998760581921327661e-01
9.998062648203888125e-01
9.997896904817036301e-01
1.000500883899971605e+00
1.000568142113747783e+00
1.000180808094985885e+00
1.000024224660129413e+00
1.000617547755488168e+00
1.000181093638424557e+00
9.997712775372108451e-01
1.000125636744591651e+00
1.000816665242243886e+00
1.000707838558205776e+00
9.999984840043499856e-01
9.995626751830147816e-01
9.997169660383594669e-01
1.000144639795834234e+00
9.998699960146790744e-01
9.998335231971369197e-01
1.000462724252523472e+00
1.000256992535552891e+00
1.000487846448713913e+00
9.998727735199122169e-01
1.000470453050906761e+00
1.000538374525804519e+00
1.000703698918431250e+00
1.000564681568820502e+00
9.994136940188288465e-01
1.000568408408735177e+00
1.000534116036130738e+00
9.997813894358498210e-01
1.000157061699399996e+00
1.000297826599104489e+00
9.999942996142395790e-01
1.000245702668053349e+00
1.000109229289002588e+00
1.000083475021390944e+00
9.999393879368615456e-01
9.998359456374560361e-01
1.000173953357218481e+00
1.000305088312235302e+00
9.998782284280152144e-01
9.999498902218167951e-01
9.998946096271255080e-01
1.000708840028756708e+00
1.000550474824821290e+00
1.000833265043784781e+00
9.998046751012586997e-01
9.999571046163645560e-01
1.000292590660795788e+00
1.000255589842614423e+00
1.000168764188936299e+00
9.965229256535608204e-01
9.860575180674612250e-01
9.750585620128130460e-01
9.637273660921171770e-01
9.528903444486427343e-01
9.421380992654779796e-01
9.311753526238381040e-01
9.206962692532800752e-01
9.099651886198644180e-01
8.994500224955614964e-01
8.885200531902102128e-01
8.783921530559217761e-01
8.678453235583528658e-01
8.575929876659039719e-01
8.476009589992477000e-01
