0.000000000000000000e+00
0.000000000000000000e+00
0.000000000000000000e+00
0.000000000000000000e+00
0.000000000000000000e+00
0.000000000000000000e+00
0.000000000000000000e+00
0.000000000000000000e+00
0.000000000000000000e+00
0.000000000000000000e+00
0.000000000000000000e+00
0.000000000000000000e+00
0.000000000000000000e+00
0.000000000000000000e+00
0.000000000000000000e+00
0.000000000000000000e+00
0.000000000000000000e+00
0.000000000000000000e+00
0.000000000000000000e+00
0.000000000000000000e+00
0.000000000000000000e+00
0.000000000000000000e+00
0.000000000000000000e+00
0.000000000000000000e+00
0.000000000000000000e+00
3.018075509634513334e-02
6.905417019430550862e-01
2.336420549930726231e+00
2.791094035289614084e+00
1.829602707902273417e+00
8.813240240507543843e-01
4.211053681164162454e-01
2.223705894257032301e-01
1.946263578333773947e-01
2.053161591357454963e-01
2.064718367927115827e-01
2.271534959787532004e-01
2.512177666445715718e-01
2.601212545936613663e-01
2.605085992783887083e-01
2.802263257408724728e-01
3.584196661389925653e-01
4.994837804855156160e-01
6.812155551312636392e-01
9.057590852831436390e-01
1.111345436573254464e+00
1.305334579502714254e+00
1.433629950404271991e+00
1.555727031295226048e+00
1.634330117234569668e+00
1.660117386727374633e+00
1.699637530492293713e+00
1.695461335252564927e+00
1.579364695311370914e+00
1.424313873159379851e+00
1.257729246198671991e+00
1.093214537516453255e+00
9.980727389980118547e-01
8.880212372438235358e-01
8.822087957239864719e-01
8.636650619177868027e-01
8.642646441586127048e-01
8.848063216348939219e-01
9.001811986317399539e-01
9.190546214306216655e-01
9.568776100892302239e-01
9.797143915159095551e-01
1.000371031073814754e+00
9.898625390390219936e-01
1.027776714993452689e+00
1.011693103075166356e+00
1.032511888117465082e+00
1.054816399695674534e+00
1.064282008063728524e+00
1.058033147994192680e+00
1.044631144528194167e+00
1.037514021832256939e+00
1.031678974701598639e+00
9.940545311561185260e-01
9.997582114490231042e-01
9.833788325425301124e-01
9.712148590470772724e-01
9.788829814572049814e-01
9.451343858791092511e-01
9.601391591511374557e-01
9.447401469254880224e-01
9.806484203698786484e-01
9.611735846798880045e-01
9.779729441487253760e-01
9.907031040828684354e-01
9.927399757964251448e-01
9.688151965641219610e-01
9.822420900363991736e-01
1.000307742330660776e+00
1.001298836566809403e+00
1.002098700458416314e+00
1.007409843068822308e+00
9.883830399243368481e-01
9.723318219375683968e-01
9.855013958514040606e-01
9.771452214097084976e-01
9.641932519144283953e-01
9.669856616279495221e-01
9.759921507171426258e-01
9.769412158059034290e-01
9.760863185445598500e-01
9.794451966738368931e-01
9.780729319405807587e-01
9.833074525263427734e-01
9.675946278480294094e-01
9.943918823221108427e-01
9.833068540926053203e-01
9.819620246438665045e-01
9.826251048881990968e-01
9.918081925231860829e-01
9.885671178731041397e-01
9.983526425775511859e-01
9.801019043310645884e-01
9.818908098807936913e-01
9.849459409036247504e-01
9.899014380181635486e-01
9.808364326457252869e-01
9.852669499130646269e-01
9.863955983264590666e-01
9.809888230515675378e-01
9.847937936943198522e-01
9.895432966806322339e-01
9.782104560039908137e-01
9.813730797643341885e-01
9.919102840582493252e-01
9.830127477002161829e-01
9.820689533877714483e-01
9.842512311781071999e-01
9.786557099494732626e-01
9.753921103440056362e-01
9.802562324127634952e-01
9.863008453485746507e-01
9.867753588767436135e-01
9.768022651850555294e-01
9.815559548365547782e-01
9.923622830995008082e-01
9.812631868773655786e-01
9.915166948477972531e-01
9.886609399050410030e-01
1.002557411135519327e+00
1.007844985933291415e+00
9.938675188745905720e-01
9.999934410480995073e-01
9.959020215862505188e-01
9.898472409151872764e-01
9.895673427314624071e-01
9.951393954541408737e-01
9.986566195747832442e-01
9.990421942171284764e-01
9.942149316725364949e-01
9.999811121005693915e-01
1.000504141312376527e+00
9.878652257035818174e-01
1.002103708544826777e+00
9.985619710896416201e-01
1.005869481720569558e+00
9.966557893979927085e-01
1.002385872477348228e+00
9.969119412580684791e-01
9.923857332446605062e-01
9.909239532651300530e-01
1.005001701242193679e+00
9.940304846907130898e-01
1.004722969516310238e+00
9.986326053200769159e-01
9.964706097983121458e-01
9.895981935505754334e-01
9.991377080951303613e-01
9.962350178566485859e-01
1.002689796966945490e+00
9.908023622310819789e-01
9.907649706940773182e-01
9.902234150851957351e-01
9.962290509798453764e-01
9.963607591333720759e-01
1.000392815993181639e+00
9.975295974582840675e-01
9.902396061696985274e-01
9.971700273156076655e-01
9.992610474225789297e-01
1.003144332246876491e+00
9.945635862305112207e-01
9.939964862568023696e-01
9.965571702899033157e-01
9.915857973526628344e-01
9.954393081892629613e-01
9.932365747400380140e-01
9.958098650130282614e-01
9.949119702244718644e-01
9.933438610903427834e-01
9.942902450154521565e-01
9.945264574516939904e-01
9.894315502750218316e-01
9.911053153309684616e-01
9.911368939566262970e-01
9.891025627219155458e-01
9.934687667642726483e-01
9.973764518549226299e-01
9.937444463551867724e-01
9.999158491311090913e-01
9.916173188927062121e-01
9.934693917276025132e-01
9.929163840858636902e-01
1.001125129189421203e+00
9.980677956769317127e-01
1.003353674039769050e+00
9.925151942479689682e-01
1.003666850304087310e+00
1.007440855206077623e+00
9.912026563199913820e-01
9.992304654114013696e-01
1.003474902291078275e+00
9.950048940512919993e-01
9.927346934420094859e-01
9.985857196184392270e-01
9.968803412768151295e-01
9.965329078225956261e-01
9.956270759360907885e-01
9.894754120453063129e-01
9.987573600392082307e-01
9.977008466759845762e-01
9.954762562306074258e-01
9.999926459794373779e-01
9.987532468803375085e-01
9.979181634790720290e-01
1.003959806600196014e+00
9.977623736127311238e-01
1.002210776752307853e+00
1.002911790977181861e+00
9.941691751101591201e-01
9.981192348190708330e-01
9.965109003416312561e-01
9.909767695844061697e-01
9.921564503007141989e-01
9.946506365572709285e-01
9.919023906240207467e-01
9.925633868715308950e-01
9.980139908349081601e-01
9.959950267582031724e-01
9.927258715519738930e-01
1.001557704867345855e+00
9.935834310745860209e-01
9.940875871935879182e-01
9.975555944787076745e-01
9.997360000830285420e-01
9.980964079783649634e-01
9.952200175637014867e-01
9.994284721012545170e-01
9.963571813327398718e-01
9.963921887043554193e-01
9.943690554691353434e-01
9.968027618312882421e-01
9.940696769264755206e-01
9.985310761856867057e-01
9.911321717171862611e-01
9.982136459292380026e-01
9.941584172118573814e-01
9.951252547211744126e-01
9.950548459135130086e-01
9.941877945675501316e-01
9.930181239525897041e-01
9.977484634941389263e-01
9.977528227626474289e-01
9.935314297153901020e-01
9.971471631244501754e-01
9.916485834963042478e-01
9.978596641939760925e-01
9.951536811256620485e-01
9.974036524218214961e-01
9.950654236344878001e-01
9.970725457870319719e-01
9.951985591977324797e-01
9.976586395051003642e-01
9.930783626670087738e-01
9.938790154864295401e-01
