0.000000000000000000e+00
0.000000000000000000e+00
0.000000000000000000e+00
0.000000000000000000e+00
0.000000000000000000e+00
0.000000000000000000e+00
0.000000000000000000e+00
0.000000000000000000e+00
0.000000000000000000e+00
0.000000000000000000e+00
0.000000000000000000e+00
0.000000000000000000e+00
0.000000000000000000e+00
0.000000000000000000e+00
0.000000000000000000e+00
0.000000000000000000e+00
0.000000000000000000e+00
0.000000000000000000e+00
0.000000000000000000e+00
0.000000000000000000e+00
0.000000000000000000e+00
0.000000000000000000e+00
0.000000000000000000e+00
0.000000000000000000e+00
0.000000000000000000e+00
3.018194809675472240e-02
7.428575122417935273e-01
2.643750539056777704e+00
3.080379682471975133e+00
1.927888201930250567e+00
9.085823012168827706e-01
4.447303691042893692e-01
2.589431048594144080e-01
1.940698944542222637e-01
1.750043690878746450e-01
1.909060811696181859e-01
2.285881809291295252e-01
2.341190007043373045e-01
2.554329376135239804e-01
2.629536528411071661e-01
2.891154471084402267e-01
3.668891961723295680e-01
4.991529955482694736e-01
6.568167943443354861e-01
8.862913629307647145e-01
1.053893163632184660e+00
1.299236982794579776e+00
1.410395175267704415e+00
1.490111640963902584e+00
1.639045961766545378e+00
1.683768680276932050e+00
1.706627669234873190e+00
1.661300780171218516e+00
1.538503593294531679e+00
1.387279421356309328e+00
1.216873910314375973e+00
1.074613659849746439e+00
9.521515378540890140e-01
8.939767150000305085e-01
8.733014051214448292e-01
8.327354206145015647e-01
8.345011726072006919e-01
8.485334655246434821e-01
8.678699025141367596e-01
8.869783173233325435e-01
9.371395752854739802e-01
9.201919173579129474e-01
9.533013667711310868e-01
9.997521059947156452e-01
9.967508053327615025e-01
1.009949630779410912e+00
9.984934486910767015e-01
1.020647783386023244e+00
1.034437210489927761e+00
1.035601572177944574e+00
1.014459688395709103e+00
1.016349528891524967e+00
1.014747559604885607e+00
9.992312604412042498e-01
9.913825992079826621e-01
9.751126365014275432e-01
9.659151221404488341e-01
9.645025115425601703e-01
9.518010247908839094e-01
9.631033998624233261e-01
9.505805798332797041e-01
9.590238895201136371e-01
9.693160897305669321e-01
9.738887228374344396e-01
9.754076552889650031e-01
9.697416681375289338e-01
1.005910569219613082e+00
9.937509740179413242e-01
9.889039822047916983e-01
9.940355872151225292e-01
9.962372550199652954e-01
9.999024610845768102e-01
9.871566092323819097e-01
1.005130650655706726e+00
9.933428121823737467e-01
9.860228843811476018e-01
9.764617201717299411e-01
9.718451434425455782e-01
9.965998996259475273e-01
9.800528257867555659e-01
9.826669126091932549e-01
9.742364780701501248e-01
9.770157931349416902e-01
9.795813897161502748e-01
9.954620898634447546e-01
9.953127311183979087e-01
9.875219372360979353e-01
9.829013452700263720e-01
9.793708698007299596e-01
9.917991015953746547e-01
9.791136005361877892e-01
9.814109029195190459e-01
9.955040711820981603e-01
9.971701153988552502e-01
9.886649888962766308e-01
9.965250544304317115e-01
9.946003365911105787e-01
9.895252601150463789e-01
9.802076221417745927e-01
9.818854273475220440e-01
9.969732828810956571e-01
9.934600238666670968e-01
9.961268245777841202e-01
9.985906060096669812e-01
9.928933795761623049e-01
9.940937864441223848e-01
9.831696300013407219e-01
9.799262537360399206e-01
9.910932746660334747e-01
9.794907313526727277e-01
9.807777824879010398e-01
9.911653364450384585e-01
9.855417471881005032e-01
9.846307816711973304e-01
9.892408402428297665e-01
9.851204772982116165e-01
9.846540423413060461e-01
9.951417033480003393e-01
9.899914336955605298e-01
9.880415987190308558e-01
9.972374166863060552e-01
9.921662142569598331e-01
9.987524428306022717e-01
9.828773199729962107e-01
9.929459447689218399e-01
9.963154656696028288e-01
9.886131729121461209e-01
1.004168476948230637e+00
9.954001928772689967e-01
9.985513578224107789e-01
9.934742884682365993e-01
9.908233986312707797e-01
9.998242646323637350e-01
1.002244134391977015e+00
9.890193687518060717e-01
9.881383837948578552e-01
9.966223580528146275e-01
1.002785165742004381e+00
9.992725382710898607e-01
1.002907499148396608e+00
9.967885104153237918e-01
9.969333075965218782e-01
9.960557502773838001e-01
9.956862578513804296e-01
1.000214770847736689e+00
9.979910855277339676e-01
9.966121969931740487e-01
9.923255071602015143e-01
9.892280147076151220e-01
1.000254994246403406e+00
9.941718105309117481e-01
1.003243047144630973e+00
9.910463265972472291e-01
9.869086659881647350e-01
9.951424598004645627e-01
9.987027186338729434e-01
9.869976912453400919e-01
1.000905648346407828e+00
9.944640717594799284e-01
9.910046632516398279e-01
1.000387089185791556e+00
9.968601753164644252e-01
9.849586475381246764e-01
9.954382889542494617e-01
9.957861507768993592e-01
9.938037063592995990e-01
9.921880996746895720e-01
9.946018960688881583e-01
9.963379657517528187e-01
9.915587775152224781e-01
9.961187148092811583e-01
9.901874566260739918e-01
9.944865156549146379e-01
1.000336188770158508e+00
9.935623781543259092e-01
9.910317099863926726e-01
9.843540836988663445e-01
9.922123168395753368e-01
9.955420144467097554e-01
9.908106411620334342e-01
9.924361673800939920e-01
9.933304808988604462e-01
9.967349874364009876e-01
9.948435191247094744e-01
9.917741349201696366e-01
9.988064104901193119e-01
9.937858840043573005e-01
9.985605332321021432e-01
9.932426807032269656e-01
9.990996614529068509e-01
9.932709624709756824e-01
1.001582862056505929e+00
9.936923901523716518e-01
9.992591860366544232e-01
9.901619327592742215e-01
9.949402841302563694e-01
1.000198732720512851e+00
9.985952760612267776e-01
1.001201354636593210e+00
9.988596536846223728e-01
9.961091148533667283e-01
9.996378237579728321e-01
9.989066731261917464e-01
9.995567185086571271e-01
9.992318794916117408e-01
9.966822496268020748e-01
1.000223806120348113e+00
9.957612881333155475e-01
9.993862211863037137e-01
9.915026269961773053e-01
1.000419187907742868e+00
9.981464558659252084e-01
1.004014711998308718e+00
9.905371115703940355e-01
9.927030242581610375e-01
9.985863620092876314e-01
9.946327722556002060e-01
9.938327498822648876e-01
9.997826608924529346e-01
1.000825351412652831e+00
9.935290473937813394e-01
9.913927262017505626e-01
9.968453632363613037e-01
9.944472302760583027e-01
9.965003335927347106e-01
9.984991132785007162e-01
9.910150100187874456e-01
9.984947282042939687e-01
9.960418606161357546e-01
1.000253852108186958e+00
9.963579154624628842e-01
9.879497786853091990e-01
9.934882736144405868e-01
9.978598877088467045e-01
9.927133702975339258e-01
9.949780931814093954e-01
9.976236520124802665e-01
9.907171739751891026e-01
9.948935551268230926e-01
9.939917818803839511e-01
9.891949477427265380e-01
9.898891165246428425e-01
9.961906697327637117e-01
9.968554660569147741e-01
9.934030828548464642e-01
9.952962478302915805e-01
9.959578205549742824e-01
9.938713579503355433e-01
9.976970163084289966e-01
1.000642360197519842e+00
9.978377254845974820e-01
9.908070726258291216e-01
9.951162624171716597e-01
9.950196882290295308e-01
9.918515057183676653e-01
