0.000000000000000000e+00
0.000000000000000000e+00
0.000000000000000000e+00
0.000000000000000000e+00
0.000000000000000000e+00
0.000000000000000000e+00
0.000000000000000000e+00
0.000000000000000000e+00
0.000000000000000000e+00
0.000000000000000000e+00
0.000000000000000000e+00
0.000000000000000000e+00
0.000000000000000000e+00
0.000000000000000000e+00
0.000000000000000000e+00
0.000000000000000000e+00
0.000000000000000000e+00
0.000000000000000000e+00
0.000000000000000000e+00
0.000000000000000000e+00
0.000000000000000000e+00
0.000000000000000000e+00
0.000000000000000000e+00
0.000000000000000000e+00
0.000000000000000000e+00
4.092857983693308499e-02
8.202268884786260150e-01
2.884942630890171333e+00
3.436568761831289009e+00
2.162640002988397203e+00
1.049729632001849655e+00
4.898365456903226445e-01
2.669761256482153233e-01
2.072323740867334507e-01
1.948614319707661358e-01
1.915812280624138719e-01
2.354538006756196344e-01
2.343303130744438800e-01
2.381347200833846267e-01
2.615663551979912627e-01
2.916945004533618713e-01
3.602291760778468799e-01
4.722376003587849258e-01
6.279383859515880184e-01
8.701303353331061308e-01
1.040151260711750458e+00
1.228897381888186757e+00
1.336113314580662514e+00
1.480680173361009100e+00
1.527760237543922761e+00
1.630868170782415527e+00
1.651539730868755385e+00
1.617275570973339738e+00
1.540556447853058231e+00
1.349913825474572615e+00
1.217355027162606351e+00
1.071017620881665522e+00
9.809955691150359369e-01
8.990427159515052002e-01
8.418684311595435732e-01
8.487231922273102969e-01
8.664193389548320301e-01
8.797994875579473462e-01
8.871987476886813440e-01
9.057538238522557794e-01
9.283839980997653507e-01
9.396521440236461631e-01
9.605599720995050550e-01
9.686454098141048519e-01
9.947640415946138459e-01
9.903328598683078798e-01
1.014642199005662659e+00
1.021207302374347536e+00
1.045576777525475398e+00
1.049552939670409968e+00
1.050729464002111424e+00
1.052893952219615681e+00
1.022205231685159754e+00
1.034276515024057597e+00
9.996974276029079176e-01
9.941826038441540225e-01
9.816708631089673398e-01
9.899543157424053330e-01
9.586591109928938037e-01
9.514581677604986298e-01
9.554263661624003978e-01
9.676817636747628848e-01
1.003052154078454050e+00
9.827782000483393787e-01
9.759715810077270737e-01
1.003502162796460428e+00
9.912253302487343820e-01
1.013683179690312075e+00
9.989304593670124133e-01
1.014874024062633717e+00
1.002903853526648348e+00
1.016185205912313760e+00
1.006713908783698930e+00
1.006821690627726529e+00
9.991683376207627365e-01
9.912422448880389148e-01
1.001702819225780638e+00
9.902754726188622847e-01
1.010041369447819859e+00
9.791383737821550692e-01
9.781447057015898450e-01
1.004002749410690898e+00
9.829977050093988700e-01
9.864410396681060345e-01
9.969419790526556913e-01
9.829760213248383005e-01
9.810728005403758223e-01
9.902479425963213178e-01
9.921107732959409953e-01
9.900356276232384900e-01
9.966243672396526421e-01
1.001160990573412457e+00
9.912156314852774708e-01
9.932862696891593401e-01
1.005888722990795126e+00
1.007637487758531014e+00
1.006874432853876344e+00
9.996249069060509918e-01
9.894440101293827672e-01
1.006771619690692399e+00
9.970281630973473197e-01
9.905548007669267019e-01
9.925427085350199130e-01
9.836793598634713254e-01
9.980597695500188493e-01
9.801804180203673722e-01
9.962610760499883700e-01
9.840234164481845847e-01
9.797199857066591910e-01
9.952634703745776301e-01
9.837340371292638830e-01
9.862437084351485250e-01
9.865653633304004577e-01
9.980408455537473911e-01
9.981123607226457528e-01
1.000616944871382641e+00
9.975388170894424755e-01
9.976003609419051843e-01
9.891923223061843684e-01
9.952767928941989029e-01
9.975387996465777674e-01
9.992331154622335898e-01
1.004023273441150499e+00
9.971564298590930298e-01
9.953733322851627818e-01
1.006280059424009110e+00
9.995283756740814818e-01
1.002186287085237826e+00
9.841145306344032395e-01
9.957888166736950097e-01
1.000032136438903319e+00
9.957542280396208811e-01
9.953361388258886722e-01
1.003098292636743771e+00
1.010015194211656420e+00
1.012327901383425877e+00
1.006949441277799728e+00
9.957703732791624018e-01
1.009206832572774326e+00
9.974659856551280068e-01
1.004189829346538332e+00
1.009766248075604222e+00
9.966837166240231083e-01
9.930359215294269903e-01
9.995072915228871979e-01
9.936815749036366219e-01
1.001842642687757579e+00
1.004956232854782305e+00
1.005636911540658485e+00
1.003905041348856386e+00
1.002826234385314930e+00
1.007098347688846207e+00
1.003486720799268817e+00
1.009300576733049404e+00
9.990696943679790998e-01
9.987677093297790964e-01
9.992581758742792308e-01
9.996018364547607504e-01
1.004376867379933369e+00
9.932954363189643310e-01
9.959121901331982052e-01
9.963205257359741829e-01
1.002071447468285470e+00
1.000528141731035658e+00
9.997380259572674621e-01
9.963247714019587420e-01
1.002467346414676497e+00
1.004461140765648075e+00
9.982358709258492002e-01
9.978982262302901196e-01
9.996708070785209621e-01
1.003587873523732243e+00
9.948479672861350043e-01
1.002879635674331693e+00
1.001146840604344446e+00
9.988153433760132982e-01
1.000991568652942476e+00
9.985170415505244534e-01
1.001307009828497741e+00
9.969178918056225136e-01
9.900754441159740349e-01
9.896941866817828837e-01
9.933366970706879462e-01
9.974908203490423508e-01
9.863304666135854770e-01
9.928141702088080223e-01
9.952778936589301573e-01
9.896236849812772851e-01
9.966834647203272057e-01
9.892164432468919522e-01
1.003037633725075484e+00
9.966865271230052059e-01
1.000309624206065839e+00
9.989796950810400089e-01
1.001670568362171387e+00
9.968289271014847408e-01
9.942554315749805305e-01
9.980756538876744965e-01
9.913084200722647177e-01
9.985540875677544337e-01
1.002242612153717793e+00
9.984400536006580174e-01
9.991715446476139295e-01
9.897169427845957657e-01
9.931911554847343560e-01
9.956137057491653009e-01
1.002829431010572980e+00
1.000986114050393061e+00
9.929421658933156314e-01
9.984249249711634189e-01
9.967056574191407448e-01
9.907874073027620465e-01
9.961461343098741983e-01
9.978708291145265141e-01
1.005222002957857574e+00
9.971429222431961170e-01
9.999639310994526964e-01
1.000894090873055031e+00
9.944323049347278953e-01
9.952513478794675628e-01
9.958558338570474566e-01
9.909942386463217456e-01
9.975174944929356968e-01
9.948829839425992194e-01
9.978884270892022235e-01
9.946839046754945013e-01
9.972597852553990450e-01
9.992866139477979415e-01
1.000313614545231600e+00
9.911960769571097618e-01
9.907140023614644520e-01
9.984739675253546665e-01
1.002270174679262826e+00
9.949859074869761288e-01
9.913130822971459866e-01
9.949702689719559512e-01
9.956881924756766367e-01
9.980126117236672867e-01
9.945319370180062402e-01
9.935573286880549082e-01
9.948797169596713674e-01
9.938253719374131601e-01
9.968949723610360802e-01
9.945993456148937151e-01
1.000704305200334820e+00
9.904522080452983213e-01
9.933489689170860171e-01
9.987967124834240540e-01
9.925822325104719512e-01
9.926807275159105215e-01
9.885851509618612809e-01
1.000877717000069556e+00
9.941627446527524503e-01
9.946676518693835511e-01
9.990257332734554518e-01
