0.000000000000000000e+00
0.000000000000000000e+00
0.000000000000000000e+00
0.000000000000000000e+00
0.000000000000000000e+00
0.000000000000000000e+00
0.000000000000000000e+00
0.000000000000000000e+00
0.000000000000000000e+00
0.000000000000000000e+00
0.000000000000000000e+00
0.000000000000000000e+00
0.000000000000000000e+00
0.000000000000000000e+00
0.000000000000000000e+00
0.000000000000000000e+00
0.000000000000000000e+00
0.000000000000000000e+00
0.000000000000000000e+00
0.000000000000000000e+00
0.000000000000000000e+00
3.448532429048953990e-02
1.004894296699650358e+00
3.336527038990081184e+00
3.349692924352706491e+00
1.856797632757874794e+00
8.481972965351474159e-01
3.824370925614573591e-01
1.956546277455056826e-01
2.235530071740982339e-01
8.272760306996401747e-01
1.720189104986683537e+00
1.900116858102873563e+00
1.465686493339477536e+00
9.813590284316336954e-01
6.798279146278490837e-01
5.577005809801725000e-01
5.423766296278460519e-01
5.968484423522856241e-01
6.789601369715209112e-01
7.880734900757224715e-01
8.965334575532752925e-01
9.941278559105412027e-01
1.089211701240244246e+00
1.163574229100794666e+00
1.216005927948672793e+00
1.242131280024248552e+00
1.253566017822939527e+00
1.229131875378564498e+00
1.197386511884873661e+00
1.147060797279815247e+00
1.102168277167296262e+00
1.054323189571561015e+00
1.018651828239742763e+00
9.871195806366070968e-01
9.638491710781693644e-01
9.444572783629825441e-01
9.318559070202974137e-01
9.199489490353029986e-01
9.136511151501877093e-01
9.138935846279566677e-01
9.194972423062411915e-01
9.292379257059155684e-01
9.433089114606071357e-01
9.551871711206386673e-01
9.693119255358307873e-01
9.821100608330125548e-01
9.945111553920097380e-01
1.005004104903348017e+00
1.016392715662036927e+00
1.021896236806205671e+00
1.024316243073355892e+00
1.027997560935924426e+00
1.026240153529262900e+00
1.023271739554016069e+00
1.019285528632848159e+00
1.013687642676694756e+00
1.009724387684571179e+00
1.009410382517760052e+00
1.003427073405245284e+00
1.003171369846703076e+00
9.978647488519599706e-01
9.986175539726876993e-01
9.971399660959336941e-01
9.968983318797186577e-01
9.963702431129646264e-01
9.960863221485098951e-01
9.967804234652790640e-01
1.001100519607988737e+00
9.991349171513297378e-01
9.984858190277916545e-01
9.981111783722308450e-01
9.994849811045534160e-01
9.943085824399221506e-01
9.980593747569725949e-01
9.959133380592957163e-01
9.972586051307286148e-01
9.967364399284880383e-01
9.967471269779351051e-01
9.959460937125491631e-01
9.988187862115502913e-01
9.962173076702139918e-01
9.982124547952433424e-01
9.980775339905029186e-01
9.991114287701233776e-01
9.995070378154972124e-01
1.000006456431328905e+00
1.002195920782464666e+00
1.001840889474008955e+00
1.003774784345416782e+00
1.002176975531118064e+00
1.001161707492679076e+00
1.002264948621929275e+00
9.997550852465170168e-01
1.000435037133629912e+00
1.000872609026713267e+00
1.000473297437864062e+00
1.000421920919584373e+00
9.992555331581587375e-01
9.993361302342473884e-01
9.985668611372803261e-01
9.994954282536238077e-01
9.996339943058359934e-01
9.993879992586425232e-01
9.997076082847533574e-01
9.992526201066178615e-01
9.985704694832469031e-01
9.982407067129287492e-01
9.996728086354836895e-01
9.994594510449996694e-01
9.989001585587917731e-01
9.991964532845485358e-01
9.993674523475828408e-01
1.000211802897492230e+00
9.997972883812342726e-01
9.994996996449195814e-01
9.982593760077238532e-01
9.983182808887397508e-01
9.988761099592512460e-01
1.000719068472093465e+00
1.001270774737754055e+00
9.999729618653049323e-01
1.000178113433773497e+00
1.001301556314898589e+00
1.000475320005607349e+00
1.000132561582560031e+00
9.990096574194025081e-01
1.000509247024135018e+00
1.000655795893544697e+00
9.997899923533372091e-01
9.989747457157112098e-01
1.000925427266243561e+00
9.997744531071561802e-01
1.000442987494069680e+00
9.999171361346910203e-01
9.996488811663923890e-01
9.985526926301152573e-01
1.000795628727994657e+00
9.993903792154126275e-01
9.999817431593074346e-01
9.998976567310204899e-01
1.000393416552714632e+00
1.000214290935790507e+00
1.000282042609323963e+00
9.995371074894299213e-01
1.000864503695927832e+00
1.001023897585878952e+00
1.000634316865800066e+00
1.000363683936069226e+00
1.000146529508506799e+00
1.000679704397963610e+00
1.000090463976785582e+00
9.999833983172241592e-01
9.995902120076535224e-01
9.989823575489595875e-01
9.987838283269058204e-01
1.001096323931549792e+00
1.000036264513172402e+00
9.997490344656274619e-01
1.000250718414533058e+00
1.000154975023484161e+00
1.000433505595965888e+00
1.000946699021471265e+00
9.992727671315027038e-01
1.000463319473842594e+00
9.993427155937096851e-01
9.995408242468796223e-01
1.000074120831503377e+00
1.000456336865028106e+00
9.998811340047095708e-01
1.000408503525529458e+00
9.998681097745856228e-01
1.000651184585243048e+00
1.000323236862607379e+00
9.993373757448729133e-01
1.000236346611544258e+00
9.995891653083089912e-01
1.000619809378426650e+00
9.997015561366416891e-01
9.997182938212727521e-01
1.000071950839678925e+00
9.999301864784307936e-01
1.000270190373579782e+00
9.995913651405002875e-01
1.000468999676324744e+00
1.000411106255310489e+00
9.997126975631870360e-01
1.000481462403738364e+00
9.993863504308487800e-01
9.997091936385014144e-01
9.999007342222956396e-01
1.000089469926254582e+00
1.000080279152427698e+00
1.000421566361209491e+00
9.992881286472690139e-01
1.000316155273582197e+00
1.000099825550083921e+00
9.997922876387486113e-01
9.995256472030257244e-01
1.000681741263407920e+00
9.992539239439274246e-01
1.000039230780042754e+00
1.000323985072410604e+00
9.997533746930774567e-01
1.000160451720156995e+00
9.994030307062381491e-01
1.000271175596510131e+00
1.000271611777113989e+00
1.000436501542039558e+00
1.000683826694938494e+00
1.000173453084994835e+00
1.000936362075171893e+00
9.998300531873626218e-01
1.000870137108522240e+00
1.000594246707949830e+00
1.000273610971938787e+00
9.999114254751811925e-01
9.998458649279204913e-01
1.000569329972538224e+00
9.997785709256443720e-01
1.000904543016143844e+00
1.000495325069787000e+00
9.999449001231304202e-01
1.000135214467898104e+00
9.996800356092001572e-01
1.000543640657217015e+00
9.998640320555555183e-01
1.000621725809298646e+00
1.000387377250802068e+00
1.000249950958133738e+00
1.000144266343264920e+00
9.994778925873230024e-01
9.999582806112304878e-01
1.000351155253338842e+00
9.997745055240382372e-01
9.997706034890920801e-01
1.000426209683342726e+00
1.000808414874130747e+00
1.000281898407642922e+00
9.992968777483196563e-01
1.000450389289716080e+00
1.000623609915720635e+00
1.000836784270069835e+00
9.997090828619236147e-01
1.000181972517042439e+00
9.995383222657130418e-01
9.999813001465777118e-01
1.000314398685511419e+00
1.000125007785633180e+00
1.000094540221023065e+00
1.000528001333978345e+00
1.000182486237025881e+00
1.000354928228233797e+00
1.000741053115170587e+00
1.000396687393653394e+00
1.000652585887325863e+00
9.998364910500728842e-01
1.000330080709355363e+00
1.000439073053470906e+00
1.000104854026263146e+00
