0.000000000000000000e+00
0.000000000000000000e+00
0.000000000000000000e+00
0.000000000000000000e+00
0.000000000000000000e+00
0.000000000000000000e+00
0.000000000000000000e+00
0.000000000000000000e+00
0.000000000000000000e+00
0.000000000000000000e+00
0.000000000000000000e+00
0.000000000000000000e+00
0.000000000000000000e+00
0.000000000000000000e+00
0.000000000000000000e+00
0.000000000000000000e+00
0.000000000000000000e+00
0.000000000000000000e+00
0.000000000000000000e+00
0.000000000000000000e+00
0.000000000000000000e+00
0.000000000000000000e+00
0.000000000000000000e+00
0.000000000000000000e+00
0.000000000000000000e+00
4.186048971828091464e-02
8.275062148790418570e-01
2.792445235674572146e+00
3.307599858088152711e+00
2.095701889890665193e+00
9.949028036447319367e-01
5.142204282829986317e-01
2.888802941449983841e-01
1.889708468136194475e-01
2.159381130214884092e-01
2.210238388623732841e-01
2.337889998700195815e-01
2.516491113355671660e-01
2.643727193016804922e-01
2.738786952810073339e-01
2.740299946723818714e-01
3.646416971606192825e-01
4.945394953430713447e-01
6.774843258466082263e-01
8.577371863107445815e-01
1.080682539104492745e+00
1.234675475143573786e+00
1.387225510061848244e+00
1.479982979481276661e+00
1.584341659828988558e+00
1.672653267507775654e+00
1.686620573669601164e+00
1.639290127593092894e+00
1.541424012511911634e+00
1.399909043205870507e+00
1.221667299113244898e+00
1.050494067394069919e+00
9.466810643823675431e-01
8.768552331523542520e-01
8.463777038452851009e-01
8.397315319759010022e-01
8.265386172034573375e-01
8.438983582573821307e-01
8.636883923506946115e-01
8.858115417823420046e-01
8.968948370440571471e-01
9.269582246847301032e-01
9.600007398807524073e-01
9.630737630958812190e-01
9.641319670418274645e-01
1.023463194899580708e+00
1.026366440739528763e+00
1.012581556700383745e+00
1.025060769975766117e+00
1.019627957565830467e+00
1.027782235072811856e+00
1.030945506591407712e+00
1.001139503976548273e+00
9.998360178499308137e-01
9.667277739190125452e-01
9.390490560142040755e-01
9.484576068313088637e-01
9.247671800296770606e-01
9.235435434668964882e-01
9.424227999644454457e-01
9.366152128160502022e-01
9.452914701397615582e-01
9.319947814682133513e-01
9.535693450722506626e-01
9.511902056982650677e-01
9.653019348951656919e-01
9.820513421596577253e-01
9.672220925579979589e-01
9.966118708576715557e-01
9.864780014224576732e-01
9.825176114219251744e-01
9.810920972686213437e-01
9.937699518160026946e-01
9.910515866544341579e-01
9.762830570484830606e-01
9.790150815216575042e-01
9.765342818875663022e-01
9.854126318022379261e-01
9.705999814581103280e-01
9.673601839665766366e-01
9.719177472481012048e-01
9.502350992520929296e-01
9.734525586894956506e-01
9.643574577870751563e-01
9.882728112357466177e-01
9.838437439765107539e-01
9.859830153783571971e-01
9.690326715189114815e-01
9.861390105350650304e-01
9.776331313250227195e-01
9.853133547753217814e-01
9.963653018516439586e-01
9.843388683223659452e-01
9.851084110405904370e-01
9.909901482868280764e-01
9.870803741956299948e-01
9.881822044355070833e-01
9.891166484225458744e-01
9.826274088548583308e-01
9.908812776635845809e-01
9.889807372575659672e-01
9.910911958074943851e-01
9.930529753765106049e-01
9.937986763073936025e-01
9.799065622921213636e-01
9.882550531890399448e-01
9.908187189029065145e-01
9.991067101343188428e-01
9.936440158036731196e-01
9.892476186703127450e-01
9.910100666781755940e-01
9.867705635505088502e-01
9.952738262591773744e-01
9.859042323078351933e-01
9.874033438047346012e-01
9.899146097147264456e-01
9.893158784698909969e-01
9.881687350692504035e-01
9.879719362614284295e-01
9.864427806354871819e-01
9.835164573955057499e-01
9.896042745857571710e-01
9.864744876671108775e-01
9.832815521754062482e-01
9.973644503351956070e-01
9.920926020358584729e-01
9.841970044178810495e-01
9.965128325500876016e-01
9.947757168100965774e-01
9.923368745484032472e-01
9.990944935995913490e-01
9.954920024774022158e-01
9.912876405091758381e-01
9.934855623090658172e-01
9.986861988478069607e-01
9.981753552681240649e-01
9.896389653750595761e-01
9.949503161121341366e-01
9.850194372508004337e-01
9.947211107301747735e-01
9.870127493444679212e-01
9.926171321070184073e-01
9.913609583768201450e-01
9.803648560142221857e-01
9.884652909070597016e-01
9.863779400894505667e-01
9.875652365429109514e-01
9.768930895160662375e-01
9.850977287581310637e-01
9.926556393610902473e-01
9.920024934209967782e-01
9.917474778202519659e-01
9.878182379063832341e-01
9.806757659853198028e-01
9.913738010371486720e-01
9.780488088106856770e-01
9.891716816667991408e-01
9.933587799368882587e-01
9.844416854179376397e-01
9.838423700703230468e-01
9.974207843761385694e-01
9.911035029463075574e-01
9.955607096288248137e-01
9.949145181612235600e-01
9.825554204718073281e-01
9.810071214339054491e-01
1.000188433321016479e+00
9.868169580978500832e-01
9.878541135344850455e-01
9.915289308282045910e-01
9.850058656552137526e-01
9.945502802888600558e-01
9.880589228001915858e-01
9.899705579013404755e-01
9.972344646693659387e-01
9.931545500154375095e-01
9.988829157917474832e-01
9.930868191792926458e-01
9.942814580404650826e-01
9.859891139054338671e-01
9.831926729666954357e-01
9.917617753687191229e-01
9.883131248477343700e-01
9.881178954642874102e-01
1.001714515240172521e+00
9.947200358987428048e-01
9.979604830058076415e-01
9.993575196366649704e-01
1.000434651968812760e+00
9.952700919421382242e-01
9.935934846389606889e-01
9.899468163241761376e-01
9.935384741209573045e-01
9.863083715740302848e-01
9.982874769153505801e-01
9.947482464192942686e-01
9.949097249121259257e-01
9.941329427748802905e-01
9.892871691187629102e-01
9.918365184547974778e-01
9.969412900225196328e-01
9.959816362314256599e-01
9.900829066409632118e-01
9.929430253709543575e-01
9.894653886210016402e-01
9.926239548428709147e-01
9.898081419023936345e-01
9.973455015353761555e-01
9.952076919972902003e-01
9.990452028218458347e-01
9.974051507008572237e-01
9.967078531654209872e-01
9.876587720976695017e-01
9.963225961460698832e-01
1.000514103465591775e+00
9.912807504890336352e-01
9.939761385473400157e-01
1.002073255487526682e+00
9.949914112078033224e-01
9.904486424561308455e-01
1.001377579534781015e+00
9.961554421792709890e-01
9.951396070789139126e-01
9.952560777610129916e-01
9.942098187455996605e-01
9.954992906552061482e-01
9.902509575089080140e-01
9.952226764880356402e-01
9.983021071457482964e-01
9.952129723821604435e-01
9.981737777055655902e-01
9.994801260796789544e-01
9.935845880167927247e-01
1.000275299587985334e+00
9.935962730117983144e-01
1.000340563921357839e+00
1.000740556950585392e+00
9.959786252213556068e-01
9.953632166213717269e-01
9.953168357794478505e-01
1.001889120648401521e+00
9.986007321757640609e-01
9.925552855317283374e-01
1.004170726597252816e+00
1.001735864755728844e+00
9.910983620180184861e-01
9.985836163217675088e-01
9.924531132662492983e-01
9.998256529121095637e-01
9.922601530711527840e-01
9.971479414424114784e-01
9.924492011166357042e-01
9.921823944199302803e-01
9.993379842409002567e-01
9.955144859202887941e-01
