0.000000000000000000e+00
0.000000000000000000e+00
0.000000000000000000e+00
0.000000000000000000e+00
0.000000000000000000e+00
0.000000000000000000e+00
0.000000000000000000e+00
0.000000000000000000e+00
0.000000000000000000e+00
0.000000000000000000e+00
0.000000000000000000e+00
0.000000000000000000e+00
0.000000000000000000e+00
0.000000000000000000e+00
0.000000000000000000e+00
0.000000000000000000e+00
0.000000000000000000e+00
0.000000000000000000e+00
0.000000000000000000e+00
0.000000000000000000e+00
0.000000000000000000e+00
3.602214716422851709e-02
1.039727939168859638e+00
3.387550783584059033e+00
3.333066954428043793e+00
1.829612396663628182e+00
8.251091223419232401e-01
3.728179942293329274e-01
1.899137142836991865e-01
2.217548011759618021e-01
8.388121914955420921e-01
1.738885604301647847e+00
1.901297162653153849e+00
1.454945116149537032e+00
9.677147097273360865e-01
6.732188065166883062e-01
5.487489849723464763e-01
5.395441767293054358e-01
5.902899478363068386e-01
6.847430421266285094e-01
7.910998364949451966e-01
8.985321685680776049e-01
1.006410928100017088e+00
1.092296340912818353e+00
1.171999100685331419e+00
1.216264665776490173e+00
1.255810859508011523e+00
1.254768171950002342e+00
1.237057027066359005e+00
1.196195606402974621e+00
1.147826592592577688e+00
1.097538651780751717e+00
1.051461528812431157e+00
1.016634829165637965e+00
9.846653618230601923e-01
9.609538453791192092e-01
9.431681065067597514e-01
9.277867616840339560e-01
9.195059954615499853e-01
9.195543469973761486e-01
9.138923211375004074e-01
9.193785386445689767e-01
9.313364549812238602e-01
9.404034922908971472e-01
9.602120468501978978e-01
9.753181860179939155e-01
9.866093345211545129e-01
9.981521222251096281e-01
1.009672969305248635e+00
1.013725150152460897e+00
1.023103689303515695e+00
1.026455949421438030e+00
1.027491111021487047e+00
1.027425814347457500e+00
1.024711592262802728e+00
1.021508698847629626e+00
1.014478429909390078e+00
1.010888159301676748e+00
1.005804650558728142e+00
1.005382647923584116e+00
1.002565657194694149e+00
9.997184670679084562e-01
9.973781808821441386e-01
9.980625952214957630e-01
9.988125076119329648e-01
9.977952717943727734e-01
1.001672932276539196e+00
1.000203863896444556e+00
9.996604274263530820e-01
1.002736178938609779e+00
1.000937231270765171e+00
9.993826697594181407e-01
9.984669242508614762e-01
1.001374252110803553e+00
9.964593936920861372e-01
9.982510031091107461e-01
9.983798729343376088e-01
9.971079978657447773e-01
9.952356003142223129e-01
9.985173199565511304e-01
9.992472539300389922e-01
9.993963452881369225e-01
9.985817173708235739e-01
9.979458868223496371e-01
9.992829495386941208e-01
1.001711998000470061e+00
1.001466225713520952e+00
1.002397059549774205e+00
1.003150616421999874e+00
1.001782443287836610e+00
1.004982825287104919e+00
1.001773597162165297e+00
1.003171417683968558e+00
1.000686456673488767e+00
1.001309810032509073e+00
1.001006295584531358e+00
1.002171848989058089e+00
1.001299863005389756e+00
1.001182514039562932e+00
1.001060898553064460e+00
9.997914462369650312e-01
9.995830825433337230e-01
9.985714557557575644e-01
9.981071522881707070e-01
9.996425693421168157e-01
1.000381484880360938e+00
9.983029032995412999e-01
9.977944616663010358e-01
1.001153325947989892e+00
9.996956788964743712e-01
1.000440322572627050e+00
9.995456309851427079e-01
1.000365991545386413e+00
1.000290528184579308e+00
1.000088492633948389e+00
1.000466529293788875e+00
1.001040179643446049e+00
9.997223952295238858e-01
1.000557833861546175e+00
1.000785633461398483e+00
1.001517342695525503e+00
1.000153414381284689e+00
1.001011542111791996e+00
1.001069579917929442e+00
1.000554076162802009e+00
1.001113992289049293e+00
1.000341129958179920e+00
1.000456859274810650e+00
1.000093423033450390e+00
1.000084228199390912e+00
9.997607696715166137e-01
1.000445595496935569e+00
9.999660432084300776e-01
9.987674787809747157e-01
9.994620911284531894e-01
9.996705636484867208e-01
9.993927512395093249e-01
1.000379077298388708e+00
9.995869827978289823e-01
9.993263815782723603e-01
9.994550529688988050e-01
1.000320586960294911e+00
9.994952467557280951e-01
9.999789119988008457e-01
9.995335727276558613e-01
9.991234153189324507e-01
1.000634353778357299e+00
1.000682857083398547e+00
9.994461636323160869e-01
1.000448855424579397e+00
1.001704788424335302e+00
1.001291473146873390e+00
1.000558105220336502e+00
1.000186803060850504e+00
1.000130601439900735e+00
1.000388051685588753e+00
9.997845052560674350e-01
9.997760823390817730e-01
9.996976037002692772e-01
9.994805369839964149e-01
1.000799699686308886e+00
9.993631157954008248e-01
1.000102616153483170e+00
1.000227551348402466e+00
1.001061944866838305e+00
1.000053994833807414e+00
1.000829272271261283e+00
1.000543008531934452e+00
1.000055243168322949e+00
9.996444503885969501e-01
1.000692242839382295e+00
1.000726296909341118e+00
9.995728631116312934e-01
9.997111015482458285e-01
1.000474131788991805e+00
1.000571542419544047e+00
9.996430674025753582e-01
1.000969761129855362e+00
1.000040242822610947e+00
9.999755600896789165e-01
9.986837169304786377e-01
9.998312323295983628e-01
1.000301268103445773e+00
1.000669635030918769e+00
1.000140602034345960e+00
9.998453421645175920e-01
1.000581444463921388e+00
9.999205574018027454e-01
9.986916186160964548e-01
9.994897152561076359e-01
1.000588589502435122e+00
1.000502576962522427e+00
1.000605314519489308e+00
1.000677186654876705e+00
1.000443738721160214e+00
9.999758210934063252e-01
9.997923113898470326e-01
1.000155122862299573e+00
1.000691670903742114e+00
1.000310898446908237e+00
1.000834675327127554e+00
9.994127787987361344e-01
1.000254154333041434e+00
1.000054383099827415e+00
1.000117128384079068e+00
9.998999374490336045e-01
9.990160410444870465e-01
1.000632342950710685e+00
9.998845070261553891e-01
1.000859611459627319e+00
9.991662428441405730e-01
9.990509409969282606e-01
1.001120121035935950e+00
1.000135637616882400e+00
1.000074160210480789e+00
9.999905628160622451e-01
1.000469145579731878e+00
9.997455647783064503e-01
1.000446860148086259e+00
1.000354358819012912e+00
9.997984685821196260e-01
1.000725878768374821e+00
1.000726393968272676e+00
9.995462359516751327e-01
1.000754472038080101e+00
1.000448910982334461e+00
9.994521994323100067e-01
1.000656947824424714e+00
1.000105160727080778e+00
9.993813199254988344e-01
9.996484287134355107e-01
1.000633492873777008e+00
9.990884592370646855e-01
1.000653785006295093e+00
1.001035221673354236e+00
9.990354196026225431e-01
9.996551903248553916e-01
9.999359031430287148e-01
1.000380930126543833e+00
1.000232195870001561e+00
1.000445479906374224e+00
1.000181358638964513e+00
9.990726665674607432e-01
1.000397385854436383e+00
9.999935400216456438e-01
9.996166984853905868e-01
9.997480708530142035e-01
1.000241046814168699e+00
1.000714557543326944e+00
1.000108984097737741e+00
1.000406921800550464e+00
1.000164448145138829e+00
1.000298034147179660e+00
9.997034092964282026e-01
1.000157859392138304e+00
1.000139039050569112e+00
1.000253172813337033e+00
1.000347655197143526e+00
1.000527623930123955e+00
9.999341292934232905e-01
