0.000000000000000000e+00
0.000000000000000000e+00
0.000000000000000000e+00
0.000000000000000000e+00
0.000000000000000000e+00
0.000000000000000000e+00
0.000000000000000000e+00
0.000000000000000000e+00
0.000000000000000000e+00
0.000000000000000000e+00
0.000000000000000000e+00
0.000000000000000000e+00
0.000000000000000000e+00
0.000000000000000000e+00
0.000000000000000000e+00
0.000000000000000000e+00
0.000000000000000000e+00
0.000000000000000000e+00
0.000000000000000000e+00
0.000000000000000000e+00
0.000000000000000000e+00
3.383215090216262072e-02
1.010067981224659128e+00
3.305321856771290090e+00
3.276943139320391385e+00
1.824525905232059930e+00
8.374664294392807351e-01
3.830391245230029273e-01
2.032311699058894361e-01
2.309457436896359683e-01
8.437833910605577747e-01
1.737867420350918568e+00
1.909827772129881973e+00
1.464308331517235162e+00
9.985394982642821216e-01
7.282465118113826685e-01
6.233623528576042183e-01
6.214621859310134333e-01
6.751743794715634461e-01
7.571362380567460137e-01
8.452024625745115927e-01
9.403468257312129763e-01
1.023878332843452865e+00
1.095875279843216532e+00
1.149020053219137916e+00
1.190696102668022949e+00
1.205615879046830541e+00
1.205097376308930768e+00
1.182733442034478388e+00
1.150091187177843866e+00
1.114088377023099818e+00
1.072612896347812539e+00
1.036047173039458702e+00
1.004280178286899305e+00
9.749279609056135110e-01
9.494180487896783927e-01
9.363372079717255936e-01
9.262350806973428385e-01
9.243198351550671044e-01
9.239243064147727447e-01
9.270843405431556938e-01
9.351050905935780477e-01
9.467484807349988429e-01
9.588832689284044752e-01
9.728138196569322549e-01
9.810894911528751372e-01
9.903458055311500363e-01
9.988264840863787519e-01
1.003301011528814346e+00
1.009891935659055440e+00
1.014453308280517829e+00
1.019430847746878532e+00
1.021445307611442699e+00
1.020863171998685148e+00
1.020572598102141404e+00
1.018888659893676163e+00
1.015582895936466556e+00
1.012873172180750903e+00
1.008886241033965625e+00
1.003738833858307089e+00
1.000946402912327837e+00
1.001907140425311926e+00
9.988570027526134654e-01
9.983570771090746199e-01
9.961294085453318292e-01
9.967158762670000893e-01
9.959483551611401086e-01
9.971671549443923421e-01
9.962648002522672686e-01
9.969537379656987497e-01
9.956134500880846616e-01
9.953922593179241884e-01
9.961964852228117895e-01
9.969801806680915757e-01
9.949788583360577032e-01
9.961134902338474317e-01
9.965322116392607565e-01
9.976085847165334641e-01
9.984755978038757362e-01
9.996128118867411150e-01
1.000187353234508247e+00
1.001782272934291118e+00
1.001514004725372331e+00
1.002575371468102938e+00
1.002278748762772453e+00
1.001882117849964393e+00
1.002045160659074785e+00
1.002581891068247577e+00
1.001572553847625890e+00
1.002175146338055933e+00
1.002061036656700654e+00
1.000740376116725061e+00
1.001591184133290957e+00
1.000553836416858466e+00
9.996223713600901339e-01
9.998723239106298566e-01
9.996874245151110561e-01
9.990377457200565470e-01
9.998643017084425377e-01
9.994004769313991066e-01
9.997138113851636865e-01
9.989959906526303390e-01
9.989771154682668408e-01
9.999632855957744093e-01
1.000741118639134175e+00
9.999484696312430643e-01
1.000502978593221126e+00
1.000882661910734273e+00
1.001450448392815051e+00
1.001396384070109447e+00
1.000494675565406943e+00
1.001979275010859149e+00
1.001208451911771435e+00
1.002078846041858817e+00
1.002397463379335774e+00
1.001096911901742992e+00
1.000842085322435349e+00
9.998203126452308576e-01
9.997561644263130987e-01
9.992561447593081292e-01
9.998821343021343511e-01
9.992370112195334553e-01
9.991367842983135406e-01
9.992531893966675183e-01
9.985909671946668897e-01
9.997251338450319214e-01
9.998150927952307310e-01
9.997046628010046732e-01
1.000918482073005489e+00
9.993981489701261323e-01
1.000139052602673440e+00
1.000798011771093954e+00
1.001025042290809353e+00
1.001783929677815710e+00
1.001792542802586894e+00
1.001143235220763428e+00
1.001320243718732961e+00
1.001153360291808792e+00
1.001634873858441965e+00
1.000566143309504996e+00
1.001114731117411782e+00
1.000425129967670745e+00
1.000738570423187257e+00
1.000527559095557573e+00
9.992520968892979472e-01
1.000103741384843481e+00
1.000292840838247210e+00
1.000114972492690990e+00
9.999208217381378994e-01
1.000210795873012648e+00
1.000252554508438418e+00
1.000165933986143063e+00
1.000490880150002315e+00
1.000175994072806551e+00
9.997594816828075936e-01
1.000407596319829340e+00
9.998054098049410365e-01
1.001241984826982900e+00
1.000147659912358655e+00
1.001126116949810019e+00
1.000824721070634249e+00
1.000600518623507185e+00
9.995777108912091702e-01
1.000421999892404656e+00
1.000437008998636079e+00
1.000811724996343299e+00
1.000742324870876443e+00
1.001172825636075459e+00
1.000464641108878894e+00
9.997742360130977834e-01
1.000139893556131421e+00
9.999506586754461912e-01
9.999901366493041399e-01
9.997557224503549334e-01
1.000529214571940217e+00
9.997592923229795536e-01
1.000376901435390486e+00
1.000031164795983862e+00
9.996896521712478334e-01
1.000604500914514583e+00
9.998264551327102900e-01
1.000711931416645051e+00
1.000092213056994694e+00
1.000254885284558970e+00
1.000086461349873002e+00
9.996480911700103000e-01
1.000316479159101490e+00
9.998802839253208008e-01
1.000010356029565006e+00
9.995662123496603657e-01
9.999267276355751077e-01
1.000390721499599289e+00
1.000538287760315503e+00
1.000308786736963995e+00
1.000220359364492495e+00
9.997642225220316758e-01
1.000055198934106215e+00
1.000005703192843542e+00
1.000312326597209367e+00
9.997567816720014378e-01
1.000083460410555514e+00
1.000279524429779521e+00
1.000517847969234486e+00
1.000456649747358595e+00
1.000311656628005919e+00
9.996264756344367397e-01
9.995546668477776064e-01
1.000426871209787016e+00
1.000171689630476868e+00
1.000097971650171225e+00
1.000468922427578455e+00
9.992704110524840422e-01
9.995964075390924020e-01
9.998005367200529792e-01
9.999901771717947252e-01
1.000291762278746388e+00
9.997861131848400085e-01
9.999805913742987329e-01
9.997347485998755445e-01
9.999091618080596655e-01
9.998604421302443868e-01
9.998990041202657775e-01
1.000129418791678049e+00
1.000020627939363305e+00
1.000277025155986488e+00
1.000478141582861857e+00
1.000256607269207398e+00
1.000238086072757770e+00
9.999178982552443529e-01
9.997389146524705561e-01
1.000268100612497379e+00
9.999412474240113591e-01
9.996679301210459334e-01
9.998784898304634572e-01
9.994913635609021796e-01
1.000337095299786538e+00
9.996546471096607878e-01
1.000014160810968278e+00
1.000230154161809493e+00
1.000120189057470022e+00
9.998650230382740700e-01
9.998342101932762294e-01
1.000216754748384673e+00
9.996472205474318251e-01
9.997116138041323152e-01
9.971897526382864640e-01
9.863240904319019453e-01
9.756099465836455265e-01
9.649316694816855167e-01
9.534516782487941766e-01
9.421858308213572064e-01
9.317832388174770442e-01
9.208817367111177266e-01
9.104427749689427696e-01
8.994609413154822652e-01
8.891109868840054720e-01
8.783458869586353579e-01
8.684995079877658730e-01
8.578511275678382120e-01
8.476000734201477593e-01
