0.000000000000000000e+00
0.000000000000000000e+00
0.000000000000000000e+00
0.000000000000000000e+00
0.000000000000000000e+00
0.000000000000000000e+00
0.000000000000000000e+00
0.000000000000000000e+00
0.000000000000000000e+00
0.000000000000000000e+00
0.000000000000000000e+00
0.000000000000000000e+00
0.000000000000000000e+00
0.000000000000000000e+00
0.000000000000000000e+00
0.000000000000000000e+00
0.000000000000000000e+00
0.000000000000000000e+00
0.000000000000000000e+00
0.000000000000000000e+00
0.000000000000000000e+00
3.528943319018203878e-02
1.004968733204914866e+00
3.308069799805903877e+00
3.271955248684100592e+00
1.825569823991576301e+00
8.387596013200845357e-01
3.863904176665733936e-01
1.990449673388311469e-01
2.301693106629598140e-01
8.500027965949913389e-01
1.737104940387735441e+00
1.902903702417313658e+00
1.463714093334021360e+00
9.994869842988854947e-01
7.247684868993954366e-01
6.244976713457528472e-01
6.219078566224481852e-01
6.752997923468010422e-01
7.541036904878899438e-01
8.462416095598100929e-01
9.400792249011851176e-01
1.024576580672119208e+00
1.094963449197537297e+00
1.148378451825035285e+00
1.188135460589375469e+00
1.202706977938179600e+00
1.203117709898993803e+00
1.185242120091501539e+00
1.153500308240622552e+00
1.110596698791869619e+00
1.076059451383113652e+00
1.035496805585414348e+00
1.004376908206343622e+00
9.714271780725025618e-01
9.497362118772889605e-01
9.337105322329252166e-01
9.253776799945786502e-01
9.235085404473879489e-01
9.232175115228781204e-01
9.252971571566790399e-01
9.314644648463801246e-01
9.458409336113235977e-01
9.576000348511999327e-01
9.706270565109882398e-01
9.807780110530930351e-01
9.915586030284913033e-01
9.981258346368668821e-01
1.004705226671704255e+00
1.009715772201772443e+00
1.012350749722597865e+00
1.017619934665056736e+00
1.019106454522501037e+00
1.020409681660833012e+00
1.018726815785590656e+00
1.020667513098868939e+00
1.015620036435664675e+00
1.011922836766659062e+00
1.009494665219130782e+00
1.005023465012097050e+00
1.002885710079645998e+00
9.983904875144452573e-01
9.972704518321067191e-01
9.980995577370950222e-01
9.951814382157728733e-01
9.944199607647982164e-01
9.967036820671661967e-01
9.954801176837391186e-01
9.954266406708269788e-01
9.966457717530015081e-01
9.966597443222883212e-01
9.952864069733476926e-01
9.950194384520931745e-01
9.959294807890649581e-01
9.958412461557697437e-01
9.972724065264489957e-01
9.958628040950271432e-01
9.975885020235926159e-01
9.979798668325138289e-01
9.992044301132579909e-01
9.999964602537682046e-01
1.000481625650592177e+00
1.000203113041876701e+00
1.001749417206512227e+00
1.001840646640516752e+00
1.001591049959662083e+00
1.002254308039309150e+00
1.001230521259396156e+00
1.002080008910688269e+00
1.000829877184024275e+00
1.001209876052592040e+00
1.000981641764508101e+00
1.000296946929351227e+00
1.001134141102602904e+00
1.000319506465121799e+00
9.986264303665998154e-01
9.996144183996255039e-01
9.994648224553843718e-01
1.000343715905282593e+00
9.982048277133602765e-01
9.990050565299380958e-01
9.991271127569740784e-01
9.995147242156880996e-01
9.994731898436960416e-01
1.000179438278238075e+00
1.000148540502630023e+00
1.000950719344686046e+00
1.001152959739855408e+00
1.001018276116593997e+00
1.001825502335382589e+00
1.001436163003417201e+00
1.001514346233320252e+00
1.001806476282657954e+00
1.001223496324155970e+00
1.001133317498338116e+00
1.000447322660494187e+00
9.997738687091390908e-01
1.000534969737440827e+00
1.000242801827076367e+00
9.982423950798716694e-01
9.991413085745620704e-01
9.990289729218139181e-01
9.995614478242261791e-01
9.988764989897306323e-01
9.999269638510236424e-01
9.999829802713364746e-01
9.986527670741451868e-01
9.991764125262524443e-01
9.991261539630964528e-01
1.000428151676840960e+00
1.000308990555501598e+00
1.001077480057642299e+00
1.000445936977179651e+00
1.000784697605852314e+00
1.001290167701798017e+00
1.000222858954686656e+00
1.001674876463268582e+00
1.000879653395866598e+00
1.001580377134589472e+00
1.001010792528649995e+00
1.001057201810618302e+00
1.001561053077555608e+00
1.000545810831965587e+00
1.000124338682482295e+00
9.998335198173700089e-01
1.000052810616069765e+00
1.000022636948632249e+00
1.000107937844890049e+00
9.993720682840454561e-01
9.994163902320831738e-01
9.996850855932273294e-01
1.000314317946647824e+00
9.992642337156236731e-01
1.000010806526535623e+00
9.996339053361861238e-01
1.000105186876162122e+00
9.999957337614123754e-01
1.000932410016481811e+00
9.994796817392908039e-01
1.000586309421109821e+00
9.996269503646180166e-01
1.000749239426604431e+00
1.000110803487836320e+00
1.000327366639212068e+00
1.000301491593786229e+00
1.000667237163803902e+00
9.998312406374865180e-01
1.000687946443183485e+00
1.000354561865670400e+00
1.000331773789871814e+00
1.000668860285925055e+00
1.001135571006193770e+00
1.000431476849953594e+00
1.000190641415842352e+00
1.000676745960547009e+00
9.998616900870420654e-01
9.999938490019633086e-01
1.000531762816315062e+00
1.000343307419405692e+00
9.997558668737859255e-01
1.000019536442314338e+00
1.000851509927344507e+00
9.998707098190346976e-01
1.000022255192952736e+00
9.999148024703320425e-01
1.000046455434874915e+00
9.999874363029858104e-01
1.000489838126084274e+00
1.000701471348788507e+00
1.000257116747276021e+00
1.000455929424143964e+00
9.998446349047389603e-01
1.000239166658454470e+00
1.000196943890200529e+00
9.998575944898925316e-01
1.000010067358596766e+00
1.000297462616441369e+00
1.000583939254428900e+00
1.000468110599514349e+00
1.000578563005540378e+00
9.999534392371755009e-01
1.000074594239102277e+00
9.995249486289130569e-01
1.000007201511724064e+00
9.997965866745682773e-01
9.998813470323512087e-01
1.000263244713438082e+00
1.000628577575835010e+00
9.999541402901402920e-01
1.000204874364165386e+00
1.000510159063688009e+00
1.000174718326294787e+00
1.000441456377423544e+00
1.000144843195428956e+00
9.999462386854964802e-01
1.000354180346676447e+00
1.000301064670504392e+00
9.995004518389515313e-01
1.000051774176276664e+00
9.999478498507523572e-01
1.000139143349779491e+00
1.000469903623715240e+00
9.996989844612259590e-01
9.999936740488613029e-01
1.000473208427765881e+00
9.999482966627004643e-01
9.997593537959208465e-01
1.000140999129805142e+00
9.996803095664104077e-01
9.998397959341949193e-01
1.000154493283188728e+00
9.999559616648159288e-01
9.997369540469310811e-01
9.997219320323342817e-01
9.995786184222629212e-01
1.000303475725654812e+00
1.000504660794260925e+00
9.998021247913361220e-01
1.000435396734736138e+00
1.000319022283353343e+00
1.000091927353383481e+00
1.000032086856888380e+00
1.000444131258925617e+00
1.000808039670719962e+00
1.000205518097365243e+00
9.965316801916346279e-01
9.868089897734541038e-01
9.753113404451544399e-01
9.640686891065829434e-01
9.531308102075822797e-01
9.420227380031552800e-01
9.316137260825395616e-01
9.210635286536351662e-01
9.100953981945016924e-01
8.996570244001241834e-01
8.894141883237937085e-01
8.790566347827886151e-01
8.678693577933351833e-01
8.581421912528373053e-01
8.472351074155243245e-01
