0.000000000000000000e+00
0.000000000000000000e+00
0.000000000000000000e+00
0.000000000000000000e+00
0.000000000000000000e+00
0.000000000000000000e+00
0.000000000000000000e+00
0.000000000000000000e+00
0.000000000000000000e+00
0.000000000000000000e+00
0.000000000000000000e+00
0.000000000000000000e+00
0.000000000000000000e+00
0.000000000000000000e+00
0.000000000000000000e+00
0.000000000000000000e+00
0.000000000000000000e+00
0.000000000000000000e+00
0.000000000000000000e+00
0.000000000000000000e+00
0.000000000000000000e+00
0.000000000000000000e+00
0.000000000000000000e+00
0.000000000000000000e+00
0.000000000000000000e+00
3.226754380553119306e-02
7.935698070344022748e-01
2.722119339543005445e+00
3.191413405848280149e+00
2.026930013251703855e+00
9.907621047681274273e-01
4.800793037617676617e-01
2.778520937509639799e-01
2.296032761411246348e-01
2.304336216010072769e-01
2.655866886674717042e-01
2.991156646329816149e-01
3.283401991895606997e-01
3.227683626656495108e-01
3.264170260288560277e-01
3.415993491705219265e-01
4.009843465600402834e-01
5.108479731428920978e-01
6.509185557033887459e-01
8.140475566962663834e-01
1.016469569841591758e+00
1.161018973653120900e+00
1.286215652759001404e+00
1.385334719598318554e+00
1.461322386816091612e+00
1.531690100673397614e+00
1.578098791815095936e+00
1.554117409569630182e+00
1.465861738609671505e+00
1.339132010868539835e+00
1.193604895646655173e+00
1.081930450465033777e+00
9.859569200413733636e-01
9.099129958528399120e-01
8.771587875494110120e-01
8.725099038462286183e-01
8.708248577300921056e-01
8.753187677297437075e-01
8.844202905345059929e-01
9.066382545963835859e-01
9.252046434396956620e-01
9.494954835955607964e-01
9.721485134722686050e-01
9.893915945841040838e-01
1.009143739063707690e+00
1.023559849378246289e+00
1.041623685804595523e+00
1.045421145972672550e+00
1.048382939476236508e+00
1.048809206577102193e+00
1.048303995907647446e+00
1.031436973513928601e+00
1.031402630771532491e+00
1.011809777036061009e+00
1.005306900898590206e+00
9.948074572355976031e-01
9.787834449192595043e-01
9.736060728097025718e-01
9.714646652386376147e-01
9.705974485928851037e-01
9.670293322087035737e-01
9.684729762921975293e-01
9.780611285707916380e-01
9.793109630682973465e-01
9.881034098218810513e-01
1.000762586125211184e+00
1.011438580809476573e+00
1.007267590655966716e+00
1.009257776492022085e+00
1.015852294706234060e+00
1.018148122616864493e+00
1.016600599597522470e+00
1.012007973230327762e+00
1.007770985344183634e+00
1.005212909323781156e+00
1.006842367577994724e+00
1.000989941101406044e+00
9.960367145356009422e-01
9.968419445107076227e-01
9.968558327603992408e-01
9.939428497247085881e-01
9.910934865453300269e-01
9.895192535839774095e-01
9.919089977636361688e-01
9.915554508645761933e-01
9.884944558975250484e-01
9.852054740073724615e-01
9.891688752006334573e-01
9.942570834350298314e-01
9.972928152724369610e-01
9.945667885355828908e-01
9.985958877017132584e-01
1.002172451740632297e+00
1.006229620041162676e+00
1.009767524985350828e+00
1.007586746799553401e+00
1.008443461603174995e+00
1.005550251610498158e+00
1.005587254650330831e+00
1.002856252242265711e+00
1.000544339379021652e+00
9.949169932135961680e-01
9.996463079627517789e-01
9.942095958124379518e-01
9.885269884063120349e-01
9.952777522772108254e-01
9.945989968764892275e-01
9.997637942416314205e-01
9.944339224615109663e-01
9.989646499593917151e-01
9.976616438776907403e-01
9.966541232221497459e-01
9.987796402048307876e-01
9.975206285649421689e-01
9.958855775403790966e-01
9.976015099094379668e-01
9.989201181449701705e-01
9.985243215535604122e-01
9.999556603414407885e-01
9.936469985503637581e-01
9.993280778690685207e-01
9.978864576128823050e-01
1.000397793575639405e+00
9.977522045321699506e-01
9.993701665393249778e-01
9.952454333524926033e-01
1.000484594871389632e+00
9.952193688495178936e-01
9.978557499540835485e-01
9.949654818652244881e-01
9.985858142937711346e-01
9.942215611656187724e-01
1.000176900178583628e+00
1.000207958023348720e+00
1.003347075442968306e+00
9.993641665406558516e-01
9.978984299227392496e-01
9.972333353467999206e-01
1.001207084751239762e+00
9.990019115632028379e-01
9.992989408483918812e-01
9.961286317752917618e-01
9.964187976384187850e-01
9.992264365631476908e-01
9.976432683094851317e-01
9.984258295091281710e-01
1.001820605269504449e+00
9.979121471530161269e-01
9.972169054164539137e-01
9.986936259061086618e-01
9.982904809465900087e-01
9.965177410677206193e-01
9.984533344569129776e-01
9.990156716955005400e-01
9.966945787638636922e-01
9.970506304815405230e-01
9.944991584888493996e-01
9.955281482277843486e-01
9.976002304888851313e-01
9.988124823496649096e-01
9.987868032621997072e-01
9.968766978840952753e-01
9.947927984145568114e-01
9.933905733637423685e-01
9.949049526726924109e-01
9.998082664453304957e-01
9.927725819698721699e-01
9.945477346131152974e-01
9.954583668524423778e-01
9.962231785402106965e-01
9.984714279230532119e-01
9.964136196886920205e-01
9.962009321673409579e-01
9.964830227233566484e-01
9.969858357702793272e-01
9.960046395318192802e-01
9.980249175908469939e-01
9.958151047129061295e-01
9.976731278215120735e-01
9.965007112756146812e-01
9.956721849331992003e-01
9.964393478715810604e-01
9.959129038635409215e-01
9.972163126405922950e-01
9.949071931074221498e-01
9.974252082461879665e-01
9.999943648189634215e-01
1.001420014440810524e+00
9.976655468307901176e-01
9.974524809737924658e-01
9.972658460736325559e-01
9.963902881924429078e-01
9.992643940921855927e-01
9.995230086997763941e-01
9.986333175068263790e-01
9.996789834335819691e-01
9.985170134725461777e-01
9.981478634103380099e-01
9.980305763224391891e-01
1.000453767216220591e+00
9.992613502572722517e-01
9.983644652299556999e-01
9.992299675287563687e-01
9.978712965084680642e-01
9.994232691951796532e-01
9.972978017116223004e-01
9.991145323248377119e-01
9.985409112117299424e-01
9.977932826497778462e-01
9.982661438293758405e-01
9.998185963203924942e-01
9.990044691910302532e-01
9.980386075688268965e-01
9.963175467114293582e-01
9.971310461795013236e-01
9.976543803764261753e-01
9.979612026637680877e-01
9.974623704523319923e-01
9.970535075294124638e-01
9.964373173266691808e-01
9.976137304650968263e-01
9.982962840504885360e-01
9.973323497087708267e-01
9.996587195624953015e-01
9.963361779164363607e-01
9.985018878583357127e-01
9.966269893851914530e-01
9.979909133688926737e-01
9.988656187758218064e-01
9.993929131272702993e-01
9.978174641874111295e-01
9.998893543132164607e-01
9.986154319003762714e-01
9.997536184449360430e-01
9.968720501047564353e-01
9.965025212766551732e-01
9.993515357049063130e-01
9.983879083663946830e-01
9.977846646091415028e-01
9.955858553648680997e-01
9.927938160716145433e-01
9.803791441854906585e-01
9.709336737139804274e-01
9.594725442051301734e-01
9.478155519222043468e-01
9.358544368978792827e-01
9.265271890947006650e-01
9.153513760166221980e-01
9.044449908882753464e-01
8.928773221276113947e-01
8.842353976555210604e-01
8.737049634876563609e-01
8.605147978434078970e-01
8.514352815940806618e-01
8.417947922823586504e-01
