0.000000000000000000e+00
0.000000000000000000e+00
0.000000000000000000e+00
0.000000000000000000e+00
0.000000000000000000e+00
0.000000000000000000e+00
0.000000000000000000e+00
0.000000000000000000e+00
0.000000000000000000e+00
0.000000000000000000e+00
0.000000000000000000e+00
0.000000000000000000e+00
0.000000000000000000e+00
0.000000000000000000e+00
0.000000000000000000e+00
0.000000000000000000e+00
0.000000000000000000e+00
0.000000000000000000e+00
0.000000000000000000e+00
0.000000000000000000e+00
1.197252268629362192e-05
3.429826688849151733e-02
9.990372382037608912e-01
3.289362477856276001e+00
3.269430519406779201e+00
1.821656627782502369e+00
8.307524990956602906e-01
3.842075304863943885e-01
1.992763401162734316e-01
2.292523229050307532e-01
8.441204389608846226e-01
1.735111099841481153e+00
1.899100985140085962e+00
1.463598782197040649e+00
9.968055930164186895e-01
7.270826541953802069e-01
6.244150258116337726e-01
6.223586096813898960e-01
6.776867518042843930e-01
7.583418810327549053e-01
8.465771926870994113e-01
9.399951715928959173e-01
1.023367245529027247e+00
1.096903876489145890e+00
1.149335592891919999e+00
1.185393778629076689e+00
1.202194723290810785e+00
1.200527955512004530e+00
1.181297611555955918e+00
1.146670940241977688e+00
1.108636843327511778e+00
1.073026763293181807e+00
1.036454580745961751e+00
1.001040716051322610e+00
9.749937763196029339e-01
9.517675037762287626e-01
9.368034032430596625e-01
9.286461049468485163e-01
9.249249094695219942e-01
9.245358282242380765e-01
9.287925356071693450e-01
9.355480843512457012e-01
9.445356975840892844e-01
9.570112026702761732e-01
9.678813593855286612e-01
9.810889744405933977e-01
9.877075804699929629e-01
9.958531109537361869e-01
1.001694725865372337e+00
1.004163398699194243e+00
1.010433229853854087e+00
1.014448619328108370e+00
1.015963422318202136e+00
1.018387060264117405e+00
1.016944972530579916e+00
1.016304287251204919e+00
1.015871923929304588e+00
1.014453553460657576e+00
1.010375228481032117e+00
1.007052323468719646e+00
1.004328331970607779e+00
1.005131814560685788e+00
1.001090861064892312e+00
1.001375519789675206e+00
9.997021394422616059e-01
1.000222267714104385e+00
9.955460975997924011e-01
9.960017671329861599e-01
9.954114396282890409e-01
9.945431464606862004e-01
9.945647795224591414e-01
9.925935576611916167e-01
9.937264609952791705e-01
9.921908369263005012e-01
9.949485084282981839e-01
9.947226739757744074e-01
9.951910781428523478e-01
9.957134232998957613e-01
9.970053107448003660e-01
9.977900555996620513e-01
9.980501772167004182e-01
1.000005861730568490e+00
1.001235676232469896e+00
1.002472225921752669e+00
1.005285637441838631e+00
1.002877970588205381e+00
1.002135000159725786e+00
1.003116006860397258e+00
1.002904094351967146e+00
1.002133277651894083e+00
1.001687848490328214e+00
1.000183773154304179e+00
1.001375476439014145e+00
1.000468189758070725e+00
1.000164961124737406e+00
9.990807678469625364e-01
9.993958026545750606e-01
9.986835997450670410e-01
9.988525775880906510e-01
9.987755715511829058e-01
9.989970862213856106e-01
9.993712137960022446e-01
9.996454464687466457e-01
9.986205767907652131e-01
9.989597655901236717e-01
9.985375861448668733e-01
9.996032025259181664e-01
9.996955381243693983e-01
9.989751374642306114e-01
9.992997641223863026e-01
9.998204842669604631e-01
1.000888626325136643e+00
9.997567814895951255e-01
1.000295145571852951e+00
1.000668407312157671e+00
1.000760058995707968e+00
1.001276527962782215e+00
1.000905868287030653e+00
1.000414576322477878e+00
1.000867796226214468e+00
9.999889741476905014e-01
1.001009577317806931e+00
1.000508725185242254e+00
1.000935555539942179e+00
1.000161238349083215e+00
1.000519875305994288e+00
1.000353945365326291e+00
9.993176371370089406e-01
9.990730308809424587e-01
9.988574145957095363e-01
9.983870854860245059e-01
9.981522159650075832e-01
9.976007695714179668e-01
9.979924488567829544e-01
9.985445732991867773e-01
9.993057070216828652e-01
9.996626224508937675e-01
9.999487753401038459e-01
1.001084523090285838e+00
1.000836453591068320e+00
1.001136680979450411e+00
1.002186555802708101e+00
1.001684790319788076e+00
1.002634983362161281e+00
1.002171027256304248e+00
1.001493004869812298e+00
1.000939418660503399e+00
1.001193793564922663e+00
1.000230506779035133e+00
1.000087930828215566e+00
9.997237109975487535e-01
9.993827594050912477e-01
9.992674463490914816e-01
9.988864250516079624e-01
9.989233664840160287e-01
9.988545538245737765e-01
9.982801352920389615e-01
9.987677000363061053e-01
9.991336785351917493e-01
9.994147623274373116e-01
9.994325022080514653e-01
1.000126641334326161e+00
1.000675849026840813e+00
1.000504781223483519e+00
1.000824787564350116e+00
1.001500645097507469e+00
1.001038905382493516e+00
1.000781643816772259e+00
1.000595837746880656e+00
1.000801457000900063e+00
1.000885558054113167e+00
1.000901927820112780e+00
1.001006725627950678e+00
1.000422902029936445e+00
9.998466868020217113e-01
9.999635275183557104e-01
9.993592204450449934e-01
9.994590341236836428e-01
9.996158197949617241e-01
1.000063474032419242e+00
9.997127016659047571e-01
9.995948250645750877e-01
9.997119068617894566e-01
9.998118850034068972e-01
1.000191933244293896e+00
9.998460366044398251e-01
1.000007080923508207e+00
9.996575388897901426e-01
1.000101060334756209e+00
9.996869793738899501e-01
1.000555598713264382e+00
1.000251327428451242e+00
9.998559042000303432e-01
1.001021891282735110e+00
1.000339176220695236e+00
1.000321297517491770e+00
1.000011488094790790e+00
1.000323501070925714e+00
1.000047644737227737e+00
1.000306561737251521e+00
1.000665848768800714e+00
1.000415010241398228e+00
9.994804556376611915e-01
9.998110019435770823e-01
9.998841748496469783e-01
1.000013261445741097e+00
9.999115192256853302e-01
1.000246096774858540e+00
1.000239034001912053e+00
1.000283771102012276e+00
9.997059916143200553e-01
1.000430356682397992e+00
1.000161987101358063e+00
1.000081501646139515e+00
9.996301862128185167e-01
1.000379743045076486e+00
9.995258383034836269e-01
1.000315914611162205e+00
1.000392279611669766e+00
9.998489214067575181e-01
9.997658674402525314e-01
9.999521108005935410e-01
1.000245347679141084e+00
9.996645724797167398e-01
1.000237141073684111e+00
1.000052687179764588e+00
1.000434898955770313e+00
1.000155106316836129e+00
1.000496871591495029e+00
1.000082458731829993e+00
1.000116286641920871e+00
1.000623922536222121e+00
1.000250610681003627e+00
9.999720430120999648e-01
9.997421221181913564e-01
1.000222635389375281e+00
9.999602255212942659e-01
9.999898297338054576e-01
9.998206105792312171e-01
1.000306175531321395e+00
1.000113166499512429e+00
1.000057917562628740e+00
1.000184623128180350e+00
1.000035877726100253e+00
9.997694550947079373e-01
9.945053305397247856e-01
9.833859674768254955e-01
9.722275593869365018e-01
9.611457992524002902e-01
9.504661581095504852e-01
9.391481445895695224e-01
9.281540922343880506e-01
9.179197577994951951e-01
9.068784719727385202e-01
8.964664967734106149e-01
8.866187457528608151e-01
8.757675156820700080e-01
8.657134393214024337e-01
8.549710701526089807e-01
8.448426724619685357e-01
