0.000000000000000000e+00
0.000000000000000000e+00
0.000000000000000000e+00
0.000000000000000000e+00
0.000000000000000000e+00
0.000000000000000000e+00
0.000000000000000000e+00
0.000000000000000000e+00
0.000000000000000000e+00
0.000000000000000000e+00
0.000000000000000000e+00
0.000000000000000000e+00
0.000000000000000000e+00
0.000000000000000000e+00
0.000000000000000000e+00
0.000000000000000000e+00
0.000000000000000000e+00
0.000000000000000000e+00
0.000000000000000000e+00
0.000000000000000000e+00
0.000000000000000000e+00
0.000000000000000000e+00
0.000000000000000000e+00
0.000000000000000000e+00
3.116800228838310580e-04
3.927336030019526469e-02
8.942208582126496275e-01
3.076584851923561903e+00
3.558389367735383502e+00
2.285223304726875959e+00
1.123878183497887040e+00
5.140077850281361549e-01
2.996211336172641682e-01
2.238174059190673193e-01
2.284012329665700836e-01
2.546869689876338771e-01
2.947820062115899531e-01
3.202500784455006300e-01
3.426457871002489552e-01
3.417660340652147188e-01
3.647370389313279171e-01
4.171722797485826195e-01
5.235266165370811020e-01
6.761341662250889284e-01
8.494206587631496497e-01
1.030395839246227130e+00
1.179782830742820199e+00
1.305360553645465549e+00
1.393674815273719059e+00
1.477524808837630488e+00
1.523368742311109747e+00
1.562244507512778657e+00
1.514398105780339066e+00
1.443967013612574624e+00
1.321353168912604348e+00
1.169596217304483821e+00
1.065025657545681792e+00
9.627991354985525607e-01
9.018713732620912138e-01
8.719175276079794701e-01
8.564190880024636909e-01
8.527632997517536895e-01
8.732341382018766751e-01
8.857151011546673391e-01
9.081621304870838296e-01
9.258266923927215286e-01
9.444800359383874744e-01
9.627180709938303327e-01
9.832646312203834338e-01
9.962343577514337634e-01
1.014458745047851274e+00
1.020227764806290738e+00
1.033446508365646999e+00
1.033537273331263329e+00
1.039285224997837931e+00
1.031911061797414098e+00
1.030447663431084182e+00
1.019837255417921362e+00
1.011539904609501273e+00
9.947345024336041730e-01
9.860694519403262470e-01
9.809360742694254176e-01
9.695199020542788482e-01
9.691139056495811088e-01
9.580258919683755092e-01
9.633648203476464777e-01
9.721658497815444111e-01
9.762950088775604884e-01
9.799306272489236580e-01
9.846909128944650869e-01
9.883401559216377086e-01
9.978531917217078329e-01
9.992143223951306386e-01
1.006624533500839469e+00
1.003588482794899317e+00
1.009854471887221772e+00
1.004052928264062450e+00
1.004918682787973250e+00
1.005638913338821716e+00
9.993518376694755512e-01
1.000635896950648585e+00
9.995233899575685088e-01
9.920570136899194980e-01
9.920797095447492220e-01
9.881503122041417342e-01
9.845859818528567287e-01
9.850965975378451756e-01
9.834830456634683360e-01
9.818328710405419546e-01
9.860944711989823031e-01
9.870305061625491705e-01
9.903481011156135549e-01
9.896297464333827509e-01
9.895599145712313804e-01
9.913182271472212870e-01
9.991652408547080366e-01
9.933424053986396052e-01
9.944840424637607645e-01
9.987370644037424361e-01
1.000645355929490332e+00
1.000568262372893535e+00
9.936720904133531374e-01
9.960688469602239081e-01
9.984665446102002351e-01
9.944783994514986292e-01
9.907870694184193194e-01
9.948341803609789258e-01
9.947828000849583407e-01
9.977570486855084075e-01
9.944906184891718626e-01
9.982603907909859409e-01
9.939073449962491091e-01
9.998029835235874296e-01
9.954478041147973855e-01
9.997632156548219573e-01
9.954559995722830346e-01
9.946318258922188793e-01
9.954433290252804323e-01
9.983956720811625329e-01
9.973778403457779218e-01
9.989512333608117078e-01
9.989088169610926826e-01
9.972580273422783081e-01
9.958422989485614663e-01
9.984429482594151528e-01
9.975638684044669802e-01
9.969992660364094261e-01
9.986588111318167593e-01
1.000302172791011968e+00
1.000338916048587157e+00
9.989067917936520491e-01
9.986602454380837379e-01
9.975216317167819868e-01
9.965859116570975340e-01
9.979776386095924323e-01
1.000582219209654067e+00
9.978249141795973998e-01
1.001042039928569327e+00
9.996225291077620589e-01
9.980200646530134057e-01
9.989511057415126905e-01
9.998256733876733637e-01
9.995792110049812607e-01
1.000313876152785220e+00
9.993976069512781057e-01
9.993696802481067953e-01
9.983793878127552590e-01
9.999824168325143203e-01
9.985708875104184479e-01
9.960613893099968807e-01
9.997467012396289432e-01
9.983514557557561231e-01
9.995182750349417278e-01
1.002363460941154916e+00
9.987795221298886306e-01
9.985015581866023560e-01
1.000165869063585289e+00
9.982937616503602118e-01
9.992459397900606000e-01
9.997868816559537519e-01
9.993586060739143573e-01
9.972716085249103690e-01
9.980297328557136138e-01
9.981036680683044171e-01
1.000560681205437064e+00
9.989237535015338398e-01
1.000271453306859737e+00
9.975366178884339519e-01
9.988476185992959389e-01
9.987519875838577477e-01
9.981160724463755685e-01
9.988395077824074875e-01
9.960200987315219745e-01
9.977530432610079991e-01
9.974020394689016022e-01
9.975738793138984040e-01
9.979958600541557479e-01
1.000581558661049364e+00
9.977460249990592889e-01
9.978599132557455231e-01
9.979312053770246216e-01
9.989496521575021992e-01
9.979509580475941499e-01
9.997271855468824464e-01
9.983472645128034229e-01
9.995587165855603917e-01
1.000201903964725636e+00
9.986090732119303759e-01
9.999275407145036265e-01
9.982529876746834008e-01
9.963750223455645205e-01
1.000412968246778167e+00
9.981092686800157043e-01
9.965066754381055603e-01
9.985607411513202081e-01
9.976369434185834439e-01
9.996036842667640476e-01
9.993384863679019015e-01
9.988775295611538318e-01
9.990669795627998839e-01
9.993812426300704432e-01
9.982056091845752377e-01
9.983807779865553345e-01
9.976606808886890887e-01
1.001049507209141209e+00
9.994138914872043866e-01
1.000220840205650497e+00
1.000772558246632471e+00
9.996744241264241548e-01
1.000457979559784771e+00
1.000709616720011130e+00
9.992367279610143704e-01
9.973142298183589327e-01
1.000485938320792689e+00
9.983239312655984854e-01
9.990487721904962592e-01
1.000510161048469682e+00
9.956768609498056755e-01
9.972461470398699124e-01
9.963536978745964889e-01
9.998751086030762680e-01
9.986169121445310770e-01
9.993945211055407229e-01
9.991521483983971663e-01
9.985375631948013586e-01
1.000226671298995340e+00
9.986498967110342129e-01
9.978051032755066441e-01
9.969415370317564751e-01
9.982975463178773712e-01
9.975740059619572220e-01
9.988345529883911889e-01
9.982316399344854929e-01
1.000603262994792741e+00
9.971190456014693559e-01
9.977831944260485697e-01
9.976601511954217294e-01
9.982313338093198318e-01
9.995240731186117999e-01
9.985666250068230276e-01
9.974785851079349674e-01
9.983152237654939753e-01
9.985725265311646837e-01
9.974456912483925519e-01
9.999955124451925803e-01
9.935677569450065416e-01
9.852651561056028351e-01
9.744072058921251500e-01
9.609179281034304632e-01
9.524063137588920647e-01
9.411095334290335845e-01
9.294923194238394748e-01
9.189850601724398604e-01
9.083149237195901060e-01
8.977780794620298099e-01
8.855962738080455088e-01
8.776076026456878232e-01
8.679686908241914800e-01
8.556023194402468945e-01
8.467101016434707139e-01
