0.000000000000000000e+00
0.000000000000000000e+00
0.000000000000000000e+00
0.000000000000000000e+00
0.000000000000000000e+00
0.000000000000000000e+00
0.000000000000000000e+00
0.000000000000000000e+00
0.000000000000000000e+00
0.000000000000000000e+00
0.000000000000000000e+00
0.000000000000000000e+00
0.000000000000000000e+00
0.000000000000000000e+00
0.000000000000000000e+00
0.000000000000000000e+00
0.000000000000000000e+00
0.000000000000000000e+00
0.000000000000000000e+00
0.000000000000000000e+00
0.000000000000000000e+00
0.000000000000000000e+00
0.000000000000000000e+00
0.000000000000000000e+00
1.558884932882817454e-04
3.640751390686083888e-02
8.770434604390467959e-01
2.950960864810245887e+00
3.422517349550083576e+00
2.187331213549169373e+00
1.062765474308436708e+00
5.027564143276493924e-01
2.836787866430581784e-01
2.247208792488468165e-01
2.346833384459264260e-01
2.580333874721988940e-01
2.874281165570941043e-01
3.127635290678639213e-01
3.347975490249324726e-01
3.313162987611548704e-01
3.552656946796880488e-01
4.067608381307735721e-01
5.253991961609288941e-01
6.667008161375392872e-01
8.526148616106418165e-01
1.024207178738936852e+00
1.181967607186227953e+00
1.324265219750129674e+00
1.393272925199305234e+00
1.472561091245899290e+00
1.528649737155825639e+00
1.569011082656470268e+00
1.565458812291342872e+00
1.462464078364679176e+00
1.331058684534395464e+00
1.194326018822619684e+00
1.073272189999675996e+00
9.726656802327647844e-01
9.010307843364008251e-01
8.690431390384480981e-01
8.507538926432747228e-01
8.555770904342400174e-01
8.719485792898922227e-01
8.871742889586323733e-01
9.025735676919298678e-01
9.288413427071792183e-01
9.442236539033492804e-01
9.616414225212237543e-01
9.831118072662008434e-01
1.004507185939075287e+00
1.010989768779867237e+00
1.027281671115573891e+00
1.025079540993861116e+00
1.044477855654773135e+00
1.039524240956379186e+00
1.037600602562841479e+00
1.035405645469799962e+00
1.028973408638736986e+00
1.010259998943499271e+00
1.002551104082954003e+00
9.882535997242658521e-01
9.780993554919169553e-01
9.743864210601201892e-01
9.644222850107253553e-01
9.680227729542008053e-01
9.615522345308652463e-01
9.767583528638136281e-01
9.765620647079085170e-01
9.738908015418453745e-01
9.878128634192310242e-01
9.945550164866682197e-01
9.956821313888126745e-01
1.000651742553232193e+00
1.009067952649666866e+00
1.008511661094411149e+00
1.005540861536986519e+00
1.012736591178813761e+00
1.016591861292662324e+00
1.019002296935098251e+00
1.000220446506976169e+00
1.005005502125392081e+00
1.000906238488943556e+00
9.949488148383386354e-01
9.934716341419054242e-01
9.887662386400380976e-01
9.916187740813025009e-01
9.882001342620811979e-01
9.887774751147316854e-01
9.824165545260222787e-01
9.844421796917975920e-01
9.872149408362593803e-01
9.913788437001915810e-01
9.950397055344155639e-01
9.898387083614216264e-01
9.953242486342709361e-01
9.954002521546211346e-01
9.972507712784079992e-01
9.981148499847732891e-01
9.989078172322249927e-01
9.975488770829745722e-01
1.002561711430465907e+00
9.988435792784700062e-01
9.945140492337222193e-01
9.966296424471994264e-01
9.900844790247569360e-01
9.944642942108362638e-01
9.997637619100873119e-01
9.946259733491406019e-01
9.930969786553616174e-01
9.953468832017160484e-01
9.885367176208396112e-01
9.945087944148226500e-01
9.955350727513602171e-01
9.950486031492684624e-01
9.931317968511311767e-01
9.976822080184599706e-01
9.923445079151587134e-01
9.959213092430613257e-01
9.965254893209914977e-01
9.970437165377080690e-01
1.000058462346539168e+00
9.962562403104974207e-01
9.990568727701178986e-01
9.994288021486156248e-01
9.980409305134204656e-01
9.987539051870855111e-01
9.990666869824388341e-01
9.993824388511372003e-01
9.960428252517075087e-01
9.962410121108992156e-01
9.997050959418138927e-01
9.959496007083054048e-01
9.960251544384683964e-01
9.947154271842916229e-01
9.952261527123313911e-01
9.945423439474142535e-01
9.961828096949084665e-01
9.986183091883040763e-01
9.983801143080627272e-01
9.999454585054947664e-01
9.920251161627371417e-01
9.975999586362768179e-01
9.969379962477502577e-01
9.970192304137016626e-01
9.954547057579087310e-01
9.954814372315287097e-01
1.000246227659521425e+00
9.938157518258013967e-01
9.984167875263914027e-01
9.964070950961556594e-01
9.995394211589537781e-01
9.947547551798328058e-01
9.907431852921043669e-01
9.957704357280933172e-01
9.949934439460842439e-01
9.951690989229673434e-01
9.968450509146333793e-01
9.963112153305245799e-01
9.936501583960012374e-01
9.897984373451417239e-01
9.987991572799115314e-01
9.967523242753441037e-01
9.962188000939894428e-01
9.972857879528762570e-01
9.949720859077427759e-01
9.946844959391148988e-01
9.990597629512134592e-01
9.943065332847873528e-01
9.946967030487502415e-01
9.966364426670407672e-01
9.967581109496103098e-01
9.987036599293263039e-01
9.960243775261594656e-01
9.986733089720514212e-01
9.953399475255624296e-01
9.980948014568596927e-01
9.963625220895706569e-01
9.973275879750771455e-01
1.000293781900012613e+00
9.991391094370561943e-01
9.990843860342285554e-01
9.996707009620758866e-01
9.978734450326016692e-01
9.999116500099280991e-01
9.974673470132013886e-01
9.970331194004394826e-01
9.990975167106470600e-01
1.000562943809132355e+00
9.996487648358194367e-01
9.988108850235720704e-01
9.999480917371377231e-01
1.000416656353448452e+00
9.986892014425131636e-01
9.981409378639447549e-01
1.000537240244724346e+00
9.980339606023357346e-01
1.000076385275493474e+00
1.000773042359196063e+00
9.987491931616002683e-01
1.000376178532973448e+00
9.961639676816866906e-01
1.000143225237472233e+00
1.000203666673979530e+00
9.991120069723624653e-01
9.986480991761931270e-01
9.994965994125863951e-01
9.978796408690802089e-01
9.977062079314465981e-01
9.982557630126467352e-01
9.992464978780984941e-01
9.977675869689802690e-01
9.993415343458845745e-01
9.991912761766725826e-01
9.975376441095553659e-01
9.984541143236790317e-01
9.985833616651633715e-01
9.994795266910267983e-01
9.978232655737279133e-01
1.001613550920088080e+00
1.000365603386982771e+00
1.000742758298435175e+00
9.986676338900349892e-01
1.000976970428213653e+00
1.000599408950054947e+00
1.001938470579246676e+00
1.000311139713516262e+00
9.992116264984606255e-01
9.995745326573941547e-01
1.001388974034475687e+00
9.999340859596369535e-01
9.995457569604727643e-01
1.000614484771922941e+00
1.001890367392771264e+00
1.001948521832551453e+00
1.003610426254348154e+00
9.989121832640192045e-01
9.993346347806555396e-01
1.001737303538961399e+00
1.000556285614524032e+00
9.999862858461383563e-01
9.999292382434598059e-01
1.000569149401385305e+00
9.994699028768389004e-01
9.998627017681854801e-01
1.000699891275496523e+00
9.965931863227895926e-01
9.861896664498901455e-01
9.756637678443370598e-01
9.644738723234723698e-01
9.520158305619301764e-01
9.423052886720389987e-01
9.314497368646591502e-01
9.198305285510892659e-01
9.113811939248968041e-01
8.972662247975115024e-01
8.878125238332753577e-01
8.787766653556183805e-01
8.684283012934125301e-01
8.554522277758833670e-01
8.468129865766178543e-01
