0.000000000000000000e+00
0.000000000000000000e+00
0.000000000000000000e+00
0.000000000000000000e+00
0.000000000000000000e+00
0.000000000000000000e+00
0.000000000000000000e+00
0.000000000000000000e+00
0.000000000000000000e+00
0.000000000000000000e+00
0.000000000000000000e+00
0.000000000000000000e+00
0.000000000000000000e+00
0.000000000000000000e+00
0.000000000000000000e+00
0.000000000000000000e+00
0.000000000000000000e+00
0.000000000000000000e+00
0.000000000000000000e+00
0.000000000000000000e+00
0.000000000000000000e+00
0.000000000000000000e+00
0.000000000000000000e+00
0.000000000000000000e+00
1.558891261491287519e-04
3.727108451788646581e-02
8.555938805341267717e-01
2.975967457380283232e+00
3.349260412149736688e+00
2.160350497382354185e+00
1.041443977628985440e+00
4.839910697717794696e-01
2.714538822405166973e-01
2.266396398624506703e-01
2.231269743377822801e-01
2.507574926710141039e-01
2.792812392268338439e-01
3.079735082599004414e-01
3.229928746686480112e-01
3.259796151500844452e-01
3.496759727609409230e-01
4.076862087106546406e-01
5.180961730846667113e-01
6.758032518581913450e-01
8.442065026931471206e-01
1.038314696987528318e+00
1.194263879924968075e+00
1.309795200045608121e+00
1.411698614687332931e+00
1.489333770916566602e+00
1.555076613213166148e+00
1.578897026149947758e+00
1.557248572047946755e+00
1.474632744032605691e+00
1.344391427676214112e+00
1.203749161773131071e+00
1.080752046865347316e+00
9.826612591317043233e-01
9.011711697859551284e-01
8.808891329317608543e-01
8.645637767161231668e-01
8.614940880640640231e-01
8.753540644353254851e-01
8.957883389404175389e-01
9.101579448400757277e-01
9.351272842251324713e-01
9.515072167827639538e-01
9.745236797255186767e-01
9.893184846569544888e-01
1.000868852273541831e+00
1.020747194255301471e+00
1.029043200010572034e+00
1.036193597958555257e+00
1.037656774236773494e+00
1.043996686674665719e+00
1.034928756229108071e+00
1.034642274540389373e+00
1.030831740003179675e+00
1.015746494961775381e+00
9.977724996978957206e-01
9.815856597780853177e-01
9.834149703450367763e-01
9.625930840957036549e-01
9.684529199250218046e-01
9.721683860425212043e-01
9.635404174320058024e-01
9.763996001127095425e-01
9.758937493429906684e-01
9.818644732082145721e-01
9.952706845449693640e-01
9.954503077024017266e-01
9.988607084901796052e-01
1.005260519113627904e+00
1.013535975037287873e+00
1.020231837673970077e+00
1.015898480630411660e+00
1.022237596270054283e+00
1.016113606099089628e+00
1.011347777270132253e+00
1.010036468189866588e+00
1.007993098659851539e+00
1.008667958518461250e+00
1.001018879330911382e+00
1.005680184679818456e+00
1.001367908021867148e+00
9.950701385512252806e-01
9.975937686490731204e-01
9.928386848612766880e-01
9.970955197592576980e-01
9.964659901655722463e-01
9.972287149243345139e-01
1.000852569606107689e+00
1.000012752565383023e+00
1.001197349996246322e+00
1.009040955785543758e+00
1.006958368612848487e+00
1.002764172095912176e+00
1.003982254927548112e+00
1.009488468835321395e+00
1.008313690383006112e+00
1.009004466591908011e+00
1.006714922392930811e+00
1.009186090300530969e+00
1.000174051568369027e+00
1.005659573061876033e+00
1.000629985159008140e+00
1.000674297396339840e+00
1.000945286898476061e+00
9.992220273809375719e-01
1.002203675027999008e+00
1.001916097750621848e+00
1.000022208424437453e+00
1.000507214854906124e+00
9.959925754301431899e-01
9.976986167318566689e-01
1.001315431658117427e+00
1.000339722095011874e+00
1.001855394644378006e+00
1.001300933552460748e+00
1.000346762763567598e+00
9.984127156627466970e-01
1.003663984097407758e+00
9.992544932994457119e-01
1.002686846005699017e+00
9.992416735096333325e-01
1.001357268830802560e+00
9.992844049623645919e-01
1.001236152329582518e+00
9.982918330085780445e-01
9.999967926835110488e-01
9.981101684955528963e-01
9.950525424685596754e-01
9.995422233308784987e-01
9.993347248073034539e-01
1.001322767015236703e+00
9.982928436879249245e-01
1.000313544177470426e+00
1.006080878406566903e+00
9.994421210979922421e-01
9.990629694320233289e-01
9.993095313937875313e-01
9.989136569573241475e-01
1.002421149097721287e+00
1.003667859335002799e+00
9.985090552185692525e-01
1.000774580310059170e+00
1.004419418551117271e+00
1.001354965861696478e+00
9.996404169424951691e-01
9.977108324092702762e-01
1.003941010586151039e+00
1.002471581992411709e+00
9.994841826956403219e-01
1.000764278468645463e+00
9.981415508370323764e-01
1.003346584003529163e+00
1.000835568929975494e+00
1.003649101345110095e+00
1.000544818846199169e+00
1.002527271444420887e+00
1.000509448505406462e+00
9.976114777087389252e-01
9.998475369253850831e-01
1.001536603528266012e+00
1.000361908958719237e+00
9.989638867084421614e-01
9.993544039239800059e-01
9.993896267647219833e-01
9.999025172981070853e-01
1.000111796073853032e+00
1.001071328935376314e+00
9.987434414692939466e-01
9.990135515271577615e-01
9.995496731901136744e-01
9.993985794419741886e-01
1.000055266648115282e+00
9.974863251164336475e-01
1.001743833697586350e+00
9.975355732529445074e-01
9.990655703273088051e-01
1.002280098054444180e+00
1.000449215001000924e+00
1.000821558790161214e+00
9.997145831820956063e-01
9.983508508636841361e-01
9.986726278353259545e-01
9.995207528781947515e-01
1.001914611770522656e+00
1.000115666207500587e+00
9.997339423534508107e-01
1.001303860328470741e+00
1.000224058405042138e+00
9.989233007124026509e-01
9.992741992439447829e-01
1.000907423773852889e+00
1.001101079632344071e+00
9.985869862855084600e-01
1.003230179362234686e+00
9.993981599045398401e-01
9.982960454694600472e-01
1.000541205127545075e+00
1.001959391891750206e+00
1.002084867649478017e+00
1.000923985589818654e+00
9.977998630669647762e-01
1.000798145798868832e+00
1.001001240511172563e+00
1.000098881251294314e+00
9.994212914848201734e-01
1.000403707461276603e+00
9.998430809634716310e-01
9.989264921511453732e-01
9.999484296582159537e-01
9.980497661623184413e-01
9.998638979521025094e-01
9.993011985706418132e-01
9.975644349826670032e-01
1.002559155143753156e+00
9.988058915380939595e-01
9.979500969457948401e-01
1.001563909089875137e+00
1.000722398157580795e+00
1.002173005941015660e+00
9.995159718481588795e-01
1.001366438294509775e+00
1.000850903313497353e+00
9.993358176923642366e-01
1.000464695815344252e+00
1.000359470832018260e+00
9.976379854818900883e-01
1.000219450496249385e+00
1.000578598927031271e+00
1.002311307308939359e+00
9.998409498714578847e-01
9.992249514446143177e-01
1.001244393826403734e+00
9.982505275988924343e-01
9.994097205554143271e-01
9.989175477181844176e-01
9.983629619717437897e-01
1.000171880054022910e+00
9.992867634659158282e-01
9.998107827142627135e-01
9.990944340470506724e-01
1.000488585267707009e+00
9.976314599149224138e-01
9.880489780090410123e-01
9.738432684814438689e-01
9.635522189534494464e-01
9.508574528862492325e-01
9.428411814619649389e-01
9.300988513047843131e-01
9.191978100524441642e-01
9.092004676708125288e-01
8.977654271506478878e-01
8.878148950833445463e-01
8.768204459477407786e-01
8.667814557699001776e-01
8.580824331361703861e-01
8.466091764099569206e-01
