0.000000000000000000e+00
0.000000000000000000e+00
0.000000000000000000e+00
0.000000000000000000e+00
0.000000000000000000e+00
0.000000000000000000e+00
0.000000000000000000e+00
0.000000000000000000e+00
0.000000000000000000e+00
0.000000000000000000e+00
0.000000000000000000e+00
0.000000000000000000e+00
0.000000000000000000e+00
0.000000000000000000e+00
0.000000000000000000e+00
0.000000000000000000e+00
0.000000000000000000e+00
0.000000000000000000e+00
0.000000000000000000e+00
0.000000000000000000e+00
0.000000000000000000e+00
3.369354468222415105e-02
1.012762479638793733e+00
3.307605587935495972e+00
3.275972748809731883e+00
1.822929123242179150e+00
8.339149692007744585e-01
3.853959370322347366e-01
1.996001072389383124e-01
2.296643685915226996e-01
8.492641550184292232e-01
1.742127025456121192e+00
1.906159511491861025e+00
1.462630625121571271e+00
9.930273941183529463e-01
7.261086331095494284e-01
6.243932607422990611e-01
6.204003369316672956e-01
6.745734463644473822e-01
7.543233448593649193e-01
8.467669772616461810e-01
9.377004146849950983e-01
1.023397189353653536e+00
1.093642190691848759e+00
1.150414093994331477e+00
1.188029883634583950e+00
1.203515279022950857e+00
1.206202967583721364e+00
1.184322225252697702e+00
1.149163722915101715e+00
1.109842325543302088e+00
1.073152630177847788e+00
1.036562003401247267e+00
1.000713025714158544e+00
9.705780126265585173e-01
9.499605686494075885e-01
9.369162442652658740e-01
9.279754385380710735e-01
9.245727191839864245e-01
9.263391536488668754e-01
9.269150272590424011e-01
9.359176565224957001e-01
9.467105930805779224e-01
9.581862506647352840e-01
9.699360234920517687e-01
9.841591200470514167e-01
9.905631458866884786e-01
9.976330765105835274e-01
1.005410398989605048e+00
1.009101119986155259e+00
1.012371309826425758e+00
1.014463745165897102e+00
1.017810866595276975e+00
1.019911934525129960e+00
1.020257303967950779e+00
1.017324756001965369e+00
1.012572581026676133e+00
1.013436839783383503e+00
1.005996107645671156e+00
1.005137405569866527e+00
1.002057027326574312e+00
1.000275003575439303e+00
1.000665070226359310e+00
1.000063301202640531e+00
9.987974134322703534e-01
9.994055859696018285e-01
9.981219616548321349e-01
9.972797541697432377e-01
9.983834265857760570e-01
9.970729510913629579e-01
9.974184536455982242e-01
9.961553886428581306e-01
9.950792769390982562e-01
9.979235075797372456e-01
9.969245567418693055e-01
9.968049695843006486e-01
9.968654044263793867e-01
9.975467947420959547e-01
9.988728627889655876e-01
9.974470477338118757e-01
9.989584925521777237e-01
9.982605775044953722e-01
9.991787354326483461e-01
9.995260321886091370e-01
1.000477246984277979e+00
1.001680091062329359e+00
1.000785692429859264e+00
1.000927810811843566e+00
1.001818301735167394e+00
1.001330255274871517e+00
1.000867266230471175e+00
1.001811962818655921e+00
1.000835292408949639e+00
1.001329021490308335e+00
1.001967851835802170e+00
9.994664447534606921e-01
1.000205197592406225e+00
1.000213266709316207e+00
9.997004429306812767e-01
9.995793004507855795e-01
9.987466887371427848e-01
9.991361020954079297e-01
9.983618530952770298e-01
9.994484341000218208e-01
9.988098855368318096e-01
9.984428762547282732e-01
9.984928549051160784e-01
9.996101931375263039e-01
9.988508475562576372e-01
9.987839692647271228e-01
9.996573221344183802e-01
9.991398919260311429e-01
9.994942449266459583e-01
1.000706728589527694e+00
9.997338749002189218e-01
9.998287429540481108e-01
1.001079531849811133e+00
1.000837319240891476e+00
9.997485114156043906e-01
1.001169676067901193e+00
1.001174764969560593e+00
1.000842721159299620e+00
1.000388047635534239e+00
1.000558946443783404e+00
1.000638738092289426e+00
1.000015705741365446e+00
1.000513525568933026e+00
9.996407722257276696e-01
9.994050426812119969e-01
9.998278418094057596e-01
9.991561265258548374e-01
9.982330857166004101e-01
9.999655307829649065e-01
9.993929181484362267e-01
9.992569225864778026e-01
9.993857860499415491e-01
9.988158000468083664e-01
9.996468328740710785e-01
1.000201428149342542e+00
1.000146292912896362e+00
9.994391597425313911e-01
1.000156047294636918e+00
1.000669919749608727e+00
1.000109232464329034e+00
1.000637640788426541e+00
1.000361731973437029e+00
9.998194009755747569e-01
1.001066971099707326e+00
1.000482919534053217e+00
1.000384773853657094e+00
1.000840342999991250e+00
1.000740179726285817e+00
1.000778800123149015e+00
1.000075093323994802e+00
9.999092388978181312e-01
9.997877593133293050e-01
9.999175624621982061e-01
9.993394747183137472e-01
9.992668257615057170e-01
9.999697316974299754e-01
9.998688056678461944e-01
9.997728258179089389e-01
1.000127228986140038e+00
1.000303611409305793e+00
9.997704291456291914e-01
9.998474762608047239e-01
9.999151665232328678e-01
9.999716316617465184e-01
9.996269683864065225e-01
1.000129146184684625e+00
1.000803292911200515e+00
9.996508206815755138e-01
9.994233989418586095e-01
9.996435290208329771e-01
1.000054893655478061e+00
9.998932454653817192e-01
9.996909235633617552e-01
9.998717119310043255e-01
9.998142853854271594e-01
9.995441532949081997e-01
9.998539756262998512e-01
1.000178048557107235e+00
9.998403374295443680e-01
9.993718413710903636e-01
1.000465676823329986e+00
1.000081311260237804e+00
1.000546219206516652e+00
1.000031074870280978e+00
1.000541989817888444e+00
9.999766562821671423e-01
1.000221256199971043e+00
1.000233157696953201e+00
9.995876128199517874e-01
9.995723691898177332e-01
9.998515396741807226e-01
9.997054288718946191e-01
9.996601039571068048e-01
9.994963041504202339e-01
9.996942335615748298e-01
1.000140953814367739e+00
1.000144982042622699e+00
9.996173995537082080e-01
9.999847052623105359e-01
9.997400363003333679e-01
9.999947627849865572e-01
9.997894264673687914e-01
1.000032724377920346e+00
9.998490425457380315e-01
1.000363477508223742e+00
1.000138470662747414e+00
1.000144207317181788e+00
1.000012868444674519e+00
9.999565968067255506e-01
1.000035883053521424e+00
9.998903728328745188e-01
9.997879022580623554e-01
1.000104999716049159e+00
9.997472764256327693e-01
1.000447730261053048e+00
9.999730211727126949e-01
9.996594070603764814e-01
9.998030143237792711e-01
9.996482803752901880e-01
1.000091930823704622e+00
9.999467946669375884e-01
1.000346971131335305e+00
9.994353734638179443e-01
9.998743222202117753e-01
1.000103333775568482e+00
9.999583328035503982e-01
9.998197251185401147e-01
1.000012417521817909e+00
9.998525784614507028e-01
9.999685958403938812e-01
1.000751303933028469e+00
1.000059461580956821e+00
1.000393559007404454e+00
9.998301492182400940e-01
9.997902269873210068e-01
9.999755640554282010e-01
1.000047588477841476e+00
1.000235204808407774e+00
1.000381198253295079e+00
9.997672612132043612e-01
1.000319393461841955e+00
9.972769631640632237e-01
9.866097770485559026e-01
9.749838170479400157e-01
9.640553232996094124e-01
9.527458433408513283e-01
9.427118560175955508e-01
9.314552389772339236e-01
9.204708568780466393e-01
9.100162930022018815e-01
8.996383154182067132e-01
8.883867092810144861e-01
8.786322675261550863e-01
8.681111480769019284e-01
8.574265185936238431e-01
8.473187348750036429e-01
