0.000000000000000000e+00
0.000000000000000000e+00
0.000000000000000000e+00
0.000000000000000000e+00
0.000000000000000000e+00
0.000000000000000000e+00
0.000000000000000000e+00
0.000000000000000000e+00
0.000000000000000000e+00
0.000000000000000000e+00
0.000000000000000000e+00
0.000000000000000000e+00
0.000000000000000000e+00
0.000000000000000000e+00
0.000000000000000000e+00
0.000000000000000000e+00
0.000000000000000000e+00
0.000000000000000000e+00
0.000000000000000000e+00
0.000000000000000000e+00
2.815507378559551339e-05
3.394210865599212729e-02
1.038274266750750519e+00
3.411961674119870391e+00
3.404259971186797351e+00
1.896100557871160275e+00
8.572244896174110451e-01
3.913683312769582479e-01
2.005797494726223595e-01
1.185581904988359386e-01
1.792986419473474868e-01
6.872089180108911233e-01
1.463767928713537447e+00
1.720113687336567887e+00
1.445782820766584598e+00
1.051387667521257896e+00
7.825170298854497997e-01
6.645786212842123009e-01
6.501053325039853892e-01
6.972681432915022182e-01
7.781055997777138744e-01
8.763886269064357082e-01
9.772222203352168846e-01
1.061941953849134812e+00
1.125261081034242716e+00
1.179751290699377231e+00
1.215844643901615729e+00
1.225997464538291615e+00
1.216528545463438693e+00
1.185019662752059721e+00
1.150303819701590236e+00
1.104201840072220442e+00
1.065801999996107696e+00
1.028974438705913874e+00
1.008988443980533001e+00
9.848133290307562460e-01
9.665699155703424417e-01
9.543757464529584178e-01
9.437677837359610411e-01
9.339462196173201614e-01
9.291738604513574140e-01
9.279858376724933189e-01
9.310327559544256948e-01
9.352633009438180434e-01
9.465488837926406829e-01
9.558235909949749365e-01
9.684464461831120419e-01
9.824916668102887662e-01
9.952519431798828586e-01
1.002108530133450026e+00
1.010442739613304886e+00
1.014581538159799567e+00
1.016404732403509703e+00
1.022586303866797275e+00
1.022500477882977155e+00
1.020370434453084396e+00
1.020472716161321181e+00
1.019802424428708720e+00
1.013851278560298885e+00
1.009758654978085923e+00
1.006457377710428425e+00
1.006448173017779224e+00
1.001869821553011519e+00
1.000552684116585933e+00
9.999997528141344461e-01
1.000367629295713767e+00
1.000161852445542232e+00
9.964782019608491304e-01
9.984343530669365085e-01
9.983631394731417030e-01
9.989254349399970812e-01
9.985660893320851272e-01
9.982376683254111649e-01
9.968297625933676409e-01
9.957691026229779085e-01
9.969929862487275640e-01
9.970870977167202165e-01
9.963215070527908779e-01
9.952190847038510091e-01
9.972503284426731396e-01
9.980128084892075924e-01
9.981405488979122609e-01
9.982524459431790786e-01
9.981317051296726417e-01
9.995146631172892038e-01
9.985810155821992495e-01
9.997712318754953253e-01
9.999877585377585643e-01
1.002121496406450429e+00
1.001494971851331961e+00
1.003678160032084099e+00
1.002574238329355216e+00
1.001924918546806875e+00
1.001649831970341964e+00
1.001715308071569721e+00
1.001510370442496134e+00
1.003918473706693737e+00
1.001201940627039599e+00
1.000879463530988334e+00
9.998631503767619888e-01
9.995787959574887749e-01
9.997358852063326085e-01
9.990756305270174220e-01
9.986865553980374122e-01
9.999905169536925653e-01
9.987503994299673504e-01
1.000313778829621914e+00
1.000263271922892327e+00
9.996301783415482145e-01
9.974943795013481163e-01
9.997037787809808229e-01
9.985409672663131397e-01
1.000064351138715502e+00
9.991107593105945650e-01
9.992752968740908903e-01
1.000554066997171310e+00
1.001321751519169689e+00
9.991795969173898895e-01
1.002098085388723137e+00
1.000972490594259856e+00
1.000283884517307875e+00
1.001052643025684086e+00
9.998947010507853728e-01
1.001066493398840462e+00
1.001693038436925587e+00
1.000194276561573226e+00
1.000148849401006013e+00
9.995323905857593783e-01
1.000024026969792645e+00
1.001295788547941212e+00
1.001690566094581181e+00
1.001440639745888150e+00
9.997447803290305801e-01
1.000039623670629263e+00
1.000653602321083691e+00
1.000804989088666552e+00
1.000123308277725664e+00
9.986444520118905599e-01
1.000561559082806085e+00
1.000036993932235552e+00
9.994679929157743725e-01
1.000518360572858922e+00
1.000647551339848507e+00
9.996127832224190879e-01
1.000347595316020133e+00
9.992107223908345270e-01
1.000565518610517790e+00
1.000485166769314649e+00
9.996597351263714071e-01
1.000496829932112641e+00
1.000653645980911888e+00
1.000851847497129743e+00
1.001640801696095817e+00
9.999548142835792408e-01
1.000702116704468292e+00
1.001588437925549080e+00
1.000019958939976306e+00
1.000010530650793150e+00
1.001032392893373979e+00
1.000043354884336155e+00
9.999141086995912975e-01
1.000890956580692714e+00
1.000560543969044813e+00
1.000682563476212872e+00
1.000825553778318389e+00
1.000634576111023799e+00
1.000080852832051059e+00
1.000659165080975077e+00
9.998140452352372032e-01
1.000062356781162620e+00
9.993914025892604025e-01
9.992604407239941144e-01
1.000644422658912625e+00
1.000250444676758166e+00
1.000085999660580871e+00
9.993607356541001074e-01
9.998691276913207471e-01
9.999006539164726481e-01
9.999351581473316930e-01
1.000385264147462427e+00
1.000701596214516709e+00
9.998970503958680700e-01
1.001294485454393701e+00
1.000169444016829390e+00
1.000290768274789466e+00
9.986977596304454918e-01
9.996488300583324937e-01
9.999720299023194814e-01
1.000720274947004107e+00
1.000228763652022845e+00
1.000741153624295610e+00
9.999668213092692826e-01
9.998700575203670615e-01
1.000588523630113302e+00
1.000865110359647758e+00
1.000099381387815400e+00
9.990189967122572456e-01
1.000327269802325336e+00
1.000247588933733001e+00
1.000128323758877613e+00
1.000555708553063861e+00
1.000258741766959281e+00
1.000352907505571931e+00
1.000048073595019682e+00
1.000703618951993779e+00
1.000264424360397086e+00
1.000257396610162663e+00
9.999321902007933804e-01
1.000527460051129580e+00
1.000266870838666167e+00
9.996162933427586994e-01
9.994285099962495478e-01
1.001021014436903833e+00
1.000712238376905150e+00
9.997716574208143081e-01
1.000131796662748762e+00
1.000562883816851434e+00
9.999798518113152124e-01
1.000872912959028360e+00
9.999431193444036081e-01
1.000130535024062572e+00
1.000859481150731645e+00
9.991254541578424853e-01
1.000481628778679077e+00
1.000523562983272496e+00
1.000197611873701264e+00
1.000018128906289938e+00
1.000467491920202123e+00
9.998243515141552740e-01
9.998087794676753237e-01
1.000770204860513823e+00
1.000811373144466554e+00
1.000052582771294496e+00
1.000487468251564316e+00
9.999696150034595998e-01
1.000227773087353667e+00
9.999577535279425833e-01
1.000720686699066331e+00
9.998219361938327499e-01
1.000465067187513046e+00
1.000152428019561279e+00
9.999724430804369790e-01
9.996389010372018769e-01
1.000181396834816550e+00
1.000541310509761805e+00
9.999635224830334401e-01
1.000238027936312557e+00
1.000088353796641627e+00
1.000080761553967745e+00
1.000549721586124319e+00
9.994983636639201974e-01
1.000052539673458751e+00
1.000423139299199571e+00
9.999789227569926275e-01
1.000778631699886123e+00
1.000011275901140362e+00
1.000418273070947439e+00
1.000292591156568545e+00
1.000365835047866581e+00
9.994746951957310666e-01
