0.000000000000000000e+00
0.000000000000000000e+00
0.000000000000000000e+00
0.000000000000000000e+00
0.000000000000000000e+00
0.000000000000000000e+00
0.000000000000000000e+00
0.000000000000000000e+00
0.000000000000000000e+00
0.000000000000000000e+00
0.000000000000000000e+00
0.000000000000000000e+00
0.000000000000000000e+00
0.000000000000000000e+00
0.000000000000000000e+00
0.000000000000000000e+00
0.000000000000000000e+00
0.000000000000000000e+00
0.000000000000000000e+00
0.000000000000000000e+00
0.000000000000000000e+00
3.445602961013952831e-02
1.035809315853250645e+00
3.407935876787283824e+00
3.397081800984817157e+00
1.891786897326277694e+00
8.533809550326634241e-01
3.928303767658513634e-01
1.971820039983563089e-01
1.192313063975256604e-01
1.801485286696415111e-01
6.901106745890835947e-01
1.461879867103017094e+00
1.708601989388652154e+00
1.439005137139786950e+00
1.050640308315731186e+00
7.839653775277197756e-01
6.656265667026590727e-01
6.442821950394499453e-01
6.973308396693813638e-01
7.863681877839208134e-01
8.796547396504540428e-01
9.773895829737320184e-01
1.060182787289039252e+00
1.129586686707104048e+00
1.182625702927730948e+00
1.215952603911046870e+00
1.225055345654386452e+00
1.218801921877154415e+00
1.191453528764889080e+00
1.154226088704841002e+00
1.106652358840437333e+00
1.061732398781607634e+00
1.036587672044962050e+00
1.009117961744266934e+00
9.870290465259982104e-01
9.692501083966278408e-01
9.529234238421847580e-01
9.462633509662984332e-01
9.372591047092423411e-01
9.306174328166324505e-01
9.290715888191553029e-01
9.274291855966801945e-01
9.359625912767510769e-01
9.487082347036673857e-01
9.608134284704873407e-01
9.694305740153169593e-01
9.845688215385010045e-01
9.925874560116497713e-01
1.003214611131008516e+00
1.009726740995195771e+00
1.016433802476802706e+00
1.022997116448324695e+00
1.026971623163765557e+00
1.023699850779400844e+00
1.022042113269471031e+00
1.019550354197990671e+00
1.017151469197075109e+00
1.015071299467637411e+00
1.011209679989036658e+00
1.006841942241316401e+00
1.006491570609115982e+00
1.003735615330398234e+00
1.002621477650567527e+00
1.000318922307737557e+00
9.986197837953757483e-01
9.980015282329116610e-01
9.987349624011206961e-01
9.992697462596583646e-01
9.992964802477203312e-01
9.975202958222756378e-01
9.987123469568575107e-01
9.991137093557127535e-01
9.978913680612084836e-01
9.981082752517328460e-01
9.967152973139565830e-01
9.951946281177306286e-01
9.986867715593550354e-01
9.956627793265807602e-01
9.988435859597317723e-01
9.978051587709567682e-01
9.991983189646922447e-01
9.989393316839341175e-01
9.993146915851699452e-01
1.000865946207643464e+00
9.984957308459091463e-01
1.001144295731330791e+00
1.003472805246735877e+00
1.001316318963118013e+00
1.000935426663555727e+00
1.001623598866605569e+00
1.001611157677817499e+00
1.000756368613274105e+00
1.001726501978265294e+00
1.000103526557114320e+00
1.002422087793346295e+00
1.001229152972682002e+00
1.003325214656277442e+00
1.001809960462196170e+00
1.001450345051271285e+00
9.998895433514009001e-01
9.979708528492426955e-01
9.996959775316850427e-01
9.998464011859964362e-01
1.001012919115496169e+00
9.975534820412547132e-01
9.999177095375485491e-01
9.996995548838389922e-01
9.990488165246725893e-01
9.995458889553398008e-01
9.987325214455057276e-01
9.985495724560702335e-01
9.991070765514751262e-01
9.998247514831279936e-01
9.990152374984890837e-01
1.000195609897181592e+00
1.001704965549273574e+00
9.999905255341577925e-01
1.001570587166890069e+00
9.993816876676547833e-01
1.000471284262364424e+00
1.000255255736219206e+00
1.000735304575833595e+00
1.001268096181872735e+00
1.000770402403840409e+00
9.995779195311341736e-01
1.000612000417887337e+00
1.000171169931679760e+00
1.000345360685482188e+00
1.000481537264713339e+00
1.000225852150295580e+00
9.981736588530557563e-01
1.001038171087282658e+00
9.999632985003282792e-01
1.000192303059661780e+00
1.000103172411003438e+00
1.000486959528775754e+00
9.995809590043213122e-01
9.999075089668922889e-01
9.997258292132601420e-01
9.996681291526222646e-01
1.001336179288262018e+00
1.000708456480153385e+00
1.000980965725940086e+00
9.999006179446003895e-01
9.988432114328338329e-01
9.989591297106822365e-01
9.994203911526722273e-01
1.000639892305517531e+00
9.996738235782429705e-01
9.997977895895030498e-01
1.000040421328513895e+00
1.000719745218304313e+00
1.000724509764311154e+00
1.000035343351797223e+00
1.001111312160228861e+00
9.998823469106322692e-01
9.994412380195647483e-01
1.000489474855836169e+00
1.000160880439859401e+00
1.000156286573470776e+00
1.000183763423517336e+00
1.000714867378508677e+00
1.000335330137203105e+00
1.001422137548891200e+00
9.997133770573233269e-01
1.000579463029507732e+00
1.000883124459782669e+00
9.992860913376557797e-01
9.996018785084579417e-01
9.999906703726652024e-01
9.999857280946653493e-01
9.998218395868440078e-01
1.001308170312033674e+00
1.000793700800514774e+00
1.000716373339390231e+00
1.000406096002542711e+00
9.993620192549501624e-01
1.000353178698799361e+00
9.994392619204869321e-01
9.999866936083944280e-01
1.000241445113282834e+00
1.001449106586664417e+00
9.994619645468708624e-01
1.000286939210955683e+00
1.000732715667358885e+00
9.992845005918566947e-01
1.000995228414912175e+00
1.000680134416460865e+00
1.000260172478814935e+00
1.000663594159478587e+00
9.987723830966096505e-01
9.992141753964832729e-01
9.995210606343410964e-01
1.000840900794009336e+00
1.000585577584442998e+00
1.000838915041135646e+00
9.997270926912684708e-01
1.000813818688893519e+00
1.000495124619114273e+00
1.000776114716430243e+00
9.997218952430171335e-01
1.000111140842196766e+00
9.997964024375253222e-01
1.000217089998776565e+00
9.992934517067764144e-01
1.000372136904576603e+00
1.000059670925293354e+00
9.995858191255653225e-01
1.000054075330242487e+00
1.000540304283452420e+00
9.994844347199427492e-01
1.000147195696156954e+00
1.000712037959605061e+00
1.000612123945485932e+00
9.999246850177208046e-01
9.998857403940925037e-01
9.997947906924721240e-01
1.000010808445644717e+00
9.993374582448357746e-01
9.992965074268305159e-01
9.999837531202534491e-01
1.000182531972688027e+00
9.993840099061690463e-01
9.996414696035343939e-01
1.000215435613048598e+00
9.997216947397781217e-01
9.994513393251587274e-01
1.000545711344796640e+00
9.995742128398497073e-01
9.997520905516559253e-01
9.994638743112854717e-01
9.999613629409349613e-01
9.998797407899625567e-01
9.998942370079634268e-01
1.000943542958401267e+00
1.000173514152952858e+00
9.996824225089291360e-01
9.998216463158871026e-01
1.000393374391737256e+00
9.999791555824224520e-01
1.000149664166944730e+00
1.000383365429603710e+00
9.999180609960254262e-01
9.993247734355094059e-01
9.991923935905411280e-01
1.001370321629549531e+00
9.999388952486513160e-01
9.996094303961414740e-01
1.000262882801738362e+00
9.997328938035803247e-01
1.000686553846100724e+00
9.995647909388886143e-01
1.000490927113506512e+00
9.994250088633870321e-01
1.000117521279099586e+00
1.000301114420975912e+00
9.998210390652246815e-01
9.994128437280487276e-01
1.000461094218298097e+00
