0.000000000000000000e+00
0.000000000000000000e+00
0.000000000000000000e+00
0.000000000000000000e+00
0.000000000000000000e+00
0.000000000000000000e+00
0.000000000000000000e+00
0.000000000000000000e+00
0.000000000000000000e+00
0.000000000000000000e+00
0.000000000000000000e+00
0.000000000000000000e+00
0.000000000000000000e+00
0.000000000000000000e+00
0.000000000000000000e+00
0.000000000000000000e+00
0.000000000000000000e+00
0.000000000000000000e+00
0.000000000000000000e+00
0.000000000000000000e+00
0.000000000000000000e+00
0.000000000000000000e+00
0.000000000000000000e+00
0.000000000000000000e+00
0.000000000000000000e+00
3.877346963369140975e-02
9.389342793603550064e-01
3.194056968193684121e+00
3.664643400795331907e+00
2.340889124875668248e+00
1.106939783784968379e+00
5.185213753341180176e-01
2.814350361253841193e-01
2.274396289641979485e-01
2.268806367302232119e-01
2.344316212563049562e-01
2.730548910910827187e-01
3.126071781010137385e-01
3.055781137486728305e-01
3.127865683521593998e-01
3.437600510411674692e-01
4.113108708174836314e-01
5.325888536032938880e-01
6.874054122006524326e-01
9.173330799681269632e-01
1.092803604707311527e+00
1.269986296973415474e+00
1.411596709273197581e+00
1.480291566898177091e+00
1.552182708159328905e+00
1.638124319766769199e+00
1.647256499731569068e+00
1.583446099236418547e+00
1.541021334595531034e+00
1.362943212786289271e+00
1.223454535977207991e+00
1.089579835191271551e+00
9.860262871239993121e-01
9.238270921716305040e-01
8.832295484994161505e-01
8.754397433648600790e-01
8.761878904172824001e-01
8.770951873501139362e-01
8.992620604354296665e-01
9.156026304074429412e-01
9.389664184186118367e-01
9.633310066701740171e-01
9.817999339715274276e-01
1.014402861179346971e+00
1.020261599531324448e+00
1.032403761549206989e+00
1.048297364315943669e+00
1.072139330751195052e+00
1.060718439825367509e+00
1.061668128451699999e+00
1.064118956582440267e+00
1.059429343600482465e+00
1.038563269020292612e+00
1.043228097660612752e+00
1.022612804979402767e+00
1.007740694060429210e+00
1.007012976356430833e+00
9.943730775107464392e-01
9.910875248681922933e-01
9.763927930627430696e-01
9.829062599089338770e-01
9.889081251762346092e-01
9.877219559508444435e-01
9.968813886261078672e-01
1.000551245358990871e+00
1.005021081000239347e+00
1.001920945665240037e+00
1.010635434259951282e+00
1.012584141578589225e+00
1.012894507428662161e+00
1.016375775649752899e+00
1.027854729132083644e+00
1.021313894177863224e+00
1.018384851826584558e+00
1.019777674741375817e+00
1.022523758672013949e+00
1.012194256988308227e+00
1.010419224166214658e+00
1.007141849868084194e+00
1.002599545540293624e+00
1.002168239897369473e+00
9.929736542592452198e-01
9.942235970687731683e-01
1.003562889229761890e+00
1.001333130148184702e+00
1.001922466727964034e+00
1.002873472666830246e+00
1.002260951856537075e+00
1.001826271766294241e+00
1.003511652766139406e+00
1.008563636070633152e+00
1.006213569937048247e+00
1.010705563233281312e+00
1.011090668770907364e+00
1.010489685843972696e+00
1.008599002151378210e+00
1.007437949872747929e+00
1.012377991901982632e+00
1.003656944978909893e+00
1.006389302412724396e+00
1.003164894516118011e+00
1.005579826230059037e+00
1.000422388913724703e+00
9.995966051451889989e-01
1.002675594686731619e+00
9.993309583838436705e-01
1.010680504679543068e+00
1.001768884538160487e+00
1.002862450824851148e+00
1.002105870944401511e+00
1.007133989705325972e+00
1.002914964268421416e+00
1.006269412088463211e+00
1.005479185587662139e+00
1.001556539673268409e+00
9.992538971279326665e-01
1.010650590214331901e+00
1.010148261352928234e+00
1.008984962243085981e+00
1.006041815571313114e+00
1.000408354002703781e+00
9.979163652481861657e-01
1.006351510696860574e+00
1.006275003090342013e+00
1.001769359982319196e+00
1.001190622217411841e+00
1.006016954656604456e+00
1.000157783219406626e+00
1.004718126216023188e+00
1.005647640783184249e+00
9.976969491757947672e-01
1.005548437027412367e+00
1.003036725415205499e+00
1.002871971671965179e+00
1.008407121736263123e+00
9.970437664887598084e-01
1.002514946770808990e+00
1.004883941685212889e+00
9.994441615850115923e-01
1.001915029884624442e+00
9.986296858465537607e-01
1.008038731362780327e+00
9.990798410034765764e-01
9.996451215508622701e-01
9.969539579613203584e-01
9.965889005035647452e-01
9.968479093533608726e-01
1.000141099717472670e+00
9.955591259593474796e-01
9.988050579402919515e-01
9.979081505155527054e-01
9.975070090327463612e-01
1.000015101541342766e+00
9.984131526673578616e-01
1.000312106320475181e+00
1.001518927207661447e+00
1.000857992532944607e+00
9.958667100658894489e-01
1.004327896763655081e+00
9.940286572819551081e-01
9.996953891733846298e-01
1.000329694829596328e+00
9.976452442761229999e-01
9.965760227153090955e-01
9.995800006290608275e-01
1.001036202368263961e+00
9.990791987142999542e-01
1.004677709539885333e+00
9.988343917457999099e-01
1.001529724680341626e+00
9.991218878418621774e-01
9.987695831531768764e-01
9.995349048399972958e-01
9.991536453477231072e-01
1.000015256388801621e+00
1.000860010588635607e+00
9.970529815423585518e-01
9.994213682521033704e-01
9.991404606887565043e-01
9.960427823323851904e-01
9.986476794290043424e-01
1.000148550043178153e+00
9.957771439970891647e-01
9.952052392388540669e-01
9.955355622928419024e-01
9.980662412441967390e-01
9.958234884610255300e-01
9.940965919651597593e-01
9.961464275023200754e-01
9.957480009818568956e-01
9.958255455317722715e-01
9.949547679290982050e-01
9.967230150367829555e-01
9.930706033737597416e-01
9.953253401388266752e-01
9.977539713925492881e-01
9.926981073170277892e-01
9.938896230987529501e-01
9.972770611527834728e-01
9.957901620936302489e-01
9.946712492285950669e-01
9.988151986066792221e-01
9.974817512647135009e-01
9.940790700918956668e-01
9.946213199622656598e-01
9.968053745076373984e-01
9.976190504008907167e-01
9.973576706908252598e-01
9.936391051139998876e-01
9.957990247681210993e-01
9.927237888428341872e-01
9.966656989347136841e-01
9.952712996993898775e-01
9.954713374337875731e-01
9.947859912791546799e-01
9.986551075876728412e-01
9.961758766776166452e-01
9.983953451826099723e-01
9.962304202191681890e-01
9.991718977882668717e-01
9.961570293505461748e-01
9.977500363761976354e-01
9.987538671409800228e-01
9.953092929498644770e-01
9.985567052940614863e-01
9.965462079062573642e-01
9.942731699289871772e-01
9.999119577454322894e-01
9.966591706992325994e-01
9.946706283360955414e-01
9.955824283220123805e-01
9.981467052115807759e-01
9.953061040256664382e-01
9.961655366167996295e-01
9.968627964685460308e-01
9.968549331463537611e-01
9.961206242845691561e-01
9.938994808626041566e-01
9.965071310684423533e-01
9.940166829205153709e-01
9.953769944695296523e-01
9.952018889324142359e-01
9.924020672970635948e-01
9.956257102750701860e-01
9.973226602609084335e-01
9.950592021090742811e-01
9.970308997590966449e-01
9.941633130862602696e-01
9.959594567628200501e-01
9.907846469296577308e-01
9.746351143086334767e-01
9.668452132422330481e-01
9.561665647728954109e-01
9.457315185703112359e-01
9.345158771543710108e-01
