0.000000000000000000e+00
0.000000000000000000e+00
0.000000000000000000e+00
0.000000000000000000e+00
0.000000000000000000e+00
0.000000000000000000e+00
0.000000000000000000e+00
0.000000000000000000e+00
0.000000000000000000e+00
0.000000000000000000e+00
0.000000000000000000e+00
0.000000000000000000e+00
0.000000000000000000e+00
0.000000000000000000e+00
0.000000000000000000e+00
0.000000000000000000e+00
0.000000000000000000e+00
0.000000000000000000e+00
0.000000000000000000e+00
0.000000000000000000e+00
0.000000000000000000e+00
0.000000000000000000e+00
0.000000000000000000e+00
0.000000000000000000e+00
1.556908704483813647e-04
3.981065831710773467e-02
8.462548075801828995e-01
2.893216139597375225e+00
3.324290255568070229e+00
2.123345125545852419e+00
1.032986444801295312e+00
4.910990021937067240e-01
2.774793537635692475e-01
2.280169787707427564e-01
2.325798379279916395e-01
2.621558783099948164e-01
3.024271203021901555e-01
3.307767493389642266e-01
3.430745133850841566e-01
3.422775813649716614e-01
3.652426827297302614e-01
4.179126540303285675e-01
5.245261625903617775e-01
6.705972734697718263e-01
8.503540524450661220e-01
1.017807319971024915e+00
1.185742629352572575e+00
1.295826500024921613e+00
1.395042927172771563e+00
1.460242740091332703e+00
1.535397582067743683e+00
1.568043957380582665e+00
1.563711617915329644e+00
1.487255687688482597e+00
1.332895539890323722e+00
1.207619311363296477e+00
1.077240251407491911e+00
9.854257206756021903e-01
9.178589901652456362e-01
8.796896398713075493e-01
8.662986263517021834e-01
8.613622036543445715e-01
8.812513917161249877e-01
9.036658229161249611e-01
9.038781615367603717e-01
9.472488635752379649e-01
9.528333258367597258e-01
9.735304682756953376e-01
9.945339586972787860e-01
1.013566594189979631e+00
1.023454469794112809e+00
1.037826449848269883e+00
1.054897961932893535e+00
1.053344110889204988e+00
1.060906446080396748e+00
1.060060371212811825e+00
1.040976454714458876e+00
1.035776402146312947e+00
1.023342776843363833e+00
1.008762985244202603e+00
9.989430886655089603e-01
9.927037100735043307e-01
9.795504113156308090e-01
9.760687837652123333e-01
9.696884650340370504e-01
9.798311755677148183e-01
9.756450136608997292e-01
9.804635108350917561e-01
9.891362161286731958e-01
9.910411947418513723e-01
9.980300956186767269e-01
1.000749717561306706e+00
1.011650459806543001e+00
1.007222101872138786e+00
1.015951474105416752e+00
1.013960855007981277e+00
1.017133578159477247e+00
1.014919659631168258e+00
1.008000024954357032e+00
1.006712731640146297e+00
1.005859810295861800e+00
1.001932676073110207e+00
9.983580029298576575e-01
9.970895344578921682e-01
9.959005166155672217e-01
9.934603389997559431e-01
9.954680437876267662e-01
9.899665274160756034e-01
9.887454074488718492e-01
9.867331804674667195e-01
9.937099842735584998e-01
9.897386351178296682e-01
9.988221970592897625e-01
9.962238019299590741e-01
9.979835266326755328e-01
1.000689257547540567e+00
1.004277931714767647e+00
1.006598064289696559e+00
1.008071506961759400e+00
1.013183751277573652e+00
1.008577353331238768e+00
1.007941848047747779e+00
1.010356649046383337e+00
1.004932016227876534e+00
1.005465994740768698e+00
1.000312824483529095e+00
9.970478239128842679e-01
9.972747532641933477e-01
9.969097293370118296e-01
9.972451347569509794e-01
9.970031893722259841e-01
9.975666942233243351e-01
9.958115921951239402e-01
9.986067116151198242e-01
9.969412681484439709e-01
1.000062347647135308e+00
9.975224785982839126e-01
9.999138675994538872e-01
9.989896572425432941e-01
9.965866355673600463e-01
9.975548876758260075e-01
1.002168149487144611e+00
9.968513736642811152e-01
9.965641163367775501e-01
9.979977219029334545e-01
9.974524458880743571e-01
1.000269381978307504e+00
9.998983656242803608e-01
9.953311134909277325e-01
9.969226325782627463e-01
9.989535620719469655e-01
1.001662689435917963e+00
9.978209075329029787e-01
9.979130597623641075e-01
9.952879545324271326e-01
9.931810433572944019e-01
9.939582597812715026e-01
9.935731930159024117e-01
9.960615609082936750e-01
9.970392283616185125e-01
9.974327083413424555e-01
9.912825265701372679e-01
9.939504001085792684e-01
9.968846209928188262e-01
9.945312407908001306e-01
1.001648212920131842e+00
9.997603890771509239e-01
9.937984787132563280e-01
9.958474592997260677e-01
9.968258512400571814e-01
9.973205918777721113e-01
9.999319018022851946e-01
1.000151098764627378e+00
1.000267771704664854e+00
9.975842579031853896e-01
9.976400510496210572e-01
9.940061725401196924e-01
9.963594058715914414e-01
9.988880708316105750e-01
9.996104013161161150e-01
9.965604376133293529e-01
9.986182351909498323e-01
9.981185357585390383e-01
9.967598625623126374e-01
9.977415091688456306e-01
9.948739827140176128e-01
9.941306082165902724e-01
9.974619565226653384e-01
9.984704093852370121e-01
9.968695815342730748e-01
9.969084611007660301e-01
9.996472985655442400e-01
9.993068454135390910e-01
9.966883439681373247e-01
9.985895865780842762e-01
9.965433782925268158e-01
9.982075112918663562e-01
9.973308388681506598e-01
9.965017719447339939e-01
9.951741897137312831e-01
9.994732389607138279e-01
9.994899414275391081e-01
9.948465098947146812e-01
9.983280669024893195e-01
9.978991667151575484e-01
9.992771676254141866e-01
1.000548859452333961e+00
9.974341406871110038e-01
9.982567896741950664e-01
9.967652599648592071e-01
9.978388039067904725e-01
9.970714857291786970e-01
9.971644138472488539e-01
9.964962335379328184e-01
9.961729522964192229e-01
9.956960110269748032e-01
9.991316075375306083e-01
9.974021241905385304e-01
9.966471104995046071e-01
9.973057885061745731e-01
9.971945025354894687e-01
9.963377918401453703e-01
9.977330530476964388e-01
9.981560180947478544e-01
9.971039217548597344e-01
9.974520151887564801e-01
9.972905251494130763e-01
9.985597095138269985e-01
9.964317370897978199e-01
9.973994542987580925e-01
9.960013283014252927e-01
9.997053141192319137e-01
9.962560432938885047e-01
9.984724647269626052e-01
9.977288556868406655e-01
9.972230624289080136e-01
9.975624240060948500e-01
9.971167215574691101e-01
9.964133623997372124e-01
9.971274024757006416e-01
9.999524152488769024e-01
9.963583217594186303e-01
9.990865597189937386e-01
9.986672797504090315e-01
1.001546979677423233e+00
9.980008975233499724e-01
1.000066125317363941e+00
9.990244903592215842e-01
1.000839952838362024e+00
9.969217531453219427e-01
9.978511280132278394e-01
1.000259189972092955e+00
9.985737237143113010e-01
9.985330171064705773e-01
1.000730579379245588e+00
1.000735602625166809e+00
9.987255097336334986e-01
9.988167224327222371e-01
9.993186332411108097e-01
9.990086699130095171e-01
9.982360121775434303e-01
9.952658526311765064e-01
9.969929226757082708e-01
1.000007269213475158e+00
9.974259613597996621e-01
9.935238466845310867e-01
9.846801999972271124e-01
9.726178220974717181e-01
9.616189192981251521e-01
9.513378488817332279e-01
9.414722090640081920e-01
9.270431564070851227e-01
9.161243858547409857e-01
9.070445607044914649e-01
8.974659210468728388e-01
8.878556597969943232e-01
8.765916738467439684e-01
8.661682470117757493e-01
8.562452210233556515e-01
8.459045744189692684e-01
