0.000000000000000000e+00
0.000000000000000000e+00
0.000000000000000000e+00
0.000000000000000000e+00
0.000000000000000000e+00
0.000000000000000000e+00
0.000000000000000000e+00
0.000000000000000000e+00
0.000000000000000000e+00
0.000000000000000000e+00
0.000000000000000000e+00
0.000000000000000000e+00
0.000000000000000000e+00
0.000000000000000000e+00
0.000000000000000000e+00
0.000000000000000000e+00
0.000000000000000000e+00
0.000000000000000000e+00
0.000000000000000000e+00
0.000000000000000000e+00
0.000000000000000000e+00
3.375983135975633986e-02
1.005987480146996571e+00
3.304338655882595344e+00
3.283154854335771144e+00
1.831207512511405344e+00
8.350142963874942481e-01
3.867915335005308597e-01
2.019131013177605793e-01
2.287517088813611488e-01
8.475823443537651158e-01
1.746155084865805174e+00
1.905348737952668792e+00
1.464594109851233172e+00
9.974047362868072586e-01
7.263258302614683526e-01
6.228069079461365787e-01
6.202650865150771686e-01
6.713733076795055377e-01
7.572552785480500814e-01
8.465744192999463680e-01
9.400368488334993611e-01
1.020399054809442374e+00
1.092676571149328257e+00
1.150608935371385977e+00
1.183972864920973089e+00
1.203621810107128987e+00
1.204330673583264177e+00
1.180669609572063683e+00
1.151801461841894803e+00
1.108448015628779482e+00
1.072910967569388641e+00
1.037324745266422710e+00
1.001182600634640263e+00
9.767784845325019338e-01
9.554384505133808325e-01
9.392412625302114515e-01
9.278797649681530535e-01
9.252391598645038906e-01
9.242560435967946963e-01
9.260475353497868989e-01
9.351093337968214847e-01
9.461865317507591744e-01
9.566041675236320874e-01
9.678435753595447943e-01
9.797567130742663721e-01
9.857975790538500149e-01
9.934925066976202368e-01
9.991744552263915891e-01
1.006044556013876656e+00
1.008739746678998239e+00
1.014976533718957130e+00
1.017956813536375238e+00
1.018191595681839035e+00
1.017287452724088048e+00
1.017433433472251014e+00
1.016269394451151831e+00
1.012600413529495702e+00
1.008837281648482520e+00
1.009722957127848542e+00
1.005326689183885236e+00
1.005706749967095970e+00
1.003492480490486560e+00
1.001087929418055467e+00
9.993206093363735665e-01
9.991490170479209176e-01
9.970520791687238482e-01
9.960106444933840564e-01
9.972178098713274652e-01
9.961224993927980664e-01
9.952652983932852582e-01
9.947151900955202297e-01
9.926376245001387044e-01
9.944063982445985328e-01
9.935506495359711643e-01
9.952733603227122972e-01
9.953274555847394511e-01
9.970929978512552694e-01
9.979250342195604695e-01
9.983170824942863009e-01
9.999055181653906388e-01
1.001228559543864582e+00
1.001830836264303581e+00
1.002846792226559591e+00
1.002423247576493148e+00
1.004776506498469946e+00
1.003931856612235940e+00
1.003457791836938728e+00
1.003543394986789794e+00
1.000927790619834834e+00
1.001948472820743508e+00
9.995792858580807572e-01
1.000372735493475718e+00
9.990528128647370165e-01
9.997818459311113015e-01
9.999492349079835973e-01
9.987812400557644077e-01
9.976639547675815178e-01
9.998092042996179485e-01
9.993389915346125862e-01
9.990946164104207439e-01
9.986142287292434361e-01
9.992553696176983413e-01
9.989387770784331488e-01
1.000581081200288436e+00
9.999570974314535565e-01
9.980909810251772374e-01
9.992691981173719151e-01
9.981875341702628468e-01
9.995709342718711587e-01
1.000195220884252389e+00
1.000056505808361473e+00
1.000555734705739219e+00
1.000334745155359917e+00
1.001660569968691350e+00
1.001007196017935641e+00
1.001841987006852897e+00
1.001725665860666359e+00
1.001691479856540168e+00
1.001106479153979434e+00
9.997450291736638128e-01
1.000710937535867151e+00
1.000971962187863440e+00
1.000820948961097745e+00
1.000842691554996833e+00
1.000810023669792770e+00
1.000238296057542886e+00
9.996275698150168809e-01
1.000562537913459726e+00
1.000019822779849132e+00
9.983615846389360948e-01
9.994865321850737727e-01
9.977769502003266400e-01
9.978836529247115950e-01
9.994942261366054348e-01
9.994718209284237931e-01
1.000361238446231926e+00
1.001096936278177640e+00
1.000748048568373072e+00
1.001217455415059243e+00
1.002167973411331570e+00
1.001453258466614482e+00
1.002100875107548417e+00
1.001684524010759914e+00
1.001736643483104983e+00
1.001148201130532822e+00
1.001446442707953244e+00
1.000731886613459798e+00
1.000530664932096192e+00
1.000344029641682786e+00
9.998125841608738185e-01
9.994497466411333964e-01
9.991497841344747499e-01
9.987970149997527081e-01
9.990049293981938527e-01
9.985814902297369677e-01
9.986579365415690912e-01
9.983124903617609514e-01
9.993918075154402114e-01
9.991344354499006597e-01
9.992817433573468744e-01
9.994141422405690145e-01
1.000874536975230766e+00
1.001110671749089631e+00
1.001106597501746576e+00
1.001109642012709910e+00
1.001266741769839097e+00
1.001561647336182803e+00
1.000869711966465125e+00
1.001498500984698836e+00
1.000595666573488085e+00
1.001279997509372910e+00
1.001009774769904492e+00
1.000050520410959765e+00
1.000127681429971105e+00
1.000224959345614506e+00
9.999768115676261893e-01
9.996927346490959154e-01
9.996053818845793693e-01
1.000086234389820028e+00
1.000296782343024438e+00
1.000202753306682624e+00
9.996924726859977017e-01
9.999785521727603266e-01
9.999184508980648589e-01
1.000131601853356589e+00
9.998246996333582937e-01
9.999739789218367036e-01
1.000595155639730560e+00
1.000220762300417787e+00
1.000797219801387916e+00
1.000486068489801150e+00
1.000255708912115793e+00
1.000060215451373802e+00
9.993830524526725601e-01
1.000421961222735634e+00
1.000176406357178083e+00
1.000388559288719836e+00
1.000756165332801428e+00
9.998719527524659867e-01
1.000076152546872654e+00
1.000172595819357912e+00
1.000286601368096440e+00
1.000715108299971012e+00
1.000205867916612146e+00
1.000725169912524137e+00
1.000910567810724849e+00
1.000105087350916078e+00
1.000126080579740950e+00
1.000082210543269401e+00
9.997581752227712171e-01
1.000436758075270882e+00
9.997948409517990465e-01
9.999179421019117608e-01
9.997093023327897621e-01
9.992730018627516975e-01
9.996714553878337517e-01
9.998219682725625335e-01
1.000088634826775458e+00
1.000417630332135488e+00
1.000451206394748604e+00
1.000492982493976779e+00
1.000177341198533743e+00
9.997674645984530040e-01
1.000037839098675718e+00
9.997726127368758986e-01
1.000316864956829921e+00
1.000211709659184489e+00
1.000481726065621357e+00
1.000368228655240443e+00
1.000525225555502606e+00
1.000382760119064907e+00
1.000337403328307895e+00
1.000376908106044960e+00
1.000334684255400397e+00
1.000249493085786812e+00
1.000028826983145658e+00
1.000381730241547640e+00
1.000111418054687507e+00
9.995862423512202888e-01
1.000321877646474622e+00
9.999389230566875231e-01
1.000401711315801689e+00
1.000058485702685962e+00
1.000176755332988776e+00
9.957500992278858210e-01
9.854208824728428739e-01
9.743482458688053072e-01
9.634548913723746111e-01
9.521790083516590286e-01
9.416165883417689786e-01
9.308132606857154601e-01
9.200184425637093488e-01
9.090689195899265274e-01
8.980203276150924285e-01
8.881210989297235736e-01
8.777230500436690175e-01
8.672204358503773358e-01
8.567914070666857729e-01
8.467566134907980047e-01
