0.000000000000000000e+00
0.000000000000000000e+00
0.000000000000000000e+00
0.000000000000000000e+00
0.000000000000000000e+00
0.000000000000000000e+00
0.000000000000000000e+00
0.000000000000000000e+00
0.000000000000000000e+00
0.000000000000000000e+00
0.000000000000000000e+00
0.000000000000000000e+00
0.000000000000000000e+00
0.000000000000000000e+00
0.000000000000000000e+00
0.000000000000000000e+00
0.000000000000000000e+00
0.000000000000000000e+00
0.000000000000000000e+00
0.000000000000000000e+00
0.000000000000000000e+00
3.382698693431696740e-02
1.003364054763265401e+00
3.290980549590842852e+00
3.248745156767967046e+00
1.815778361307598621e+00
8.359860796741398481e-01
3.817935483031300037e-01
2.003934852659115251e-01
2.296221617030393958e-01
8.419868571632636023e-01
1.732323311548255473e+00
1.895041638260185346e+00
1.458998487880781569e+00
9.971081465151945267e-01
7.286885398084619325e-01
6.264595296759448706e-01
6.276034253572624344e-01
6.771462563893889675e-01
7.577279393074577429e-01
8.494700823607201912e-01
9.388152777212661615e-01
1.023328625763218369e+00
1.094201856131009176e+00
1.145278170035469500e+00
1.182226365835762349e+00
1.202839904749990030e+00
1.199024850519115670e+00
1.181600279056330693e+00
1.147033699877106905e+00
1.108921584391193704e+00
1.072693395483841350e+00
1.036303745925403863e+00
1.003253050992471751e+00
9.759069617346102232e-01
9.532031417562025766e-01
9.394912800644441564e-01
9.286460977620689672e-01
9.270205857078909206e-01
9.243693178109170239e-01
9.270119925655655457e-01
9.352309887931414822e-01
9.459189553228665170e-01
9.587134355244494310e-01
9.705870339431900140e-01
9.800590973184104548e-01
9.877264414684080451e-01
9.966006146902034457e-01
1.003524024641048618e+00
1.006524623376616079e+00
1.011222513075855423e+00
1.014946139287991711e+00
1.016669088132433618e+00
1.017200835637501743e+00
1.018352517070150842e+00
1.015997288989606062e+00
1.015107482430479990e+00
1.012869874034881379e+00
1.009482594424329527e+00
1.008692216810625375e+00
1.005346664631663778e+00
1.003975229263149860e+00
1.002295210111214363e+00
1.001063051781891033e+00
9.995064562785727080e-01
9.986228790560902624e-01
9.972176295966159731e-01
9.954665693790583081e-01
9.959560251306404099e-01
9.933133047398386983e-01
9.963058606701070685e-01
9.950842656539744535e-01
9.946233381877169766e-01
9.950633692215223869e-01
9.953767270570776926e-01
9.949032596981095544e-01
9.969457882339872734e-01
9.951258423756856875e-01
9.975632992539488209e-01
9.967129632855625809e-01
9.989612912287226809e-01
1.000289815589513021e+00
1.000514254500938671e+00
1.003399645870386214e+00
1.002818295492685197e+00
1.002507543909541887e+00
1.004568357788954813e+00
1.003423173692266079e+00
1.002584466375562755e+00
1.001784224847582783e+00
1.001180575954781604e+00
1.000016386294287907e+00
1.000344146070677231e+00
1.000390481878721038e+00
9.994304193517320467e-01
9.989566562153254781e-01
9.982570905315421017e-01
9.992503415510204379e-01
9.987108741653021315e-01
9.980550896727538035e-01
9.986903437541998496e-01
9.990643643505965343e-01
9.998803972098369020e-01
9.985399207193180748e-01
9.991319114568497639e-01
9.997690933720422279e-01
9.991721709160668041e-01
9.989959639465558761e-01
9.992287548259273233e-01
9.987583319980523067e-01
9.990949596374749664e-01
1.000105029159604753e+00
9.998764907727784035e-01
9.995405635565262070e-01
9.992080003982950487e-01
1.000344562728907594e+00
9.996535662050357596e-01
1.001006913802210629e+00
1.001648851407874297e+00
1.000556567140722386e+00
1.000915464615554251e+00
1.000785847514592097e+00
1.000447809532988952e+00
1.000252594825217001e+00
1.000563336564657568e+00
9.997767965854936767e-01
9.994873694913611883e-01
9.996394321393315963e-01
9.990806235793315837e-01
9.986117093403934497e-01
9.981193069727704037e-01
9.987040813975132103e-01
9.982650812266451457e-01
9.984821453038125183e-01
9.989022843333638102e-01
9.991719343115399443e-01
1.000198563322773904e+00
9.999168724013363097e-01
1.000065560445743351e+00
1.000746668569227893e+00
1.000566397754490744e+00
1.001559847809203596e+00
1.000662236191478982e+00
1.001900655787160366e+00
1.001194507655176258e+00
1.002292781820853129e+00
1.001768499107360766e+00
1.001314633899798245e+00
1.000413304102038436e+00
1.000305973315151586e+00
1.000084285679899931e+00
9.993746263619106562e-01
9.988867741864889682e-01
9.984969874014357760e-01
9.989086576170619347e-01
9.982004853224037966e-01
9.991409178110934874e-01
9.979408934089094574e-01
9.988397004711477845e-01
1.000072188723976740e+00
9.995250532535944199e-01
9.994580004827829933e-01
1.000291193075305118e+00
1.000138059222194675e+00
1.000575370941154452e+00
1.000999652400920370e+00
1.000650983850796427e+00
1.001547044619276017e+00
1.001296971093541766e+00
1.001437649014288445e+00
1.000739152255431863e+00
1.000491806475103829e+00
9.998891795088913348e-01
1.000395736057533735e+00
9.996254717724047945e-01
9.999582924624560443e-01
1.000110231768006397e+00
9.994611337858854139e-01
9.996395456610313035e-01
9.994970085464219833e-01
9.996562268361633974e-01
1.000145013721829512e+00
9.995513691461059835e-01
9.991089135304224156e-01
9.999462933919512908e-01
9.999440895695065334e-01
1.000110093473389972e+00
9.997121740216043939e-01
1.000033522479267356e+00
1.000239097414202138e+00
1.000030512630730284e+00
9.997730273171284709e-01
1.000321274643566127e+00
1.000510023528811798e+00
1.000682679223074745e+00
1.000583130258532405e+00
1.000127883155205399e+00
1.000420631415500639e+00
1.000881141952588926e+00
9.999233451956961449e-01
9.996256864733038539e-01
1.000620507867363784e+00
1.000497665694695115e+00
1.000255907187717064e+00
1.000677175003872099e+00
9.998398616555000951e-01
1.000471764988721590e+00
1.000505710239754320e+00
9.996292725865237871e-01
1.000401483587145091e+00
9.995168194485377633e-01
9.996305054299942094e-01
9.994501726696084498e-01
9.996270333530942187e-01
1.000265674707626840e+00
9.996188442263370666e-01
9.997346198755798774e-01
1.000178398829174586e+00
1.000434062907601618e+00
9.997840338376585700e-01
1.000353794569352139e+00
9.996767061097012741e-01
9.997954999350273653e-01
1.000681915585441395e+00
1.000586208765085416e+00
1.000262856499611663e+00
1.000145378204894353e+00
1.000392446914527333e+00
1.000345894821272008e+00
1.000883070824246879e+00
1.000296265682270702e+00
1.000416691959739479e+00
1.000343308051127034e+00
9.996871509545203205e-01
1.000413300643998804e+00
1.000108064280762710e+00
1.000501325270193975e+00
9.999663395737456995e-01
1.000254325720383974e+00
1.000374466589968758e+00
1.000053102651306425e+00
1.000159266022367488e+00
9.998069053788951610e-01
9.999835143483415401e-01
1.000193157475903538e+00
9.954030572299388258e-01
9.855928735460809387e-01
9.741401973361873967e-01
9.631795877883998491e-01
9.526675978017012936e-01
9.411626196314790693e-01
9.304268835465209220e-01
9.194137538204559812e-01
9.087134477333714822e-01
8.986461367576834558e-01
8.876921162179189917e-01
8.776188099733028825e-01
8.669132904661897010e-01
8.569376166729848476e-01
8.465871253181084244e-01
