0.000000000000000000e+00
0.000000000000000000e+00
0.000000000000000000e+00
0.000000000000000000e+00
0.000000000000000000e+00
0.000000000000000000e+00
0.000000000000000000e+00
0.000000000000000000e+00
0.000000000000000000e+00
0.000000000000000000e+00
0.000000000000000000e+00
0.000000000000000000e+00
0.000000000000000000e+00
0.000000000000000000e+00
0.000000000000000000e+00
0.000000000000000000e+00
0.000000000000000000e+00
0.000000000000000000e+00
0.000000000000000000e+00
0.000000000000000000e+00
0.000000000000000000e+00
0.000000000000000000e+00
0.000000000000000000e+00
0.000000000000000000e+00
0.000000000000000000e+00
3.898296924185870593e-02
8.049566861396865169e-01
2.852510481058933678e+00
3.407217487188296978e+00
2.217443783580888006e+00
1.073664441361567246e+00
5.403357738518039799e-01
2.903991332248292423e-01
2.202387248770260875e-01
2.167089023192563801e-01
2.318282950858869262e-01
2.564051891548472240e-01
2.541802320860901410e-01
2.903185847807414621e-01
2.831172493838589599e-01
3.334491571383751962e-01
4.147225477100193736e-01
5.442078977156007413e-01
6.845957371557639393e-01
8.468421786476685309e-01
1.089528643030485133e+00
1.290849484552856641e+00
1.382015080200414747e+00
1.516642858741626743e+00
1.599281881385274939e+00
1.672262764526005308e+00
1.729583024091653431e+00
1.678580066614236310e+00
1.569917987962157868e+00
1.420871373432212037e+00
1.287005897786682285e+00
1.118957754454742659e+00
1.000632964543619607e+00
9.406040494316971756e-01
8.806099880945109648e-01
8.938163650369993496e-01
8.509104063797031658e-01
8.920442015184362194e-01
9.044079478164923636e-01
9.373671404791329431e-01
9.308278797596307719e-01
9.522019969686349450e-01
9.916628971612535537e-01
9.849376583245637029e-01
1.015975174708921847e+00
1.029055878271575297e+00
1.036921310059993218e+00
1.072541221310415072e+00
1.040270468177348029e+00
1.058778942963353620e+00
1.029138990122592245e+00
1.054934334886412861e+00
1.025670283410873296e+00
1.013590148246047207e+00
1.020742198821299906e+00
9.964202140205616898e-01
9.881487242101310020e-01
9.601487282785891031e-01
9.701956125777203566e-01
9.731098446604585783e-01
9.593237063334267845e-01
9.727630607955516373e-01
9.662185797698984446e-01
9.849670903145312240e-01
9.880825736652019131e-01
9.845525210235569480e-01
1.020001876496930304e+00
9.968820297937956987e-01
1.002424193717075473e+00
9.993480455044463362e-01
1.006048230683077582e+00
1.010624058722635610e+00
9.981336805693241665e-01
1.017033986407732460e+00
1.007064884111073644e+00
1.003626970410144592e+00
9.844408058043835341e-01
1.001521259553261212e+00
9.877642048748415116e-01
9.915271403314611653e-01
9.926928592658019745e-01
9.843642526575226981e-01
9.959162232406043591e-01
9.811963521523192622e-01
9.898921775874643947e-01
9.865387386806340198e-01
9.878869406500545569e-01
1.008111068291978718e+00
9.992811894956220575e-01
9.956806974904552909e-01
9.900116173906859940e-01
9.911608061320422713e-01
1.007414434368622436e+00
1.004565563330947153e+00
9.876900469986370501e-01
9.999987139991861618e-01
9.976449053835007019e-01
1.006595680541172655e+00
9.884906833417443917e-01
9.995394565502484507e-01
9.946999283407865766e-01
9.973339407185416450e-01
9.873261678631394256e-01
1.004529763078086502e+00
9.994309975668697055e-01
9.910577375402576106e-01
9.890534505457730940e-01
9.881517677884442685e-01
9.934604869699282803e-01
9.989931598190404660e-01
9.899291053444373434e-01
9.955813209549105869e-01
9.904722706624459194e-01
9.827631813301863639e-01
1.004386693986629719e+00
1.002918804526996333e+00
1.001803445991540142e+00
9.919124023907677223e-01
9.902935137596186044e-01
9.992481149962941789e-01
9.967268859665762148e-01
9.939744292712642260e-01
1.006207540756152818e+00
9.937937476299475437e-01
9.956011595413641890e-01
9.951743044326677445e-01
1.000277502948548669e+00
9.993023706908117365e-01
9.944749328891181461e-01
9.923435155774349425e-01
9.888477177918126859e-01
9.892933167660701299e-01
9.962653207624545537e-01
1.006918814471666312e+00
9.841928538685857930e-01
9.912070646352362235e-01
9.936229368527085271e-01
9.959284529225956861e-01
1.008985850833665099e+00
9.926102349542641479e-01
9.978207162235307459e-01
9.912892917596716202e-01
9.986222661651655841e-01
9.964478658459048344e-01
9.954022429528299742e-01
9.923721260005240463e-01
9.908101029386831016e-01
1.000612783711290588e+00
1.000396978608529830e+00
9.876735175210386020e-01
9.994970307984689661e-01
9.915603454679219331e-01
9.937163623723317407e-01
9.933152730161790567e-01
9.984479069817174812e-01
1.001305170651485055e+00
9.932263513211182504e-01
9.896026828273454257e-01
9.949771365389490363e-01
9.963603421578859365e-01
9.959614391353168728e-01
9.934911533172953169e-01
9.969299487579160735e-01
9.922132959628098270e-01
9.885993847029614923e-01
9.976858134572669234e-01
9.849947440096875617e-01
1.003470437211389843e+00
1.007649108095176160e+00
1.001519515560927998e+00
9.970873964109021603e-01
9.915607998377586885e-01
9.931141193314161342e-01
1.000505274652070398e+00
9.946088117904244852e-01
9.994850226689410144e-01
1.000531748097938767e+00
9.954657644854915111e-01
1.002250618948658190e+00
9.978527600738045233e-01
9.984305029540904153e-01
9.960371092908463231e-01
9.962782811268023897e-01
9.928970740005256257e-01
1.002228066289841513e+00
9.956319802332296298e-01
9.937345273156853454e-01
9.925023207344827458e-01
9.955321203755826964e-01
9.952114798978495269e-01
9.941305818888721557e-01
9.921076612559243113e-01
9.943403110335828909e-01
9.986412344107630235e-01
9.915622558188307289e-01
9.947251022184089297e-01
1.001859780166311609e+00
1.001093668957144800e+00
1.005731614454765444e+00
9.979110365821538542e-01
9.962842102770139707e-01
9.962902527298240773e-01
9.966250643820674382e-01
9.981297506251914919e-01
1.001014421114836184e+00
1.003322474126973063e+00
9.981501234943860323e-01
1.000439501691367639e+00
9.965618619180686144e-01
9.987878439001970365e-01
1.002962907539095783e+00
9.994510082968194320e-01
1.001940278218713232e+00
1.000152111552803591e+00
1.000292460104583281e+00
9.972729461666832718e-01
9.972901094413403333e-01
9.968958528507511074e-01
9.956834057776373648e-01
9.972881670094501105e-01
9.949429030845804434e-01
9.961283943526673124e-01
9.982555591438067033e-01
9.912022591039354458e-01
9.943500915131856521e-01
9.987090078623346301e-01
9.974261496357127443e-01
9.951480913038174281e-01
9.930228054258607440e-01
9.918786601692749505e-01
9.989550884139833942e-01
9.878769320472584603e-01
9.964495738473413411e-01
9.945502487321391527e-01
9.910787680131202260e-01
9.873976845327590013e-01
9.952459582347151779e-01
9.914671464925363109e-01
9.898346831732308670e-01
9.874465874335494053e-01
9.980137572574873106e-01
9.915910572323844985e-01
9.912327363499948696e-01
9.944919062969045376e-01
9.892632904880609424e-01
9.934482395068552352e-01
9.912250801463533545e-01
9.978417451279540940e-01
9.906006260590027868e-01
9.932628045661886507e-01
9.913761337259574535e-01
9.935362960214475514e-01
9.920840671949899825e-01
9.941734567424230784e-01
9.942847943290413770e-01
