0.000000000000000000e+00
0.000000000000000000e+00
0.000000000000000000e+00
0.000000000000000000e+00
0.000000000000000000e+00
0.000000000000000000e+00
0.000000000000000000e+00
0.000000000000000000e+00
0.000000000000000000e+00
0.000000000000000000e+00
0.000000000000000000e+00
0.000000000000000000e+00
0.000000000000000000e+00
0.000000000000000000e+00
0.000000000000000000e+00
0.000000000000000000e+00
0.000000000000000000e+00
0.000000000000000000e+00
0.000000000000000000e+00
0.000000000000000000e+00
0.000000000000000000e+00
0.000000000000000000e+00
0.000000000000000000e+00
0.000000000000000000e+00
0.000000000000000000e+00
3.008233978131602646e-04
2.061268046147190017e-02
4.368821433891337258e-01
1.621277774136069993e+00
2.098110609147948225e+00
1.542231896947352077e+00
8.932733022373900988e-01
5.391223577691758306e-01
3.318885963236249959e-01
2.657596514344410243e-01
2.686940906768434112e-01
2.748782015692392555e-01
2.687611124025904297e-01
2.718748403287289395e-01
2.550232503303886400e-01
2.492651626536138976e-01
2.810154736462696645e-01
3.382360953887086907e-01
4.414469751483013349e-01
5.571699317048969258e-01
7.151343199268579420e-01
8.823043316087817445e-01
1.045922782351517144e+00
1.186035145991301665e+00
1.288702409995970077e+00
1.397652949391290589e+00
1.485594353621597863e+00
1.551549848635196405e+00
1.549991277402671841e+00
1.512482274310709807e+00
1.414965446034350816e+00
1.288961183886980555e+00
1.189968176704202074e+00
1.067314158295087578e+00
1.013280316408197601e+00
9.381091653837285715e-01
9.149878836988596387e-01
9.094319836570241566e-01
9.024600949718767362e-01
8.858837209598035001e-01
9.079193344729523663e-01
9.229834235187744929e-01
9.168326803462063523e-01
9.481731145172649367e-01
9.611797539816443470e-01
9.765779000658436626e-01
9.864880218470951645e-01
1.007144788326951090e+00
1.021971291616654565e+00
1.032576526983644216e+00
1.040410508202318285e+00
1.028800426257657552e+00
1.038835910930133055e+00
1.029294129056300244e+00
1.026753396900651927e+00
9.996535270361611714e-01
1.004280114472989593e+00
9.923303408151519234e-01
9.860983365414152102e-01
9.711653774620242485e-01
9.758038194254516906e-01
9.682524764281091878e-01
9.632646006000943339e-01
9.698152009393615769e-01
9.704675178831028148e-01
9.716371250488687883e-01
9.830218267348137529e-01
9.724892364709780690e-01
9.887036933128581229e-01
1.001843825470177363e+00
1.001672621420583331e+00
1.001330210080227046e+00
1.009382519243685161e+00
1.003872546101452157e+00
9.982399500655237956e-01
9.941438680262913996e-01
9.988079088484018708e-01
1.003318670919023159e+00
9.943290968704801003e-01
9.937868038037472873e-01
9.954778324832107561e-01
9.998532115119996844e-01
9.877963164040121091e-01
9.879715962397170870e-01
9.931292860338455375e-01
9.888879563084268520e-01
9.919974808450149339e-01
9.908104482361017595e-01
9.913160985297072569e-01
9.960591788244016476e-01
9.950649706404913752e-01
9.921484318158112492e-01
1.001135635019218206e+00
1.001703004735267521e+00
9.953337470185458224e-01
9.988760363850502921e-01
1.001863359107346696e+00
1.003575712550970112e+00
1.002154865553158247e+00
1.006289957616753217e+00
9.970358244139019277e-01
9.965305005472047117e-01
9.968385514320676766e-01
9.972326633146681996e-01
9.963300268801817960e-01
9.952628909613261410e-01
9.932626228841455740e-01
9.940137666982367115e-01
9.929587631741830789e-01
9.981544238451870443e-01
9.951621169953633883e-01
9.956452879932443656e-01
9.908751735561412977e-01
9.942452725549887349e-01
9.936096878411924127e-01
9.948623859055748531e-01
9.988947989157582752e-01
9.934971692019068934e-01
9.991467586520902389e-01
1.001810406698903755e+00
9.969088641244006066e-01
9.980439175333523094e-01
9.948238204753803160e-01
1.004334295126768417e+00
9.975071382310759516e-01
9.945816989228736249e-01
1.001969005609311347e+00
1.003458938031245085e+00
1.003530456539849736e+00
9.954649802441287720e-01
1.005638852745093237e+00
9.976074904105333152e-01
9.905635953773279656e-01
9.918257384306280455e-01
9.979481687075766327e-01
9.975218858473600125e-01
9.973332032377465461e-01
9.994521669653727569e-01
9.929562406821473841e-01
9.946181979071617718e-01
9.962410735343548707e-01
9.961800191712093522e-01
9.979271286947787312e-01
9.983363650509049503e-01
9.963030923040518960e-01
9.948721676453169405e-01
9.911457767779119354e-01
9.988591323160297408e-01
9.964043738659252858e-01
9.957561666949531487e-01
9.919982632256921784e-01
9.898442147859076723e-01
9.918500535638817839e-01
9.909826042234696208e-01
9.959313753042203787e-01
9.951271893904553023e-01
9.945132048230111987e-01
9.941695196611290974e-01
9.913483191730683153e-01
9.909783647307964793e-01
9.945194436127591242e-01
9.925625830676345629e-01
9.897384779175644187e-01
9.961111944928126016e-01
9.910636634774272480e-01
9.908844669585331610e-01
9.956775051929145359e-01
9.949519977460615783e-01
9.998628497479831179e-01
9.925333068673568571e-01
9.936078211462768817e-01
9.934785119298624734e-01
9.913010345343453711e-01
9.947912641238276787e-01
9.959227714176871471e-01
9.948579165821437309e-01
9.907384812912313210e-01
9.962385985563106949e-01
9.980073785880524406e-01
9.961742074757211629e-01
9.928456643702500140e-01
9.941724004799513681e-01
1.000273130317907766e+00
9.947306601376689761e-01
9.966406300468592105e-01
9.998489769233962488e-01
9.991205471581647846e-01
9.963608826731176205e-01
9.973557303990603362e-01
9.970310155893327142e-01
9.937621035582828721e-01
9.960289910274574554e-01
9.945740520505865767e-01
9.973945638111069156e-01
9.968370402206222503e-01
9.955221345425786517e-01
9.973783154754961577e-01
9.951192063827826173e-01
9.980447250134550918e-01
1.001520087719613761e+00
9.931570438148989988e-01
9.955906043668344418e-01
9.954516778428419421e-01
9.958490955267158551e-01
9.964158907904160367e-01
9.962568409330043728e-01
9.936900124858533134e-01
9.950071919288867583e-01
9.964294444292036701e-01
9.936141096790975791e-01
9.973338026683478130e-01
1.000079678305197728e+00
9.956200584368973816e-01
9.968423737150489128e-01
9.946973763760305065e-01
9.998140607294210280e-01
9.964263323721811449e-01
1.000475345275011252e+00
9.963243256543067305e-01
9.989073944686615025e-01
9.994193641213299228e-01
1.000458469587316657e+00
9.992930215241363490e-01
9.961931917511843704e-01
1.000463563103461739e+00
9.966002006731476959e-01
1.000548661722521437e+00
9.987151404563576751e-01
9.984973466838942269e-01
1.002389268915016451e+00
9.972171530133661088e-01
9.980078938500533958e-01
9.980155791095131068e-01
1.000293606586676765e+00
9.997964856798613464e-01
1.002011041652000500e+00
9.953523210122926512e-01
1.001657568223864647e+00
9.986981710882865126e-01
9.993829139389507343e-01
1.000341355005793798e+00
9.998544121141325070e-01
9.975565087390482200e-01
9.989237714042537020e-01
9.995751845343546771e-01
9.984650461984744263e-01
9.996624356702004111e-01
9.947872911936208595e-01
9.831716682186628642e-01
9.761090528210787376e-01
9.618684290669101689e-01
9.536432352331140061e-01
9.420295493190962155e-01
9.335249673817510585e-01
9.218959338346663923e-01
