0.000000000000000000e+00
0.000000000000000000e+00
0.000000000000000000e+00
0.000000000000000000e+00
0.000000000000000000e+00
0.000000000000000000e+00
0.000000000000000000e+00
0.000000000000000000e+00
0.000000000000000000e+00
0.000000000000000000e+00
0.000000000000000000e+00
0.000000000000000000e+00
0.000000000000000000e+00
0.000000000000000000e+00
0.000000000000000000e+00
0.000000000000000000e+00
0.000000000000000000e+00
0.000000000000000000e+00
0.000000000000000000e+00
0.000000000000000000e+00
0.000000000000000000e+00
0.000000000000000000e+00
0.000000000000000000e+00
0.000000000000000000e+00
0.000000000000000000e+00
0.000000000000000000e+00
2.172759802256918685e-02
4.312058341312562937e-01
1.484775502353368193e+00
1.943300527286939694e+00
1.459848485542768692e+00
8.430287159010048104e-01
4.837630398666183384e-01
3.296334661422400947e-01
2.835192094692464693e-01
2.755331113697123691e-01
2.936830261471327641e-01
3.048007923920639795e-01
2.808586420868593447e-01
2.623039953369448729e-01
2.617967371897531592e-01
2.893169511833407204e-01
3.280662939125080779e-01
4.381532126894619461e-01
5.538294831105547988e-01
7.056137515171018171e-01
8.777192317052587844e-01
1.041535315093202962e+00
1.190565591844856774e+00
1.303037021380056393e+00
1.398312950822845790e+00
1.473030279469293102e+00
1.522925767882243431e+00
1.525026509971054489e+00
1.504496744999930913e+00
1.394751530280884388e+00
1.282385122501035868e+00
1.175451311590689940e+00
1.068549899775313783e+00
9.988908543764341008e-01
9.477610519661804345e-01
9.163113235903110887e-01
9.008477241639349931e-01
8.975896694742071524e-01
9.019487006462951761e-01
9.037997817458504057e-01
9.190324131794131990e-01
9.227456156062747716e-01
9.475791401412574366e-01
9.581739176819294990e-01
9.746421737499856297e-01
9.825025216704713626e-01
9.999946249508024909e-01
1.013893128148083411e+00
1.036276608750390738e+00
1.044254631579381032e+00
1.040501498623617183e+00
1.047208890156558825e+00
1.034153912065966852e+00
1.026106387723496383e+00
1.012517443711988152e+00
9.997480395350160087e-01
9.942315592806288960e-01
9.905643965960442276e-01
9.874178976727071566e-01
9.728655215959169933e-01
9.768346547490015519e-01
9.700680558923566732e-01
9.831109536931366133e-01
9.749936003707327936e-01
9.783337394463231806e-01
9.915134946319505982e-01
9.784663905725158317e-01
9.915114149664169263e-01
9.948228582496191352e-01
1.004001059285742681e+00
1.006888732517225993e+00
1.004991226842599117e+00
1.005720566886945999e+00
1.002798320261838905e+00
1.003900494198906701e+00
1.007481538724042558e+00
9.980820732777615500e-01
9.894309483087488921e-01
9.952529511591515776e-01
9.973388448084328228e-01
9.924349683896931396e-01
9.932972568807411085e-01
9.953166044618926289e-01
9.955118277204830779e-01
9.890809533727155101e-01
9.972391058304532763e-01
9.971810506956361175e-01
9.890254234467485972e-01
9.934209646413062478e-01
9.909768917581891490e-01
9.972408349012609197e-01
1.006142684802229903e+00
1.003603041691722098e+00
1.005559628006133188e+00
1.003611445569015714e+00
1.000982203161226547e+00
1.002174925710372921e+00
1.004112151665869979e+00
1.002675591617747441e+00
9.981619958419807315e-01
1.001563886725099550e+00
9.994109897998979530e-01
9.947183386782885162e-01
9.940065643200826084e-01
9.999024810597555435e-01
9.971761393325137002e-01
1.000532257653542922e+00
9.985791246907966823e-01
9.990094082268693443e-01
9.972942604492318619e-01
9.938196830931548265e-01
9.946125886695162954e-01
9.952776715286061338e-01
9.952009023825562073e-01
9.940628620018482353e-01
9.971593232337540025e-01
9.944357327028761073e-01
1.002609573978631374e+00
9.881264338430674199e-01
9.997235502528437623e-01
9.962812136385607031e-01
9.972847089346726923e-01
9.965338613386914846e-01
9.924456849986132978e-01
9.992530039934062192e-01
9.944415519156558636e-01
1.004123067679969727e+00
1.000632660953136632e+00
9.980632549671959453e-01
9.966183589096868634e-01
9.989505088820525014e-01
9.923709276757052278e-01
1.005572541316504642e+00
9.963201513947190779e-01
9.985802866089844576e-01
9.958060561309479697e-01
1.000337252052258208e+00
9.990415933873321164e-01
9.972539491463089378e-01
9.997884324043158077e-01
9.981396754778408820e-01
1.006035111533242432e+00
9.974185544889926369e-01
1.002859617392622971e+00
9.974491425539179223e-01
1.001056250741798159e+00
9.995364947802465316e-01
9.982181417682359781e-01
9.978001531775048116e-01
9.953659223042287119e-01
9.998499146664672210e-01
9.964904775294674000e-01
9.952767236023396524e-01
9.958793406384069957e-01
9.973579490362957101e-01
9.932930489210428648e-01
9.999413490678171756e-01
9.967033038956195634e-01
9.963792370540366372e-01
9.978500070572496883e-01
9.949071615902482790e-01
9.991092084819447328e-01
1.001429975493739910e+00
1.000407238962397249e+00
9.944483921109700253e-01
9.990074115727308746e-01
9.986595092322455569e-01
9.949164002981294441e-01
9.980066762500336974e-01
9.973518622385383336e-01
9.990798316648998867e-01
9.957777787442628759e-01
9.960258193666763349e-01
9.997702455096721952e-01
1.000691924407659972e+00
9.979604918415115877e-01
9.982467855781401722e-01
9.998971133323751870e-01
9.946400388696648998e-01
9.955655136118707338e-01
9.967379097374938768e-01
9.984615037767474721e-01
1.000974148808504216e+00
9.951268660281603617e-01
1.001665878191963843e+00
9.985282599288433092e-01
9.980402263725547396e-01
9.953113816327836538e-01
9.958521732418208483e-01
1.003197879536845250e+00
9.983117077887911917e-01
1.000082560480710203e+00
1.001640226759428209e+00
1.003103134973159616e+00
9.985609840735369946e-01
9.986674479583472763e-01
9.968317028157400728e-01
1.001947317655135894e+00
1.000811871178270529e+00
9.988379719012480118e-01
1.000485845558992892e+00
9.969702494054030195e-01
9.956160293262882321e-01
9.962780807295764651e-01
9.980573436193201919e-01
9.982349744421765703e-01
9.990429891322478717e-01
9.936241554434516177e-01
9.990228980946797011e-01
9.983968199952132361e-01
9.995356416203230454e-01
9.964195740630164000e-01
9.973499944100830961e-01
9.952385386273879808e-01
9.966777745447267245e-01
9.956710200882367134e-01
9.977106094593218844e-01
9.981093911773912808e-01
9.929220401055786072e-01
9.951254921923011754e-01
1.001963027588623323e+00
9.944874931498399739e-01
9.985738500317605792e-01
9.940601819173424669e-01
9.983978673680027338e-01
9.992796560361889568e-01
9.975606336785515227e-01
9.939455038000843956e-01
9.985501024463481201e-01
9.954849152010429858e-01
9.977435470135271878e-01
9.965644638991827398e-01
9.979406008274688267e-01
9.988592565420808533e-01
9.985788886088974303e-01
9.981833087861632370e-01
9.949363323326315678e-01
9.986410719894381893e-01
9.983058201596919368e-01
9.962335559644934779e-01
9.975101945853142027e-01
9.972150127074644876e-01
9.954967814673738591e-01
9.953603270585668072e-01
9.964607510367020637e-01
9.987506622605694107e-01
9.955684827583768381e-01
9.824012801434145459e-01
9.724726285846477802e-01
9.604980625744157230e-01
9.493219502435804591e-01
9.396344726495965416e-01
9.284177947544838272e-01
9.173710393866582047e-01
