0.000000000000000000e+00
0.000000000000000000e+00
0.000000000000000000e+00
0.000000000000000000e+00
0.000000000000000000e+00
0.000000000000000000e+00
0.000000000000000000e+00
0.000000000000000000e+00
0.000000000000000000e+00
0.000000000000000000e+00
0.000000000000000000e+00
0.000000000000000000e+00
0.000000000000000000e+00
0.000000000000000000e+00
0.000000000000000000e+00
0.000000000000000000e+00
0.000000000000000000e+00
0.000000000000000000e+00
0.000000000000000000e+00
0.000000000000000000e+00
0.000000000000000000e+00
0.000000000000000000e+00
0.000000000000000000e+00
0.000000000000000000e+00
0.000000000000000000e+00
0.000000000000000000e+00
2.005086229151536656e-02
4.197116338884959719e-01
1.486062529870275428e+00
1.915811769905214401e+00
1.483003125759074781e+00
8.508836679845886986e-01
4.930762889609281441e-01
3.210057649133884472e-01
2.771991724009650326e-01
2.596299610083236953e-01
2.754007418900629167e-01
2.756517771554734542e-01
2.673246882434479055e-01
2.446845154961933833e-01
2.432446649857717413e-01
2.640288216324797044e-01
3.226725941448941870e-01
4.076480855074942622e-01
5.274091476605441420e-01
6.957882711430229961e-01
8.734132796483859984e-01
1.017244196679698787e+00
1.156987369838838653e+00
1.286723050660964374e+00
1.384439976481541157e+00
1.469390334563139833e+00
1.504706114874168055e+00
1.526052266733679330e+00
1.487236060665023230e+00
1.398123588087414104e+00
1.287800272105209309e+00
1.162299029114737925e+00
1.047460306971227828e+00
9.870764448500758403e-01
9.349495470079720594e-01
9.033962238073837137e-01
9.002555362753078549e-01
8.936623745158683851e-01
8.836067463766646979e-01
8.953057517080791339e-01
9.144072476400166849e-01
9.223692814469327539e-01
9.468246717475209406e-01
9.533816826616833273e-01
9.863828014726134796e-01
9.978099463562872806e-01
1.007614852713847542e+00
1.015576134467371938e+00
1.033884180391983376e+00
1.028980114305348748e+00
1.031499432840065733e+00
1.037028433879961131e+00
1.028163314477139156e+00
1.030101623901826802e+00
1.015505374891206625e+00
1.008637359973606928e+00
1.001177604526346965e+00
9.762444457800851794e-01
9.932065579392618249e-01
9.764839081703197143e-01
9.823234484993015325e-01
9.616585928807916961e-01
9.684383409444028423e-01
9.874289388740828954e-01
9.778323794319414564e-01
9.877666211346404213e-01
9.818841110487964707e-01
9.979347936382835238e-01
9.950815355683495511e-01
9.987134499223060402e-01
1.001850798600417036e+00
1.009453682647250661e+00
1.007728679352229095e+00
1.004169009548473879e+00
1.006225943677031109e+00
9.969972160085879276e-01
1.001556183800503375e+00
9.982215953441482270e-01
9.952008014707025563e-01
9.923617126371770958e-01
9.916340739267176518e-01
9.966187548767669879e-01
9.926071653131424144e-01
9.880020163906552133e-01
9.900329204848314912e-01
9.932901754070835310e-01
9.896502031869158778e-01
9.962147513218020389e-01
9.900363708537325280e-01
9.978658398571768062e-01
1.002132426280696320e+00
9.971318727776760094e-01
1.003236256759303391e+00
1.001427389309568872e+00
1.004729536597788186e+00
1.008981035156364836e+00
1.013219314702163754e+00
1.007356376016329547e+00
1.008791498945812881e+00
1.000973769377796030e+00
1.005438608941547241e+00
1.002403368958962648e+00
1.007054526556599994e+00
1.000585883649772745e+00
9.955915685217949784e-01
9.953137880799294290e-01
1.000208033317941947e+00
9.978392766031983774e-01
9.902000071310983476e-01
1.002214502710708555e+00
9.961668395578917590e-01
9.923387319434293641e-01
9.959996686822388812e-01
9.995269969844979840e-01
9.976305660527066133e-01
9.930918055447368609e-01
9.994760889157321415e-01
1.000507427181639208e+00
9.950927077422657696e-01
9.973857510274753979e-01
1.001937468705824896e+00
1.000532190494479945e+00
9.956367223357005525e-01
1.001569282809281480e+00
9.981299592793859699e-01
1.000412510861513171e+00
9.983954116585880278e-01
9.927439012655595585e-01
9.988360700668169612e-01
9.981952041167865275e-01
9.990018934479321100e-01
9.970562216004366096e-01
1.001075151457786694e+00
1.003310421639530992e+00
9.904842608115020930e-01
9.926142287176429324e-01
9.982763832705688900e-01
9.995709906300309644e-01
9.988149431995957395e-01
1.001440967761321188e+00
9.982386483446185066e-01
9.988147194624366065e-01
1.002048810547236046e+00
1.002876404417836653e+00
1.002530322620073466e+00
9.995773932756689684e-01
1.000688113607831609e+00
9.992172745804837053e-01
1.001585486587517781e+00
1.003817730816919385e+00
1.000002251159558098e+00
1.002412359988768431e+00
9.954639011857758790e-01
9.977489021700987060e-01
9.994375957690726509e-01
1.002158083255832111e+00
1.003589962938534308e+00
9.978473846115352153e-01
1.000823497017817809e+00
9.991453512578236662e-01
9.989645214772684412e-01
9.974224661071691145e-01
1.001904391761997415e+00
9.971376578554673742e-01
9.985416764118940636e-01
1.001331398368793035e+00
9.981012915312089673e-01
1.000249275551899686e+00
1.001114951979600098e+00
9.951651718515523992e-01
1.002615896435394616e+00
9.999331511028113351e-01
1.002181847232076706e+00
9.993397983056595546e-01
9.995865572092311746e-01
1.000096495140238906e+00
9.968199200732594800e-01
9.979945782110005714e-01
9.978386932594970338e-01
1.001235921555065689e+00
1.000506771837222475e+00
9.991929684358408226e-01
9.998191790674505475e-01
1.000020261746739969e+00
9.992209418083572992e-01
9.950596899678546547e-01
9.980322958546897771e-01
9.974043103313497971e-01
9.994915874223526675e-01
1.006112625661909732e+00
9.992038825833388094e-01
9.996736422740059025e-01
1.000478312691320593e+00
9.979381552302405423e-01
1.000501565222869260e+00
9.997469252121408134e-01
9.985988592944159414e-01
1.000969802558828725e+00
9.964181334881438978e-01
1.000881592200133063e+00
9.993252630786767510e-01
1.001071271795214157e+00
1.003507760011160599e+00
1.001974540234045863e+00
1.001739597323935804e+00
9.994707790322988616e-01
1.004618322809107900e+00
9.999939855045285597e-01
9.972040017012020474e-01
9.984604291689047617e-01
9.989842651326920064e-01
1.004640567009120300e+00
1.001359872034398357e+00
9.977674816165715832e-01
9.959098932225223244e-01
1.000122394009878901e+00
1.003785497430024654e+00
1.001018334375187502e+00
9.976352964670655021e-01
1.002763740031572981e+00
1.001971014116441294e+00
1.001101449506222707e+00
1.000808045945376756e+00
1.001001161720018295e+00
9.988063616051264804e-01
9.989341325906017088e-01
1.000974296288783982e+00
9.991847146369065014e-01
1.000175609449101666e+00
9.991397471760388171e-01
9.998897800840170769e-01
9.989754658158533918e-01
9.983197316509624386e-01
9.988409404762405019e-01
9.987864999170025238e-01
9.975236818181069109e-01
9.977376612456727578e-01
9.993139565268220892e-01
9.961312508583691772e-01
9.980998902572694176e-01
9.983799310035897934e-01
9.941101670118658307e-01
1.002025803183624886e+00
9.979477521907919035e-01
1.000095996709075896e+00
9.980024118384152043e-01
9.934232914461971209e-01
9.805949586192445055e-01
9.722895426449607026e-01
9.612298614712556644e-01
9.499140266006361744e-01
9.390597930120218040e-01
9.318932040511551662e-01
9.180812957413719833e-01
