0.000000000000000000e+00
0.000000000000000000e+00
0.000000000000000000e+00
0.000000000000000000e+00
0.000000000000000000e+00
0.000000000000000000e+00
0.000000000000000000e+00
0.000000000000000000e+00
0.000000000000000000e+00
0.000000000000000000e+00
0.000000000000000000e+00
0.000000000000000000e+00
0.000000000000000000e+00
0.000000000000000000e+00
0.000000000000000000e+00
0.000000000000000000e+00
0.000000000000000000e+00
0.000000000000000000e+00
0.000000000000000000e+00
0.000000000000000000e+00
0.000000000000000000e+00
3.397267356395411442e-02
1.015648570786762628e+00
3.391337111519042935e+00
3.428516642384539903e+00
1.931569630640153745e+00
8.840718691983598942e-01
4.100957989949017279e-01
2.117173175399393592e-01
1.304948181418144892e-01
1.849924759269290231e-01
6.847878464512539010e-01
1.457499259256789692e+00
1.735548269706797875e+00
1.476752890824205133e+00
1.088128121583056940e+00
8.246236762712273460e-01
7.051567722301042007e-01
6.881613648097385516e-01
7.330965598011863760e-01
8.109176315503980881e-01
9.016676979715625428e-01
9.860848614173560733e-01
1.068481171891220383e+00
1.128077977846939861e+00
1.173227643279056709e+00
1.198099773108756150e+00
1.207849964989307523e+00
1.195957645194054564e+00
1.170824951758599131e+00
1.133393424349013134e+00
1.095482858973042983e+00
1.058027917079247482e+00
1.032757823350839654e+00
1.004803912073492400e+00
9.862196017579665241e-01
9.688085519220044350e-01
9.517236880033178581e-01
9.448626947260589937e-01
9.365024783334279235e-01
9.313485738118827406e-01
9.343350592590592418e-01
9.376060849815782694e-01
9.438816348828099612e-01
9.554315612312239692e-01
9.650584923577476548e-01
9.736308477959709773e-01
9.823108722017543926e-01
9.931668956376431545e-01
1.000183909604692722e+00
1.006704932656628415e+00
1.009823522741000845e+00
1.012544940497102752e+00
1.019258561986520428e+00
1.018102367232638139e+00
1.016743314153892852e+00
1.019045942721661380e+00
1.014235540280723713e+00
1.012710905479142109e+00
1.011637593982972483e+00
1.007160539415981049e+00
1.007215974633743683e+00
1.004384242184899190e+00
1.002846455795079361e+00
1.003390425700208644e+00
1.000032336823241330e+00
9.993414182276655344e-01
9.984144806170600628e-01
9.981877545624813219e-01
9.977101211677172898e-01
9.982552517931477798e-01
9.955631568719330859e-01
9.972112917269555510e-01
9.953523277939256841e-01
9.948826071641133639e-01
9.948202814213688017e-01
9.953633229704645924e-01
9.956801047355106071e-01
9.978475702225677590e-01
9.971695874896976397e-01
9.978932478370901027e-01
9.997779785864705504e-01
9.997064525549647085e-01
1.001017977586083019e+00
1.001516422535994710e+00
1.001452848090877534e+00
1.002371189044032329e+00
1.001572001460923733e+00
1.001247303728404647e+00
1.002121398694235888e+00
1.002613149910269286e+00
1.001244254088440533e+00
1.002457683394449628e+00
1.001386135609469763e+00
1.001062589781718248e+00
1.000130674403999276e+00
1.000564163530748951e+00
9.998016138088522409e-01
9.999741061236384621e-01
9.982599755473019476e-01
9.986003328059822604e-01
9.998328299245766715e-01
9.989021691429268435e-01
9.994278423283077251e-01
9.986614466532020007e-01
1.000372396092155336e+00
9.998134881620001080e-01
9.981424588584804081e-01
1.000961341898926937e+00
9.991300983351121268e-01
1.001178593580837051e+00
1.001016232015340846e+00
1.000269697360245624e+00
9.995202269397710504e-01
9.994044007764690818e-01
9.996951199337185123e-01
1.000323207060807906e+00
1.000397779031373169e+00
1.001360312419306231e+00
1.000730834946125691e+00
1.000975585563188996e+00
1.000243692639119164e+00
1.000437297723788532e+00
1.000951626439806397e+00
1.000968195441731545e+00
1.000888389544634105e+00
9.992833499676543330e-01
1.000553835739425690e+00
9.989516697308508109e-01
9.994860149424374951e-01
1.000317801979514476e+00
9.993795868817340056e-01
1.000254249517963157e+00
9.999852779196221064e-01
1.000595299655552495e+00
1.001384476733042650e+00
1.001507731328776352e+00
1.001966178102274396e+00
1.001141710696018761e+00
1.001412597233291679e+00
1.001130382363437654e+00
1.000958524215664891e+00
1.001385990156769212e+00
1.000103480903952846e+00
1.000949449230299271e+00
1.000325486827169374e+00
9.998788730993414253e-01
9.998653777152984867e-01
1.000977768329063045e+00
9.995084667521272337e-01
9.997830311457518437e-01
9.999242080731453042e-01
9.999634295160730879e-01
9.989331624334191195e-01
9.997919397770320682e-01
9.998566181035766220e-01
9.992384032854131348e-01
9.997337477122087979e-01
1.000932858916362855e+00
1.000251280420752176e+00
1.000311522977683998e+00
1.000464175130219235e+00
1.000192227617800800e+00
1.001312256762640462e+00
1.001197713326585914e+00
1.000824068195020455e+00
1.000168175231909151e+00
1.000636394534960782e+00
1.000688333427324661e+00
1.000308622755019528e+00
1.000542172994816292e+00
1.000684990375275474e+00
9.997645957971084130e-01
1.000706919439588560e+00
1.000493663871224070e+00
9.993064487550216146e-01
9.992194585570618459e-01
9.999454677960250004e-01
1.000176520581808282e+00
9.994521087089940359e-01
9.998195367736749661e-01
9.998429213335987553e-01
1.000613707473318348e+00
9.993002903947934001e-01
1.000742390122304037e+00
1.000100571137317873e+00
1.000614527137430931e+00
1.000314329473398045e+00
1.000730303377663333e+00
1.000727359676351069e+00
1.000726983485863197e+00
1.000178948154869740e+00
1.000158626175658538e+00
9.999791399090932620e-01
9.997596609412902069e-01
1.000953286822400257e+00
1.000121566479508450e+00
1.000118663930497753e+00
9.998944429564499137e-01
9.999716395788097456e-01
1.000233377333628493e+00
1.000773215227315438e+00
9.996788932872905376e-01
1.000137336044521597e+00
1.000351746034052969e+00
9.993014843630425581e-01
1.000165573483530190e+00
9.996976839652269575e-01
1.000529074334404411e+00
1.000320873299577196e+00
9.996036213366790157e-01
9.997513428733382224e-01
1.000611285371634240e+00
1.000361455183949477e+00
1.000284987206956355e+00
1.000298952295392230e+00
1.000136945013019751e+00
1.000075918643683393e+00
9.998912834594345656e-01
1.000136237966899655e+00
1.000066853100358255e+00
1.000711252971227649e+00
9.998352535882050196e-01
1.000260151862164548e+00
9.998370541847265702e-01
9.998693472680665328e-01
9.999342750204390784e-01
9.995102931009047786e-01
9.998287976301303281e-01
1.000064266683200920e+00
1.000288803688246464e+00
1.000901074753237197e+00
1.000143946582229715e+00
9.996163887914942814e-01
1.000198459001197637e+00
1.000095702153320110e+00
9.994199822847302794e-01
9.998019957426960147e-01
1.000689235229269558e+00
1.000077922325143698e+00
9.999023316071318224e-01
1.000051911929763060e+00
9.999529815906573749e-01
1.000110572540557241e+00
9.994546348187629548e-01
1.000436047847758081e+00
1.000181285558572331e+00
9.998730235475370431e-01
1.000875478198580248e+00
1.000158846760878850e+00
1.000576981277082611e+00
1.000160431144128115e+00
9.944468352652187093e-01
9.837706528470517853e-01
9.728511021186331265e-01
9.623697054182018817e-01
9.517878699073353266e-01
9.406764685544819482e-01
9.307152168316440433e-01
9.194872229490135274e-01
