0.000000000000000000e+00
0.000000000000000000e+00
0.000000000000000000e+00
0.000000000000000000e+00
0.000000000000000000e+00
0.000000000000000000e+00
0.000000000000000000e+00
0.000000000000000000e+00
0.000000000000000000e+00
0.000000000000000000e+00
0.000000000000000000e+00
0.000000000000000000e+00
0.000000000000000000e+00
0.000000000000000000e+00
0.000000000000000000e+00
0.000000000000000000e+00
0.000000000000000000e+00
0.000000000000000000e+00
0.000000000000000000e+00
0.000000000000000000e+00
0.000000000000000000e+00
3.344812873339022413e-02
1.007549170376101921e+00
3.385136237355908406e+00
3.416542588694357452e+00
1.933488857540300421e+00
8.879520965291801682e-01
4.116365141573261610e-01
2.104452081015225628e-01
1.286182401720144530e-01
1.890160902218629424e-01
6.838363069502598757e-01
1.456542805463494572e+00
1.732984578710876411e+00
1.470417589263081526e+00
1.088197497859449303e+00
8.272326724914086382e-01
7.036661489538271752e-01
6.879118158353383361e-01
7.361671019809327143e-01
8.100023541835613683e-01
9.027928818981179049e-01
9.887896212172596622e-01
1.068683429823694908e+00
1.130461918779912089e+00
1.172667098057835755e+00
1.200231409596819176e+00
1.210164219154022502e+00
1.199091512254729208e+00
1.168845227424492039e+00
1.134286405887912297e+00
1.095150325233816169e+00
1.060024643042509984e+00
1.032382877785947173e+00
1.009003709729423326e+00
9.862782868325001839e-01
9.683444032703050208e-01
9.490658377947966962e-01
9.433369618143597757e-01
9.361897790491757743e-01
9.310796788979706085e-01
9.322785571251934744e-01
9.358108591740841309e-01
9.464200597862436615e-01
9.512896651519038294e-01
9.639734550430482107e-01
9.744931517815483835e-01
9.851459586773433363e-01
9.951927105693459952e-01
1.001567465130395851e+00
1.005619041113960499e+00
1.010246292045334338e+00
1.015070928224021563e+00
1.016670422753326974e+00
1.020115132882462472e+00
1.019265927768142621e+00
1.017448730857069661e+00
1.017098610562406025e+00
1.014804648267417786e+00
1.011186163612098898e+00
1.010738290512420701e+00
1.007115092784172106e+00
1.005705318826982886e+00
1.002783850471718807e+00
1.001961065683582897e+00
1.003671089465729693e+00
1.002124555618785218e+00
9.997633987669360955e-01
9.994932449336018099e-01
9.971267410097006678e-01
9.956579132844972646e-01
9.962055335635776609e-01
9.965548441373941468e-01
9.950813588456364212e-01
9.962762650231125061e-01
9.953745398365740904e-01
9.947200085791704227e-01
9.966576153011554862e-01
9.956785045561729053e-01
9.956530336477380505e-01
9.986817727597352423e-01
9.985918761692159640e-01
9.990747885668074257e-01
1.001475816730395207e+00
1.001485445057725965e+00
1.002686965653046602e+00
1.003605998050257853e+00
1.003087815899112334e+00
1.002819017069401131e+00
1.000984258980637920e+00
1.002677727906004179e+00
1.003934617879652880e+00
1.002018146339128224e+00
1.002706952529822670e+00
1.000576471395881573e+00
1.001778094235495686e+00
1.001046474145184773e+00
1.001235721951398316e+00
1.000399608970205412e+00
9.995525320911453626e-01
1.001722987371046703e+00
9.985120218528706904e-01
9.994340411457486306e-01
9.991595557632094726e-01
9.994486681905181413e-01
9.994724048030620978e-01
1.000919482844281561e+00
1.000450826878903188e+00
9.992459804914918253e-01
9.996769450512519306e-01
9.986665898591536861e-01
1.000384495942116425e+00
1.001327266631313107e+00
1.001080460776546222e+00
9.996499863158766486e-01
1.000912958514155848e+00
1.000998231164625718e+00
1.000845417839965279e+00
1.000376457625562487e+00
1.001245284477224384e+00
1.001128053576254562e+00
1.000685612465514795e+00
1.000795284808498886e+00
1.001321024074626642e+00
1.000365666242628793e+00
1.000780797165202962e+00
1.000231422592425368e+00
9.990727345587312458e-01
9.995595217852218939e-01
9.992124315093591225e-01
1.000496266492773900e+00
9.992980080248702324e-01
1.000638060405424801e+00
1.000431087420447396e+00
1.000334324797093721e+00
1.001608527065436460e+00
1.000959367365502173e+00
1.000950505211945174e+00
1.002125285711902070e+00
1.001979006675036921e+00
1.001215115013384560e+00
1.001296348405941172e+00
1.000182223035659623e+00
1.000523204732759464e+00
1.001146194990613747e+00
1.000983208041291483e+00
1.000756365589959174e+00
1.000586339274235126e+00
1.000628276148706863e+00
1.001351882544874172e+00
1.000086519194659074e+00
9.999086189350908649e-01
1.000481340081091464e+00
9.993856401278804480e-01
9.995860854371483306e-01
9.990765827844563240e-01
9.999128182994276859e-01
1.000163348179271550e+00
1.000304252660607629e+00
9.999093669428551490e-01
1.000027787001067869e+00
1.000956178945542785e+00
1.001033517396449968e+00
1.000344913622518872e+00
1.000731314813383399e+00
1.001405742085841988e+00
1.000450271347733233e+00
1.000379851460143632e+00
1.000456925887097004e+00
1.000280843905035022e+00
1.000790416690245932e+00
9.999851113131063007e-01
9.996154797856915408e-01
9.996479540409739517e-01
9.998331369526598511e-01
1.000383593409419181e+00
1.000530318131579666e+00
9.989512475981330297e-01
1.000174957072042847e+00
9.996999624554789854e-01
9.998573445476174326e-01
1.000598806031786525e+00
9.994096711871949257e-01
1.000008506207830550e+00
1.000341220660266650e+00
9.996610058649989528e-01
1.001018308992468908e+00
1.000121411846327302e+00
1.000300056988949526e+00
1.000631718733233422e+00
9.997540319990536606e-01
1.000365863818966305e+00
9.997511560711678236e-01
9.993420415074900642e-01
9.997522488621898296e-01
1.000969007462533256e+00
9.996822520483770180e-01
1.000213412109655309e+00
1.000511689504300250e+00
1.000359861190966537e+00
9.999171158278773452e-01
1.000004307921003033e+00
1.000540202385201249e+00
1.000352596527883220e+00
1.000168509990769339e+00
1.000462611077228559e+00
9.995214840873375417e-01
1.000126048681470925e+00
9.989858357032249669e-01
9.996862666310954992e-01
9.999868723578133611e-01
9.998450091568169551e-01
1.000017529398724125e+00
1.000142009332558812e+00
9.999638709207931964e-01
1.000152754131586441e+00
9.998237832859391272e-01
9.995397489539749047e-01
9.999884814843577052e-01
9.999139003626993372e-01
1.000014007463420063e+00
9.999775316568083605e-01
1.000523179850471456e+00
9.995194855501082776e-01
9.998570466738485596e-01
9.998673262558417374e-01
9.998202819995726243e-01
1.000451764896395312e+00
1.000158354717304965e+00
1.000013807333822058e+00
9.996665491542473525e-01
1.000151034822437168e+00
1.000587648594538637e+00
1.000137368374949709e+00
9.999265783453108458e-01
1.000041873787224977e+00
1.000130104096126793e+00
1.000135047519513876e+00
1.000582612096950097e+00
9.998341760190694316e-01
1.000237330240357547e+00
9.998784286970915369e-01
9.995649670801234343e-01
1.000296695257238966e+00
1.000012185023438027e+00
9.997438405034838604e-01
9.998733251667579758e-01
1.000372659163861089e+00
9.998419802638528475e-01
9.999555734684365538e-01
9.999702480160048701e-01
9.993460666511195800e-01
9.952181745798919232e-01
9.840031336893551028e-01
9.734937974670762051e-01
9.622217490389263217e-01
9.519806069077293431e-01
9.409248710602872157e-01
9.305092574299919095e-01
9.198149289470946011e-01
