0.000000000000000000e+00
0.000000000000000000e+00
0.000000000000000000e+00
0.000000000000000000e+00
0.000000000000000000e+00
0.000000000000000000e+00
0.000000000000000000e+00
0.000000000000000000e+00
0.000000000000000000e+00
0.000000000000000000e+00
0.000000000000000000e+00
0.000000000000000000e+00
0.000000000000000000e+00
0.000000000000000000e+00
0.000000000000000000e+00
0.000000000000000000e+00
0.000000000000000000e+00
0.000000000000000000e+00
0.000000000000000000e+00
0.000000000000000000e+00
0.000000000000000000e+00
3.313241930408250546e-02
1.014888188285033355e+00
3.390601413912005757e+00
3.418980852775602042e+00
1.932991997963093178e+00
8.884685038586298544e-01
4.084012726730829046e-01
2.113485398756675959e-01
1.296468895250875164e-01
1.875182612962055795e-01
6.857356380831798326e-01
1.451989053584469502e+00
1.734942066042690634e+00
1.473094291513223686e+00
1.090384744567738817e+00
8.268691760423327874e-01
7.011820946148535905e-01
6.870788143321255870e-01
7.295882328411652518e-01
8.117138630454076020e-01
9.014248724287021730e-01
9.856059985946279411e-01
1.065452182295996808e+00
1.123374992369681635e+00
1.168595557803665530e+00
1.202091224958817373e+00
1.210224245284455158e+00
1.196296534815837642e+00
1.172527886285599674e+00
1.132941479060368239e+00
1.096060085589638078e+00
1.064124394319031053e+00
1.029853191843878468e+00
1.004679609432340692e+00
9.841255181612895697e-01
9.662031837104736454e-01
9.537728256392378201e-01
9.440604460078038107e-01
9.368106694675820689e-01
9.327827220608171377e-01
9.307432522902591154e-01
9.387370375526966626e-01
9.412446193596243349e-01
9.526035447840188741e-01
9.637567246290144052e-01
9.737399000860482712e-01
9.855009709706264998e-01
9.915285987688200464e-01
9.984545771402684178e-01
1.004000033314413898e+00
1.009118921203737917e+00
1.017041652504177884e+00
1.015158813390139692e+00
1.020084892608398741e+00
1.019105107370335661e+00
1.017348278284307961e+00
1.016639207280981116e+00
1.015194611687778137e+00
1.011796660563660355e+00
1.009438446769366005e+00
1.007172502313838702e+00
1.005012648245741325e+00
1.003756641958615248e+00
1.002343580249784205e+00
9.992701206578022965e-01
1.000159147496769929e+00
9.985797484040287442e-01
9.962870627447937277e-01
9.981892878143951986e-01
9.952595728518333074e-01
9.962260816325242407e-01
9.971072710207683487e-01
9.952297260334006523e-01
9.939357812379953083e-01
9.947000651760357082e-01
9.951387855078719369e-01
9.955830887137367968e-01
9.973820385458262994e-01
9.969521297549355232e-01
9.970546850529102834e-01
9.975060331564564731e-01
1.000650280470653186e+00
1.001512924731563059e+00
1.001969477970986899e+00
1.000839271247307760e+00
1.002804864705909349e+00
1.002997139741707233e+00
1.001959591945203343e+00
1.004010561826838233e+00
1.001610292948671210e+00
1.002450085806845026e+00
1.000513996702237174e+00
1.000889216334178045e+00
9.995109233391145098e-01
9.995992414770150658e-01
9.993919435702867116e-01
1.000652549341029873e+00
1.000920624690077920e+00
9.989227552744963656e-01
9.998870562727866229e-01
9.999812658576460178e-01
1.000882151072861159e+00
9.991168300864009533e-01
9.994767806051525483e-01
9.994167516747838320e-01
1.000003412456456742e+00
9.996114215620940380e-01
9.994851648315307147e-01
1.000187177677833050e+00
9.991817283911286207e-01
1.000242340230403482e+00
1.001283692410682935e+00
1.000462959302279575e+00
9.995898612772958769e-01
1.000204931401707853e+00
1.001355633707942339e+00
1.000537969724249132e+00
1.000185773769790565e+00
1.000498848195633173e+00
1.000700674296389758e+00
1.000664410673363314e+00
9.994523629977126733e-01
1.000669280144038886e+00
1.000700128577655779e+00
9.993352586895435374e-01
1.000359818514894972e+00
1.000406368825333292e+00
9.988369548025938238e-01
9.997190268477137431e-01
9.993975125441745266e-01
9.996992279005992854e-01
1.000417803836402664e+00
9.997641308956155548e-01
1.000063169086820025e+00
1.001291621651745789e+00
1.000523581446689958e+00
1.000099983923039559e+00
1.001773638314514159e+00
1.001120116868273069e+00
1.001242078025804449e+00
1.001010900544351934e+00
1.000620852712883480e+00
1.000172645016542239e+00
1.000276593624207733e+00
9.999198668374630339e-01
9.998696760257834715e-01
9.996944236363285441e-01
9.994856748981431060e-01
9.993247681339118005e-01
1.000259288248606993e+00
9.992260949151884342e-01
1.000510883354615244e+00
9.996898543275035687e-01
9.999245647664700698e-01
9.987363993065123680e-01
9.993541384952795426e-01
9.989696884442519353e-01
9.990702062297841524e-01
1.000080147944576892e+00
9.997445859686647784e-01
1.000309712944439600e+00
1.000972512403393910e+00
1.000558503971048951e+00
1.000372794334685178e+00
1.000143541061753405e+00
9.998555622608699123e-01
1.000259045991235718e+00
1.000122946739868901e+00
1.000065044938400094e+00
9.989855182487307195e-01
1.000548455079184995e+00
9.991586994743131278e-01
1.000366581745659289e+00
1.000102812882230685e+00
9.993336481505532554e-01
9.996520048861652352e-01
9.990453156247962596e-01
9.997343562332089428e-01
9.992882257346805686e-01
9.992940794783251590e-01
9.996954387660116348e-01
9.996459458045351409e-01
9.997691115883523549e-01
9.995237792367578367e-01
9.994892738328171600e-01
1.000039326512001114e+00
1.000468036234514191e+00
1.000060051595747623e+00
9.999301656022405727e-01
9.994959943917748335e-01
9.999844846082194261e-01
1.000392974701463711e+00
1.000197088530931477e+00
9.997049725336549786e-01
9.996344225427546970e-01
1.000018565260158976e+00
9.996730633059659477e-01
1.000252151348367757e+00
1.000308575984715675e+00
9.993670567341069733e-01
1.000347694309920099e+00
1.000619477232379317e+00
9.994336565699082353e-01
1.000322174699493027e+00
9.994114419699449137e-01
1.000507420361819833e+00
9.996350104609459386e-01
9.998678149692968864e-01
9.995073660646053293e-01
9.999998673803724980e-01
9.998725991547368075e-01
1.000760444378981262e+00
9.999353831938149195e-01
1.000218276110759197e+00
9.995174757502344187e-01
1.000553283869520138e+00
9.999190552650177866e-01
9.999900283794797007e-01
1.000179653418153514e+00
1.000122733473633119e+00
9.998040409841878473e-01
1.000069614586807987e+00
9.997051654864175241e-01
1.000311520714948887e+00
9.999417796556371307e-01
1.000235171197790152e+00
1.000264905659422388e+00
1.000400159927046895e+00
9.999202013687332746e-01
9.995088542109968888e-01
1.000085775722774573e+00
1.000277506000196936e+00
9.997907958278021701e-01
1.000078652939498491e+00
1.000421058812342112e+00
9.999996787136551379e-01
9.999765150502397670e-01
9.997042275218980256e-01
9.997937656539559459e-01
9.999763261975854745e-01
1.000625555127367505e+00
1.000305636191088032e+00
1.000115182213187071e+00
9.998306968641956782e-01
1.000749486040297676e+00
1.000453985278416225e+00
1.000091970620211823e+00
9.997640636488641652e-01
9.996079675050560942e-01
9.999924888170040882e-01
9.996709835812969125e-01
9.948126595512604142e-01
9.847203423541567302e-01
9.731842043718108570e-01
9.632060836405891280e-01
9.522857124687784669e-01
9.417600240097686592e-01
9.306968361998060324e-01
9.206552575114360648e-01
