0.000000000000000000e+00
0.000000000000000000e+00
0.000000000000000000e+00
0.000000000000000000e+00
0.000000000000000000e+00
0.000000000000000000e+00
0.000000000000000000e+00
0.000000000000000000e+00
0.000000000000000000e+00
0.000000000000000000e+00
0.000000000000000000e+00
0.000000000000000000e+00
0.000000000000000000e+00
0.000000000000000000e+00
0.000000000000000000e+00
0.000000000000000000e+00
0.000000000000000000e+00
0.000000000000000000e+00
0.000000000000000000e+00
0.000000000000000000e+00
0.000000000000000000e+00
3.405850114260509237e-02
1.004540571142952254e+00
3.389773324287458145e+00
3.414537576928704965e+00
1.927686402798827636e+00
8.857369592227719579e-01
4.074175527478730019e-01
2.064261114807300346e-01
1.282733194723377490e-01
1.852872797219214107e-01
6.822201931080202897e-01
1.450582789498596537e+00
1.734458496174449582e+00
1.469104270825944525e+00
1.087044702030138144e+00
8.236730039907790291e-01
7.009982224807805862e-01
6.893878632545660246e-01
7.372282064607199592e-01
8.145665004447758539e-01
9.036659414379980548e-01
9.937595551060939281e-01
1.065418429523948163e+00
1.124413208174795065e+00
1.169762514922708219e+00
1.198042011728583933e+00
1.204938834423210592e+00
1.190501282909718128e+00
1.165251166325438348e+00
1.129515798350130495e+00
1.096282340941000299e+00
1.059112646524352552e+00
1.026914464125572746e+00
1.003015813918047616e+00
9.835944792160069561e-01
9.667681983782283606e-01
9.506106019506020965e-01
9.400560851196875234e-01
9.361451734460944918e-01
9.327271615051576648e-01
9.320481303817562679e-01
9.352423881777415238e-01
9.453688760312835004e-01
9.517194546381330111e-01
9.637704854433502000e-01
9.739515557704074844e-01
9.843119575044443348e-01
9.903494311279666951e-01
9.987931269770989884e-01
1.004976172506604870e+00
1.008625635531778642e+00
1.015113353080129954e+00
1.016151624548147892e+00
1.017802141029717555e+00
1.019609842478871764e+00
1.018165981985327928e+00
1.014729593340001346e+00
1.013097511061314515e+00
1.010846590889298291e+00
1.010341321151324800e+00
1.005101312955658965e+00
1.004308821704629873e+00
1.001950593634494124e+00
1.002822435227306963e+00
1.002216453485286873e+00
1.000038134893003416e+00
9.993555132032374555e-01
9.972663562120458458e-01
9.984521289630868823e-01
9.980333625156959654e-01
9.965700225355241804e-01
9.955369245847092152e-01
9.945635525014034917e-01
9.952593473851463202e-01
9.962379732950178424e-01
9.958188751703677122e-01
9.945691400086877909e-01
9.961706384145201376e-01
9.969527168072563894e-01
9.981190885828014059e-01
9.984899459808413980e-01
1.001989614040358356e+00
1.000892072247411280e+00
1.001119756348760381e+00
1.001212091864520648e+00
1.003091541605214854e+00
1.000905563166479162e+00
1.002898757586618395e+00
1.002255162400484734e+00
1.003625591535151074e+00
1.001646111407131334e+00
1.002164112226555659e+00
1.000924739899385463e+00
1.001347036342036922e+00
1.000482444130091464e+00
1.000337607817291863e+00
1.000934803648815263e+00
9.999581065043038341e-01
9.989979826445265498e-01
1.000580731821562486e+00
9.990816461549346661e-01
9.984882352305981534e-01
9.987522364184601154e-01
1.000211811153538966e+00
9.997994909777090378e-01
9.988549659070858899e-01
9.990076362923627773e-01
9.994441516400406345e-01
1.000526290085507641e+00
1.000490332202394139e+00
1.000197192693114356e+00
1.001396423154238935e+00
1.000537031769866525e+00
1.001097677740742764e+00
1.000749129780570845e+00
1.000368295852739120e+00
1.001302674203911280e+00
9.998141539062754823e-01
1.000025252047565427e+00
9.989827370449765320e-01
1.000658886817319848e+00
1.000576029721433446e+00
9.998817079119445284e-01
1.000372760998284205e+00
9.996965756646029044e-01
9.994636115943932309e-01
1.000358318303556260e+00
1.000390809233896450e+00
9.996222037045472408e-01
9.997716122503238489e-01
1.000651745158357642e+00
9.985239046410588903e-01
9.998304611904136330e-01
1.000565584357847815e+00
9.997535760069421462e-01
1.000190713215649119e+00
1.001505352660865711e+00
1.001270757784592069e+00
1.001295784477172157e+00
1.000081775451720389e+00
1.001288006507225159e+00
1.001136387360747282e+00
1.000387092752892393e+00
1.000541282910795138e+00
1.000534057808526445e+00
1.000447095830801159e+00
9.999876953612516495e-01
1.001040763086477714e+00
9.992315928979909057e-01
9.998336221618673303e-01
9.996117706259655122e-01
9.997741221128059186e-01
9.997544840596025439e-01
1.000082831217281143e+00
9.994655394157532236e-01
9.995277824705525171e-01
9.995054710687157895e-01
1.000647990119505115e+00
1.000491988890234829e+00
1.000050277330838178e+00
1.001065061119109867e+00
1.000632796455832141e+00
1.001351023363058479e+00
1.001400263826221160e+00
1.000536430928477882e+00
1.001085599945633842e+00
1.000185471480828925e+00
1.000538033794312165e+00
1.000468509785733318e+00
1.000240732105159625e+00
1.000149659011835501e+00
1.000236896901555816e+00
1.000969608521265153e+00
1.000265013340991382e+00
1.000003594548563024e+00
1.000835958151914840e+00
9.996866218412474581e-01
1.000371647672284814e+00
1.000776753474944991e+00
9.999061500297367067e-01
1.000084591454076799e+00
9.999155547831686253e-01
1.000504685717241049e+00
1.000399855421983064e+00
1.000536948558960137e+00
1.000418254672734042e+00
1.000160441033665748e+00
9.997806442673158323e-01
1.000572581944871642e+00
1.000356638541035181e+00
1.000036540030784904e+00
1.000397614003938784e+00
1.000459593095887056e+00
1.000995775876774241e+00
1.000387991779580599e+00
1.000456116298608311e+00
1.000361007443097749e+00
1.000422052758365599e+00
9.997300609190796772e-01
1.000002318495493592e+00
1.000607072818366694e+00
9.996685557612593476e-01
1.000717410551992925e+00
9.999891664491219467e-01
1.000635257292365798e+00
1.000025543450645538e+00
1.000581458069236485e+00
1.000044057051250102e+00
1.000153894318811743e+00
1.000671979425959091e+00
9.995824741143153336e-01
1.000143105967753465e+00
1.000808465205080378e+00
1.000096474701655413e+00
1.000157712206283245e+00
1.000078915289506654e+00
1.000604773514067514e+00
1.000407059487845807e+00
1.000102499168000314e+00
1.000542345819549039e+00
9.997968135238599618e-01
1.000414348994950631e+00
1.000199387507243909e+00
9.997631135506356292e-01
9.994407692975798563e-01
1.000075135565779538e+00
9.994213632548299975e-01
9.999510548702286172e-01
1.000211755401347213e+00
9.998892960881661240e-01
1.000569401930820668e+00
9.997756758097744445e-01
9.997464159184583643e-01
1.000239523641647033e+00
1.000150123379617284e+00
1.000624836295032294e+00
1.000442342000601448e+00
9.998630416746576710e-01
9.993434882878833303e-01
1.000029381500721959e+00
1.000104574500780386e+00
1.000093654517889785e+00
1.000326839599078088e+00
9.997241685731831362e-01
1.000079458371758934e+00
9.998419749618105978e-01
1.000134396903495260e+00
1.000330022134057861e+00
1.000167137117719873e+00
9.998795448238648742e-01
1.000366735476959645e+00
9.945725891414969322e-01
9.840989988373644026e-01
9.734566776910875685e-01
9.625241678279693458e-01
9.519799783106966951e-01
9.411090470732381696e-01
9.304547717984040789e-01
9.192262963639356022e-01
