0.000000000000000000e+00
0.000000000000000000e+00
0.000000000000000000e+00
0.000000000000000000e+00
0.000000000000000000e+00
0.000000000000000000e+00
0.000000000000000000e+00
0.000000000000000000e+00
0.000000000000000000e+00
0.000000000000000000e+00
0.000000000000000000e+00
0.000000000000000000e+00
0.000000000000000000e+00
0.000000000000000000e+00
0.000000000000000000e+00
0.000000000000000000e+00
0.000000000000000000e+00
0.000000000000000000e+00
0.000000000000000000e+00
0.000000000000000000e+00
0.000000000000000000e+00
0.000000000000000000e+00
0.000000000000000000e+00
0.000000000000000000e+00
0.000000000000000000e+00
4.047104589478928843e-02
9.345231729281214816e-01
3.262167876479378670e+00
3.784735091829926734e+00
2.385881629945098226e+00
1.127890440290102436e+00
5.453794606126430855e-01
3.098935606186112857e-01
2.205031273144443527e-01
2.138949206634506994e-01
2.188375115819742034e-01
2.445999704537581143e-01
2.773473975104783773e-01
2.794035896317479950e-01
2.954239131354449710e-01
3.278147635570338725e-01
4.155692714415139544e-01
5.210062656012777182e-01
6.948494923840349280e-01
8.931417562076631178e-01
1.074140728422144253e+00
1.280160978623287926e+00
1.392161113525159699e+00
1.487792985130969692e+00
1.563002678084743913e+00
1.610149081654781211e+00
1.638846288976632204e+00
1.605656905672905310e+00
1.488661326501404147e+00
1.345125851335770006e+00
1.179664364547135857e+00
1.052280677323092606e+00
9.636482394521236339e-01
8.911439901049502676e-01
8.701152614667556628e-01
8.472320446456954590e-01
8.581282553773110777e-01
8.592428662677621398e-01
8.728711813207309378e-01
8.946934060116108478e-01
9.260757231666753020e-01
9.408384399623878069e-01
9.537246057613901762e-01
9.783558818125343004e-01
9.968712058325664982e-01
1.005859681946549289e+00
1.025721209970464898e+00
1.018623589347358527e+00
1.043535595523879644e+00
1.041757709937389142e+00
1.050705212337040839e+00
1.044652949273561449e+00
1.035609421044089595e+00
1.022680608687674741e+00
1.003910823870038493e+00
9.858932916157167048e-01
9.813026692927974137e-01
9.711922634747095495e-01
9.656858158633573330e-01
9.794414555291343083e-01
9.703160670826618261e-01
9.795469831044710807e-01
9.873648165778858843e-01
9.992483766704891579e-01
1.008029896472999454e+00
1.015645840322682458e+00
1.031989828237621198e+00
1.022721026351151918e+00
1.031151463631504450e+00
1.023402190429907543e+00
1.019176585503803967e+00
1.020067397632522965e+00
1.016862089376659117e+00
1.011560313146745882e+00
1.005988257825011889e+00
9.994412891041175584e-01
1.007574489966292619e+00
9.969176658516338829e-01
1.002674576690064656e+00
1.004732380549080650e+00
1.001244678100560614e+00
9.965982910000570349e-01
9.922195794259314194e-01
9.896177108337771422e-01
9.953594004889505520e-01
9.930380687108352200e-01
9.947118648927005813e-01
9.964583182096329317e-01
9.982870131964750593e-01
9.926924241185496323e-01
9.982525680958455050e-01
1.005065423411491521e+00
1.004737845920986139e+00
1.001583812227424097e+00
9.997253011662962097e-01
1.001201498313892380e+00
1.004053885859536255e+00
1.004682575763309549e+00
1.005219243958866082e+00
9.991236631301404492e-01
1.004779723602179375e+00
1.002994145475311516e+00
9.965084923078102452e-01
1.004215467631239589e+00
9.955671191666251030e-01
9.984841244132452998e-01
9.967477307450890445e-01
1.000571644513027714e+00
9.948576399325661512e-01
1.000538431467177691e+00
1.001016092578242533e+00
1.002961562575935606e+00
1.002917608384804815e+00
1.008706493518855218e+00
1.002834164138472595e+00
9.969706714144430659e-01
9.980186087813001095e-01
9.997851261992861671e-01
1.000464798019026658e+00
1.001966579124726531e+00
9.991626876839350135e-01
1.000199517283947737e+00
1.002897491783125705e+00
1.001528556303635575e+00
9.966799036547020485e-01
1.000715361701411732e+00
9.951611258220465217e-01
1.001069693344837086e+00
9.951667229870679865e-01
1.000955557526743700e+00
1.001328279997748982e+00
9.993710024900090971e-01
9.975225378381840091e-01
9.993151007756170268e-01
1.001853751377016266e+00
9.967733728405813176e-01
1.003150042486249838e+00
1.003293662880342163e+00
1.000616994073562749e+00
9.966139590250078228e-01
9.999278987059331270e-01
9.951854641080986053e-01
9.977158573263913421e-01
9.976700099973000446e-01
1.001258331945473534e+00
1.001739022585468764e+00
1.001550096839103565e+00
9.994063486827490239e-01
9.988665103669199796e-01
9.987895768912241623e-01
9.971719141179848922e-01
9.971460194290023837e-01
1.002702003689740051e+00
1.000143520197492641e+00
1.000183408919663064e+00
9.974121233425699007e-01
9.997177584919065829e-01
9.983735317735983328e-01
1.000576240262619265e+00
9.993543879354920279e-01
1.003045798009483791e+00
9.968951011796742812e-01
9.976704031355975166e-01
1.000533631226917075e+00
9.931981742125078894e-01
1.001790849671847283e+00
1.001358542807361696e+00
9.963630776041259018e-01
1.002146703000896366e+00
9.997677919262056845e-01
1.003721342054217480e+00
1.002572548873567948e+00
1.000627029342867180e+00
9.967446671323492158e-01
9.997276194571490526e-01
9.997872657262969476e-01
1.000296163719731624e+00
9.991461188488268697e-01
1.002935560621857070e+00
9.984872737758254679e-01
1.000266990600583439e+00
9.978849810069152504e-01
1.001288293570296029e+00
9.976180605126854228e-01
9.986070505720991974e-01
9.990125266466178822e-01
9.969958348951409866e-01
1.003792522954208177e+00
9.985053464417729119e-01
9.958748814421168882e-01
1.000365882776095949e+00
9.955601435767932328e-01
9.956530436431977327e-01
1.002317970904650801e+00
9.976217683607095932e-01
9.977661238311025249e-01
9.969619451808297006e-01
1.000964660423357744e+00
9.999712202340006462e-01
1.000098059770532011e+00
9.993206728845261955e-01
9.957640188417109517e-01
1.001370567276189893e+00
9.978794577909905206e-01
9.953375765925945862e-01
9.976355357528660095e-01
9.964155578418933956e-01
9.967146792598190475e-01
9.997545498919316875e-01
9.990602467981479773e-01
9.979593680607181660e-01
9.978478269003329126e-01
9.969801807270316507e-01
9.950348215231423765e-01
9.965953975699973766e-01
9.946038651771532679e-01
9.945039416157526180e-01
9.954752090760640160e-01
9.922015682320146635e-01
9.947327686423079740e-01
9.963437926168672298e-01
9.988675822184389652e-01
9.932052347373891976e-01
9.948027274937107922e-01
9.922027977393608200e-01
9.968507563424131579e-01
9.944844733684199412e-01
9.912786305538148213e-01
9.980897159874514424e-01
9.979061322409279455e-01
9.956537438881882807e-01
9.973926026074173556e-01
9.941706011834270384e-01
9.958016868976140579e-01
9.936461201182725800e-01
9.945243228365324706e-01
9.973940927237090470e-01
9.991833922233509524e-01
9.960863493766014543e-01
9.949146577942750147e-01
9.953373386845240089e-01
9.938650348168506232e-01
9.954673572381069757e-01
9.951979380554180077e-01
9.965559336814543423e-01
9.954586637267621718e-01
9.939314422677285599e-01
9.965300367986028585e-01
9.951399461170394867e-01
9.882276372775082862e-01
9.787548242238778284e-01
9.662300384015601873e-01
9.548213169559700564e-01
9.461410371352751980e-01
9.339431922697983834e-01
