0.000000000000000000e+00
0.000000000000000000e+00
0.000000000000000000e+00
0.000000000000000000e+00
0.000000000000000000e+00
0.000000000000000000e+00
0.000000000000000000e+00
0.000000000000000000e+00
0.000000000000000000e+00
0.000000000000000000e+00
0.000000000000000000e+00
0.000000000000000000e+00
0.000000000000000000e+00
0.000000000000000000e+00
0.000000000000000000e+00
0.000000000000000000e+00
0.000000000000000000e+00
0.000000000000000000e+00
0.000000000000000000e+00
0.000000000000000000e+00
0.000000000000000000e+00
0.000000000000000000e+00
0.000000000000000000e+00
0.000000000000000000e+00
0.000000000000000000e+00
3.598418783066756332e-02
9.407681751078385002e-01
3.280713908973482251e+00
3.704981748927829610e+00
2.380868127892826092e+00
1.201502289440289806e+00
5.525309829065524481e-01
3.047867770686012445e-01
2.130706507986133980e-01
1.998234491944214375e-01
2.206386245496796961e-01
2.416485605530138969e-01
2.499935269206769450e-01
2.792340001617662493e-01
3.005437722372136800e-01
3.422830996230909473e-01
4.220529293768566226e-01
5.339029466114751932e-01
6.931089117588724591e-01
9.257927547828864734e-01
1.114793586199325226e+00
1.283388867634791319e+00
1.415395054884780013e+00
1.511908379813840408e+00
1.587459169178286000e+00
1.639411500350845596e+00
1.664113302701399455e+00
1.631835688602266687e+00
1.539403978378833804e+00
1.358361036788700238e+00
1.234891009175736132e+00
1.083153331716941281e+00
9.713237165877861568e-01
9.048520429922443098e-01
8.666888123546855338e-01
8.771348288994070819e-01
8.682257097966386006e-01
8.756267599036832161e-01
8.994545230600239361e-01
9.111559505376646273e-01
9.317431233223740783e-01
9.465550831468290127e-01
9.746524438372722310e-01
9.944836103887344514e-01
1.003883447909364568e+00
1.022542595216904493e+00
1.045780432345257749e+00
1.047008489300434997e+00
1.056784989385607609e+00
1.057592621005871258e+00
1.058115259500425953e+00
1.055500218267655610e+00
1.055284682668146790e+00
1.029816128197718506e+00
1.014456741201167356e+00
9.971963440969978665e-01
9.851515630408715918e-01
9.683980316657266885e-01
9.725338635003685228e-01
9.770999933672379623e-01
9.693082927124115900e-01
9.878805606686310581e-01
9.905743394745244457e-01
1.002278465851295319e+00
1.014721474409317148e+00
1.006126616036456367e+00
1.022273234239886586e+00
1.029627050473677086e+00
1.026835147408983184e+00
1.028761703920647586e+00
1.019437716584208120e+00
1.009884610460070720e+00
1.012026912809645518e+00
1.011311770984713476e+00
1.011251789767814824e+00
1.010867223971807283e+00
9.951995193402854989e-01
9.961312107371576019e-01
9.977116744821792338e-01
9.930057101750054960e-01
9.932093948339398848e-01
9.860896963248210190e-01
9.830485356010498776e-01
9.843930655977216615e-01
9.913798772914124147e-01
9.836394451940732031e-01
9.952951117304603690e-01
9.866503320466192273e-01
9.863857018851813763e-01
9.936217178416889562e-01
1.003379453444208869e+00
9.994156939790028726e-01
9.968048896449757112e-01
1.000675349802229608e+00
1.006543258972690369e+00
1.000470434099056893e+00
1.004293736894845024e+00
1.004314041853246131e+00
9.988798841460430067e-01
1.000048031006861793e+00
1.000889746936539204e+00
1.007155342163987166e+00
9.992688792543595877e-01
9.996540171705321498e-01
9.993412431162984610e-01
9.993392994470876589e-01
1.002837681439892270e+00
9.984213029242670068e-01
9.937267277569171720e-01
9.998341576697413746e-01
1.003014934156119420e+00
9.980181262797278574e-01
9.958643728744994705e-01
9.974142053711579914e-01
9.987422511778794032e-01
1.000339076949187112e+00
1.001635930951328080e+00
1.001492492997198003e+00
9.959109911309000918e-01
9.989683051113841250e-01
9.971066370193610862e-01
9.956369765888335444e-01
1.002006113092746675e+00
9.978834356250178006e-01
9.955479127415761686e-01
9.985376592557585473e-01
9.984705179148655185e-01
9.953005055062821294e-01
9.977224940135162035e-01
9.937181041303632112e-01
9.950718856704386939e-01
9.948917537698565017e-01
9.974071239138598832e-01
9.975094545769755960e-01
9.951952163470988433e-01
9.909376908110151261e-01
9.952466311185030889e-01
9.948536922178989883e-01
9.967485377800389124e-01
9.909164015218957511e-01
9.951909653944973622e-01
9.962118405051479941e-01
9.982061544056778368e-01
9.977391970184354975e-01
9.955146802180758758e-01
9.944999275299173380e-01
9.966174357813585294e-01
9.962720954236270465e-01
9.938520832571501318e-01
9.948983053202309357e-01
9.942297940034843240e-01
9.979962581071053496e-01
9.921157368898612106e-01
9.931379304943952491e-01
9.887931080292060582e-01
9.889950171326922224e-01
9.891713061014454356e-01
9.913537913091198250e-01
9.976597051724721554e-01
9.948715130993124323e-01
9.938439351772686559e-01
9.949835158418995906e-01
9.954962730313342556e-01
9.933746495857210812e-01
9.940882167523966695e-01
9.948479652431654330e-01
1.000443295701298752e+00
9.945460595467242593e-01
9.944934066460214828e-01
9.921758384270579212e-01
9.959141867200264064e-01
9.937581184186513594e-01
9.915523587056401800e-01
9.936324724516744089e-01
9.918727987591946516e-01
9.949512870091329342e-01
9.919401828182171643e-01
9.915926790703978311e-01
9.941884678111034823e-01
9.922357962003897081e-01
9.907674913045488863e-01
9.927324007730468081e-01
9.924734158086377933e-01
9.966526468972995989e-01
9.927925674758232288e-01
9.978275249014751935e-01
9.932573517451540601e-01
9.950772209488876197e-01
9.927885447626576543e-01
9.915601406396560291e-01
9.911856968613681484e-01
9.920201083128556974e-01
9.968166173401153962e-01
9.952687977355745286e-01
9.948309481785533315e-01
9.931718355345185989e-01
9.952247371393103670e-01
9.969458769843461132e-01
9.951670084272689065e-01
9.919292131980745886e-01
9.961268370644379422e-01
9.950052648816611889e-01
9.963269839221265967e-01
9.931439914044586370e-01
9.925124519516124177e-01
9.950546706234308925e-01
9.960627543055359245e-01
9.941791037157106103e-01
9.973880235846136477e-01
9.982320763290799537e-01
9.938503244116488888e-01
9.950178564214918753e-01
9.945423243867255181e-01
9.950875647939670943e-01
9.951491903264702010e-01
9.949699282436277326e-01
9.961387931533888240e-01
9.974442246389397804e-01
9.955495191553015433e-01
9.934046552333870572e-01
9.938127464992014826e-01
9.938415287755928418e-01
9.953147782535037846e-01
9.940794472575912311e-01
9.968290881317900531e-01
9.970267134704411394e-01
9.977937809124118873e-01
9.959251591034035123e-01
9.979241014805021459e-01
9.944809078186768181e-01
9.941192257802909937e-01
9.957364807550223018e-01
9.958317972205787960e-01
9.955182711012043884e-01
9.958152916035144520e-01
9.947232624608611795e-01
9.975275603246727130e-01
9.963520945477729596e-01
9.939834195564990482e-01
9.952361803379197180e-01
9.958583337506639044e-01
9.954263303148878084e-01
9.975611480667493369e-01
9.978791604983378027e-01
9.951141317330267633e-01
9.981244904515710337e-01
9.960460090609081218e-01
9.952612343844376985e-01
9.953753858544885924e-01
9.852829423166914458e-01
9.795692298869351777e-01
9.633089103244872886e-01
9.532471338241608194e-01
9.460579210291278907e-01
9.346735974952279369e-01
