0.000000000000000000e+00
0.000000000000000000e+00
0.000000000000000000e+00
0.000000000000000000e+00
0.000000000000000000e+00
0.000000000000000000e+00
0.000000000000000000e+00
0.000000000000000000e+00
0.000000000000000000e+00
0.000000000000000000e+00
0.000000000000000000e+00
0.000000000000000000e+00
0.000000000000000000e+00
0.000000000000000000e+00
0.000000000000000000e+00
0.000000000000000000e+00
0.000000000000000000e+00
0.000000000000000000e+00
0.000000000000000000e+00
0.000000000000000000e+00
0.000000000000000000e+00
0.000000000000000000e+00
0.000000000000000000e+00
0.000000000000000000e+00
3.045471007657913915e-04
4.188872882798534703e-02
9.884261890059263811e-01
3.358862591105485240e+00
3.817818826012541411e+00
2.435326229436712175e+00
1.205851135631785809e+00
5.599123511079131532e-01
2.968315551725506651e-01
2.153557743538729030e-01
1.959877858133426687e-01
2.186123824433070240e-01
2.434375953770539780e-01
2.587091167749675513e-01
2.609857025099996397e-01
2.894186373303991866e-01
3.171006176637471974e-01
4.001944587510274931e-01
5.250072239936445229e-01
6.979543612706843314e-01
8.901757456987621220e-01
1.085763370415659068e+00
1.247904115773758482e+00
1.393952122592342358e+00
1.476654208838902971e+00
1.562571557204625483e+00
1.619660096501154278e+00
1.630234085526313992e+00
1.583979340196285168e+00
1.489614490446395267e+00
1.320473747487829197e+00
1.193013256404257039e+00
1.054139561448051321e+00
9.522668339288480333e-01
8.845705952038980246e-01
8.587542645024455190e-01
8.510800171165575634e-01
8.552411817028580110e-01
8.566898769931805546e-01
8.701379435268358220e-01
8.946954762044614373e-01
9.173591620054017959e-01
9.391748002609296986e-01
9.587428140575992019e-01
9.612687520714685574e-01
9.964102941284056492e-01
1.007335541573523230e+00
1.024595374644896362e+00
1.032943597428280569e+00
1.036467833282142204e+00
1.050730442605801729e+00
1.050953150475271380e+00
1.047587438166698304e+00
1.029890001651864395e+00
1.020136153536456591e+00
1.001460922522521724e+00
9.886124458227149026e-01
9.736669596839903074e-01
9.604942905348137216e-01
9.701944191041659282e-01
9.641644024034319305e-01
9.775820013494407323e-01
9.772234024087090853e-01
9.923384794410398113e-01
9.938961836824654617e-01
9.979442765218112799e-01
1.010567758315959797e+00
1.023102819945798991e+00
1.017340972309895397e+00
1.020520160564592382e+00
1.012794112943356195e+00
1.012643486280717209e+00
1.013950365798321984e+00
1.002624414329998270e+00
9.917166447659587769e-01
1.000968555656631676e+00
1.000190681664550940e+00
9.995151893941494059e-01
9.880255910106023887e-01
9.839765769925853389e-01
9.885063160891558454e-01
9.897315896156672066e-01
9.811941668045023324e-01
9.885274657868767800e-01
9.824880906716465523e-01
9.890831164307639645e-01
9.874634663139369994e-01
9.785660212795180835e-01
9.812251478034424990e-01
9.849873176298656885e-01
9.895427466941199013e-01
9.969455841074084113e-01
9.953147582911775482e-01
9.902576956069757408e-01
9.884447703250457407e-01
9.948882784589776485e-01
9.950143636220336596e-01
9.911869834679848390e-01
9.940158342617970710e-01
9.908337391603777577e-01
9.897011695383616248e-01
9.883858722993698054e-01
9.887934870587925529e-01
9.924632613267883041e-01
9.879938484269685794e-01
9.903900348967887846e-01
9.920602524012753776e-01
9.944745792436735510e-01
9.881222338139653560e-01
9.922397330656543835e-01
9.962169498784039234e-01
9.947910153241815712e-01
1.002925841718326883e+00
9.948313557590329204e-01
9.872274167992443061e-01
9.957381676948963145e-01
9.919598208086271018e-01
9.921970789821494829e-01
9.931223165061808800e-01
9.920521165959936827e-01
9.974045658125583191e-01
9.930428179974664094e-01
9.889708883748468127e-01
9.942372248851711891e-01
9.994217252925768902e-01
9.898755447336837765e-01
9.955560375364321812e-01
9.912349295877203037e-01
9.941894816818924729e-01
9.927309999900869597e-01
9.983116989565491428e-01
9.914257830585287978e-01
9.974657313087756938e-01
1.000309983201232544e+00
9.898235775134259784e-01
9.945981984539776777e-01
9.985031010953763220e-01
9.944335065203924184e-01
9.945146827582066473e-01
9.970363329678775255e-01
9.956059972904472977e-01
9.973146129097203438e-01
9.939114400878615863e-01
9.970412412642780664e-01
9.933492879595168246e-01
9.909284352518792360e-01
9.966404112490455658e-01
9.998895127046468767e-01
9.902595142957008045e-01
1.000383993420304041e+00
9.930520246648469884e-01
9.980438874454717890e-01
9.956345765344494225e-01
9.990654285129962897e-01
9.955861408816413238e-01
9.957537458697279797e-01
9.936287018463887399e-01
9.922780065110352599e-01
9.936692847471084722e-01
9.989513314947174871e-01
9.919438716768099740e-01
9.987159099066802437e-01
9.979113299260002901e-01
9.987416070672169299e-01
9.961896200600537377e-01
9.982586220639528829e-01
9.942694695741843836e-01
9.973834006341212310e-01
9.898996700467054266e-01
9.926979577587050629e-01
9.945939178704239492e-01
9.937395722893331840e-01
9.905119619399113118e-01
9.962745557237425720e-01
9.935977891712263199e-01
9.932259247950760983e-01
9.923162999605625867e-01
9.977294078264886679e-01
9.934015218011872372e-01
9.979841850016687443e-01
9.967203633850058031e-01
9.961265134996870607e-01
9.972809984881253476e-01
9.964222092989708512e-01
9.938012437716212677e-01
9.917804773940436247e-01
9.917502050231500332e-01
9.965971439033133317e-01
9.960821118764801030e-01
9.972536891420523686e-01
9.919347508912996769e-01
9.981788479739771569e-01
9.950445265108271986e-01
9.938501876121919043e-01
9.957914958337096278e-01
9.916720148663125123e-01
9.953963922026670685e-01
9.941427304926332420e-01
9.942377745238812903e-01
9.978745407193432282e-01
9.930638329584630108e-01
9.934189416619207957e-01
9.959671270967715984e-01
9.968001997882856013e-01
9.919288931454123270e-01
9.946994608034116503e-01
9.944941428969550357e-01
9.987174745244387086e-01
9.922384321043866695e-01
9.941429857259923564e-01
9.938744594602079152e-01
1.000728226178397406e+00
9.957187868913838225e-01
9.931793066773019207e-01
9.958253541955379706e-01
9.997250008862189619e-01
9.952627948947911918e-01
9.951190848660940169e-01
9.936381052642753176e-01
9.940719609868228224e-01
9.984872337236041506e-01
9.953868975479308601e-01
9.984932783496142106e-01
1.000511224552632417e+00
9.998264369358107473e-01
9.996403116512455611e-01
9.973595387064915219e-01
9.958493382217973311e-01
9.995307466311372790e-01
9.992909000937559849e-01
9.981517254959968444e-01
9.958990650744536932e-01
9.982890932726314892e-01
1.000079859048564890e+00
9.988636189757714723e-01
9.966535537960123925e-01
9.984353465391820892e-01
9.993613685159115079e-01
9.980208543618330763e-01
1.001353708141418108e+00
1.002454335980837108e+00
9.991759530495719632e-01
9.984077619967410833e-01
9.998051193692339966e-01
9.995081036828893373e-01
9.966732094093070371e-01
1.001039062786408307e+00
9.997676870569757179e-01
9.975942195184394068e-01
9.965867321166402837e-01
9.894771652672800233e-01
9.788215186912335719e-01
9.676146949948264409e-01
9.580964361941789464e-01
9.487580474066374947e-01
9.355382194802339679e-01
