0.000000000000000000e+00
0.000000000000000000e+00
0.000000000000000000e+00
0.000000000000000000e+00
0.000000000000000000e+00
0.000000000000000000e+00
0.000000000000000000e+00
0.000000000000000000e+00
0.000000000000000000e+00
0.000000000000000000e+00
0.000000000000000000e+00
0.000000000000000000e+00
0.000000000000000000e+00
0.000000000000000000e+00
0.000000000000000000e+00
0.000000000000000000e+00
0.000000000000000000e+00
0.000000000000000000e+00
0.000000000000000000e+00
0.000000000000000000e+00
0.000000000000000000e+00
3.544264529126838620e-02
1.026443628040714762e+00
3.330009356040534829e+00
3.267046690242465967e+00
1.792999956520426874e+00
8.142138623700480027e-01
3.717933685524662524e-01
1.931804853071414918e-01
2.233002607794318251e-01
8.383120969925500487e-01
1.733153153078380804e+00
1.894730320447497451e+00
1.445709337042016873e+00
9.742846050985700668e-01
6.989990478946308539e-01
5.915602896207549088e-01
5.858048311606417480e-01
6.407960190166464010e-01
7.264845004860205346e-01
8.258491927930340371e-01
9.263714840554387875e-01
1.012939626414472771e+00
1.093904881440092236e+00
1.160895824283006084e+00
1.200210982347299948e+00
1.224308950815195196e+00
1.225079318674684670e+00
1.207353297453676699e+00
1.167592819448681318e+00
1.126360074640788911e+00
1.078610153898694746e+00
1.040541485295588098e+00
1.007833371738639183e+00
9.730323156277582708e-01
9.520113458573554732e-01
9.352138815090291768e-01
9.322806607739843043e-01
9.232483138940202894e-01
9.238587616174119832e-01
9.263159062717579717e-01
9.330725386007455713e-01
9.436497426310623826e-01
9.549407855969835879e-01
9.678120287842976177e-01
9.788675547720601111e-01
9.898670723261004945e-01
1.000766300629089889e+00
1.008317387693656420e+00
1.013626185651531397e+00
1.019807096962582094e+00
1.021130193160944666e+00
1.020689449417282457e+00
1.023101882942808460e+00
1.019639679293938173e+00
1.016743046752728530e+00
1.014067856478410468e+00
1.011652560260453360e+00
1.006339286253127296e+00
1.001703512425726972e+00
9.998386418216336224e-01
9.998466580241918145e-01
9.983925105575772729e-01
9.983866994364246628e-01
9.985844548455430347e-01
9.986069940179810311e-01
9.997248325643042222e-01
9.998519758363914045e-01
1.001291847690740644e+00
9.986102259181112162e-01
1.001441662528222309e+00
1.000127531399202852e+00
9.984581710748783312e-01
9.998046658204925441e-01
9.980853387091598306e-01
9.974298961794672014e-01
9.962599301576473554e-01
9.969838816644641666e-01
9.973104325972994566e-01
9.971041217694064374e-01
9.983647352016546961e-01
9.987135507286398761e-01
9.980833245576956614e-01
9.995853789907592768e-01
1.000243591697808077e+00
1.001318759858787377e+00
1.001334908483203501e+00
1.000775697420098975e+00
1.001323544715650771e+00
1.000372797796819313e+00
1.001741860152565833e+00
1.002246312433606512e+00
1.004220298679519896e+00
1.002295951836586596e+00
1.001988488779552489e+00
1.002932974857065007e+00
1.004199847801133361e+00
1.001705489406598204e+00
1.001152587976129826e+00
1.001820692134778978e+00
1.002411752632767161e+00
9.993879583642065745e-01
1.000248552342088315e+00
1.000495142899555656e+00
9.990041830638002329e-01
9.988578682342404980e-01
9.996868560815683757e-01
9.980790210250668482e-01
9.995081817384698919e-01
9.993330173470069688e-01
9.997282381568263210e-01
9.984523317381329699e-01
9.989627495562547477e-01
9.988130622590923879e-01
9.989542493242107302e-01
9.999122438688575754e-01
1.000552438337590999e+00
1.000336644638986083e+00
1.001304786651417533e+00
1.002183716597113472e+00
1.000813026800693839e+00
1.001801535635168383e+00
1.001827051629709198e+00
1.001925853993554272e+00
1.001661859634285445e+00
1.000955761477754891e+00
1.000804726067038075e+00
1.001649239926343471e+00
1.001365689418846072e+00
1.001161421996791923e+00
1.000104212458147623e+00
1.000224487489232317e+00
9.991143921509350045e-01
1.000094893753108005e+00
9.992063655793961274e-01
9.994572966086207044e-01
1.000930105902162470e+00
9.994101105524656470e-01
9.996524717847932173e-01
9.998826349071879838e-01
9.989189639431143020e-01
9.997687574877779371e-01
9.997995661383352051e-01
1.000175046762355135e+00
1.000886550224864502e+00
1.000279179305333832e+00
1.000056869996309938e+00
1.000476446038093048e+00
1.001356162958647156e+00
1.001202283045497632e+00
1.000570652072221511e+00
1.000157031751785386e+00
9.998942758176165846e-01
1.001305827211175670e+00
9.998055912849522775e-01
1.000388186775290178e+00
1.000639086349939477e+00
9.989601953693088010e-01
1.000193011366286910e+00
1.000960408175298522e+00
1.000053537059904629e+00
9.999927999236450926e-01
1.000582275433530732e+00
9.992651607902139910e-01
9.998770855978540428e-01
1.000226525165172964e+00
1.000471453778287945e+00
1.000230662709128193e+00
1.000287585081836461e+00
9.990264215583188889e-01
1.000019237003410666e+00
1.000153047484870994e+00
1.000000842561162173e+00
1.000093452592422549e+00
1.000532787947690183e+00
1.000505680265280084e+00
1.000486268593424155e+00
1.000221930224467703e+00
9.991692315114887313e-01
1.000630686064168939e+00
1.000104753327225815e+00
9.997697759645836069e-01
9.999381052732079223e-01
1.000167835646498027e+00
1.000238887448285263e+00
9.997740605755788268e-01
9.995770240042435306e-01
1.000190963248631437e+00
1.000056569325511235e+00
1.000723312095985751e+00
1.000027255246054070e+00
1.000539630986891471e+00
9.999769290796726162e-01
9.996776750776039666e-01
9.998192418832708706e-01
9.999002558925411677e-01
1.000330374051775273e+00
1.000168627004931698e+00
9.998488342335304369e-01
9.998860282985585490e-01
1.000283009146572866e+00
9.995319232298076617e-01
1.000127725233717291e+00
1.000124292399712456e+00
9.993235265096247488e-01
9.999247977179842595e-01
9.995004648268478453e-01
9.996871744043958063e-01
1.000783561664806198e+00
1.000205769169370651e+00
9.995352811470997745e-01
1.000236675048733259e+00
1.001028074435759585e+00
1.000584462838754574e+00
1.000188345890392183e+00
1.000104122224756642e+00
1.000681146053368442e+00
1.000292612492357236e+00
1.000398558032573382e+00
1.000565608778841931e+00
1.000358859136168954e+00
9.997186169412909384e-01
9.995585856468622854e-01
1.000260924785426164e+00
9.998150957154440244e-01
9.999260644080590898e-01
9.997556087608503450e-01
1.000258822953787208e+00
1.000265567541090084e+00
1.000653733869900197e+00
1.000190853784546086e+00
1.000113187148342853e+00
9.999366293201559230e-01
9.997667488223154209e-01
9.997697287494793361e-01
9.998486881632351331e-01
9.999243339178750523e-01
1.000050528991252463e+00
9.997893243892344017e-01
1.000071979588853299e+00
1.000349444874066629e+00
1.000281138457587149e+00
1.000439259275201609e+00
1.000503521124274542e+00
1.000663978303162782e+00
9.999068261853103490e-01
1.000064801288799821e+00
1.000503229008122164e+00
1.000250790231724141e+00
1.000203505758797240e+00
1.000375471474432620e+00
1.000114861090938279e+00
1.000387060005023976e+00
9.995839116740053987e-01
9.922909237572135055e-01
9.813942859923198148e-01
9.706194866528136123e-01
9.594628470716728419e-01
9.495985141284725151e-01
9.378727512768719743e-01
