0.000000000000000000e+00
0.000000000000000000e+00
0.000000000000000000e+00
0.000000000000000000e+00
0.000000000000000000e+00
0.000000000000000000e+00
0.000000000000000000e+00
0.000000000000000000e+00
0.000000000000000000e+00
0.000000000000000000e+00
0.000000000000000000e+00
0.000000000000000000e+00
0.000000000000000000e+00
0.000000000000000000e+00
0.000000000000000000e+00
0.000000000000000000e+00
0.000000000000000000e+00
0.000000000000000000e+00
0.000000000000000000e+00
0.000000000000000000e+00
2.712144158837639661e-05
3.380561570488405110e-02
1.012990521283521739e+00
3.352913815599385838e+00
3.345612818126204591e+00
1.858815180280769530e+00
8.438360541248469682e-01
3.872649367997890724e-01
1.965700987961011559e-01
2.231326496187382991e-01
8.236461717130864058e-01
1.718806793251487663e+00
1.901836317883418115e+00
1.468107194276714322e+00
9.885956395127124541e-01
6.847263778658448929e-01
5.585993992841281619e-01
5.445028345693977423e-01
5.896005324329188779e-01
6.776683156048796119e-01
7.857205413476356926e-01
8.941876566464761478e-01
1.001592595672755159e+00
1.082897935145374690e+00
1.164692861245548272e+00
1.216789254589882852e+00
1.240520769894639663e+00
1.257199896487160018e+00
1.238639142798115600e+00
1.198461040411685552e+00
1.149130889553578783e+00
1.104208421835008336e+00
1.057271887385585085e+00
1.017787658710891385e+00
9.855941643143819597e-01
9.655904300455324663e-01
9.440052248622921027e-01
9.317856690420665000e-01
9.191232915336566833e-01
9.169893846364719492e-01
9.163089294813099306e-01
9.243260133061078632e-01
9.321441785253483658e-01
9.450767197510144824e-01
9.607249201747126710e-01
9.725795395715313152e-01
9.851016262693571557e-01
9.979114329910675485e-01
1.006094344166376775e+00
1.016658158760912256e+00
1.018302166079206428e+00
1.024505635410170701e+00
1.028378994248136946e+00
1.026727936564274302e+00
1.024498598020910700e+00
1.019994462507849420e+00
1.013180788052411296e+00
1.009445946568489294e+00
1.007228931146552098e+00
1.004350601465978654e+00
1.001748618566995264e+00
1.000302972835418691e+00
9.984467197473578803e-01
9.997944393652418160e-01
9.974829989068584313e-01
9.980838731962569099e-01
9.998927635079783993e-01
9.989153152361767152e-01
9.997263428630054349e-01
9.988130973111930544e-01
1.001612648757010282e+00
1.000461260510408401e+00
9.977436216809401071e-01
1.000072692837947974e+00
9.977259279239754086e-01
9.981312916875519914e-01
9.960372392630232330e-01
9.971428597363263258e-01
9.973792767274533011e-01
9.983893174117930425e-01
9.955681458135748896e-01
9.960907717684170937e-01
9.991281806503848895e-01
1.001175326873869897e+00
9.987910101306233246e-01
9.996260588602837727e-01
1.000988493863142370e+00
1.001325464186803460e+00
1.001900286403922369e+00
1.002916594012237983e+00
1.001110513074680242e+00
1.003211073477348725e+00
1.001785080103225756e+00
1.001840946326612469e+00
1.000474246725341132e+00
1.001276737456573418e+00
1.001167730939279910e+00
1.000833976620357779e+00
1.000285228960637207e+00
9.999538820707787323e-01
1.001495384271464673e+00
1.000110969757221246e+00
9.988462524444263746e-01
9.988036759841170120e-01
1.000131735790648957e+00
9.984086461896287679e-01
9.985375926062760588e-01
9.992213088104372476e-01
9.990400360575211192e-01
1.000286224393803547e+00
9.998702255678494355e-01
9.984248888684402745e-01
9.994084291656700758e-01
1.000770603618906796e+00
9.990686358167195635e-01
9.999782283907123759e-01
1.000143405263266727e+00
1.000954142754074239e+00
1.000635284017111548e+00
9.994347505249721042e-01
1.000984517721758671e+00
1.000846676274340652e+00
1.000752207315464437e+00
9.996131682437271460e-01
9.999302223085091423e-01
1.001655162152221390e+00
1.001238023696410462e+00
1.000347613059628049e+00
9.989974148929887665e-01
1.000312844434875670e+00
9.996369468537283920e-01
1.000284372040944891e+00
1.000553417106769372e+00
9.997232450610669119e-01
1.000867074568194681e+00
1.000185603027998305e+00
1.000008548934337549e+00
1.000833010307641047e+00
1.000470767154383323e+00
1.000318519256547800e+00
1.000452165736719801e+00
9.993624084223515780e-01
1.000199153664090623e+00
1.000091231116192025e+00
1.000227120541020476e+00
9.994247459320808602e-01
1.000030091417852152e+00
9.994823588945361825e-01
1.000514940428790522e+00
1.000268423434893972e+00
1.000411776574716916e+00
9.995589795725734472e-01
1.000277313475226970e+00
1.000064034945109759e+00
1.000507621976781891e+00
1.000796611692283289e+00
9.991272922066909423e-01
9.994886167018680601e-01
9.998181509133153844e-01
1.000490516146588238e+00
1.000290261583257401e+00
1.000195968695005933e+00
1.000259990854095005e+00
9.996196144415286922e-01
9.999875695639947049e-01
1.000293156051638821e+00
9.996907399191383714e-01
9.996486696684236950e-01
1.000105303922510069e+00
1.000126175959897612e+00
9.998119142817049054e-01
1.000682224781082486e+00
1.000217977691662874e+00
1.000938993801519405e+00
9.999427690030994187e-01
1.000406453167230314e+00
9.998098240616068999e-01
9.996819037302586697e-01
1.000275986721071098e+00
1.000227930695148038e+00
9.993568906328404999e-01
1.000197992215370979e+00
1.000448901780121469e+00
1.000176681850912130e+00
9.995860614743488082e-01
1.000416997563843724e+00
9.994980727157767308e-01
9.998998843440545237e-01
1.000194788604176876e+00
9.997312419180274246e-01
1.000264820978636893e+00
9.997910040102769846e-01
1.000108832754390997e+00
1.000301823968957393e+00
1.000388038534442137e+00
1.000119294272727721e+00
1.000075003707932231e+00
9.995933072311564693e-01
9.997296746939331458e-01
1.000604308269174236e+00
9.996393064470623369e-01
1.000353160562001298e+00
1.000060719767043471e+00
1.000672111422648669e+00
1.000430201352182635e+00
9.997052872312566230e-01
1.000053211042810419e+00
1.000040541472130284e+00
1.000817295007838892e+00
9.999049699040989392e-01
9.995730596321550365e-01
9.991548882036050960e-01
9.996110068170624974e-01
1.000705145403754548e+00
1.000657585572067632e+00
9.993586921889882069e-01
1.000863934912945563e+00
1.000113576555339723e+00
1.000249265211900385e+00
1.000452559450300427e+00
1.000620455199645820e+00
1.000760455040791586e+00
1.000253856067678138e+00
9.999842515797573439e-01
1.000882601681311712e+00
1.000089838673760001e+00
9.992225607572741142e-01
9.998492714521252100e-01
9.997087767642884870e-01
1.000499850990099748e+00
1.000580805320594902e+00
9.995233011011492863e-01
9.999162689257855563e-01
1.000178451672810720e+00
9.998142617812054711e-01
9.997623344727214478e-01
1.000145887514492626e+00
9.999426464686255178e-01
1.000245912677696802e+00
1.000415103278475382e+00
1.000153070544788747e+00
1.000758012875930802e+00
1.000487254594849329e+00
1.000115588000551003e+00
1.000651538119928574e+00
9.995857170786746071e-01
1.000067555370470540e+00
1.000689032953472557e+00
1.000146998654889652e+00
1.000031204742424906e+00
1.000040286683377078e+00
1.000618454800811463e+00
9.991844562464486934e-01
1.000575053308700335e+00
1.000388413445324254e+00
9.999103107224585063e-01
1.000603759103666501e+00
1.000232379733393406e+00
1.000418151560966029e+00
9.999560462091108270e-01
