0.000000000000000000e+00
0.000000000000000000e+00
0.000000000000000000e+00
0.000000000000000000e+00
0.000000000000000000e+00
0.000000000000000000e+00
0.000000000000000000e+00
0.000000000000000000e+00
0.000000000000000000e+00
0.000000000000000000e+00
0.000000000000000000e+00
0.000000000000000000e+00
0.000000000000000000e+00
0.000000000000000000e+00
0.000000000000000000e+00
0.000000000000000000e+00
0.000000000000000000e+00
0.000000000000000000e+00
0.000000000000000000e+00
0.000000000000000000e+00
0.000000000000000000e+00
3.490068029959263879e-02
1.036114447571720110e+00
3.415544505919624108e+00
3.383169569101528662e+00
1.893622707350653744e+00
8.544112025642471853e-01
3.902853009863542777e-01
1.978172592754926518e-01
1.192073518524061487e-01
1.806788692356467718e-01
6.891738050528349868e-01
1.449733873824118779e+00
1.713457549180097184e+00
1.446271842852117961e+00
1.051914820941524553e+00
7.854640030663890826e-01
6.581867471087140542e-01
6.506588379979150183e-01
6.991529874317764515e-01
7.805026127337849617e-01
8.809318225810037761e-01
9.672838763629713066e-01
1.057731011120299991e+00
1.131727293778482357e+00
1.178706566669846412e+00
1.218618274230576226e+00
1.224892382397961610e+00
1.219422340891591405e+00
1.186933449976237176e+00
1.143582150478666737e+00
1.104569866111768439e+00
1.067069582626426483e+00
1.032063734375232800e+00
1.011737319293963822e+00
9.852992087387321130e-01
9.683307861490880741e-01
9.495913705509033687e-01
9.408786955792862727e-01
9.317448884932970632e-01
9.259057149738214587e-01
9.286864563585410792e-01
9.316360598078818889e-01
9.355930919487873698e-01
9.476701153899156349e-01
9.588250552757889844e-01
9.698318503117367984e-01
9.805639834256735243e-01
9.909150372751406310e-01
9.994758537650522134e-01
1.006473471607409076e+00
1.016125878986470665e+00
1.017689376728198258e+00
1.021776802209223511e+00
1.021302202253640656e+00
1.023572251405529654e+00
1.018663800592836788e+00
1.017967312660204460e+00
1.011988691656402928e+00
1.009355832759172289e+00
1.006425399952573407e+00
1.004840435045892155e+00
9.995001056702407238e-01
1.001726647425103423e+00
9.988828104502518457e-01
9.991634600673182653e-01
9.963517107826763697e-01
9.989395364754748430e-01
9.986393570921536789e-01
9.973749144306192083e-01
9.980298038824398921e-01
9.978614508895532476e-01
9.981155230112959131e-01
9.974632818530414502e-01
9.972561936718763453e-01
9.980453357578039641e-01
9.942234706950422440e-01
9.961293971674979320e-01
9.970116479747771487e-01
1.000375738718950247e+00
9.974756061370523286e-01
9.978311316517581853e-01
9.978870522733144233e-01
9.991545566655453126e-01
9.986168075317358728e-01
9.994483455832815499e-01
1.000914154859284810e+00
1.000837485048708508e+00
9.996005925103982337e-01
9.993432369350723210e-01
9.999693862044994885e-01
1.003418239250336796e+00
1.000940272629151417e+00
1.002267993511934074e+00
1.001412783398011985e+00
1.002229346749051064e+00
1.001311181169780573e+00
1.000485048390451714e+00
1.000541177507147106e+00
9.995819247027821763e-01
1.001118744286191076e+00
9.995287590477974771e-01
1.000520322965985809e+00
9.979768618408900727e-01
1.000498876232891909e+00
9.995118621216831922e-01
9.992325220696409716e-01
9.996214850967206633e-01
9.995147704715465764e-01
9.989443063706674453e-01
9.985718357794677313e-01
1.000065560057710412e+00
9.982564051029310104e-01
9.986853729833518045e-01
9.991033351359812631e-01
9.994292750391500224e-01
1.000016418351817649e+00
1.001203216380718741e+00
9.993084039443155264e-01
9.987100092944951601e-01
9.997486293291250048e-01
1.001581362360761895e+00
1.000763161385165967e+00
1.000810016273408820e+00
1.002553394215966343e+00
9.997616665313132644e-01
1.001355110322838859e+00
1.000566268506503764e+00
9.991142532229111417e-01
9.997024689840648959e-01
9.991075752819933431e-01
9.998865047613613166e-01
9.987152453175845990e-01
9.989633140969991221e-01
9.997406568200676302e-01
9.985243251568808320e-01
9.992879846400432031e-01
9.992525874346556147e-01
9.987784498278695633e-01
1.000365007978060161e+00
1.000612681627540246e+00
9.995952393466164265e-01
1.000632226082096343e+00
9.998319438632352618e-01
1.000103963511295602e+00
1.000779478769963760e+00
9.998052668503362161e-01
1.000058652400299009e+00
1.000159615050932427e+00
1.000792716585311659e+00
9.996390941447246270e-01
9.992476046299858528e-01
9.998494340949940495e-01
1.000253277369863580e+00
1.000125902325862182e+00
9.993194373519755924e-01
9.987923803759700681e-01
1.000627689493379657e+00
1.000013235693629321e+00
9.999994066547003291e-01
9.991956150738605658e-01
1.000476480120891409e+00
1.001206240953589788e+00
1.000183340849137847e+00
1.000864818916709531e+00
9.994303752514290817e-01
1.000685354101768620e+00
1.000644092754896075e+00
1.000067239149311060e+00
9.995828214434068215e-01
1.000161250158225990e+00
9.997161753597568756e-01
1.000141052679289544e+00
9.995376956685559922e-01
1.000313828650335468e+00
1.000056487704692021e+00
9.999312601160836866e-01
9.999846370360084835e-01
1.000426991283716704e+00
9.994414806569804632e-01
9.994379686128147533e-01
9.987866993283716077e-01
1.000505006217988990e+00
1.000119055176684535e+00
1.000466441484206381e+00
1.000666511372838352e+00
1.001052116185310314e+00
9.997016764152323320e-01
9.996940853143546635e-01
1.000242378810135335e+00
9.999354101815725038e-01
1.000487993604187942e+00
9.999832331367251026e-01
1.000176180816205518e+00
9.995675928810241473e-01
1.000046142227303037e+00
9.998380920207791123e-01
1.000632144195309214e+00
1.000788718757637863e+00
1.000268752100458958e+00
9.989798869881207910e-01
1.000691649617959866e+00
9.996796246929868790e-01
9.992999584516776279e-01
1.000748532795412427e+00
1.000131497037227701e+00
1.000070070736652106e+00
9.998024791568705938e-01
9.998404949311296974e-01
9.994070282792342219e-01
1.000096870106769842e+00
9.997139273636689305e-01
9.996889779029453083e-01
9.993559725016017969e-01
1.000198762638554006e+00
9.990918756339155493e-01
1.000072312880759151e+00
1.000640168865913004e+00
1.000170621325695564e+00
9.996020818167572486e-01
9.996237286927547316e-01
1.000173420129849555e+00
9.996411821567465772e-01
9.998973495705841819e-01
1.000374503797095249e+00
1.000165902267421636e+00
1.000324035349890561e+00
9.994043406494071968e-01
9.996803961323910137e-01
1.000364253904319600e+00
1.001089239074566262e+00
1.000710007046593075e+00
9.998836214219324336e-01
9.998739255751254440e-01
9.999349133013659685e-01
9.994763188470330295e-01
9.998417674653430343e-01
1.000563519032824589e+00
9.993931468544244856e-01
9.999263965814723099e-01
9.997298229347176823e-01
1.000481027289725766e+00
9.998301319837766821e-01
1.000646516892478743e+00
1.000186090648159221e+00
9.994588071358595505e-01
9.997740963910364265e-01
9.999714172611926521e-01
9.993516536607027767e-01
1.000236353881278628e+00
1.000365316807985128e+00
1.000209671467465977e+00
1.000268215167098074e+00
9.997288961236188154e-01
1.000570904641388648e+00
9.999441791710813598e-01
1.000882708435710811e+00
9.993755411524566368e-01
9.997878556426482710e-01
1.000172488492353073e+00
