0.000000000000000000e+00
0.000000000000000000e+00
0.000000000000000000e+00
0.000000000000000000e+00
0.000000000000000000e+00
0.000000000000000000e+00
0.000000000000000000e+00
0.000000000000000000e+00
0.000000000000000000e+00
0.000000000000000000e+00
0.000000000000000000e+00
0.000000000000000000e+00
0.000000000000000000e+00
0.000000000000000000e+00
0.000000000000000000e+00
0.000000000000000000e+00
0.000000000000000000e+00
0.000000000000000000e+00
0.000000000000000000e+00
0.000000000000000000e+00
0.000000000000000000e+00
0.000000000000000000e+00
0.000000000000000000e+00
0.000000000000000000e+00
0.000000000000000000e+00
3.403346569930179588e-02
7.943497689390559557e-01
2.817537968822054317e+00
3.235106692975131093e+00
2.108631156297652520e+00
1.045994968411499748e+00
5.065428831713310043e-01
2.846794542264262651e-01
2.250755189232651332e-01
2.157522484232574922e-01
2.310539089347778963e-01
2.605792652712533020e-01
2.940824359312931846e-01
3.020803064725842701e-01
3.187478240481774194e-01
3.304122534154829705e-01
3.983701656988756779e-01
5.148286372196383409e-01
6.410684168069769040e-01
8.467301149659917092e-01
1.040696608750203422e+00
1.210355204986038880e+00
1.315664777152057763e+00
1.444627082215393932e+00
1.520103543594210294e+00
1.582143918338974720e+00
1.618745238566963840e+00
1.604453672912781403e+00
1.502658252888707802e+00
1.383495329253719319e+00
1.233198827691923460e+00
1.086849433049716485e+00
9.921191719852130442e-01
9.267400072964522284e-01
8.804517861742759965e-01
8.624351315400758944e-01
8.767394940297678074e-01
8.816875836129106636e-01
9.029034194206754238e-01
9.158351588285553735e-01
9.338281874224471091e-01
9.403323370426441841e-01
9.729340741499298284e-01
9.932706378878942699e-01
9.990120630612073782e-01
1.023538137416370120e+00
1.032240193489664559e+00
1.046073695193678210e+00
1.050275619236945346e+00
1.049459183166942644e+00
1.047802497471697736e+00
1.044344089195214931e+00
1.036143151822051856e+00
1.025817436975930530e+00
1.006199317877639832e+00
1.005830336771597278e+00
9.866101986616767627e-01
9.877812096986049450e-01
9.827304253320308103e-01
9.777650884139856835e-01
9.803807939514590508e-01
9.753997185408125326e-01
9.874916643911408887e-01
9.888387111658739625e-01
1.000481501568338150e+00
9.955980149691717740e-01
1.011296716054792100e+00
1.028946740160682216e+00
1.017039308950157928e+00
1.018916230985638549e+00
1.018387446840250732e+00
1.021074388159392443e+00
1.024024559567304538e+00
1.019513845811714781e+00
1.017340848680434284e+00
1.005455020800496868e+00
1.005717126522495564e+00
1.005684270162126248e+00
1.001324283857197850e+00
1.000256670808436166e+00
9.921482626793329818e-01
9.938334886196353857e-01
9.944479541462837302e-01
9.961863570551015012e-01
1.002102170536256054e+00
9.969915679379115492e-01
9.998860663341561095e-01
9.971485465937215409e-01
9.967918575437372253e-01
9.996340487992693147e-01
1.007810531620055405e+00
1.001145188852779810e+00
1.010501791112665249e+00
1.003319620938229795e+00
1.009715273203708019e+00
9.990975602652527598e-01
1.010140613179419500e+00
1.008829270557145108e+00
1.006999614757575712e+00
1.007291521232241527e+00
9.998377201134522885e-01
9.998435327868092637e-01
1.000305727814607915e+00
1.003791921352684247e+00
9.998316280137689027e-01
1.000971100760663646e+00
1.004189707358305261e+00
9.980478429893251402e-01
9.970121952138997212e-01
9.963944703167114669e-01
9.966532982000203544e-01
9.960214954258209685e-01
9.985608421724758710e-01
9.975279292696631606e-01
1.003144525658980157e+00
1.004534165608813812e+00
1.001319036818521413e+00
1.002230174743035551e+00
1.004610440986447584e+00
1.003458655117119402e+00
9.976583921483009876e-01
1.001433238966227934e+00
1.001762364736103139e+00
9.974505996763673998e-01
9.990618484719989700e-01
1.000962898972283188e+00
1.000400393849749436e+00
1.000506334658433083e+00
9.949125553147740719e-01
1.004250291211203683e+00
9.964882162988781822e-01
1.002772848075086598e+00
1.001945648308131043e+00
1.001728513391917152e+00
1.000555087453348424e+00
9.967621386090618207e-01
9.957879384608246953e-01
9.988622062136436330e-01
9.959999860584576314e-01
1.000269799119646974e+00
9.986633271525943156e-01
1.003455779681391880e+00
1.003390900716381928e+00
9.981150077693852207e-01
9.971407153142375357e-01
9.978549302476091842e-01
9.931481710289027376e-01
1.000164351406695795e+00
9.956675891488302454e-01
9.968705511795916685e-01
9.969919485514567858e-01
9.954019696375469017e-01
9.976764439950844832e-01
9.952132324040778855e-01
9.968518973241144998e-01
9.904003768877134295e-01
9.976455763360635443e-01
9.916135868857599567e-01
9.965750445932229917e-01
9.908490329791332929e-01
1.000346939926939793e+00
1.000093668428162941e+00
9.917177787325092142e-01
9.947607437204821768e-01
9.946765389548404279e-01
9.960999877654441725e-01
9.936313351835199814e-01
9.941644655481572945e-01
9.967190294338964529e-01
9.908471266318522597e-01
9.956186394488081293e-01
9.939686675229709723e-01
9.929686114587201740e-01
9.928237444049722304e-01
9.930663157222440196e-01
9.940168044032304806e-01
9.910241900067795484e-01
9.945167845568935183e-01
9.948110505244682766e-01
9.943972078473704013e-01
9.948884191473966743e-01
9.894201594594924654e-01
9.930363747173893696e-01
9.937303605835268172e-01
9.891002090743574726e-01
9.952190992563849647e-01
9.956857370308490607e-01
9.933694941223210062e-01
9.955450543099686467e-01
9.940749509830224540e-01
9.943528512798152086e-01
9.948026971176734401e-01
9.943324563271085381e-01
9.972934947983307374e-01
9.958040881004264211e-01
9.971615681539838238e-01
9.991495549769466855e-01
9.968014279848502746e-01
9.958247549750057770e-01
9.962995067060266274e-01
9.940835272896932917e-01
9.992511173777979261e-01
1.000019504892473154e+00
9.922404607666110987e-01
9.973609004666276201e-01
9.978968503747376317e-01
9.970303542923393270e-01
9.935094090203835382e-01
9.959434362999218804e-01
9.960439045159822369e-01
9.967566028587988569e-01
9.937784804502507452e-01
9.967416068196730539e-01
9.973825343580067226e-01
9.944471755077904929e-01
9.949709884219907208e-01
1.001728503252675928e+00
9.967131490817601192e-01
9.956618775614415329e-01
9.973423536548587931e-01
9.924712473400630897e-01
9.946258554727245293e-01
9.937811581497085767e-01
9.965313932240064121e-01
9.954189971458466957e-01
9.941067274346414573e-01
9.932500976115838931e-01
9.959621274159083937e-01
9.951095589384068019e-01
9.944992171661213298e-01
9.973805037874615698e-01
9.959038329504542597e-01
9.969563821317262153e-01
9.965260173617432882e-01
9.972609538880448099e-01
9.949660242953554112e-01
9.959229068262724915e-01
9.957802827551157643e-01
9.977114711533605629e-01
9.973303123290835348e-01
9.955240986726501262e-01
9.947005952672255402e-01
9.967860428780205284e-01
9.962859140958462145e-01
9.950288266016670269e-01
9.988118562788158572e-01
9.954684800613827766e-01
9.971660507070687629e-01
9.968024598419631399e-01
9.900451808402256360e-01
9.778371749987602168e-01
9.677545740032911237e-01
9.585458150418353362e-01
9.470459812684769441e-01
9.355045100096087696e-01
