0.000000000000000000e+00
0.000000000000000000e+00
0.000000000000000000e+00
0.000000000000000000e+00
0.000000000000000000e+00
0.000000000000000000e+00
0.000000000000000000e+00
0.000000000000000000e+00
0.000000000000000000e+00
0.000000000000000000e+00
0.000000000000000000e+00
0.000000000000000000e+00
0.000000000000000000e+00
0.000000000000000000e+00
0.000000000000000000e+00
0.000000000000000000e+00
0.000000000000000000e+00
0.000000000000000000e+00
0.000000000000000000e+00
0.000000000000000000e+00
0.000000000000000000e+00
0.000000000000000000e+00
0.000000000000000000e+00
0.000000000000000000e+00
3.047204047929823602e-04
3.488031099645812205e-02
8.350516348848152637e-01
2.959277375187255643e+00
3.466214570218238755e+00
2.222946957905079568e+00
1.086199277427025711e+00
5.331331395861725886e-01
3.016757140072239274e-01
2.340598372353255019e-01
2.272972945827315960e-01
2.528461077313503003e-01
2.741950457336511104e-01
2.998315402433529564e-01
3.037109674682049176e-01
3.035344296684980292e-01
3.450505251987386335e-01
3.904389512193573442e-01
5.088984365898578943e-01
6.640354107530469507e-01
8.306382748945230210e-01
1.037871501763238724e+00
1.186941903230013473e+00
1.306617890126320125e+00
1.374451778097325771e+00
1.473127678729726275e+00
1.547206184887342406e+00
1.580469651376720464e+00
1.559993899166739473e+00
1.483041019402686622e+00
1.317656175209781511e+00
1.186211869458186241e+00
1.078348584687102374e+00
9.831318350222502112e-01
9.112660050542896739e-01
8.659573098932050739e-01
8.554135447374933143e-01
8.575665523441713400e-01
8.691671747212950105e-01
8.857427806516949831e-01
9.019322807935712394e-01
9.190714942215951755e-01
9.564643795864723463e-01
9.563168645738364670e-01
9.798682392037754152e-01
1.000803431227908602e+00
1.021787139958774571e+00
1.030791592444359583e+00
1.037290298935201083e+00
1.043594861358404513e+00
1.058284934068844496e+00
1.043208492555051325e+00
1.044560219779662402e+00
1.026730964683011393e+00
1.013557652133926235e+00
1.009384013463435092e+00
1.002389433649302886e+00
9.908272734551186733e-01
9.785141828390178098e-01
9.689104904483384351e-01
9.698827368033114960e-01
9.666780733509917622e-01
9.737244894141209306e-01
9.756550817114257868e-01
9.819180555211294292e-01
9.788961949702582599e-01
9.902797073241595971e-01
9.932495460021683042e-01
1.001157031214856108e+00
1.001350540759030405e+00
1.006427562897847405e+00
1.012539213332152244e+00
1.002972963404658691e+00
1.004177782240252226e+00
1.002218775396089834e+00
9.980096565706114697e-01
9.926834508370862009e-01
9.924874546455136892e-01
9.958995284863886299e-01
9.865375599992486366e-01
9.873781458184170967e-01
9.883559955244530792e-01
9.922751032913206259e-01
9.840870778187752466e-01
9.865145380676895170e-01
9.860478870681309571e-01
9.865162295443467011e-01
9.888492514061444361e-01
9.920465119130548182e-01
9.862995247101337126e-01
9.958282321823879180e-01
9.898386467707152025e-01
9.918515026905174725e-01
9.972340052569806934e-01
9.937670299997284351e-01
9.977104811113205463e-01
9.939689535990157143e-01
1.003487446002526706e+00
9.986406838049569634e-01
1.002829595134391738e+00
1.000817448644149454e+00
9.903776565442362623e-01
9.959410749079586900e-01
9.967357504053214745e-01
9.956923558383695694e-01
9.927085560540599429e-01
9.985233243433525585e-01
9.945977278885220763e-01
9.995728597020200334e-01
9.964730465775690771e-01
9.943375706830481775e-01
9.975472291185119023e-01
9.965894501296370667e-01
1.000544408753218040e+00
9.933807122487967600e-01
9.993872464216539964e-01
9.945948727089181096e-01
9.959884474222948647e-01
9.960385225362924366e-01
9.929896412184826548e-01
1.000882815273127502e+00
9.978232058491790513e-01
1.000045994365430291e+00
1.005431727342776860e+00
9.966084890642539218e-01
9.913897889237166527e-01
1.000929014883651158e+00
1.001475947709022707e+00
9.992564084040899131e-01
1.001769397786851368e+00
1.002084771353358938e+00
9.950998896472996735e-01
1.003121793200616674e+00
1.000196793053407252e+00
1.001131336043713516e+00
1.002037436101417933e+00
1.004866536563902457e+00
9.986312183512900953e-01
1.000154772421091964e+00
9.974417479310455636e-01
1.000100097084740014e+00
9.996387575379196422e-01
9.962384777182425877e-01
9.980601098971588758e-01
1.001784366089082168e+00
1.002340559991179658e+00
9.985020537153878051e-01
1.001245739918891209e+00
9.980014521831822583e-01
9.978997257309838442e-01
9.966090838812760033e-01
9.976015383215162124e-01
9.997755052251231511e-01
9.942622157228212521e-01
9.983257804323106832e-01
9.962404484029145912e-01
9.996839695400642212e-01
9.969885127709851025e-01
9.983789249051527870e-01
9.994054610377940406e-01
1.001543898187965409e+00
1.002225739507429214e+00
1.000238705181163867e+00
1.000936343454491562e+00
9.983998601060494194e-01
9.977485012891769145e-01
9.957785245473156355e-01
9.982075041468737586e-01
1.001433944098502948e+00
9.972457140749602100e-01
9.975680210120148050e-01
9.980028926716318916e-01
9.994658102495745933e-01
9.993677679507936285e-01
1.001518000466689040e+00
1.000056542312013574e+00
9.983764554230253330e-01
1.000991138742574282e+00
9.995107449404135869e-01
9.949861446783778707e-01
9.989413290277739943e-01
9.972277240057695336e-01
9.967049696839175299e-01
9.978178077672956725e-01
9.958747732464499069e-01
9.952258323836122855e-01
9.945957709252216672e-01
9.966641359260641764e-01
9.948902538556754216e-01
9.966351844703731366e-01
9.954935753279172683e-01
9.937423969139266289e-01
9.972350951988826484e-01
9.960858786269369824e-01
9.954339765724570244e-01
9.933204476999748511e-01
9.946524298663975694e-01
9.989868173318966482e-01
9.952219343509824956e-01
9.926449335990373823e-01
9.986948448012047397e-01
1.001379654748342007e+00
9.979084229108434734e-01
9.965899390441347316e-01
9.958762769003309812e-01
9.981876257116496509e-01
9.987309954696862446e-01
9.978717421333460624e-01
9.992508763688595641e-01
9.988520784253682727e-01
9.985625976191525588e-01
9.953724397605342444e-01
9.999975730557223441e-01
1.002098529637820423e+00
9.997689048163324044e-01
9.980707770870785867e-01
1.002303590748830908e+00
1.001960111120144825e+00
9.964827981047134076e-01
9.988000553317692987e-01
9.977352881144623264e-01
9.998393026868465094e-01
9.984579038143365226e-01
1.002122133736590204e+00
9.975159479676481977e-01
9.997992000720972161e-01
9.977121631046785843e-01
9.979872429691437619e-01
9.972541626492328337e-01
1.000676207188114342e+00
9.994297936534964899e-01
9.954947437526517895e-01
9.987017163190025082e-01
1.000006531450276404e+00
1.001710363863845155e+00
9.989941976170930715e-01
9.989319283741521227e-01
9.970129956849393960e-01
1.000669621154133271e+00
9.994584058963711382e-01
9.997680629858559653e-01
9.982450414626480306e-01
9.969175078651286714e-01
9.990306895642990792e-01
9.988290916585127466e-01
9.969769266106257577e-01
9.984989226963097986e-01
9.963147358341554183e-01
9.987139259293652538e-01
9.960725642556943482e-01
9.893182590666603771e-01
9.783876306943918300e-01
9.699398949272419745e-01
9.581281165370876263e-01
9.468550447224549638e-01
9.357734575995612092e-01
