0.000000000000000000e+00
0.000000000000000000e+00
0.000000000000000000e+00
0.000000000000000000e+00
0.000000000000000000e+00
0.000000000000000000e+00
0.000000000000000000e+00
0.000000000000000000e+00
0.000000000000000000e+00
0.000000000000000000e+00
0.000000000000000000e+00
0.000000000000000000e+00
0.000000000000000000e+00
0.000000000000000000e+00
0.000000000000000000e+00
0.000000000000000000e+00
0.000000000000000000e+00
0.000000000000000000e+00
0.000000000000000000e+00
0.000000000000000000e+00
0.000000000000000000e+00
0.000000000000000000e+00
0.000000000000000000e+00
0.000000000000000000e+00
0.000000000000000000e+00
3.319086736602860216e-02
8.209447937002457563e-01
2.844244719510912844e+00
3.364255054632473652e+00
2.177435689095705396e+00
1.093025866219631936e+00
5.089577023114336685e-01
2.912702294834734751e-01
2.179123231920445103e-01
2.154527380664353342e-01
2.409318108078993825e-01
2.711605709516397567e-01
2.783543991433667375e-01
3.113465410972943159e-01
3.116081448218475103e-01
3.339928049955070977e-01
4.079433484504556007e-01
5.116067907415263738e-01
6.453450397301027097e-01
8.276401956836259011e-01
1.027569516887740786e+00
1.168185825859102689e+00
1.309551161310176903e+00
1.389001298941402451e+00
1.477606565114771620e+00
1.549207565050606750e+00
1.587975705036922758e+00
1.566750245235088990e+00
1.478428163975087584e+00
1.359343131407805938e+00
1.204679496945161521e+00
1.079840901520589203e+00
9.903295416725748090e-01
9.151216115783932237e-01
8.776937553438846074e-01
8.583185302330368360e-01
8.610534305917102449e-01
8.744145536128995477e-01
8.846996724637028464e-01
9.057996777119695642e-01
9.272535607032489358e-01
9.550093522227789400e-01
9.677503430234998261e-01
9.862116841314052529e-01
1.013249614587582448e+00
1.014337744160989763e+00
1.041079823088573608e+00
1.045589752481438817e+00
1.044862338466387097e+00
1.052397641090908165e+00
1.054322838744814916e+00
1.038036938502399087e+00
1.031216632886717610e+00
1.008934679721529504e+00
1.006583123758142184e+00
9.885350960390001385e-01
9.848009360653594557e-01
9.735999279817953989e-01
9.673132967157570539e-01
9.639155620661885582e-01
9.632008813601462549e-01
9.640181750454484000e-01
9.779708141224888740e-01
9.858151136860004993e-01
9.851491397796413585e-01
9.787719579025370154e-01
9.953620819631812111e-01
9.981131115285042377e-01
9.919256049635607475e-01
1.007441516290206174e+00
1.010040820480726964e+00
1.004807703873731084e+00
9.983154903860695928e-01
9.986987063902362793e-01
1.000711900237744700e+00
9.997142735453634632e-01
9.945676158541242318e-01
9.893894377173455545e-01
9.893391270183024000e-01
9.886680096260137551e-01
9.878784320089425419e-01
9.846286238586604567e-01
9.898937541046395339e-01
9.916697581381249682e-01
9.860587717417081954e-01
9.899716990646492132e-01
9.879897419474831244e-01
9.928343687778328208e-01
9.921848342087179473e-01
9.994750925728002056e-01
9.976453461241349130e-01
1.002839311845449943e+00
1.008100727962178533e+00
1.000242725090429996e+00
1.001528212079337621e+00
1.006138235418132076e+00
1.000945752532820032e+00
1.000637844089734330e+00
1.002059032406125372e+00
1.001285823182153534e+00
1.003207236407939407e+00
1.001011651654507784e+00
9.998020190492044046e-01
9.972148097900122021e-01
9.988645198165451156e-01
9.942190987159134075e-01
9.976359783200422493e-01
9.935830416956900057e-01
9.914546426229612353e-01
9.931443812456740572e-01
9.955936131961709012e-01
1.000024049700380280e+00
1.005969745401304571e+00
9.983557156949040001e-01
9.982366886873791367e-01
9.950169316320981450e-01
9.953073824758451593e-01
9.997803198082253484e-01
1.000196589528268731e+00
1.005107107578612657e+00
9.979193761271761831e-01
1.001742415381295270e+00
9.997809588471573417e-01
1.003766239499764623e+00
1.003951597538894180e+00
1.001596935248463716e+00
9.987630912112535064e-01
9.992842714540245419e-01
1.002106640975888086e+00
9.985163807559261917e-01
9.963958679394100404e-01
9.967000658821960624e-01
1.000315556429912434e+00
9.928452753063840008e-01
1.004129133357614112e+00
9.953355889756893005e-01
9.967358944886336447e-01
9.974161933621928933e-01
9.988212162141139050e-01
9.993462313701376720e-01
9.928159493933316204e-01
9.931921125426567132e-01
9.962554848078157832e-01
9.877334645349743480e-01
1.001283693665474317e+00
9.974885081296137601e-01
9.943971246133528341e-01
9.963646635767245963e-01
9.986753412480703362e-01
9.935007150074096627e-01
9.980022277637173866e-01
1.001967720431023112e+00
9.963947004886767322e-01
9.940265397929485269e-01
9.950373612839934490e-01
9.988919303507619585e-01
1.000735908281345399e+00
9.988499121754078613e-01
9.930583962108714413e-01
9.972584412563526568e-01
9.985865534249749320e-01
9.977791726347221557e-01
9.929505669906256715e-01
9.989463120812952512e-01
1.000769422498823502e+00
1.001776589673021745e+00
9.971691586193159873e-01
9.972414229683287390e-01
9.989928811235289086e-01
9.947224571730414189e-01
9.958702186904857534e-01
9.969799417599716218e-01
9.955511898502000800e-01
9.988022264652747229e-01
9.976800993387945349e-01
9.980117366374419152e-01
9.943220284921148178e-01
9.974168102550844406e-01
9.950415489686827986e-01
9.980550953813815962e-01
9.995464210008085937e-01
9.912277987162207982e-01
9.944022468585917984e-01
9.962323179533655315e-01
9.945542787899323001e-01
9.931085735511793189e-01
9.984740732179760991e-01
9.937296847853268611e-01
9.950394698121680648e-01
9.976455331275173588e-01
9.963545687194451661e-01
9.949910891127259349e-01
9.945774655892977156e-01
9.981267256126921117e-01
9.967590132419661408e-01
9.964604771965454022e-01
9.940816343325495907e-01
9.960728077560516702e-01
9.983254979682514296e-01
9.961178836889794663e-01
9.937455972585684805e-01
9.943882328203577092e-01
9.953517479831961445e-01
9.950793077700882394e-01
9.987516203768791456e-01
9.913261013071809069e-01
9.969437305488034751e-01
9.970716200276048546e-01
9.978215829958445582e-01
9.961732784345219693e-01
9.939464469050531825e-01
9.963459689180445000e-01
9.927923098936134449e-01
9.941000767517256254e-01
9.969548680736017854e-01
9.947763043545362338e-01
9.975965917214628664e-01
9.936513002615977586e-01
9.948311421098722240e-01
9.945481489500629380e-01
9.931751109098376773e-01
9.952340664407443027e-01
9.950535278972448827e-01
9.991477669632812253e-01
9.923638694292741258e-01
9.966091401075590772e-01
9.948218360631516655e-01
9.975505838917869683e-01
9.939815410004119167e-01
9.963259483624413715e-01
9.964192824578725904e-01
9.964044109379190939e-01
9.949539079652104379e-01
9.935428375164485626e-01
9.941190658121568102e-01
9.953660665950977426e-01
9.974678517496464725e-01
9.961801604268781807e-01
9.969389732884366140e-01
9.964802095671133619e-01
9.972755923993403826e-01
9.980696298305362646e-01
1.001168137970955163e+00
9.994455934127440822e-01
9.940651473121204784e-01
9.966206742553695985e-01
9.966834599175623532e-01
1.000178220743017654e+00
9.982912528356254755e-01
9.927637328348668522e-01
9.800803823873703857e-01
9.675744942969312090e-01
9.589725818275275371e-01
9.464507845505415462e-01
9.379644184853312971e-01
