0.000000000000000000e+00
0.000000000000000000e+00
0.000000000000000000e+00
0.000000000000000000e+00
0.000000000000000000e+00
0.000000000000000000e+00
0.000000000000000000e+00
0.000000000000000000e+00
0.000000000000000000e+00
0.000000000000000000e+00
0.000000000000000000e+00
0.000000000000000000e+00
0.000000000000000000e+00
0.000000000000000000e+00
0.000000000000000000e+00
0.000000000000000000e+00
0.000000000000000000e+00
0.000000000000000000e+00
0.000000000000000000e+00
0.000000000000000000e+00
0.000000000000000000e+00
3.457067419399907637e-02
9.945783696674723728e-01
3.313113977456580095e+00
3.305871634532394854e+00
1.844838240245946448e+00
8.462901011809891294e-01
3.900284072499582977e-01
2.027289668386687005e-01
2.259546163470637359e-01
8.236593777004156403e-01
1.721365676894006436e+00
1.905747973234100057e+00
1.467887486789254625e+00
9.993085435570033814e-01
7.122845675354966266e-01
5.952786311681985687e-01
5.847857682828930814e-01
6.336602884989950280e-01
7.196463058096270737e-01
8.167389405202363228e-01
9.198444133742580409e-01
1.011102730464707555e+00
1.090188642694241539e+00
1.152008070947383667e+00
1.197364620425672266e+00
1.223245984478855020e+00
1.222901170083398714e+00
1.207615969010158663e+00
1.170971822894440795e+00
1.131547797031853264e+00
1.085571145843925001e+00
1.047510537854103418e+00
1.006973667690105545e+00
9.826898430961220621e-01
9.571372540298503928e-01
9.430188800343954902e-01
9.291469711669270160e-01
9.240834678279791214e-01
9.206673786549928185e-01
9.227124985064584228e-01
9.280056668169232026e-01
9.389082222002914646e-01
9.502713455285431987e-01
9.632665428920267336e-01
9.755529855369324821e-01
9.862897061526999520e-01
9.958750036344972134e-01
1.004559507842158750e+00
1.011109343234652957e+00
1.017772231347931378e+00
1.018960193950124271e+00
1.022491950611370104e+00
1.022017483361075119e+00
1.020782374158047734e+00
1.018759406823645630e+00
1.015267715447139674e+00
1.014405646522434923e+00
1.009137351229034696e+00
1.003813914509442018e+00
1.002282491731038672e+00
9.995289441082428894e-01
9.984502324409546548e-01
9.985911074782711783e-01
9.980115339100019689e-01
9.989794107056406691e-01
9.970001383468715117e-01
9.978532010840716060e-01
9.972567048520352140e-01
9.985743890921350285e-01
9.977886292887314656e-01
9.989119092714549009e-01
9.971408892459544537e-01
9.961045105959062118e-01
9.985173448355898485e-01
9.969200798756447934e-01
9.980108895205572761e-01
9.974750766608966313e-01
9.973195705443997916e-01
9.988917566944660598e-01
9.991627494633066320e-01
9.990585585826637915e-01
1.000241147161876398e+00
1.001650276054835587e+00
1.001272075007365592e+00
1.001293539981341629e+00
1.003471287427662784e+00
1.001803666189529318e+00
1.003587077406682626e+00
1.002514693522456035e+00
1.001492900920183171e+00
1.003259569425492881e+00
1.002448352046731994e+00
1.001734519010628599e+00
1.001305869281769345e+00
1.001140626715535387e+00
1.000208679945954193e+00
9.995980580913338409e-01
1.000205795462749236e+00
9.995871977364330085e-01
9.993476227672853929e-01
9.998410285120825636e-01
1.000282614162358197e+00
9.998408485029885995e-01
9.998341577667145819e-01
1.000019957132914472e+00
9.995352564877175716e-01
9.992293933588528576e-01
9.996881454922372789e-01
9.995554607379587564e-01
9.998882906576588292e-01
1.000224218746133653e+00
9.998168340563420298e-01
9.994431876922872382e-01
1.000132910167736977e+00
1.000693408673703599e+00
1.001194698808887340e+00
1.000423302548511195e+00
9.996555393434554126e-01
1.000875442880058142e+00
1.000122968385120048e+00
1.000083180342874023e+00
1.000721294426873964e+00
1.000190844209108976e+00
1.000361531674218041e+00
1.000563668454739208e+00
1.000036039302162560e+00
1.000246444892486375e+00
1.000580305956165983e+00
1.000733160988589887e+00
1.000192832809885024e+00
1.000414004093578502e+00
1.000210382031265777e+00
1.000416487600745752e+00
9.993439290130640140e-01
9.998870884061027420e-01
9.996143843571342336e-01
9.987398868857081391e-01
9.993622772760756279e-01
9.994215503356651542e-01
1.000419281158010820e+00
1.000376122523189748e+00
1.000980643585135832e+00
1.000674912920965554e+00
1.000673724536307985e+00
9.997812336702590619e-01
1.000171681116691857e+00
1.000221138986615577e+00
9.996943046415962542e-01
1.000500523952001508e+00
1.001025124494768992e+00
9.998207265208814976e-01
9.997007915804851930e-01
1.000001968148791942e+00
1.000876947690227059e+00
9.993650146360814057e-01
1.000277346144999413e+00
1.000295750706913234e+00
9.995926810686569519e-01
1.000092551220358228e+00
9.999793908251186636e-01
1.000772834821069601e+00
1.000274232655031570e+00
9.998002006204729231e-01
9.998626004788387922e-01
1.000182408215046115e+00
9.994451870234515312e-01
9.997606063689941092e-01
1.000577375067494001e+00
1.000443253148142198e+00
1.000161259485558674e+00
1.000050440909192817e+00
1.000320382405312403e+00
1.000503172695479615e+00
1.000113280454040687e+00
9.998180339311172338e-01
9.998354812828845750e-01
1.000337275299929995e+00
1.000536955628653191e+00
1.000315908368048845e+00
9.997555187187019410e-01
1.000136918684325638e+00
9.996399258211874361e-01
1.000076936637433356e+00
9.997575927384858563e-01
1.000196720534630934e+00
9.996186191357482320e-01
1.000341403325142986e+00
1.000173156213782999e+00
1.000631433762598332e+00
9.988665398385730976e-01
9.997760948633748201e-01
1.000039141051448199e+00
9.996902266732019537e-01
9.997733001355263438e-01
1.000065345997132482e+00
1.000071485410656269e+00
9.996347215722585222e-01
9.998649432441046869e-01
1.000368968625096944e+00
1.000794962228970464e+00
9.995707773866904233e-01
9.993445931930239334e-01
1.000357988928502140e+00
9.999935347474995240e-01
1.000165573951942166e+00
9.995304950460747184e-01
9.997802175998388163e-01
1.000334109855068210e+00
1.000228779369887411e+00
9.997298347605958480e-01
1.000058836874825996e+00
9.999350317744551964e-01
1.000606402511816428e+00
9.996880362998376013e-01
9.998753710234306036e-01
1.000249862593227679e+00
9.997671790361701838e-01
9.996027085256574685e-01
9.999211572237427514e-01
1.000037443758961864e+00
1.000151020556967918e+00
1.000348360795664027e+00
9.998532261817846267e-01
1.000118265917722571e+00
1.000318491999363069e+00
1.000102271289329048e+00
1.000266403193657450e+00
9.999425417851276476e-01
1.000382173014186193e+00
1.000003671683900253e+00
1.000191390766659971e+00
9.998359353091581525e-01
1.000152733812315953e+00
9.997646139088787187e-01
1.000080671916391717e+00
1.000567509065437122e+00
1.000609183662123147e+00
9.998799135101438251e-01
9.993727048299089200e-01
9.996199303923564150e-01
1.000960152700282713e+00
1.000173866457568339e+00
9.999979141753307932e-01
1.000274943268251171e+00
1.000620272546374867e+00
9.994615781460602921e-01
1.000600640272042430e+00
1.000117791201307726e+00
1.000167041399529611e+00
1.000439754726980990e+00
9.999684755874681530e-01
1.000391395435096920e+00
9.995705439623937538e-01
9.925293099197604052e-01
9.816572562952899927e-01
9.715887276224980384e-01
9.600280869388895244e-01
9.498804707636503419e-01
9.392615201928059543e-01
