0.000000000000000000e+00
0.000000000000000000e+00
0.000000000000000000e+00
0.000000000000000000e+00
0.000000000000000000e+00
0.000000000000000000e+00
0.000000000000000000e+00
0.000000000000000000e+00
0.000000000000000000e+00
0.000000000000000000e+00
0.000000000000000000e+00
0.000000000000000000e+00
0.000000000000000000e+00
0.000000000000000000e+00
0.000000000000000000e+00
0.000000000000000000e+00
0.000000000000000000e+00
0.000000000000000000e+00
0.000000000000000000e+00
0.000000000000000000e+00
0.000000000000000000e+00
0.000000000000000000e+00
0.000000000000000000e+00
0.000000000000000000e+00
0.000000000000000000e+00
0.000000000000000000e+00
2.718291738833530924e-02
4.571631325971920456e-01
1.603483938000552111e+00
2.004167267486474557e+00
1.480234066368190771e+00
8.371495800283957900e-01
4.705761611545581924e-01
3.349901591078395802e-01
2.774959820137193334e-01
2.630453906513423035e-01
2.787778589341043389e-01
2.763194511694949118e-01
2.714200796815133820e-01
2.592762137421182334e-01
2.533434725162689305e-01
2.785239237456989536e-01
3.395000781259330802e-01
4.478061944897490654e-01
5.747083917442903367e-01
7.543533921778977636e-01
9.285976601947146802e-01
1.089177198554328596e+00
1.248657158992238614e+00
1.369839375499403156e+00
1.472340323516425187e+00
1.549852939915985939e+00
1.587025290747057671e+00
1.590752828104400107e+00
1.513631614198270414e+00
1.421080327333809956e+00
1.285915176805201954e+00
1.163243992815226502e+00
1.071307143807134654e+00
9.824450084012381623e-01
9.333750559194535779e-01
9.248210201372852879e-01
9.044371289766808264e-01
8.853193369331491258e-01
8.955693076246091788e-01
8.986874281561478828e-01
9.044350473312101624e-01
9.180741753643009151e-01
9.331850432303543386e-01
9.528659650067600184e-01
9.632382439854345613e-01
9.795968552494557224e-01
9.977482220234735744e-01
1.011059303304643331e+00
1.020534657817951496e+00
1.027614913540291885e+00
1.035514790311626188e+00
1.034325782354093448e+00
1.027041729781708934e+00
1.020529742495497105e+00
1.013367665781282012e+00
1.005624154496639999e+00
9.992323636420799016e-01
9.873366547935275017e-01
9.834874421741870432e-01
9.735501883538399959e-01
9.840707304837671421e-01
9.810215970020444987e-01
9.788383799787926387e-01
9.869233963731245396e-01
9.873717587624072367e-01
9.931630774012243368e-01
1.002618306181088714e+00
1.000975638897619202e+00
1.006133998854531697e+00
1.015697963208552324e+00
1.014368286756958337e+00
1.018245256633558027e+00
1.018102152918366254e+00
1.010892457529735777e+00
1.003596671098436754e+00
1.012215803336122377e+00
1.009406342042642457e+00
1.001621987624526477e+00
1.005141801465502693e+00
1.001505907279347740e+00
9.973834009054776129e-01
9.965355790458632068e-01
9.971025027801766472e-01
9.878533373300479870e-01
9.945171926061369128e-01
9.908228576157451784e-01
9.888659859268243979e-01
9.921010814237576358e-01
9.985939151765208521e-01
9.978917506187423569e-01
9.981009571590720997e-01
9.969586220477676397e-01
1.005143163264080597e+00
1.001017506436197690e+00
1.008291755935034395e+00
1.002170383825848221e+00
1.004487508590675926e+00
1.004512296809152438e+00
1.008199479357713368e+00
1.006832012476385430e+00
9.995615789388545558e-01
1.000031191605334824e+00
1.001252201975381562e+00
9.999853572483692332e-01
1.000561370601420919e+00
1.000940016407659394e+00
9.980805649451333084e-01
9.998360561793026013e-01
9.974646815311982717e-01
9.956208145023769385e-01
9.993402693672294168e-01
9.960451894599999800e-01
9.955264200867069979e-01
9.990622970865979946e-01
9.962053260772673058e-01
9.984850469868141731e-01
9.941062367531311450e-01
9.974093680817515128e-01
1.002911153205564787e+00
9.985201196870223672e-01
9.946963610946375489e-01
1.002816476441035221e+00
9.990852644572101315e-01
9.985048890801256904e-01
1.001009117472146714e+00
9.997560257963512553e-01
1.000095782485551199e+00
9.973794976136992618e-01
1.000485085959041287e+00
9.994515808217433461e-01
1.000193885958740703e+00
9.981696142550476880e-01
1.002461537940341429e+00
9.977887250854298173e-01
9.988517719467829847e-01
9.966827945193827976e-01
9.973068367644283283e-01
9.973574194070458088e-01
1.001271257712193163e+00
9.973249836297677362e-01
9.979593169673169895e-01
9.985146535776350252e-01
9.960905331128783180e-01
9.997716117899522192e-01
9.986279480004196518e-01
9.965018780811000232e-01
9.972942383010333645e-01
9.951632912917622864e-01
9.986947754047800219e-01
9.961354472093241208e-01
9.987190121780329388e-01
1.000681131529062462e+00
9.962468459897464435e-01
9.962819759687160381e-01
9.982394488729851023e-01
9.980420193597956402e-01
9.986806197434821009e-01
9.980701038289699900e-01
9.953398627013209099e-01
9.956867765557246841e-01
1.000310739471100607e+00
9.944905563971773166e-01
9.967626095245722961e-01
9.982394634929052657e-01
9.971281164284159226e-01
9.988170825715285694e-01
9.986644530723293167e-01
9.987691709170796184e-01
9.991099912004873795e-01
9.974596219557656518e-01
9.997151359239421220e-01
9.977227190898199094e-01
9.974808213891928066e-01
9.998153744621147698e-01
9.986541038140821502e-01
9.990214939688157880e-01
9.963251839672181420e-01
1.000153482878141764e+00
9.972798713882670141e-01
9.986293161249099049e-01
9.969874940542079456e-01
1.003786085328784106e+00
9.976450638210008215e-01
9.989446363108405169e-01
9.993584197588532003e-01
9.967186293473957459e-01
9.962070281729066279e-01
9.993044551263953190e-01
9.982042557250205839e-01
9.961808965917839931e-01
9.970658935351491836e-01
9.954689740455842095e-01
9.998788943417777908e-01
9.968586965314392145e-01
9.974234077558953304e-01
9.970684636806275147e-01
9.951860136525477740e-01
9.992162052430560992e-01
9.971266240601091013e-01
9.964093687978634595e-01
9.997515049608994842e-01
9.978244870170898118e-01
9.989437902804864100e-01
9.965632224044583820e-01
9.989431539189219666e-01
9.998557335569786542e-01
9.966195783231346361e-01
9.998031138435088394e-01
9.986382249257799160e-01
9.997209717442566701e-01
9.986836866081946207e-01
1.001181355976978660e+00
9.985942833810268482e-01
9.994335722320127902e-01
9.970441851137690215e-01
1.000167712606770509e+00
9.993977202775704560e-01
9.977718280186286259e-01
1.000632056796104896e+00
1.000794756559516996e+00
9.993226289190026979e-01
9.988045985682825201e-01
9.974659009117832209e-01
1.000705502866810592e+00
9.996086968258659500e-01
9.989400236204161176e-01
9.976342485877648381e-01
9.979448494241532908e-01
1.000610574580028223e+00
9.997085569312769149e-01
9.998633581047848828e-01
9.987546735186750846e-01
9.962303591226816524e-01
9.977773203267245039e-01
9.972542356829475763e-01
9.982595172723118804e-01
9.982706303240511669e-01
9.893986526873588261e-01
9.770382804705048940e-01
9.682820849209478054e-01
9.544951528899690008e-01
9.432585167896564426e-01
9.347938705444345242e-01
9.229961981791999781e-01
9.106499469465493268e-01
8.999511751980381336e-01
8.899995029349173636e-01
8.801744493959381410e-01
8.697353854877474255e-01
8.601284461453954089e-01
8.513879553126285638e-01
8.390924162782685825e-01
8.290193298280974510e-01
8.195742423294397616e-01
