0.000000000000000000e+00
0.000000000000000000e+00
0.000000000000000000e+00
0.000000000000000000e+00
0.000000000000000000e+00
0.000000000000000000e+00
0.000000000000000000e+00
0.000000000000000000e+00
0.000000000000000000e+00
0.000000000000000000e+00
0.000000000000000000e+00
0.000000000000000000e+00
0.000000000000000000e+00
0.000000000000000000e+00
0.000000000000000000e+00
0.000000000000000000e+00
0.000000000000000000e+00
0.000000000000000000e+00
0.000000000000000000e+00
0.000000000000000000e+00
1.561980826350088187e-05
3.513290159838443338e-02
1.035853292380929380e+00
3.353244375151829715e+00
3.314515247761578021e+00
1.839444359246777072e+00
8.322855966338316147e-01
3.795475934442763544e-01
1.955190495390497218e-01
2.247944597418464197e-01
8.395004856141881078e-01
1.744619288266551438e+00
1.916534863981168568e+00
1.470428245158363234e+00
9.876915612787284804e-01
6.979079548602572514e-01
5.838653183069276720e-01
5.782222553856602998e-01
6.296305547342320175e-01
7.163478450186741009e-01
8.185147028835013661e-01
9.191368009943797768e-01
1.016698185388217546e+00
1.093331833452101165e+00
1.157804718464424010e+00
1.205677309635229566e+00
1.230624718025853381e+00
1.228162690548444402e+00
1.207486488953701365e+00
1.170117684934067093e+00
1.130976440168735664e+00
1.086264927390555579e+00
1.046388757128708713e+00
1.009413506957001383e+00
9.793781465774998862e-01
9.574954060795430877e-01
9.405059542187877986e-01
9.279215071790130054e-01
9.219732872863390938e-01
9.202368933682937291e-01
9.196029415754178871e-01
9.254996304117394379e-01
9.366875090200972309e-01
9.519974814664317053e-01
9.650123952928759685e-01
9.743799765029629301e-01
9.858057971574613054e-01
9.944214284775058088e-01
1.001220572152497157e+00
1.010888037205096790e+00
1.014254233019964646e+00
1.018924526529801478e+00
1.020674709844691108e+00
1.019509083537558869e+00
1.019874885605767112e+00
1.017400078518032158e+00
1.017689449411522062e+00
1.013445189454737827e+00
1.008556005564789748e+00
1.006790060750279769e+00
1.003689643493986150e+00
1.003795034509015638e+00
1.002963769260512006e+00
1.001046077438637161e+00
9.996144475331242285e-01
9.986060078127326767e-01
9.979576232394931079e-01
9.959502015766047434e-01
9.959215960198473105e-01
9.946472835533910484e-01
9.961573894398769724e-01
9.948501147035372361e-01
9.943798599836021213e-01
9.953226879410124184e-01
9.952657227943593199e-01
9.949583124295330316e-01
9.946782576771897588e-01
9.960070420314767192e-01
9.960133355447544634e-01
9.961006776212505409e-01
9.979712303582173316e-01
9.988498259334626095e-01
1.001005988979031258e+00
1.001340278510821857e+00
1.002044854279730668e+00
1.002789481636080060e+00
1.002396473608346161e+00
1.001827429008205650e+00
1.001867452260367219e+00
1.002053766065713614e+00
1.001316481049173701e+00
1.001148812258895182e+00
1.001120386665116602e+00
1.001896186906829023e+00
9.995155843621293945e-01
9.988642179197669835e-01
1.001030927231316037e+00
9.991104638544817673e-01
9.980143550849869261e-01
9.998042137795566386e-01
9.998560242703662393e-01
9.997560059808086041e-01
9.988228925409842196e-01
9.985816915185576903e-01
9.997818927631957342e-01
9.984232224340032769e-01
9.985455773969652560e-01
9.994374724114494235e-01
1.000382356927742133e+00
9.980998578943521826e-01
1.000575841666589083e+00
1.000054016294157133e+00
9.996242502859452594e-01
1.001004809224817382e+00
9.990485114388241161e-01
1.000221500282110432e+00
1.000711759229201858e+00
1.001295221235533051e+00
9.998651488331601334e-01
1.001844330858566501e+00
1.001234134173011991e+00
1.000231833895531608e+00
1.000878070548484100e+00
1.000033762637252410e+00
9.997803373059945820e-01
9.995541275978975237e-01
1.000357169933058454e+00
9.991813487737126742e-01
1.000313279057294391e+00
9.985842908252501315e-01
9.989119745864811772e-01
9.984314697094062163e-01
9.979558225946069117e-01
9.984577159896343979e-01
9.987692508209899955e-01
9.990420743767740586e-01
9.996016797596087855e-01
1.000312715136898900e+00
1.001639487226666292e+00
1.000144399994245648e+00
1.000724873630931766e+00
1.002187988430741417e+00
1.001063999414857797e+00
1.001159507906659085e+00
1.001538769707359222e+00
1.001786650680928537e+00
1.001158216768557763e+00
9.999961818707978622e-01
1.000298599894284601e+00
9.995626672548031388e-01
9.992211831707613623e-01
9.992094198944262429e-01
9.991451101561453774e-01
9.979938424296271871e-01
9.983686240537597012e-01
9.983006704854153757e-01
9.985490950784750019e-01
9.986820953145285618e-01
9.987234810848988342e-01
9.997546303987803196e-01
1.000572712182501434e+00
1.000000101383824225e+00
1.000188532124502538e+00
1.001129278700721326e+00
1.001056055434620617e+00
1.001505109374977387e+00
1.001040972822923036e+00
1.001340242022742411e+00
1.001563897859805374e+00
1.001252263886815319e+00
1.000534286690467400e+00
1.000721056399275000e+00
9.997395869511146449e-01
9.999276278336770574e-01
1.000419772032137722e+00
1.000317027160425365e+00
9.991961889708755873e-01
9.992535545358927074e-01
9.990314357762642983e-01
9.995810956443661466e-01
9.991065253336107732e-01
9.998094162349712155e-01
1.000240143750227295e+00
9.994571125899975872e-01
9.995894524112470814e-01
1.000750069468557824e+00
1.000433807523326113e+00
9.997337414152790425e-01
1.000555877435391094e+00
9.995957724759334528e-01
1.000641174829973279e+00
1.000658151368564841e+00
9.998753060834825179e-01
1.000023768130811952e+00
1.000076346560777152e+00
1.000302037078512729e+00
1.000462265434526987e+00
1.000158264078381043e+00
1.000801034850838045e+00
1.000281228953165291e+00
1.000598218857570609e+00
1.000698903637372572e+00
1.000440795631278190e+00
9.996258246010657489e-01
1.000436782806157554e+00
9.999615424428663912e-01
1.000073036435505491e+00
9.994089380490338570e-01
1.000211247374443113e+00
9.999889849958535359e-01
1.000439268857648223e+00
1.000760552446642082e+00
9.999827503714655563e-01
1.000365493689702401e+00
1.000055012736285498e+00
1.000217081015838172e+00
1.000258603542895086e+00
1.000360223799216630e+00
1.000135954875241540e+00
1.000339532840847534e+00
1.000074033724347666e+00
9.997030826213434418e-01
1.000317194646346941e+00
1.000605706617832436e+00
1.000037607066402545e+00
9.998101451186677258e-01
1.000165568168911667e+00
1.000163108037284143e+00
1.000220580635977852e+00
1.000611612889716007e+00
1.000187870611617846e+00
1.000547705697405476e+00
1.000283190500991015e+00
1.000064036035798631e+00
9.997321831715320073e-01
1.000431610952875250e+00
1.000431835810632553e+00
1.000569914820544026e+00
1.000203122614745643e+00
1.000348493752765355e+00
9.999449301481500019e-01
1.000202932004022216e+00
1.000588250735295004e+00
1.000057053280511088e+00
9.999426875310066798e-01
9.999848752101171412e-01
9.995399393365856922e-01
1.000077199966798558e+00
1.000368094801168173e+00
1.000217554846301260e+00
1.000089719070701211e+00
9.998927135204243033e-01
1.000142302306342268e+00
9.982434071556084421e-01
9.899836321648773918e-01
9.791453010516730782e-01
9.679449028623799967e-01
9.576926688743400140e-01
9.469767783798581640e-01
9.370385228969531077e-01
