0.000000000000000000e+00
0.000000000000000000e+00
0.000000000000000000e+00
0.000000000000000000e+00
0.000000000000000000e+00
0.000000000000000000e+00
0.000000000000000000e+00
0.000000000000000000e+00
0.000000000000000000e+00
0.000000000000000000e+00
0.000000000000000000e+00
0.000000000000000000e+00
0.000000000000000000e+00
0.000000000000000000e+00
0.000000000000000000e+00
0.000000000000000000e+00
0.000000000000000000e+00
0.000000000000000000e+00
0.000000000000000000e+00
0.000000000000000000e+00
0.000000000000000000e+00
0.000000000000000000e+00
0.000000000000000000e+00
0.000000000000000000e+00
1.052645107666762064e-03
2.055616608330712858e-01
2.382589010644498906e+00
4.842114692203087323e+00
3.699478409635863052e+00
1.882348220609827427e+00
8.885334460781376675e-01
5.377078491396458659e-01
4.822336070913060269e-01
5.239503862370238352e-01
6.146276632084550773e-01
7.684265753722802073e-01
9.645293006693541615e-01
1.061368164849564533e+00
1.036095573509459467e+00
9.280434177528291695e-01
8.480046642677134816e-01
8.157032818497009785e-01
8.809750765446011656e-01
1.008882500273597715e+00
1.119571903795965051e+00
1.183895104535986009e+00
1.209987102391912872e+00
1.191914117041501520e+00
1.142636480618612893e+00
1.073046434982673158e+00
1.014167258650783721e+00
9.983849908099000636e-01
9.950214126085417110e-01
1.020512513134102850e+00
1.084385942869850128e+00
1.113921881304154482e+00
1.075164910301659615e+00
1.010571343195520555e+00
9.446083776178024749e-01
9.121183237754519890e-01
8.964194965620051470e-01
8.865519757982631699e-01
8.899261263371132102e-01
8.918660999017833380e-01
8.875006463675420010e-01
8.823546444426300095e-01
8.953922902386752813e-01
9.179047976675220877e-01
9.539856395519341614e-01
9.696063589121898252e-01
9.897077300111780662e-01
1.011830390457653550e+00
1.026068978897072270e+00
1.035345732595376989e+00
1.011195248945470082e+00
9.838910102929470103e-01
9.604277505729615916e-01
9.448605557282964140e-01
9.407984449378352654e-01
9.608640545655251497e-01
9.762531266257764573e-01
1.008116265565211167e+00
1.033599166868365060e+00
1.037870469763665149e+00
1.019943999492884501e+00
9.865672474268054604e-01
9.451543780685627283e-01
9.285517735954196272e-01
9.320086558619191663e-01
9.462466363207424624e-01
9.595821098478513056e-01
9.837630227639334590e-01
1.009640600129363852e+00
1.020556444045322309e+00
1.021362219298739049e+00
1.018887107723677410e+00
9.974973926421640824e-01
9.900009980264605769e-01
9.929283311235114207e-01
1.002646918564257472e+00
9.957557270834639374e-01
9.908695249297770902e-01
9.744787919757595951e-01
9.644808845214970505e-01
9.653751670434687071e-01
9.723387473184532670e-01
9.805634989251905687e-01
9.903237277119674165e-01
1.009060551679125339e+00
1.026816712999454762e+00
1.034771902170590119e+00
1.045253677144279303e+00
1.032673141502727931e+00
1.022217977126613553e+00
1.009650870898954222e+00
9.970537887942090283e-01
9.821184847660895390e-01
9.785842930952380891e-01
9.914671450267467101e-01
1.028339542383537530e+00
1.053451031834725882e+00
1.059001998794301569e+00
1.052130760008812338e+00
1.050061810870312806e+00
1.050806813134635975e+00
1.045653705307360681e+00
1.041034169624231565e+00
1.029146895734926348e+00
1.015536399911339371e+00
9.975048578527699883e-01
9.958233603050337113e-01
9.883432980562174563e-01
9.903694138323357876e-01
9.942967994693641121e-01
1.010253233980444199e+00
1.020566260919958390e+00
1.029131593839218706e+00
1.020281964407630637e+00
1.017425713950194766e+00
1.012155008391749211e+00
1.006773590561863552e+00
9.970412408017202965e-01
9.870745693329070480e-01
9.813219889862951906e-01
9.860776401902463517e-01
1.001277657918300701e+00
1.011841990267521529e+00
1.022625526355788184e+00
1.026205007659105162e+00
1.018100208171481169e+00
1.008392243134160760e+00
9.959200599477837645e-01
9.883856335888302480e-01
9.852194085495453724e-01
9.843817711280085092e-01
9.923436757660443197e-01
1.003878494641874397e+00
1.016321980273058090e+00
1.031711185923776863e+00
1.039922192744479501e+00
1.042690809501385596e+00
1.038111030737560059e+00
1.021287906888569852e+00
1.006952919962794235e+00
9.933209289288064126e-01
9.873225964818457268e-01
9.870619324007825490e-01
9.897000092862026088e-01
9.947313139533722204e-01
9.964419820737221434e-01
1.001148815066480235e+00
1.008022301299489554e+00
1.018351314227176729e+00
1.022757420994507171e+00
1.020736050763062064e+00
1.014491903607235068e+00
1.005916746067030632e+00
1.001215167711259735e+00
1.002144918720752287e+00
1.006158471526757525e+00
1.001751932193348349e+00
1.001883962932980765e+00
1.000943908347341704e+00
9.965508437151153753e-01
1.000642438131201573e+00
1.004571425270487817e+00
1.008286159874673515e+00
1.015083883137854359e+00
1.017005183297535309e+00
1.015745110648963445e+00
1.005333924998550454e+00
9.973009042246315792e-01
9.918559590506980106e-01
9.910177633121585172e-01
9.904404498716729011e-01
9.948569350851423909e-01
9.964424330289773923e-01
9.982232519885114730e-01
1.002622302283590283e+00
1.007854637609625348e+00
1.006152051251606228e+00
1.002272956813536453e+00
9.923606003084183280e-01
9.835070024631560326e-01
9.792720952143748603e-01
9.829983594582814010e-01
9.910458026584550995e-01
9.979615049262846593e-01
1.001750978377781598e+00
1.004722524877165624e+00
1.004741492789855917e+00
9.985031120964260598e-01
9.910689767952651774e-01
9.771107180868549014e-01
9.683285396579973670e-01
9.646249996271070160e-01
9.680890250563122246e-01
9.753080782161609452e-01
9.800696339454569861e-01
9.868980961877724667e-01
9.947725918154400881e-01
9.976524239205422084e-01
1.000317406344406690e+00
1.002113955359140496e+00
1.003385210098004743e+00
1.003159749662416278e+00
9.899944464719885318e-01
9.743740261478242015e-01
9.599963970677886094e-01
9.460226902162830465e-01
9.354813606195930831e-01
9.239480497114322954e-01
9.110636901065463089e-01
8.997596962354431627e-01
8.866164455942414646e-01
8.752100462196792385e-01
8.612189788325215201e-01
8.472446207998670653e-01
8.357422322083365440e-01
8.240384473329713799e-01
8.129648496311860928e-01
8.028567023193300400e-01
7.947082676406013180e-01
7.880557480111877178e-01
7.745737402593604326e-01
7.606013650816636495e-01
7.442571455267380509e-01
7.353928035724069945e-01
7.246251885014323157e-01
7.102335388378769876e-01
6.946254303317260792e-01
6.792743998598045341e-01
6.645047100578671539e-01
6.540605437785683707e-01
6.460924012177751141e-01
6.415077279214894679e-01
6.370184299606826972e-01
6.291674349985925119e-01
6.187122065142077743e-01
6.058918420147325623e-01
5.946355666619769220e-01
5.845844029649729379e-01
5.729355352819716085e-01
5.645764122129198759e-01
5.568977940678871974e-01
5.477595492409892408e-01
5.388517234697873803e-01
5.275261438449100337e-01
5.185621777731833637e-01
5.071181256704733187e-01
4.956074053041892302e-01
4.849902599196097008e-01
4.738236788281752210e-01
4.640636091198413471e-01
4.555544526187666476e-01
4.491591438232424016e-01
4.432447827810345187e-01
4.359707342078045222e-01
4.270719052676894001e-01
4.167961988959502095e-01
