0.000000000000000000e+00
0.000000000000000000e+00
0.000000000000000000e+00
0.000000000000000000e+00
0.000000000000000000e+00
0.000000000000000000e+00
0.000000000000000000e+00
0.000000000000000000e+00
0.000000000000000000e+00
0.000000000000000000e+00
0.000000000000000000e+00
0.000000000000000000e+00
0.000000000000000000e+00
0.000000000000000000e+00
0.000000000000000000e+00
0.000000000000000000e+00
0.000000000000000000e+00
0.000000000000000000e+00
0.000000000000000000e+00
0.000000000000000000e+00
0.000000000000000000e+00
0.000000000000000000e+00
0.000000000000000000e+00
0.000000000000000000e+00
0.000000000000000000e+00
0.000000000000000000e+00
2.734498910894140114e-02
4.031728804101035180e-01
1.510684414732920811e+00
1.930377142882238051e+00
1.486960938581287417e+00
8.387251017910611894e-01
4.862515474195370779e-01
3.464294194924278369e-01
2.767541091797269259e-01
2.602944996085465035e-01
2.765285113293500241e-01
2.700601235369186615e-01
2.629564744232553153e-01
2.486810908711030443e-01
2.407342594334720143e-01
2.734207837853512846e-01
3.237396422353281955e-01
4.116560034741774121e-01
5.412084711144933280e-01
7.034939816035316040e-01
8.671485123444661047e-01
1.034522463206819065e+00
1.157173136254599832e+00
1.277886283992287542e+00
1.385459195286311340e+00
1.464658032020955902e+00
1.520593368553392111e+00
1.520423747823292926e+00
1.484538929269016760e+00
1.374903152485300151e+00
1.267978607702983762e+00
1.156452643799583457e+00
1.054609163827458174e+00
9.844749621508572801e-01
9.346390774800086287e-01
9.165644163875242834e-01
8.910817028662721961e-01
8.883640325973621854e-01
8.770476382274422500e-01
9.000327718246824427e-01
9.025485002946322943e-01
9.154029679508681738e-01
9.356475461151990691e-01
9.395072890144767763e-01
9.752621266587064852e-01
9.863532090621793813e-01
9.861380988982992868e-01
1.008785786746889457e+00
1.027328134463143527e+00
1.030720282276836208e+00
1.033417710380896137e+00
1.030282674038538238e+00
1.023059362911497017e+00
1.014909970230903014e+00
1.010173774404314218e+00
9.925289677421981205e-01
9.916479040537012901e-01
9.953866258324504113e-01
9.814905627087595619e-01
9.827930729580204305e-01
9.730348974609115409e-01
9.771574531234861194e-01
9.824726288701243204e-01
9.736072369629970025e-01
9.826695775863808491e-01
9.824212909449667741e-01
9.954672221473856997e-01
1.004594969638921809e+00
9.992684340783153374e-01
9.963930972687727872e-01
1.005480153369234575e+00
9.991027135959964500e-01
1.012974157393551122e+00
1.007462279462196353e+00
1.011649986502567211e+00
9.984150364726973592e-01
1.009003984214927652e+00
1.005150644255405901e+00
9.971318018149083473e-01
1.001137304536846573e+00
9.930336772861815264e-01
9.962322425346574750e-01
9.897891891284054111e-01
9.953128280557873575e-01
9.925788372893904477e-01
9.944167283067701923e-01
9.903964854960953801e-01
9.894966894379553235e-01
9.973412294185277638e-01
9.984207534286669850e-01
1.010116859457364402e+00
9.967013827690274219e-01
1.008671595556620559e+00
1.004760639011824219e+00
1.007183349343285572e+00
1.002195363594150290e+00
1.005802260837374451e+00
9.977132156810056829e-01
1.007883456235599162e+00
1.004676462883270061e+00
9.981379556149275745e-01
1.003409822271911001e+00
9.989145994740075141e-01
1.007444163757259314e+00
1.005975911553786517e+00
9.979305426490383546e-01
9.995118156419450228e-01
9.986687474203533865e-01
9.992567749962224521e-01
9.989929118795721763e-01
9.981877416943966130e-01
1.001498233544513061e+00
9.997464298884382039e-01
1.001476443594308874e+00
1.000355806383885993e+00
1.000811032129141243e+00
9.946889600260653275e-01
9.962626701635681759e-01
1.001996253273693238e+00
9.987493449363317177e-01
9.986110826538930896e-01
9.980244407113448846e-01
9.976206941585908927e-01
1.002565928825333463e+00
9.970307139938566765e-01
1.000612867516497140e+00
1.000847217225624863e+00
9.999342635262979950e-01
1.001161258750716154e+00
9.970060833475573592e-01
9.960595663355490403e-01
1.000420793650358853e+00
9.966440701607037767e-01
9.966037691898661510e-01
1.000907064250355472e+00
9.954102687137726946e-01
9.971268004396874884e-01
1.000024565358699657e+00
9.960577587047368953e-01
9.932296655051058298e-01
9.953246253120089371e-01
9.951056251226555460e-01
9.942902189453221018e-01
9.975242064024737454e-01
9.963266604887933697e-01
1.000672672127526308e+00
9.975672210635758708e-01
9.957231441199336786e-01
9.974468755601294534e-01
9.978133286563777293e-01
9.969122158056724636e-01
9.946617917889364335e-01
9.955235839046445712e-01
9.943946546157564903e-01
9.990882231802865610e-01
1.001893068967194544e+00
1.000228382713198805e+00
9.948446870725672353e-01
9.951029806167690506e-01
9.929401000190144488e-01
9.966765949996486684e-01
1.000734197419096638e+00
9.964319891803099516e-01
9.983586203641019452e-01
9.913769813116638518e-01
9.984285181463179448e-01
9.978130418556456771e-01
9.985753327182513850e-01
1.000336376480956524e+00
9.961947116167788607e-01
9.983534257404622636e-01
9.975386316151733102e-01
9.975101883756444243e-01
9.983628018601768961e-01
9.936011900727445001e-01
9.988516792712209824e-01
9.998832560561907723e-01
9.993036617747422801e-01
1.000885318758151232e+00
1.000472386315708118e+00
9.988991330983797434e-01
9.965267977246468067e-01
1.000154031694941770e+00
9.981479674889141007e-01
1.000738846293625750e+00
1.001641528806954451e+00
9.998876966759193685e-01
9.973187272258601244e-01
9.976759774781993606e-01
9.946668393973057132e-01
9.992423589217580560e-01
9.924819278317144056e-01
9.963770624548335952e-01
9.978213787410983304e-01
9.961312293603029611e-01
9.965518602524556790e-01
9.975739029743071473e-01
9.975334586748736410e-01
9.986906318608183009e-01
9.961191713082155896e-01
9.971181036959819721e-01
9.952704097012052831e-01
9.982473874206342357e-01
9.975814963136921953e-01
9.956723460353787969e-01
9.979275498540410849e-01
9.957676713281723435e-01
9.954591983240960174e-01
9.960891028679728088e-01
9.960823285279158945e-01
9.970701507924465412e-01
9.992498517508198175e-01
9.954804618820357609e-01
1.000106098164263990e+00
9.964991147549203676e-01
9.977157644596426067e-01
9.975788191483924150e-01
1.000586752210551156e+00
1.001073214182881976e+00
9.991904481710857100e-01
9.982502136884434663e-01
9.958048841338238422e-01
9.992946461117721002e-01
1.000061590061510852e+00
1.002239803253579975e+00
9.965968659001563923e-01
9.984225686905595643e-01
9.951109714426493724e-01
9.921291073241513825e-01
9.978631815167974262e-01
9.978154342564427015e-01
1.000475178294613743e+00
9.996766678461623812e-01
9.999636859474232420e-01
1.000081112250009507e+00
9.982244640228695731e-01
9.970495961795836637e-01
9.997729311395254781e-01
9.994405839362450195e-01
9.972221798191793773e-01
9.983145154550517875e-01
1.003076373173784175e+00
1.002281274344623441e+00
1.002519939815841088e+00
1.000247576901583724e+00
9.993001011315072457e-01
9.969170740467266922e-01
9.821658491439972938e-01
9.769370576397737871e-01
9.620215542078668358e-01
9.536708766378050317e-01
9.412366620962320241e-01
9.322003352055233671e-01
9.219670392861630814e-01
