0.000000000000000000e+00
0.000000000000000000e+00
0.000000000000000000e+00
0.000000000000000000e+00
0.000000000000000000e+00
0.000000000000000000e+00
0.000000000000000000e+00
0.000000000000000000e+00
0.000000000000000000e+00
0.000000000000000000e+00
0.000000000000000000e+00
0.000000000000000000e+00
0.000000000000000000e+00
0.000000000000000000e+00
0.000000000000000000e+00
0.000000000000000000e+00
0.000000000000000000e+00
0.000000000000000000e+00
0.000000000000000000e+00
0.000000000000000000e+00
0.000000000000000000e+00
0.000000000000000000e+00
0.000000000000000000e+00
0.000000000000000000e+00
0.000000000000000000e+00
0.000000000000000000e+00
2.316679882048946343e-02
4.587660179004875438e-01
1.588140174816517369e+00
2.126265991811478795e+00
1.599737898112019607e+00
9.099081803814634828e-01
5.016216553632402153e-01
3.414728001380439304e-01
2.799700286279067085e-01
2.728194833753715964e-01
2.674928642827128500e-01
2.779509092797466940e-01
2.728252545286338204e-01
2.471258575187439965e-01
2.624408533676374500e-01
2.779455137451811164e-01
3.289419448812894720e-01
4.221445525120240960e-01
5.530591597622133149e-01
7.017263012680002854e-01
8.702310286127203920e-01
1.043882775398797369e+00
1.153369448413067655e+00
1.275967186065148029e+00
1.356915457324353369e+00
1.477830144360052556e+00
1.498951801748904966e+00
1.532954633024599111e+00
1.479856974942995729e+00
1.379916698400901698e+00
1.266534255001199538e+00
1.169029355038408990e+00
1.075790292797391690e+00
9.919268167134379643e-01
9.249173294201478157e-01
9.210501604209397897e-01
8.799696354365453832e-01
8.811073892263578955e-01
8.966890691046546236e-01
9.034679411494523915e-01
9.065109485325683059e-01
9.171100203577936538e-01
9.328496085366322355e-01
9.461737741712392680e-01
9.691787447330375560e-01
9.843236539529780504e-01
9.972630319889390638e-01
1.020206124232942324e+00
1.019915571899693729e+00
1.030321523956921004e+00
1.042317144389832917e+00
1.032923255032861753e+00
1.030347137338661456e+00
1.032008305128397030e+00
1.021229716745427174e+00
1.022707376237827370e+00
9.922470901180395764e-01
9.878264964984366792e-01
9.881405222613142136e-01
9.856221677701186845e-01
9.704058741882568562e-01
9.740075149014437716e-01
9.720435630707872088e-01
9.726401684177363727e-01
9.828343206767181650e-01
9.795686087047931201e-01
9.823308490063403786e-01
9.961650273142211853e-01
1.001294208882937076e+00
1.004701583425087419e+00
1.001206545236088763e+00
9.978077526706751188e-01
9.992496673454206446e-01
1.000907554573667646e+00
9.977408857296603539e-01
1.001506432911543731e+00
9.963155258019764648e-01
1.001165589557664548e+00
9.942314133730146830e-01
9.946177692789199831e-01
9.884713666447018099e-01
9.932878905030014804e-01
9.890173893870729538e-01
9.840988695874822723e-01
9.879775433714249600e-01
9.811209209084909011e-01
9.880896213704445374e-01
9.972484275035095047e-01
9.906713085493614734e-01
9.892852728271577245e-01
9.891583401385557472e-01
9.897017351139698604e-01
9.915238843979328198e-01
9.936957881308271512e-01
9.988724789767380319e-01
9.887790137892666920e-01
9.914084694762699268e-01
9.998385210843471205e-01
9.915688130902758912e-01
9.933792902311828765e-01
9.950945699617761431e-01
9.925098812699377770e-01
9.872611036752796387e-01
9.883209382242020835e-01
9.879662750956558215e-01
9.879615102793406489e-01
9.863927613837818464e-01
9.885987420290148764e-01
9.898175802856051808e-01
9.854796258759082050e-01
9.884006413392559809e-01
9.860831903516252828e-01
9.900654661782051225e-01
9.913847581560176758e-01
9.877300990898451039e-01
9.917846888717509746e-01
9.906954746680314283e-01
9.860750004004352753e-01
9.959359136813937807e-01
9.927660507049804739e-01
9.993811296998459381e-01
9.990584451401276489e-01
9.985382225764217745e-01
9.990914685114660188e-01
9.960193890855155718e-01
9.984841482351715092e-01
9.954293693273135180e-01
9.984010371034821585e-01
9.992498391728831253e-01
9.952353928122325000e-01
9.971244853767388117e-01
9.992490314904287629e-01
9.920720206802743357e-01
9.942041100095355688e-01
9.910847336448984635e-01
9.928890994768975187e-01
9.985384032410716815e-01
9.935844730912593015e-01
9.957835210923223768e-01
9.997107059171943533e-01
9.930276254248090462e-01
9.975838969440499193e-01
9.934836936387156925e-01
9.946166509061826755e-01
9.969697261168340985e-01
1.000213530335891665e+00
9.955612811870806489e-01
9.944466030673722035e-01
9.949851618038380030e-01
9.946767820383732861e-01
9.969733267478317895e-01
9.967471903215107121e-01
9.933011274280207914e-01
9.925833110840874829e-01
9.981923220497068705e-01
9.941797959394280682e-01
9.989001103192757247e-01
1.000728331198627252e+00
9.980988681943406826e-01
9.986068067577569263e-01
1.002445009173358992e+00
9.965762155307490433e-01
9.986480442633010046e-01
1.002100136884164439e+00
9.945024146356252759e-01
1.001558921621107601e+00
9.985493583235156567e-01
1.001318004376968052e+00
1.001101099377850634e+00
9.983794099463738636e-01
9.959099006699148049e-01
9.979019061562059978e-01
9.971067703390668058e-01
9.962330627943727368e-01
9.966486466427110225e-01
9.975138836059460612e-01
1.001081416035897620e+00
9.997639781840448325e-01
9.989493738436276971e-01
9.966038673718570218e-01
1.002908699657349745e+00
9.938891774387639266e-01
9.942449050816062339e-01
9.990775461894130238e-01
9.977613281067511108e-01
9.985025213494259644e-01
1.000218816294646818e+00
9.971543030485962023e-01
1.000553949333068848e+00
9.988962290749595629e-01
9.993258849157923285e-01
9.999582056954646747e-01
9.985415583604261291e-01
9.979432536296781731e-01
9.943270406137113548e-01
1.001207795535558720e+00
9.958634868703697407e-01
9.974618815263310845e-01
1.004616611539846049e+00
9.975304514533910316e-01
1.001695392845358912e+00
9.994006480582245944e-01
9.994091561496781795e-01
9.970570989949131269e-01
9.997150442578671692e-01
1.002293612090474406e+00
9.973892905203850523e-01
9.985544643251179631e-01
9.972073284000951832e-01
9.985969878830013302e-01
9.985676575269635258e-01
1.000227205493161797e+00
9.996182330991593146e-01
1.001100021171717147e+00
9.988351736134968295e-01
9.967717431349569779e-01
9.980218578467604518e-01
9.993996991967103449e-01
9.975998214802900277e-01
1.002210128377057252e+00
1.000112050133505681e+00
9.971158272184831306e-01
9.987955380262656391e-01
9.995030924447071419e-01
9.997114288416553141e-01
9.969870688822528582e-01
9.985759773662549188e-01
9.996787109780773672e-01
9.974555043116616337e-01
1.000575662153926793e+00
1.002562162696508441e+00
9.992813081822707888e-01
9.990955904482422545e-01
1.000888793853496050e+00
9.997305070901041368e-01
1.000286404174810295e+00
9.982955984139886274e-01
9.975089031748988200e-01
1.000202529922612715e+00
9.970011453007588953e-01
9.974878251287745412e-01
9.980927911035913924e-01
9.984109218700542021e-01
9.982758014438244398e-01
9.980189361470737097e-01
9.983185216128277473e-01
9.932303538094560125e-01
9.857184602660847839e-01
9.760988921348617842e-01
9.643586580939912389e-01
9.506726545186977573e-01
9.421887995921736092e-01
9.312771530722633306e-01
9.203140800441490521e-01
