0.000000000000000000e+00
0.000000000000000000e+00
0.000000000000000000e+00
0.000000000000000000e+00
0.000000000000000000e+00
0.000000000000000000e+00
0.000000000000000000e+00
0.000000000000000000e+00
0.000000000000000000e+00
0.000000000000000000e+00
0.000000000000000000e+00
0.000000000000000000e+00
0.000000000000000000e+00
0.000000000000000000e+00
0.000000000000000000e+00
0.000000000000000000e+00
0.000000000000000000e+00
0.000000000000000000e+00
0.000000000000000000e+00
0.000000000000000000e+00
1.679173665798171456e-05
3.273098093780293233e-02
1.014878690251264537e+00
3.389510909943379779e+00
3.425523228848573520e+00
1.928984925923556082e+00
8.842589889243718249e-01
4.127464300284011123e-01
2.117698653793399222e-01
1.270219505080321387e-01
1.859491408023186687e-01
6.811222608150162561e-01
1.454798167392253871e+00
1.725375513299481467e+00
1.476549815620781247e+00
1.090908981954356927e+00
8.237347655214370956e-01
7.052037146532458278e-01
6.870126844123616294e-01
7.328570050256165702e-01
8.140324917428263252e-01
9.041833146525550813e-01
9.875919917115062452e-01
1.062374252993018908e+00
1.124409115190109221e+00
1.170979688054198720e+00
1.199892409541048810e+00
1.207258726049757591e+00
1.196717023994893658e+00
1.169288952458847008e+00
1.133572408107831109e+00
1.093781661850809828e+00
1.059663892427066045e+00
1.028721752568924064e+00
1.005301864568753922e+00
9.843394327354106910e-01
9.648238760304175266e-01
9.528364230106797228e-01
9.408399631296020527e-01
9.336643564589566235e-01
9.315878726629046591e-01
9.342479035030675227e-01
9.362476403573508632e-01
9.430869625358331287e-01
9.527656632594931896e-01
9.650259432572820817e-01
9.738794309197040810e-01
9.844421404032296374e-01
9.892979561257915222e-01
9.980218347555357417e-01
1.006370237545123558e+00
1.010709744963004697e+00
1.013730320717786126e+00
1.015650357163684570e+00
1.016281220363518312e+00
1.017593573512062477e+00
1.015965008225905741e+00
1.014753279512299322e+00
1.013536601126462822e+00
1.011443209155567846e+00
1.009140385400580264e+00
1.008045847798890948e+00
1.003964677540568173e+00
1.002372085379549027e+00
1.003107706418753020e+00
1.000691482359547191e+00
9.989832283356477882e-01
1.000378596895309835e+00
9.989707842657054027e-01
9.990269997784169131e-01
9.992685486875471090e-01
9.957008313692737866e-01
9.962327568773933217e-01
9.937644241828170744e-01
9.943019658850280607e-01
9.946092485635927849e-01
9.956756282268540703e-01
9.949649496690587958e-01
9.956839868184922393e-01
9.966131376537576969e-01
9.980679300868494641e-01
9.978992603713766618e-01
1.000062356339876724e+00
1.001853165366593190e+00
1.002482568125536266e+00
1.001899924807683195e+00
1.002512022635104749e+00
1.002457772840673833e+00
1.003380941163179996e+00
1.002044815682253232e+00
1.002424313852685156e+00
1.003178615340015956e+00
1.000478158561754150e+00
1.001171166040257132e+00
1.000699009532947992e+00
1.000290913570777818e+00
1.000615170633062601e+00
1.000476287476334436e+00
9.994702393720423794e-01
9.993273343405627562e-01
9.992230766753624760e-01
9.985924016571151585e-01
9.991138152544908335e-01
1.000211681497448657e+00
9.980714120715069582e-01
9.988427021591743671e-01
9.997468022472083549e-01
1.000104662090835594e+00
9.995463993126444402e-01
1.000313212266127572e+00
9.992810351687895221e-01
1.000720779049885545e+00
1.000720114697646990e+00
1.000982604212315996e+00
1.000636249235547837e+00
9.999711537515197923e-01
9.996404420797054824e-01
9.997768754981488648e-01
1.000374007388655118e+00
9.999402436175643949e-01
1.000724986566723596e+00
1.001349318076242945e+00
9.993021964754773556e-01
1.000349178977850695e+00
9.997910021912992384e-01
9.984108042440157371e-01
9.994197485328507602e-01
9.994878947873750974e-01
9.997516272337322318e-01
9.999763633364660009e-01
9.991605021472949044e-01
9.993780248718643344e-01
9.992678176297757897e-01
9.993629140884469075e-01
9.998168394508674117e-01
1.001265528227704094e+00
1.000671507296852836e+00
1.001063702585646809e+00
1.000036348922251683e+00
1.001545867747179575e+00
1.001866741047505727e+00
9.997799810877184834e-01
9.990239718508272526e-01
9.998586188249959372e-01
1.000499558623732854e+00
1.001168778248609614e+00
9.999184456755083605e-01
1.000331402752506316e+00
9.997528091885194979e-01
9.996262351743636643e-01
9.998521757597883530e-01
9.987879923825263573e-01
9.998242905169411054e-01
9.988728320032447261e-01
9.996049932990729303e-01
9.992210075718503948e-01
9.994566972041298847e-01
9.993646906693248733e-01
9.996594734806045768e-01
1.001082168081868895e+00
9.992881415967065362e-01
1.000340810672504022e+00
1.000599912418744575e+00
1.000322967123479012e+00
1.000439429269745828e+00
1.000123369842339960e+00
1.000635200753361209e+00
1.000626924649485217e+00
1.000516416808697517e+00
9.993239672806107921e-01
9.996930613383758768e-01
1.000289240170731286e+00
1.000670350547626652e+00
1.000454624897207268e+00
9.999271664850417629e-01
9.995047479957380743e-01
1.000269503868408183e+00
1.000367537625819647e+00
1.000328458706536638e+00
9.998055903616590578e-01
1.000274505224023169e+00
9.999389579418048735e-01
9.992206049279502844e-01
1.000105417976945299e+00
9.997749948555634258e-01
9.991836749410437646e-01
9.997610426908225545e-01
1.000450723565679434e+00
9.996126720426278256e-01
1.000679894028054573e+00
9.999362823429931435e-01
9.997890009129859479e-01
9.997607220182864740e-01
1.000934045801860961e+00
1.000519556843625590e+00
9.992626092454430786e-01
1.000051672160102489e+00
1.000194817883805154e+00
1.000311195933511588e+00
1.000261616796873421e+00
9.996365519784725651e-01
1.000333974368359025e+00
1.000762366448883833e+00
1.000224625145057056e+00
1.000461408225916671e+00
1.000305295971082087e+00
9.998954195166874781e-01
9.998359216662943139e-01
1.000212431385843814e+00
1.000143348182303882e+00
1.000097059041877401e+00
1.000109726585864278e+00
9.999646586719159735e-01
9.998168415840206213e-01
1.000477290125296959e+00
9.998953494045382806e-01
1.000197793798847323e+00
1.000300786675028419e+00
1.000049112188641010e+00
9.997053530568574820e-01
9.997767788315854443e-01
9.999706721022377787e-01
9.997986277280739298e-01
1.000025525000586279e+00
1.000392960659717723e+00
1.000354221248426878e+00
1.000433840094846261e+00
1.000102158831736476e+00
1.000247455474206681e+00
1.000209423940953579e+00
9.999415919247256479e-01
1.000526135656641058e+00
9.997251184689739389e-01
9.999426203029964100e-01
1.000133250583312927e+00
1.000432445082719335e+00
1.000404996206034181e+00
1.000479791402326901e+00
9.999673722132694786e-01
1.000675258322047290e+00
1.000306368578260940e+00
1.000695392505704939e+00
1.000445227018504024e+00
9.998686205044325925e-01
9.995734681998003079e-01
9.997543293984588741e-01
9.998951900682405691e-01
1.000867602406257273e+00
9.995588496470979578e-01
9.995698730602295967e-01
9.998568805029023343e-01
1.000460510352475740e+00
9.968639986993903523e-01
9.860398269262867776e-01
9.759099737524947749e-01
9.639368620865466086e-01
9.538102776622033874e-01
9.427680041889409113e-01
9.325013573671938616e-01
9.221436539762245532e-01
