0.000000000000000000e+00
0.000000000000000000e+00
0.000000000000000000e+00
0.000000000000000000e+00
0.000000000000000000e+00
0.000000000000000000e+00
0.000000000000000000e+00
0.000000000000000000e+00
0.000000000000000000e+00
0.000000000000000000e+00
0.000000000000000000e+00
0.000000000000000000e+00
0.000000000000000000e+00
0.000000000000000000e+00
0.000000000000000000e+00
0.000000000000000000e+00
0.000000000000000000e+00
0.000000000000000000e+00
0.000000000000000000e+00
0.000000000000000000e+00
0.000000000000000000e+00
0.000000000000000000e+00
0.000000000000000000e+00
0.000000000000000000e+00
0.000000000000000000e+00
1.553507438191032157e-04
2.876974857058096219e-02
4.971786597766254534e-01
1.706105471374282923e+00
2.144957528689619863e+00
1.554323600124611682e+00
8.827972222464784968e-01
5.110148741760464075e-01
3.346854831685179277e-01
2.720249818866928293e-01
2.629285659631619976e-01
2.776106909333273531e-01
2.831180222787407774e-01
2.723509888822843172e-01
2.530384509837002582e-01
2.576351446621112928e-01
2.772208317067942906e-01
3.375427076375915880e-01
4.402456187460926373e-01
5.663856963176664427e-01
7.419856423458754957e-01
9.233313966606954137e-01
1.082417013885799140e+00
1.227518112135749018e+00
1.337864459943932438e+00
1.420847466451457652e+00
1.509313870855221174e+00
1.572956133911429077e+00
1.558860951100921710e+00
1.488984439259505743e+00
1.394879871264478099e+00
1.265335328414052718e+00
1.141252375258131835e+00
1.054687003375216925e+00
9.857465145507166016e-01
9.357375001347471022e-01
8.979424551106216512e-01
9.003192818297061084e-01
8.754187140295928149e-01
8.850809839364620624e-01
8.902173834377448136e-01
8.972512477786440677e-01
9.145673653469097442e-01
9.256743856011679927e-01
9.390727655011185115e-01
9.529090228581276190e-01
9.848574306681977530e-01
9.954914183898244673e-01
1.001558006700126402e+00
1.014641993093065464e+00
1.030071171038173139e+00
1.026657391988048618e+00
1.027953630261939644e+00
1.020260199189781281e+00
1.020890317486886412e+00
1.008998486347727042e+00
1.003752308601510324e+00
9.901352581394921026e-01
9.809214195836386541e-01
9.771273073597929182e-01
9.733103923662166368e-01
9.730669389956652093e-01
9.757208497527674051e-01
9.715574824748409721e-01
9.836686271272089277e-01
9.814784269207564860e-01
9.854716276255135465e-01
9.897603172324691556e-01
9.982405092799282453e-01
1.000858772986178424e+00
1.011722965402698238e+00
1.011628484764379277e+00
1.012037058961468450e+00
1.010814846412226853e+00
1.008865613402001316e+00
1.015125600497569724e+00
1.014697517482849864e+00
1.005861451289334019e+00
1.008266826764629309e+00
1.004817682355951591e+00
9.965248725873117053e-01
1.001547715497256075e+00
9.939115510430518441e-01
9.988807949013857046e-01
9.932744736678652542e-01
9.940776367830234106e-01
9.938796901512554349e-01
9.904823298240431617e-01
9.935042526842273736e-01
9.937963047011986184e-01
9.965496855433748635e-01
1.000715015716350909e+00
9.980820914714211289e-01
9.988197950424652083e-01
9.998883573197749897e-01
1.005877139978203383e+00
1.006038574850150358e+00
1.004606484931456878e+00
1.007221978053914446e+00
1.005921980848157649e+00
1.004310848182806026e+00
1.006835801184115864e+00
1.005398341163144194e+00
9.979547320199209093e-01
1.003385773472604159e+00
9.976420070325956457e-01
1.002034484607420506e+00
1.002993158438477250e+00
9.973540997541854303e-01
1.000634212789661692e+00
9.977333761544814328e-01
9.986271121824135122e-01
9.982137844654204173e-01
9.988089953686029032e-01
9.978413532849511602e-01
9.977365491615970416e-01
1.005668940735976014e+00
9.923053867373937686e-01
9.982415422591283116e-01
9.995303660773103838e-01
9.987568200748462299e-01
9.972380351317299274e-01
9.970058688661423973e-01
1.001174647699971665e+00
9.995650189121721985e-01
9.997383940157160698e-01
9.984159584844388702e-01
9.996877277786752058e-01
9.973729152567487599e-01
9.950298467109188749e-01
1.000185084118254686e+00
9.972243140050094379e-01
9.952190264361383543e-01
9.974797711230111164e-01
9.981483119792502468e-01
9.970991285854899910e-01
9.974441256943697987e-01
9.947591422295231078e-01
1.001532191638569991e+00
9.958552463408850697e-01
9.988841631019808043e-01
9.978036386981784522e-01
9.996448271590134826e-01
9.932520035850803675e-01
9.962446270786876612e-01
1.003481338415018520e+00
9.954575603553554863e-01
1.000884945360842826e+00
9.993888677906311857e-01
9.957909060193845807e-01
1.000849740233583196e+00
9.964907628082937396e-01
9.961552775940250015e-01
9.996046040757227136e-01
9.993032455870570763e-01
1.001769042854880221e+00
9.986977559691321282e-01
9.961187815013622382e-01
1.000212396167555751e+00
9.990778570014140492e-01
9.995772468454465765e-01
9.974088644503085188e-01
9.979827848849733840e-01
1.000023810444109484e+00
9.969134373564793039e-01
9.980864233369707295e-01
9.999023956961351489e-01
9.984260891064998811e-01
9.982921391906188768e-01
9.983992481490124860e-01
9.982061007620978144e-01
9.982451282622454292e-01
1.000488150701006607e+00
9.994688098359605366e-01
9.989983388945515852e-01
9.994651243238285021e-01
1.002391591842992202e+00
9.980026865879877418e-01
9.962910807490081844e-01
9.993001213683255779e-01
9.991245954671416074e-01
1.001682337447694859e+00
9.977410054893569580e-01
9.989278807230751456e-01
9.984975264314578380e-01
1.000570218134132494e+00
9.968924825005190948e-01
9.974456825377258085e-01
9.988358045175165234e-01
9.996758249672604846e-01
9.991650417872365297e-01
9.998129682840034560e-01
9.971947464859601817e-01
9.997416269851751025e-01
9.990952846237045604e-01
1.000287577509877623e+00
9.976451830103630902e-01
9.970423562259405070e-01
1.000038757370182774e+00
9.974338332581347277e-01
9.967668568704727283e-01
1.000548971288207412e+00
1.000700854566568099e+00
9.980273239843485689e-01
9.974722591305245079e-01
9.967238022148044996e-01
9.985563071484614417e-01
9.983374965710034576e-01
9.965756038075057610e-01
9.989576884780897448e-01
1.001684263782777418e+00
9.996020516322527971e-01
9.980423208918212108e-01
9.988126960913726871e-01
9.985314816810021421e-01
9.984719227514293749e-01
9.983496579254830250e-01
9.967454487244947758e-01
9.989046513172175068e-01
9.983638987415650590e-01
9.987743845196334069e-01
9.992018934469806268e-01
9.985607373291133237e-01
9.959129933192067963e-01
9.971219447942994973e-01
9.968711140055747100e-01
9.985046440794768108e-01
9.966836442327200452e-01
9.989572578535848013e-01
9.995671801723220451e-01
9.994482722417018516e-01
9.954388314201531029e-01
9.985587165593615699e-01
9.994370727319167313e-01
1.000497301639871495e+00
9.999039332970806049e-01
9.974184646614143723e-01
9.966616162304848814e-01
9.903349099979460446e-01
9.792750178100645408e-01
9.665746861524654454e-01
9.555733517767172058e-01
9.437618208011072651e-01
9.338721789285050479e-01
9.222432765877260907e-01
9.133065905000014029e-01
9.023943688618096814e-01
8.917153936878039477e-01
8.795474399837730495e-01
8.702975360936880955e-01
8.602121106425633101e-01
8.507807879351029223e-01
8.376778010357626147e-01
8.313772864239105109e-01
8.190269280759892023e-01
