0.000000000000000000e+00
0.000000000000000000e+00
0.000000000000000000e+00
0.000000000000000000e+00
0.000000000000000000e+00
0.000000000000000000e+00
0.000000000000000000e+00
0.000000000000000000e+00
0.000000000000000000e+00
0.000000000000000000e+00
0.000000000000000000e+00
0.000000000000000000e+00
0.000000000000000000e+00
0.000000000000000000e+00
0.000000000000000000e+00
0.000000000000000000e+00
0.000000000000000000e+00
0.000000000000000000e+00
0.000000000000000000e+00
0.000000000000000000e+00
0.000000000000000000e+00
0.000000000000000000e+00
0.000000000000000000e+00
0.000000000000000000e+00
0.000000000000000000e+00
0.000000000000000000e+00
2.548415216971157415e-02
4.896457011040040719e-01
1.629967749832865742e+00
2.000808788893492896e+00
1.466461688206531555e+00
8.119532622479045392e-01
4.505354702081421636e-01
3.150967870943441329e-01
2.604344294713942243e-01
2.640803210871598417e-01
2.819599612774630892e-01
2.807799541892527229e-01
2.793405190516976000e-01
2.635720714894194683e-01
2.519435124799969117e-01
2.782468775379433046e-01
3.345012738233635874e-01
4.384321728289348186e-01
5.837164408005581784e-01
7.347417351484932801e-01
9.384551186141961709e-01
1.104534109718565027e+00
1.253352938188246668e+00
1.381733588487766395e+00
1.482701280748510264e+00
1.561706182357604833e+00
1.610398710624309837e+00
1.612448845282603349e+00
1.522879912625661580e+00
1.426289278121072757e+00
1.272714801827209197e+00
1.156725349727117935e+00
1.048854017712054887e+00
9.911170843742564962e-01
9.419220965000891788e-01
9.174154349673104836e-01
8.925151325544122827e-01
8.877176214270345866e-01
8.877168102536542316e-01
8.911927717199210619e-01
9.027682069607956272e-01
9.075557860170572200e-01
9.153668706063282645e-01
9.455250910099544104e-01
9.704600707935742143e-01
9.755054796268589623e-01
9.996471515829342680e-01
1.018679435525915666e+00
1.036245931190785230e+00
1.042034847690333610e+00
1.036980219723168339e+00
1.027234007368093227e+00
1.027206630455122172e+00
1.021128185580108205e+00
1.006933215649590263e+00
9.959994363269702999e-01
9.880149833995129915e-01
9.740535039802409312e-01
9.791172875723054281e-01
9.746008603547207105e-01
9.791014661859230861e-01
9.716381828635962670e-01
9.903088964385123871e-01
1.001655911783224884e+00
1.015601694884618711e+00
1.025855490242985502e+00
1.037593225601277425e+00
1.044950741940477101e+00
1.042409315948682913e+00
1.046447895536037898e+00
1.038240089014686340e+00
1.036123376872686963e+00
1.025006789748698743e+00
1.021814003366802392e+00
1.011516197873813416e+00
1.011545156953424174e+00
1.006920506120275061e+00
1.007203455380984769e+00
1.016370140153435075e+00
1.011314230796635183e+00
1.022110309198727363e+00
1.010735428195612240e+00
1.012356680752432903e+00
1.002705839591240267e+00
1.004156616286185688e+00
1.005370010796594382e+00
9.902537335606749203e-01
9.993418463705961985e-01
9.936740985674966664e-01
9.929890192210041322e-01
9.969002430604828602e-01
1.002231998575878524e+00
1.000053233225156823e+00
1.002806075530384700e+00
1.008217877401595519e+00
1.005612656827026052e+00
1.005236015880659695e+00
1.007890927020282490e+00
1.001696811109338059e+00
1.006998991438815994e+00
1.004650860472951157e+00
1.005078964905814942e+00
1.001212949215064762e+00
1.000242023877732978e+00
1.001344147848689303e+00
1.000500394333875276e+00
9.977523495294564615e-01
1.001428445415665447e+00
9.990101245606598512e-01
9.983994656216933494e-01
9.992644373889526532e-01
9.995945194047610727e-01
9.997689813925700886e-01
1.002434756664340565e+00
9.971556232957445864e-01
1.001763208722317611e+00
1.004445238514804162e+00
1.001852724996797228e+00
1.002394592846465704e+00
1.005667286315752085e+00
1.006246318514773641e+00
1.003990412449961456e+00
1.000983369860060312e+00
1.002663558056860138e+00
9.969525242302000878e-01
1.002217313845358504e+00
1.006610177842503839e+00
1.001530561066033664e+00
1.000343658339866382e+00
9.989338538236420817e-01
1.002224209088439899e+00
9.974301746728502227e-01
1.000437841777506609e+00
9.987544475137183353e-01
1.001695851567486306e+00
9.973135154582600803e-01
9.985338076817374953e-01
9.998904558011926236e-01
1.000895168016385561e+00
9.985390527119748505e-01
9.969651316874127422e-01
9.968735165102203810e-01
9.999720604830909521e-01
9.989209438260673313e-01
1.002401799802246973e+00
9.962912666842671516e-01
9.987161618249551509e-01
9.962090004749687422e-01
1.001324898470448144e+00
9.990547329480292671e-01
9.973493555819386014e-01
9.999050735628198794e-01
9.993335556077839188e-01
1.000401014296752100e+00
9.970997546772865094e-01
9.970916253454186196e-01
9.975128811949147689e-01
9.987556465988087773e-01
9.968615280312065341e-01
9.980592755640637082e-01
9.995209924297253634e-01
9.981462198693761279e-01
9.982045068168821089e-01
9.969655299513622282e-01
9.995239391565149401e-01
9.980016337094879120e-01
9.991840071862811978e-01
9.979898766986028402e-01
9.988034366317871671e-01
9.975960666812346833e-01
9.988041774187600419e-01
9.989236349441494855e-01
9.989848897237604275e-01
9.984869108381700942e-01
9.957480075490721116e-01
9.988414159004026516e-01
9.980931717069824183e-01
9.994432180591661385e-01
9.970452728881491478e-01
1.002239732641624137e+00
1.000500593924957826e+00
9.980010254597699859e-01
9.971617056077977104e-01
1.000661827616750266e+00
9.997684540478627424e-01
9.976243531594392033e-01
9.981038216484897641e-01
9.965672546070276638e-01
9.993474226903038549e-01
1.000580338764055277e+00
1.001376759804894601e+00
1.000156495562031900e+00
9.971895247733117973e-01
1.000036857608256335e+00
9.997990676426917744e-01
9.987439414500586254e-01
9.984818241326298693e-01
9.989030305000580201e-01
9.984910657137849865e-01
9.983021919435108860e-01
9.994360014391938662e-01
1.001830509548935266e+00
1.001283109617783218e+00
9.981795471050896040e-01
9.985951728274431449e-01
1.000726304692911350e+00
1.001600851913888146e+00
9.988698772914701429e-01
9.992483530280513726e-01
9.992308471682834758e-01
9.974754320627116089e-01
1.001636046507511812e+00
9.990894825385548961e-01
1.001367679442561442e+00
9.996759085254215416e-01
1.000962151998881389e+00
1.000767171758016660e+00
9.994223439623983740e-01
9.981904615520991175e-01
9.997215967042110130e-01
9.991347906087600927e-01
9.979026777120946212e-01
9.977782833026110909e-01
9.996138613913123638e-01
9.980345125093283976e-01
9.986217539696150558e-01
9.972253672683867309e-01
9.948278579929391574e-01
9.992431001793411482e-01
9.997342600351276642e-01
9.963222439120380525e-01
9.965968025827657284e-01
9.965799842672128372e-01
9.999204052413734889e-01
9.979081633936704998e-01
9.969796470863613314e-01
9.949170317681742537e-01
9.866238518037926397e-01
9.731583379010426693e-01
9.608815419201486296e-01
9.503327886059551588e-01
9.408083441085920429e-01
9.313029225343819606e-01
9.168827291276188118e-01
9.084326698351697926e-01
8.961724237175491270e-01
8.873280887153829344e-01
8.744647637885335500e-01
8.634050505230634887e-01
8.547758057826408962e-01
8.431643622032768404e-01
8.347023679886991232e-01
8.246481346257995559e-01
8.133479217565888764e-01
