0.000000000000000000e+00
0.000000000000000000e+00
0.000000000000000000e+00
0.000000000000000000e+00
0.000000000000000000e+00
0.000000000000000000e+00
0.000000000000000000e+00
0.000000000000000000e+00
0.000000000000000000e+00
0.000000000000000000e+00
0.000000000000000000e+00
0.000000000000000000e+00
0.000000000000000000e+00
0.000000000000000000e+00
0.000000000000000000e+00
0.000000000000000000e+00
0.000000000000000000e+00
0.000000000000000000e+00
0.000000000000000000e+00
0.000000000000000000e+00
0.000000000000000000e+00
0.000000000000000000e+00
0.000000000000000000e+00
0.000000000000000000e+00
0.000000000000000000e+00
1.545969415517967700e-04
2.934590401440383481e-02
4.483735782281021987e-01
1.581857918735473323e+00
1.947987364125578935e+00
1.397755427732842559e+00
7.985750974303889027e-01
4.551405184130173365e-01
3.120995893255014142e-01
2.664818781889209953e-01
2.732197349679666987e-01
2.891675260274388926e-01
2.963998227739946811e-01
2.881214195741346185e-01
2.567721111676365409e-01
2.526462111546973754e-01
2.754670657971552972e-01
3.380755815916093310e-01
4.431567760405815681e-01
5.827265896653081034e-01
7.566932118661175988e-01
9.491199560300151994e-01
1.127739102049919007e+00
1.277808172003826348e+00
1.405556780157335428e+00
1.507304722456471513e+00
1.594708544545064832e+00
1.631016709776787588e+00
1.624497514395768505e+00
1.545156614854547472e+00
1.434948769590479012e+00
1.295193304875297491e+00
1.157213297329712232e+00
1.083206607069220118e+00
9.923511449409918583e-01
9.321858815820860400e-01
9.186250406914390210e-01
9.008923124638040791e-01
8.918406946033295979e-01
8.917819720990922683e-01
8.927874041487000589e-01
8.989676629835728905e-01
9.197724396800524005e-01
9.284248764024364275e-01
9.490860828137895888e-01
9.677849826101461161e-01
9.867651123283581738e-01
1.014130250487654594e+00
1.020258943453280276e+00
1.039824395343795338e+00
1.039923759920473589e+00
1.046345393754908537e+00
1.045161541920262005e+00
1.029748560522540934e+00
1.018481862474587940e+00
1.007065844583975966e+00
9.977163552310620576e-01
9.892896177940169178e-01
9.792908266350749402e-01
9.738504043665109355e-01
9.750378278631980367e-01
9.817957257112486236e-01
9.873614442435671990e-01
9.905522002897080291e-01
1.001462724168001417e+00
1.019483500329187331e+00
1.032422675906863319e+00
1.034614540215560652e+00
1.041410581018683335e+00
1.039053730449572388e+00
1.047568329822529565e+00
1.040199392580627213e+00
1.029589941373279194e+00
1.020469293894212592e+00
1.011089107194429015e+00
1.004585844571186604e+00
1.008641907302380236e+00
1.008416190979669391e+00
1.009259099983384145e+00
1.016615264782619432e+00
1.012447152152842422e+00
1.014885936550012913e+00
1.012387304581484626e+00
1.013326557716294651e+00
1.002114093664850047e+00
1.004668109020677713e+00
1.002513796634818766e+00
9.983863522872666874e-01
9.975181502863169625e-01
9.935217002901444161e-01
9.971479900378582562e-01
9.947481333762573374e-01
9.977540591857984031e-01
1.005478973598847858e+00
1.007864283836454655e+00
1.006937198823249391e+00
1.008308086559930095e+00
1.012280612046048134e+00
1.009031891109743562e+00
1.011892536420795130e+00
1.007435980420274380e+00
1.009037376017835053e+00
1.001422843788872585e+00
1.005362969867713119e+00
1.002617721323254329e+00
1.005045165507203908e+00
1.005695838956816468e+00
1.009854619885784732e+00
1.002979124478026396e+00
1.000275005044437115e+00
1.002146402922830637e+00
1.002231605121823854e+00
1.002617794360544767e+00
9.994501103784768636e-01
9.992250592422565747e-01
1.004176493987201768e+00
1.001386716159541113e+00
1.005131382306723831e+00
1.000706733394773673e+00
1.003342633129741923e+00
1.005374863891277615e+00
1.000184756915765139e+00
1.000379941895091385e+00
1.001504982148267553e+00
1.003347196106652683e+00
1.002983713342688210e+00
1.000006137009480600e+00
1.002813109188207541e+00
9.986692912439001368e-01
1.001085261813524641e+00
9.974482995802804730e-01
9.998031474367601312e-01
9.983945977599210098e-01
9.999553930474204266e-01
9.965851751151099114e-01
1.003321711859775700e+00
9.987486572425962050e-01
9.976765688570453650e-01
9.991810646174222876e-01
1.003313589416942486e+00
9.996313440502557768e-01
1.002376851209469066e+00
9.992019808184514629e-01
1.001562813519796480e+00
1.002528250595511983e+00
1.001479276318906209e+00
1.002704118682305579e+00
1.003448150524097082e+00
9.980231148065265012e-01
9.976385198375321561e-01
1.001761260932386488e+00
9.994076295386780107e-01
1.000537540592688845e+00
9.953569504278991786e-01
9.983142706969910796e-01
1.000089758102098880e+00
9.985183011524704222e-01
9.961362944461177316e-01
9.961294468320800455e-01
9.984388679842139958e-01
9.960652145670326751e-01
9.991567056525776369e-01
9.972012067860828166e-01
9.995317289831919805e-01
9.978044187891402794e-01
9.990585642294855795e-01
1.001013510296421494e+00
9.998325728464998452e-01
1.004060011849561729e+00
1.001134354608545607e+00
9.974609028271917976e-01
9.990803131329818454e-01
9.971903427861038560e-01
9.977601636784312333e-01
9.989808382499442141e-01
1.001433084254966799e+00
9.950960972593949627e-01
1.002126369526871175e+00
1.001685004219768693e+00
1.001038443819174395e+00
9.987523784019024520e-01
1.002119756147913820e+00
1.000381269975191945e+00
9.999181399410335125e-01
1.001381374945108593e+00
9.999445815305479934e-01
1.000079164869375203e+00
1.002326615554114619e+00
9.992364798637132228e-01
1.000711935390048435e+00
1.001292200720320436e+00
1.002091481155795272e+00
1.002563852256672883e+00
1.004198602384648087e+00
1.001822258874803584e+00
1.001033658810781990e+00
9.991405388697487400e-01
1.000780693101328556e+00
1.001645094207352038e+00
9.974613829818465005e-01
1.001750867443264470e+00
9.984847254580624387e-01
1.001663146801061499e+00
9.964177010159026571e-01
9.967038320370451565e-01
9.968869457983292603e-01
9.992584019321079092e-01
9.995751863197115394e-01
9.991842142158136042e-01
9.997490030741816858e-01
9.999219384832318536e-01
1.000101144676120324e+00
1.000539548226725639e+00
9.996275004021655253e-01
9.965065558563324100e-01
9.974581260262376237e-01
9.981839617387077146e-01
9.975799624048556913e-01
9.982425907855871916e-01
9.967503463817312115e-01
9.986238940895988403e-01
9.977372362607710432e-01
9.979089622381548397e-01
9.997388490318276366e-01
1.000438210738519462e+00
9.970778095165546695e-01
9.969340082171108675e-01
9.981977897611631345e-01
9.987879643673505115e-01
9.958517123245602676e-01
9.976635276557216381e-01
9.973141578136678342e-01
9.985246336719127980e-01
9.963945443143801262e-01
9.970445611201872449e-01
9.982760260352235848e-01
9.995330419754003826e-01
9.948458408379068363e-01
9.834733558977380996e-01
9.728649144236561908e-01
9.603941426765996159e-01
9.522092895797885648e-01
9.384321510490958307e-01
9.297229066956805843e-01
9.162816126609658607e-01
9.085438435199643115e-01
8.955960785233598731e-01
8.852655609274369120e-01
8.738025142217611396e-01
8.654194871372492548e-01
8.538392585272701618e-01
8.446628894537068222e-01
8.328768112339466345e-01
8.206831365636576558e-01
8.118482083428325558e-01
