0.000000000000000000e+00
0.000000000000000000e+00
0.000000000000000000e+00
0.000000000000000000e+00
0.000000000000000000e+00
0.000000000000000000e+00
0.000000000000000000e+00
0.000000000000000000e+00
0.000000000000000000e+00
0.000000000000000000e+00
0.000000000000000000e+00
0.000000000000000000e+00
0.000000000000000000e+00
0.000000000000000000e+00
0.000000000000000000e+00
0.000000000000000000e+00
0.000000000000000000e+00
0.000000000000000000e+00
0.000000000000000000e+00
0.000000000000000000e+00
0.000000000000000000e+00
3.749295149045581144e-02
1.091502515976390475e+00
3.542793935134276762e+00
3.468616734184997608e+00
1.898374013048236053e+00
8.588948782945136085e-01
3.928759251127450502e-01
1.990615490892773676e-01
1.198960292883470974e-01
1.910367487731025327e-01
7.403331437308062757e-01
1.544932458148910559e+00
1.790066825174016385e+00
1.489771398293836091e+00
1.089037910848127844e+00
8.192272397398931982e-01
7.088251825252094296e-01
7.010843740426914161e-01
7.507785796716567317e-01
8.302022089222662604e-01
9.175055427097300598e-01
9.975325822670881859e-01
1.069053381376668499e+00
1.128362229920626625e+00
1.164335559302269063e+00
1.192673272443437238e+00
1.195906435020514191e+00
1.181201420377821831e+00
1.155481165400908283e+00
1.120283724166899031e+00
1.086125286363166520e+00
1.057129706581150685e+00
1.026826788509344057e+00
1.002143388718156336e+00
9.796217516861231989e-01
9.656209841463333499e-01
9.481857717536471553e-01
9.351789322537340521e-01
9.293387534172308229e-01
9.296773288171745753e-01
9.328366250379136471e-01
9.387446326167953048e-01
9.497136622686418450e-01
9.590733670371601738e-01
9.697055143646166053e-01
9.755816778171350068e-01
9.828416814351321751e-01
9.887599008376765086e-01
9.938968337297399147e-01
9.978674468338760706e-01
1.001767066782829785e+00
1.006817819388714064e+00
1.009359564279354471e+00
1.014870448390581492e+00
1.018821246583412998e+00
1.018833457253861319e+00
1.021794589212847493e+00
1.018503920505233751e+00
1.016261571705976197e+00
1.012654299260259849e+00
1.010659228037894541e+00
1.007708492562500835e+00
1.006172575995349261e+00
1.001164567413203255e+00
9.993833788605906987e-01
9.969150343920922808e-01
9.954505276338707631e-01
9.940092475042229259e-01
9.954931005527047905e-01
9.927495473956178262e-01
9.929572212409304433e-01
9.946600305300605793e-01
9.942715862595752352e-01
9.952747108361600370e-01
9.953856653593294856e-01
9.942572612807235588e-01
9.934635832145400913e-01
9.940483380238952504e-01
9.948850674029990904e-01
9.966348804840589048e-01
9.980964325755480315e-01
1.000002337226352012e+00
1.000699826448321783e+00
1.003786150942607591e+00
1.004679758373967280e+00
1.003670493281703324e+00
1.005297847625206131e+00
1.004737727168382166e+00
1.002482577862403357e+00
1.003762093499697805e+00
1.001228561770625136e+00
1.001071022913277986e+00
1.001190052122564289e+00
1.000077901877658659e+00
1.000207835010892277e+00
9.985261117253871888e-01
9.988818825432154158e-01
9.982266908881159972e-01
9.971547592198403143e-01
9.958739520370856191e-01
9.966490820499021019e-01
9.977619568893308921e-01
9.975262733490525280e-01
9.983782552269745425e-01
9.990234715759443995e-01
1.000473036675378902e+00
1.001935136342200883e+00
1.002971089078754652e+00
1.003561612557297034e+00
1.003864956739325187e+00
1.003818804109924523e+00
1.003909783923680576e+00
1.003624321074946479e+00
1.002517523273537936e+00
1.002228986488205020e+00
1.001347079967705334e+00
1.001376667594830350e+00
1.001369045453607720e+00
1.000293609772252790e+00
1.000073756338777375e+00
9.993275781756137954e-01
9.986998353094290737e-01
9.982128620035798372e-01
9.980396548068566354e-01
9.978047507735340327e-01
9.983855529361477243e-01
9.974988940070947940e-01
9.976522513878083309e-01
9.985689531735836288e-01
9.989838803016380941e-01
9.986926963391531409e-01
9.994471186074547209e-01
1.000154425640360056e+00
1.000503951527861979e+00
1.001058568234243440e+00
1.000594660261151292e+00
1.001023658940729311e+00
1.001217643753185005e+00
1.002316003105065745e+00
1.000953539735427000e+00
1.001041213289280973e+00
1.000358494723982306e+00
1.001617597244194746e+00
1.000247469513414256e+00
1.000334629256014018e+00
1.000632205762039595e+00
1.000123765392289199e+00
1.000785040754619049e+00
9.996164975259272945e-01
9.996296303774963032e-01
9.996767956687834245e-01
9.994178216142516336e-01
9.994784682807172915e-01
9.992209936735809706e-01
9.999617922939477710e-01
9.990770405491857797e-01
9.993920652028405183e-01
1.000127038699220261e+00
1.000181583271954944e+00
9.997040064107843849e-01
9.992929146495800330e-01
1.000410488870456138e+00
1.000111210566670072e+00
1.000350995338958215e+00
9.997274291130778812e-01
1.000153442034750428e+00
1.000055408385126077e+00
9.999698599521619213e-01
1.000097927806573805e+00
1.000274148995333068e+00
1.000255743863639246e+00
1.000074230942243014e+00
1.000933040153469511e+00
1.000305731768383666e+00
1.000960585883532650e+00
9.996806371038170491e-01
9.999024648753754851e-01
1.000400632557832292e+00
1.000088145587422650e+00
1.000551705760270860e+00
1.000188381912487712e+00
1.000530437556369945e+00
9.999252043482071972e-01
9.997140954375723920e-01
9.998576546187802894e-01
9.997493244181671068e-01
9.995230653270628096e-01
9.997682047807350258e-01
9.992050941335564040e-01
1.000092469161813824e+00
9.999580748550985776e-01
1.000595006688244748e+00
9.996836568622781138e-01
1.000015833963024514e+00
1.000355960267413913e+00
1.000192739259713859e+00
1.000366343264915470e+00
1.000119557866527620e+00
1.001259544475736618e+00
9.999966612019087764e-01
1.000621189339844674e+00
1.000515564917643152e+00
1.000610432513432180e+00
1.000592610706730001e+00
9.999445124437955634e-01
9.998026920046827470e-01
1.000146093033671857e+00
9.996362346635858653e-01
9.999790353044500923e-01
9.998554907967198702e-01
1.000821075594669596e+00
9.992424936758899090e-01
1.000033143314117634e+00
1.000142652010408195e+00
9.999947461908312851e-01
9.996328394247209204e-01
9.998112536586409860e-01
9.994983630886687953e-01
1.000070421626116035e+00
1.000543566453480082e+00
1.000174720293971253e+00
1.000151717557279385e+00
1.000281321762285902e+00
1.000153992232211353e+00
1.000260766511105626e+00
1.000233124570683696e+00
1.000493961696632850e+00
1.000514449906950265e+00
1.000640731155348018e+00
1.000196033152406017e+00
1.000347897452052326e+00
1.000279333524956238e+00
9.997238376211760036e-01
1.000345090116075308e+00
1.000191225080478530e+00
9.997591579974309806e-01
1.000246123921852526e+00
9.999278021516988524e-01
1.000008744078241696e+00
9.996437043287571544e-01
1.000028158720286386e+00
9.968640415250039633e-01
9.867560468024310083e-01
9.751267899734998856e-01
9.642561635706905498e-01
9.533709855735696959e-01
9.418639015063505759e-01
9.311178920235045897e-01
9.205131166260529518e-01
9.093313224586241361e-01
8.989101578021284622e-01
8.880852270552473948e-01
8.777045823092401999e-01
8.669614697533015724e-01
8.567858152418738049e-01
8.466060536100724621e-01
8.359340698556997351e-01
8.259595122389570276e-01
8.157777532832876100e-01
