0.000000000000000000e+00
0.000000000000000000e+00
0.000000000000000000e+00
0.000000000000000000e+00
0.000000000000000000e+00
0.000000000000000000e+00
0.000000000000000000e+00
0.000000000000000000e+00
0.000000000000000000e+00
0.000000000000000000e+00
0.000000000000000000e+00
0.000000000000000000e+00
0.000000000000000000e+00
0.000000000000000000e+00
0.000000000000000000e+00
0.000000000000000000e+00
0.000000000000000000e+00
0.000000000000000000e+00
0.000000000000000000e+00
0.000000000000000000e+00
0.000000000000000000e+00
0.000000000000000000e+00
0.000000000000000000e+00
0.000000000000000000e+00
0.000000000000000000e+00
0.000000000000000000e+00
2.828495535089581986e-02
4.369856824229410019e-01
1.505170311468588151e+00
1.940806937529677922e+00
1.409511551217022207e+00
8.060569549429732472e-01
4.651734001946047359e-01
3.225938879620054989e-01
2.637515670626450204e-01
2.535839515348627948e-01
2.487970742106149491e-01
2.670037528224850076e-01
2.399128473653538984e-01
2.391534911072094038e-01
2.310517872558202901e-01
2.682230425219799819e-01
3.242157723541401193e-01
4.415280094177881920e-01
5.804429145674939727e-01
7.643314005042330939e-01
9.650006491162590461e-01
1.111328840389504968e+00
1.260872377693036173e+00
1.377358331423287119e+00
1.470432802322541699e+00
1.541431823753280028e+00
1.568910205757851450e+00
1.595998031773130821e+00
1.500528796919273322e+00
1.387447905735164300e+00
1.275016719916926666e+00
1.132094701755646637e+00
1.047512735276240115e+00
9.688646919250184508e-01
9.128918315761602731e-01
8.957013722888244045e-01
8.836719070112011298e-01
8.744132334983428789e-01
8.953068803231566397e-01
8.727179719801675395e-01
9.023351900253385738e-01
9.161916813429641371e-01
9.262039779995641098e-01
9.515541504560421915e-01
9.589203939586667946e-01
9.856198611805463417e-01
9.944849604456131864e-01
1.002866517925090628e+00
1.008723339569741473e+00
1.024989954566423833e+00
1.036738979031819108e+00
1.028542767666801305e+00
1.028010214313780368e+00
1.024220600346389176e+00
1.016153405150820088e+00
1.021893521655517389e+00
1.016986142881088240e+00
1.010790249345969949e+00
1.004546504960966757e+00
1.000474591840023963e+00
9.946555015962262880e-01
9.964963048277329927e-01
9.897697171154600237e-01
9.891230291608211767e-01
9.904269798764768762e-01
9.997658483497949833e-01
9.923560390989427660e-01
9.940330198724784960e-01
9.925820111046077532e-01
1.006156473738579082e+00
9.942793190645058399e-01
9.979997780039512323e-01
1.001144155640883993e+00
1.013305358970757686e+00
1.004000192619150189e+00
1.001914552191984775e+00
1.005298521628648301e+00
1.005274537354288400e+00
1.002160316379402172e+00
1.005457262909684735e+00
1.000675777271340605e+00
9.989646242108422003e-01
9.927456005652773863e-01
9.937492698505359101e-01
9.882059124001757455e-01
9.796928736333748722e-01
9.812966332555261850e-01
9.926247720035193955e-01
9.920745165164603918e-01
9.939638954577655339e-01
9.912658198488900618e-01
9.973459044682955188e-01
9.909030592459895370e-01
9.936183977467570871e-01
9.994607100156129853e-01
9.956494082399932610e-01
9.993044509684634313e-01
9.971819885234071146e-01
1.003354133942731208e+00
1.000535559656550610e+00
9.924713000955364128e-01
1.004136094785464950e+00
9.976857791357665040e-01
9.993041530186980159e-01
9.964331250810170015e-01
9.914836954400932933e-01
9.946899762967861269e-01
9.942033073167929613e-01
9.967001480901850341e-01
9.975726180316049074e-01
9.870340907985368784e-01
9.988844573005444261e-01
9.947059462322306311e-01
9.983704352861844100e-01
9.976469768885274370e-01
9.996261256289025177e-01
9.961382015789211897e-01
9.925460390270980371e-01
9.982476577743131241e-01
9.994582678160413014e-01
9.999167743721114610e-01
9.941300409933182536e-01
9.975840990265495423e-01
9.993060099119873696e-01
9.977385632923554404e-01
9.992988235716159240e-01
1.000037408655814808e+00
1.004573404702832073e+00
9.996153860202361408e-01
1.000693920928103164e+00
1.000239968792374201e+00
9.982643564733291175e-01
1.001949108722639092e+00
9.968354713308296144e-01
1.003232717659967133e+00
9.981127784582635165e-01
9.977480546783367155e-01
1.002220720245346364e+00
9.990045040846344815e-01
9.999664800867746894e-01
9.984376937503908200e-01
9.954301441320713151e-01
9.938913968914228070e-01
9.988882949887131213e-01
1.002366709980110349e+00
9.982469033318183138e-01
1.004057782151502876e+00
1.002441862563355990e+00
1.001941809624123714e+00
9.957097128811189801e-01
9.964749172608008410e-01
1.000992309885085474e+00
9.984207105631602852e-01
9.997126761056832622e-01
1.000436574562029834e+00
9.997181657213405348e-01
9.997740377193465866e-01
9.951768504737891208e-01
9.991395338035127249e-01
9.995801893796220083e-01
1.005127794829824950e+00
9.990995691051877126e-01
1.000613210644878848e+00
1.002717278975647108e+00
1.000020905784993142e+00
1.002743038760880001e+00
9.986116320009221781e-01
1.001013827405800694e+00
9.990306209450220409e-01
1.002921043868733486e+00
9.983228678625478691e-01
1.000771369863732385e+00
1.003154582762942226e+00
9.999053917731147711e-01
1.002043750814534340e+00
1.001078150190702898e+00
9.970192774651551737e-01
1.000417576133914022e+00
9.966185094165253000e-01
1.002097179477376754e+00
9.964891706523324455e-01
9.965016738241995187e-01
9.995100664746169317e-01
9.979517119301530848e-01
9.992391590255322864e-01
9.971618043314840474e-01
9.966275725327958801e-01
1.000139999426879367e+00
9.998780219689737958e-01
1.000739494599980350e+00
1.002356824411439140e+00
1.002185386873427841e+00
1.002089313170424933e+00
9.964720226786171198e-01
9.985180389718835148e-01
9.998792157837721462e-01
9.974540441291203097e-01
1.002950824712722788e+00
1.001161441942459485e+00
9.995749352119602804e-01
9.969219807641757081e-01
9.988903903121931771e-01
1.000685516291908606e+00
1.000780804027583404e+00
9.997663903883888814e-01
1.003819847690858413e+00
1.000539314064148089e+00
1.001721733434375095e+00
1.001608040617360640e+00
1.000385573845279152e+00
1.003103539178521908e+00
9.999603759379930290e-01
1.002418930801594721e+00
9.994675198495877044e-01
1.000587898886501570e+00
1.003361900273820995e+00
1.003814067099048524e+00
9.984077147910423999e-01
1.000943467296962597e+00
9.988840840157493517e-01
9.996489446172416304e-01
1.001662878642145094e+00
1.000086046014514451e+00
9.983458283266509747e-01
1.001725710090723975e+00
1.002390835261060875e+00
1.001935695347863975e+00
1.001598968742999363e+00
9.981875648934730449e-01
9.971825405859348068e-01
9.973113786036571504e-01
1.000680257798610917e+00
1.003285245314160523e+00
9.989573242612277415e-01
9.979494475055626923e-01
9.979331193248870413e-01
9.964041941304002670e-01
9.992427239535982553e-01
9.939256061543420007e-01
9.952966384662675914e-01
9.957663088416679464e-01
9.978423746251067206e-01
9.974555847309616308e-01
9.935181712493265094e-01
9.961062251968924031e-01
9.947452938189942362e-01
9.872663508527016463e-01
9.753344251458567760e-01
9.646483550681639318e-01
9.537886676972273658e-01
9.446119678291423627e-01
9.336305078216780018e-01
9.237237571618136522e-01
9.118205049537592144e-01
