0.000000000000000000e+00
0.000000000000000000e+00
0.000000000000000000e+00
0.000000000000000000e+00
0.000000000000000000e+00
0.000000000000000000e+00
0.000000000000000000e+00
0.000000000000000000e+00
0.000000000000000000e+00
0.000000000000000000e+00
0.000000000000000000e+00
0.000000000000000000e+00
0.000000000000000000e+00
0.000000000000000000e+00
0.000000000000000000e+00
0.000000000000000000e+00
0.000000000000000000e+00
0.000000000000000000e+00
0.000000000000000000e+00
0.000000000000000000e+00
0.000000000000000000e+00
0.000000000000000000e+00
0.000000000000000000e+00
0.000000000000000000e+00
0.000000000000000000e+00
0.000000000000000000e+00
2.273844404262298155e-02
4.565471817009269517e-01
1.557166502585925372e+00
1.960684896918205133e+00
1.453654851811000404e+00
8.476484961981961552e-01
4.684830174942729020e-01
3.149524125841888234e-01
2.606377705408264855e-01
2.524973365247816792e-01
2.670642927903023045e-01
2.646443266333148303e-01
2.565940256257066010e-01
2.476363836423532971e-01
2.367463082211789527e-01
2.691224463947574086e-01
3.430776690961354625e-01
4.362706016856686131e-01
5.799399167469242444e-01
7.576376049352547826e-01
9.584970556570135969e-01
1.146696458256370121e+00
1.262834910625575180e+00
1.377967431013488842e+00
1.480255303103821696e+00
1.543164159766528210e+00
1.598343923446054138e+00
1.597395893127878219e+00
1.530332616159260084e+00
1.428896904450777772e+00
1.303177338021157983e+00
1.177134144534851545e+00
1.060581066117967541e+00
9.709912863642047309e-01
9.201634733080719109e-01
9.109767694785508851e-01
8.904352141683864463e-01
8.981591183792904109e-01
8.931829282813815718e-01
8.959427867108211707e-01
9.055765603594615465e-01
9.404097085030799219e-01
9.581449054463184734e-01
9.583899518623552050e-01
9.862127593765354083e-01
9.941340581571098678e-01
1.009767967287644064e+00
1.014311033440749021e+00
1.031827405359892147e+00
1.033716458417946793e+00
1.041011744174437315e+00
1.037699082428307884e+00
1.033837027909822348e+00
1.031318776652580649e+00
1.030799702227989556e+00
1.028353477228389989e+00
1.027410462261260315e+00
1.018088970365380597e+00
1.013309684854566406e+00
1.015214358663488525e+00
1.007156006737567777e+00
9.990715456120882187e-01
1.009071068097215917e+00
1.002232869771252588e+00
1.000228358043607990e+00
9.934890018813071766e-01
1.006562755519945451e+00
1.017271228850106457e+00
1.006345600784563699e+00
1.010279610418363339e+00
1.015822071965343909e+00
1.021458430265593131e+00
1.025654013342494730e+00
1.014465976508506895e+00
1.016726165099089529e+00
1.032500730148353085e+00
1.023241331089857376e+00
1.017817746375312637e+00
1.021205640627130151e+00
1.010109632082175857e+00
1.017311912263807683e+00
1.009579291374455012e+00
1.002371185096067707e+00
1.006919062798966813e+00
9.994634206006282051e-01
1.004440617583757023e+00
1.003590179249997938e+00
9.966268933985404921e-01
9.988143324330294170e-01
1.003828122511672749e+00
1.007088374975771083e+00
1.007215020880184664e+00
1.007415880771638905e+00
1.007250773679765343e+00
1.014356130858075966e+00
1.012266122167136295e+00
1.010394410461395553e+00
1.009765537234752264e+00
1.014567411406227748e+00
1.015910775762181251e+00
1.010427788314074871e+00
1.012874189518271129e+00
1.012704465543833088e+00
1.013696612090107863e+00
1.003606898504751266e+00
1.007659979951580409e+00
1.007838271127206475e+00
1.008357121999394312e+00
1.000491859774404357e+00
1.004310167438627888e+00
1.006979322187427472e+00
1.005148717362995825e+00
1.012982095254051584e+00
1.009189524390628145e+00
1.006112254808013695e+00
1.005423411064415795e+00
1.001854203643717023e+00
1.007677965167376399e+00
1.005820636177011229e+00
1.005823283770743037e+00
1.004770254376508909e+00
1.008442370131139576e+00
1.004126545956167682e+00
1.003007381952274013e+00
1.003987389059746604e+00
1.002088024580057191e+00
1.006047487799023310e+00
1.005628415805084996e+00
1.007901733311754588e+00
1.009171773775503711e+00
1.001810882350585574e+00
9.997288162641205789e-01
1.001604052679163637e+00
1.002840903601551537e+00
1.004407759483587848e+00
1.007733236517514230e+00
9.982375750366493383e-01
1.001013735313775799e+00
1.002792363004428644e+00
1.006431726070345922e+00
1.002823119846827815e+00
1.004393234689822112e+00
9.994556832885377329e-01
9.991197083987274352e-01
1.003600042209969123e+00
1.004855702778177706e+00
9.986648227923528021e-01
9.998085991520305749e-01
1.004742918924113271e+00
1.002108390367385304e+00
9.974745943854160801e-01
9.997427546786260555e-01
1.000882958499362374e+00
9.996328148517610312e-01
1.004242876909921423e+00
1.000006174310738016e+00
1.002011719468398621e+00
1.001647001061181319e+00
1.002444216551679146e+00
1.000771973443617791e+00
9.992682341015233227e-01
1.003063212252601311e+00
1.001755766638821488e+00
1.002453751840001184e+00
1.003087278427171825e+00
1.000376234978657797e+00
1.003879436723940533e+00
1.000765520552033383e+00
9.998297715144107700e-01
1.002794557577253221e+00
1.000315983812178899e+00
1.006428888759925533e+00
1.001281570143207400e+00
1.004280171533663557e+00
1.001457467669584434e+00
9.978785200179144388e-01
1.003649080932160542e+00
1.003022332491226853e+00
1.002243391005259054e+00
1.006315914210354157e+00
1.000160107612883653e+00
1.000010475512838948e+00
1.000400092461086743e+00
1.000368421571773858e+00
1.001856911480782486e+00
9.991016482376838814e-01
9.994676827758292026e-01
9.990182405301288870e-01
1.002525309720057933e+00
9.952598926043632055e-01
9.950245134929721624e-01
9.956817966098894246e-01
1.003538401719443751e+00
9.994641261772942986e-01
1.001334641126056635e+00
9.978948658614986700e-01
9.987407448358401885e-01
9.965450606245244147e-01
1.001532279171448492e+00
9.993678526397753448e-01
9.964091081675848782e-01
1.001264216401919427e+00
9.982788358279123253e-01
9.991972671529505412e-01
9.962206450774677702e-01
1.002346742990037454e+00
1.002209608281750430e+00
9.995804891784093593e-01
1.000079850943882853e+00
9.986805661810600476e-01
9.974780568128539526e-01
1.003511075061744195e+00
9.976232127713013931e-01
1.001896121607070977e+00
9.986896092220429733e-01
9.930573728163637481e-01
9.968596305193866414e-01
1.000365694671026651e+00
9.985783710273253844e-01
1.000309105844428892e+00
9.961326515782203961e-01
9.997612456622702037e-01
9.979472559402667864e-01
9.972439468508687010e-01
9.969700695952942171e-01
9.964288431584110706e-01
9.968760009133390554e-01
9.968274796287777129e-01
1.001764389675506184e+00
9.970915724448889961e-01
9.999265495159087580e-01
9.984050446026295766e-01
9.979962893365251775e-01
9.982438160799981253e-01
9.977176892356147686e-01
9.986485322102168771e-01
9.981852481489776885e-01
9.958236916608687039e-01
9.957575304188629461e-01
9.988911432111300392e-01
9.991417823844269686e-01
9.963750441281243875e-01
9.969634540067241479e-01
9.976122425974434105e-01
9.997466830291186213e-01
9.952517528299693605e-01
9.893978301843741052e-01
9.793614838448498894e-01
9.639472670854880576e-01
9.547452005211882753e-01
9.449935656026537956e-01
9.358050931886761070e-01
9.228721789385364582e-01
9.148791846535920813e-01
