0.000000000000000000e+00
0.000000000000000000e+00
0.000000000000000000e+00
0.000000000000000000e+00
0.000000000000000000e+00
0.000000000000000000e+00
0.000000000000000000e+00
0.000000000000000000e+00
0.000000000000000000e+00
0.000000000000000000e+00
0.000000000000000000e+00
0.000000000000000000e+00
0.000000000000000000e+00
0.000000000000000000e+00
0.000000000000000000e+00
0.000000000000000000e+00
0.000000000000000000e+00
0.000000000000000000e+00
0.000000000000000000e+00
0.000000000000000000e+00
6.674663229092044168e-05
3.681949000628151336e-02
1.067137555245384561e+00
3.487427419122809180e+00
3.422430142586178281e+00
1.883296420045404096e+00
8.514020322668807150e-01
3.849670997986022192e-01
1.957231191251242453e-01
1.207470032771289781e-01
1.858862380714416951e-01
7.149996893456710412e-01
1.499278472261738715e+00
1.748494264074935689e+00
1.463839285003642354e+00
1.068282846441633849e+00
8.011969287965451381e-01
6.885216975689689711e-01
6.756396333988449188e-01
7.289767061372902646e-01
8.098321457054996619e-01
9.023735350739091610e-01
9.915037508052756410e-01
1.071367660485895268e+00
1.131044212983712605e+00
1.178799017058204557e+00
1.205196387317667872e+00
1.213860400482890345e+00
1.202586289271835085e+00
1.175262186952463761e+00
1.136844339854262254e+00
1.095285567019965711e+00
1.060132403862709127e+00
1.030944096564673007e+00
1.004005159315040530e+00
9.807686406913529442e-01
9.616666761547872921e-01
9.453485399607575168e-01
9.358090936476944899e-01
9.291629567964618808e-01
9.243728052659918593e-01
9.276802468226141851e-01
9.324608788836913353e-01
9.408242407746351121e-01
9.525103028621683121e-01
9.626343487634080320e-01
9.742466224685345511e-01
9.836280317810226492e-01
9.918411117371083163e-01
9.975948829464853507e-01
1.005326384412171592e+00
1.012936447933705519e+00
1.014233360074861645e+00
1.017410465088705029e+00
1.017060224515049072e+00
1.019484482483871579e+00
1.018609200222525768e+00
1.013912695302252365e+00
1.013660242443496173e+00
1.011529280795079089e+00
1.007253306235432744e+00
1.004546564865450353e+00
1.000818968249473695e+00
9.991063303019906972e-01
9.999679737878701680e-01
9.982633941746978934e-01
9.985784152998392615e-01
9.929641874354402376e-01
9.976832993573753194e-01
9.940808731209429538e-01
9.961137181832621090e-01
9.966009438143277333e-01
9.944587746282803620e-01
9.940033877242264726e-01
9.948186709971797992e-01
9.943922475543787165e-01
9.935234585885390768e-01
9.953908832046585164e-01
9.955539161801109094e-01
9.974108438477672367e-01
9.990929304925513232e-01
9.994322540570828028e-01
9.993639281520949602e-01
9.994776436910077777e-01
1.001293599641684962e+00
1.000912332020104323e+00
1.001742197235224729e+00
1.000901139296844988e+00
1.000144780036630099e+00
9.996022931757800878e-01
1.000544613550049311e+00
1.000500377950296338e+00
9.996140707806755454e-01
9.999238559116633285e-01
9.990522787536624261e-01
1.000345845537578215e+00
9.999663515203236486e-01
9.983772898141611840e-01
1.001080216765374287e+00
9.991558484216924718e-01
9.999052442411190400e-01
1.000481401179088570e+00
9.997038721626612112e-01
9.996912109750355491e-01
9.997526853325804375e-01
1.001193569112848847e+00
1.001220201304964696e+00
1.000187420023886053e+00
1.001295864913584355e+00
1.001520265473337945e+00
1.002260652740184721e+00
1.000419370473819125e+00
1.001287503324839845e+00
1.000080015494650310e+00
1.000654777865026990e+00
9.996764812271662359e-01
9.983279722264453149e-01
9.978525033249323606e-01
9.987978466546703071e-01
9.976968967836011837e-01
9.987598259764681741e-01
9.980302494317431217e-01
9.982399359050401211e-01
9.983434595306339698e-01
9.984859001398954659e-01
9.995614933060544827e-01
1.000391242067397490e+00
1.000479635908912757e+00
1.000366787664210610e+00
9.998978511211744635e-01
1.000470886834576412e+00
1.000731470097376397e+00
1.000880503452727055e+00
1.001114863435307090e+00
1.001779992764793681e+00
1.000600790323662226e+00
1.001629888045309169e+00
1.000509117862321773e+00
1.001556380290224313e+00
1.000285192324973149e+00
9.994211686804166384e-01
1.000298673743956757e+00
1.000657416215200879e+00
1.001189700664297355e+00
9.996862212689283655e-01
9.993683629103208288e-01
1.000729977258650871e+00
1.000023467409167033e+00
9.994751443173375272e-01
9.994091490817763601e-01
9.997179517035145180e-01
1.000386583689795383e+00
9.996075477615835592e-01
1.000228539529091076e+00
1.000870111057790890e+00
1.000347050063303156e+00
1.000219377056633663e+00
9.991343559964040999e-01
1.001189521109006719e+00
1.000488613326211418e+00
1.000770998450446703e+00
1.000729445619505498e+00
9.992145987123186579e-01
1.000685266635627402e+00
9.997628373040636784e-01
1.000920110903438909e+00
1.000311139984500830e+00
1.000398956700168762e+00
1.001038960613528817e+00
1.000298014190530660e+00
1.000916523115715773e+00
1.000628917203620016e+00
1.000132931941613457e+00
1.000761145657030227e+00
9.993436511567674874e-01
1.000217376426923765e+00
9.999300590630073593e-01
1.000736215028159792e+00
1.000802361184774059e+00
1.000689130834578666e+00
9.997153089246474389e-01
1.000512372753571633e+00
9.993367856802852778e-01
9.994456588054497770e-01
1.001170375647879807e+00
9.998476032174848926e-01
1.000454537590952153e+00
1.000033112814356251e+00
1.000541461918875052e+00
1.000316020416397889e+00
1.000236951114018114e+00
1.000320055069448211e+00
9.995708811200654242e-01
1.000608769688144051e+00
9.999622091237830857e-01
9.999597919438696358e-01
9.995014471808315593e-01
1.000680648040494614e+00
9.997292308398741945e-01
1.000857309340256629e+00
1.000828770362107933e+00
1.000459586900292130e+00
1.000453291583785376e+00
1.000095475592712058e+00
1.000758912269821499e+00
1.000474015247595494e+00
1.000233737156723368e+00
1.000144945370607275e+00
1.000934482396122149e+00
9.994553440367294206e-01
1.000040327215973024e+00
1.000035444427101794e+00
1.000058002900880538e+00
1.000228224702515378e+00
9.996523007773375769e-01
1.000338650843549226e+00
1.000108644498719057e+00
1.000583293381379413e+00
9.997313374330107916e-01
1.000659494427125207e+00
1.000147626854662963e+00
1.000001718551784879e+00
9.999421572247584322e-01
1.000515366092573633e+00
1.000566004891139338e+00
1.000678279606129539e+00
1.000135236303558495e+00
1.000502499829575509e+00
9.996686183924726743e-01
1.000874140056478456e+00
1.000630275298363348e+00
1.000224348345958747e+00
9.999712292859982421e-01
1.000387316610169330e+00
1.000026597733398193e+00
9.997101672629439273e-01
9.996330753901011557e-01
1.000602606935576455e+00
1.000121774154498322e+00
1.000262102151265653e+00
9.997744237156022118e-01
9.999366650011295432e-01
1.000098771633464390e+00
1.000104961938092396e+00
1.000259220069686927e+00
1.000122484552880886e+00
9.999229911643192636e-01
1.000413382399598428e+00
9.998172169038871404e-01
9.996979359452308200e-01
9.999349851947597623e-01
9.987754059235082194e-01
9.913000945186383195e-01
9.802865981030403075e-01
9.691191678212072169e-01
9.584149769745597958e-01
9.474868879474922512e-01
9.371794404016929869e-01
9.260236677149062956e-01
9.154893600587598046e-01
