0.000000000000000000e+00
0.000000000000000000e+00
0.000000000000000000e+00
0.000000000000000000e+00
0.000000000000000000e+00
0.000000000000000000e+00
0.000000000000000000e+00
0.000000000000000000e+00
0.000000000000000000e+00
0.000000000000000000e+00
0.000000000000000000e+00
0.000000000000000000e+00
0.000000000000000000e+00
0.000000000000000000e+00
0.000000000000000000e+00
0.000000000000000000e+00
0.000000000000000000e+00
0.000000000000000000e+00
0.000000000000000000e+00
0.000000000000000000e+00
1.668720038149006159e-05
3.750339403862838067e-02
1.069070084441315238e+00
3.481610236668147174e+00
3.414164071116745358e+00
1.892201756988872718e+00
8.512998717480498856e-01
3.895423873262216508e-01
1.968088070621165364e-01
1.232976333054461582e-01
1.858319638189679934e-01
7.140404220426215254e-01
1.498191736559886467e+00
1.751244686969978481e+00
1.459597028966284737e+00
1.067070928444285860e+00
8.021337411170524900e-01
6.895116628745353582e-01
6.745164824411030713e-01
7.257368003822227687e-01
8.078487101452338504e-01
9.027816034406419554e-01
9.881382551390909263e-01
1.066735827579993412e+00
1.132267515334483887e+00
1.176103251547550910e+00
1.206108139055284800e+00
1.215702876630530671e+00
1.201677160508070497e+00
1.173096223688621542e+00
1.136842782549345232e+00
1.096365754361448897e+00
1.062042340385924710e+00
1.029578358551010320e+00
1.005506588498779053e+00
9.814722558478184977e-01
9.623109479620682860e-01
9.466287912977315866e-01
9.347983440352571893e-01
9.287453979784121572e-01
9.249451513389942425e-01
9.256686353466118122e-01
9.338019666570538391e-01
9.412479409224369098e-01
9.514824714561616048e-01
9.620165859874784120e-01
9.726493780668226119e-01
9.832258781048275331e-01
9.907014084350002081e-01
9.997706221137944160e-01
1.006277755091947057e+00
1.010536789283977166e+00
1.015750203631528459e+00
1.017191648155002515e+00
1.019729443272011205e+00
1.019090636244233350e+00
1.019170855493980454e+00
1.017016956838853403e+00
1.013525865319594210e+00
1.012860598936391909e+00
1.006868242626917542e+00
1.006164241631231970e+00
1.004556279268327135e+00
1.000298721980569017e+00
9.983059475035198638e-01
9.980598029126697135e-01
9.952792315809690926e-01
9.955286379927981155e-01
9.962228544342756065e-01
9.979309806448688480e-01
9.968783118676926014e-01
9.963618916609419118e-01
9.944673208854524216e-01
9.951822138191084299e-01
9.961791708783349630e-01
9.954981883746173432e-01
9.957679392845374400e-01
9.951583471254863422e-01
9.978635262860826582e-01
9.967588677203607084e-01
9.965357927857176890e-01
9.989452582327021934e-01
9.995452851856141407e-01
1.001342846316918500e+00
9.991307421542275913e-01
1.000832688004336335e+00
1.001549034578876007e+00
9.996669508269212523e-01
1.001536944538865548e+00
1.001497962706967781e+00
9.992329253477020279e-01
9.995337149152632161e-01
9.992824459606113319e-01
9.994434518176148474e-01
9.993902393873882462e-01
9.992931299845871917e-01
9.982319095872826953e-01
9.991916120717920791e-01
1.000178680946872900e+00
1.000755669750247767e+00
1.001565651590965667e+00
1.000293451045838777e+00
9.993484075615587381e-01
9.993240679811181693e-01
1.001607921088430553e+00
1.000671664433294916e+00
1.000657936548446481e+00
1.002123589323560937e+00
1.001651242943461639e+00
1.001926729638637825e+00
1.001058868403361224e+00
9.999574279094016749e-01
1.000781086063426084e+00
9.988491848051297417e-01
1.000734989624890714e+00
9.992104219291426670e-01
9.988076428778229765e-01
1.000035229729055342e+00
9.988277475174254239e-01
9.972513845770765162e-01
9.998340910768124257e-01
9.989668560765188055e-01
9.985055358458494457e-01
9.989188555278022408e-01
9.995603839697723147e-01
9.995847015957374238e-01
9.982778949615520592e-01
1.000489260820251580e+00
1.000644531128907389e+00
1.000879052925348844e+00
9.995440361104267479e-01
1.000186718840240019e+00
1.001684231214629683e+00
1.000985160114094663e+00
1.001551615481852897e+00
1.000347582406053704e+00
1.001505789087681286e+00
1.000577826961699168e+00
1.001181855010222277e+00
1.000830248383612009e+00
1.000253626641972149e+00
1.000396800647487927e+00
9.995517333061438858e-01
9.990746105193784032e-01
1.001122567467772839e+00
9.995311879461380444e-01
9.999417174792569751e-01
9.998804651318983217e-01
9.995965630352832143e-01
9.997719490989257496e-01
9.993783831994669242e-01
1.000642787909560738e+00
9.995615395251137292e-01
9.998586358272822938e-01
9.998418843460462613e-01
9.999614470165542057e-01
9.994192506926016240e-01
1.000369685561318889e+00
1.000473802117293864e+00
1.000014336154732897e+00
1.001284478620039442e+00
9.994329023434207482e-01
1.000348490749954911e+00
1.000208269249843962e+00
1.000690226728371712e+00
9.998408994916394565e-01
1.000649768699714448e+00
1.000238339495310713e+00
9.996176213736910343e-01
1.000762777687021599e+00
1.000423718084231917e+00
9.997448884163857574e-01
1.000269542235714848e+00
1.000573178935149521e+00
1.000144846292774448e+00
9.994000030065272044e-01
1.000534048108000063e+00
1.000206076286945800e+00
9.991976874724809443e-01
9.995454646070581761e-01
9.996162406875179762e-01
9.998822073378031972e-01
9.995782883557028375e-01
9.999855858503946537e-01
1.000363297300887133e+00
1.000059312762814789e+00
1.000316970479132150e+00
1.000539184654004599e+00
1.000061859592810576e+00
1.000382889734430014e+00
1.000199332849462719e+00
9.999966210623716378e-01
9.999495999179698336e-01
1.000547730281142078e+00
1.000593218565043241e+00
9.999232664881652077e-01
9.995705934217967714e-01
1.000831342183279515e+00
1.000500129180333042e+00
9.999843170573703421e-01
9.998654392116650413e-01
9.997449673467091458e-01
9.998857800015018560e-01
1.000427769805949829e+00
9.997870505720511947e-01
9.996135204392033735e-01
1.000647016637143061e+00
1.000622643504159637e+00
1.000089640058294815e+00
1.000563984657272476e+00
1.000223593188952043e+00
1.000018079685716987e+00
9.995447464711939567e-01
1.000440324204601827e+00
1.000584038256413510e+00
1.000630555733786453e+00
9.998710254991030055e-01
1.000333161953117278e+00
1.000198744228933956e+00
9.998329781954727880e-01
9.997693961855471656e-01
1.000848538402933530e+00
9.997788036303014714e-01
1.000406515828992315e+00
1.000221415604075847e+00
9.997617324182386245e-01
9.995627379359388609e-01
1.000572688010221700e+00
1.000522445895356105e+00
9.999327998990010791e-01
1.000192539928788760e+00
1.000725263576571322e+00
1.000159399863442156e+00
9.998937292751471917e-01
1.000431951622926752e+00
9.999384261158387188e-01
1.000382948438511166e+00
1.000221191064101234e+00
1.000062325950832109e+00
9.996510039720810648e-01
1.000406829555807064e+00
1.000330732593332383e+00
9.996363565260719675e-01
1.000180803289322462e+00
9.998086778680126407e-01
1.000738489218333749e+00
1.000037360488661209e+00
1.000345519537630290e+00
1.000452644439960403e+00
1.000034439962171007e+00
1.000531145725534143e+00
9.992703248673906469e-01
9.905888237271858188e-01
9.801464834816897564e-01
9.691151042632853985e-01
9.584667331488305742e-01
9.478128273325611142e-01
9.368336226999040006e-01
9.262911494174446148e-01
9.156604377057566690e-01
