0.000000000000000000e+00
0.000000000000000000e+00
0.000000000000000000e+00
0.000000000000000000e+00
0.000000000000000000e+00
0.000000000000000000e+00
0.000000000000000000e+00
0.000000000000000000e+00
0.000000000000000000e+00
0.000000000000000000e+00
0.000000000000000000e+00
0.000000000000000000e+00
0.000000000000000000e+00
0.000000000000000000e+00
0.000000000000000000e+00
0.000000000000000000e+00
0.000000000000000000e+00
0.000000000000000000e+00
0.000000000000000000e+00
0.000000000000000000e+00
0.000000000000000000e+00
0.000000000000000000e+00
0.000000000000000000e+00
0.000000000000000000e+00
0.000000000000000000e+00
3.470889675167878469e-02
8.692130568163677351e-01
3.005412117842080733e+00
3.438820625433292921e+00
2.194526210402169220e+00
1.085101340861129637e+00
5.035305217362933128e-01
2.852961515686658900e-01
2.282957783144333175e-01
2.276349696206955986e-01
2.572495716958146939e-01
2.994946580498898392e-01
3.307596480973648001e-01
3.475287172598773289e-01
3.438440948802432007e-01
3.670501460490493417e-01
4.324335134519441404e-01
5.177651620742590444e-01
6.663602139703296290e-01
8.435639464311358582e-01
1.018910800723634713e+00
1.172217310143605529e+00
1.292747724861886160e+00
1.379441826377635127e+00
1.464166585428404055e+00
1.533228217200988563e+00
1.558241683420172663e+00
1.527162098598087381e+00
1.446386540783712427e+00
1.325915879357326466e+00
1.188996703769634511e+00
1.055943332970030735e+00
9.593649713311425131e-01
9.178231774463749826e-01
8.763216105371937070e-01
8.574833298432744666e-01
8.666429018545140917e-01
8.762869921006102292e-01
8.902426046131136639e-01
9.103804437863126653e-01
9.366644781044196622e-01
9.528144472548754074e-01
9.708915039807340941e-01
9.831065912949351615e-01
1.010361427044677241e+00
1.015514480602082825e+00
1.024629078484032174e+00
1.033154042540543660e+00
1.046170810423938891e+00
1.035668289476354698e+00
1.048634590123297849e+00
1.033847837727638774e+00
1.035695407140743818e+00
1.021095446748655933e+00
1.002113236134409835e+00
9.867859481389900100e-01
9.790466338497940679e-01
9.707676145257587708e-01
9.680135644740227585e-01
9.613645240909655110e-01
9.655535411121598521e-01
9.672578030461667087e-01
9.761943975512216154e-01
9.779766670216230029e-01
9.887114070087720252e-01
9.931154403661603958e-01
9.973320218022524442e-01
1.005337533876927703e+00
1.003775444193475419e+00
1.009422731106929483e+00
1.008500283965385380e+00
1.005410841456589877e+00
1.005610583458455221e+00
1.003340595122703460e+00
1.004443413719550149e+00
9.946022579429626420e-01
9.938710420269371015e-01
1.000190328280305518e+00
9.883531369379241482e-01
9.851738529259181920e-01
9.906954010808116662e-01
9.895036337150333594e-01
9.902849469600780719e-01
9.871798197098123895e-01
9.876452083991521524e-01
9.866422168629239708e-01
9.926833268169948932e-01
9.911955080919009342e-01
9.908055116800927875e-01
9.942802874226132070e-01
1.000095749638018061e+00
9.988506510238716052e-01
1.002613992247100461e+00
1.007197179992172398e+00
1.005861408133297497e+00
1.007947701504562588e+00
1.010038581045522577e+00
1.008606261291137951e+00
1.009629125209922096e+00
1.005757468130961119e+00
1.000143736036001707e+00
1.002089460721048209e+00
9.925938918532765110e-01
9.990959333122720887e-01
9.922100936919533432e-01
9.963600390324759415e-01
1.003961978058949267e+00
9.992336756098958439e-01
1.001066881016230870e+00
1.003129436235962180e+00
1.002299896562463211e+00
1.003969323850770534e+00
1.006927815794186554e+00
1.002606160083884923e+00
1.003626863163731509e+00
9.987233780701777475e-01
1.001145807543101229e+00
9.963932017799275176e-01
9.997852129643806096e-01
9.931714590084401717e-01
9.991428138067185438e-01
9.969096240862490577e-01
1.002736901455187013e+00
9.988173970656896161e-01
1.001470109088776983e+00
9.946499850148814437e-01
1.000479881149515027e+00
9.978625263517614252e-01
9.967687220530713210e-01
9.963122484103162924e-01
9.997008493134811324e-01
9.989410388067887503e-01
9.973069762271437044e-01
9.961613252567426136e-01
9.998585728420411600e-01
9.980994918283676576e-01
9.999119077598704886e-01
1.003592517813245433e+00
1.003728989365142876e+00
1.002814376326406576e+00
1.002120001805870242e+00
1.000504820706641818e+00
9.982772643688648806e-01
9.964815022776397635e-01
1.002323916803874893e+00
9.999246765417373339e-01
9.972114662632499682e-01
1.002575844625120283e+00
1.001208373308720700e+00
1.000309600800948440e+00
1.000167807641680007e+00
9.993269239016915328e-01
1.001362513556604439e+00
1.001032757954414931e+00
9.970024840632033536e-01
9.988563147431981371e-01
1.002639478860605227e+00
9.964198608789909262e-01
9.976497051532365878e-01
9.971939261434875634e-01
9.999406746495025367e-01
9.985258907485864421e-01
9.971813808735003892e-01
9.953347132325371938e-01
9.996299257982926845e-01
1.000832913121085355e+00
1.000913577543058430e+00
1.000184111765979322e+00
9.971913913451612155e-01
9.995544772405079437e-01
9.992563011961560493e-01
9.988846777882355310e-01
9.984901646917674345e-01
9.969961178264057367e-01
9.991681676165629078e-01
9.942936322455904197e-01
9.975035846348323521e-01
9.997556748063644028e-01
9.990175319825898015e-01
9.986513114349228060e-01
9.986487348987760360e-01
9.961596229937765834e-01
9.977748682564739902e-01
9.964589059752866351e-01
9.994196096999895529e-01
9.966397802866989730e-01
9.988963955876853928e-01
9.972764076845327397e-01
9.972628449892230185e-01
1.000119580074870562e+00
9.982883340890688073e-01
1.000578081910646677e+00
9.958771923145283145e-01
1.001950569202882502e+00
9.974348491152272844e-01
1.000124877601114681e+00
9.982563677014920644e-01
1.002430854864689413e+00
9.986743181564777805e-01
9.986388517551746391e-01
1.000469580120884494e+00
9.990430015453923840e-01
1.001148720393870484e+00
1.000038465425328038e+00
9.990259493732586149e-01
9.991095976987375282e-01
9.984785054569114138e-01
9.981113143367724705e-01
1.000276314024279412e+00
1.001030862728018223e+00
9.986086050965214955e-01
9.992562717168400610e-01
9.997028368277952604e-01
9.985210235687560498e-01
9.994439084643852445e-01
9.983299293736473956e-01
1.000688582294664730e+00
9.981125272537063609e-01
1.000197210061685604e+00
1.000142726640977031e+00
9.974534186285125559e-01
9.970006158073906333e-01
9.984033958190335900e-01
9.992374596306352608e-01
9.986427527024414053e-01
9.969367264266202344e-01
9.958284297541274421e-01
1.001488983059306781e+00
9.993890419663732372e-01
9.985666164037547698e-01
9.985684709894063760e-01
9.963341310255473537e-01
9.971281410276259249e-01
9.981670604315078243e-01
9.976943526942008145e-01
9.979652741686004802e-01
9.985193631741985376e-01
9.996175226504314670e-01
1.000899792653967335e+00
9.990526364429074269e-01
9.929601179594031990e-01
9.815995557538265137e-01
9.713040185785275504e-01
9.606535358788568235e-01
9.489706785858622595e-01
9.379667425324362817e-01
9.272900148915134144e-01
9.166885988481809910e-01
9.076586461359404945e-01
8.959903665237765047e-01
8.852414514332911377e-01
8.736809582391608098e-01
8.646049249899193656e-01
8.534093836305758352e-01
8.443335062391482682e-01
