0.000000000000000000e+00
0.000000000000000000e+00
0.000000000000000000e+00
0.000000000000000000e+00
0.000000000000000000e+00
0.000000000000000000e+00
0.000000000000000000e+00
0.000000000000000000e+00
0.000000000000000000e+00
0.000000000000000000e+00
0.000000000000000000e+00
0.000000000000000000e+00
0.000000000000000000e+00
0.000000000000000000e+00
0.000000000000000000e+00
0.000000000000000000e+00
0.000000000000000000e+00
0.000000000000000000e+00
0.000000000000000000e+00
0.000000000000000000e+00
0.000000000000000000e+00
0.000000000000000000e+00
0.000000000000000000e+00
0.000000000000000000e+00
0.000000000000000000e+00
3.556225344350286838e-02
8.024857470934254611e-01
2.675474511112478027e+00
3.125000285627968832e+00
1.985641186431013727e+00
9.922132267814689488e-01
4.653861909207238079e-01
2.582443778876721829e-01
2.073624724374446004e-01
2.256550077781002972e-01
2.464983523285793898e-01
2.815630241968288261e-01
3.059827775935639038e-01
3.076168105984162793e-01
3.085774898428378377e-01
3.240584450626480262e-01
3.918410186434552744e-01
5.187901347483233616e-01
6.646822133781314923e-01
8.380917302710624295e-01
1.031319654364986071e+00
1.215585113953448149e+00
1.318047280277548694e+00
1.435959031435136923e+00
1.517729660547924242e+00
1.574966650416160574e+00
1.621297577646286348e+00
1.604521379118199587e+00
1.508065161020603506e+00
1.381574321217559298e+00
1.235696746613551111e+00
1.095707747052532266e+00
9.942072166746863671e-01
9.254929834059466565e-01
8.923798015408183071e-01
8.768591450029803447e-01
8.701933051542435349e-01
8.759027157091842097e-01
9.072889116132483167e-01
9.264705166500168954e-01
9.482247295630610306e-01
9.784005759357971010e-01
9.881522539265741312e-01
1.009772481424340951e+00
1.021148950751891826e+00
1.026241733172232440e+00
1.048631144167820883e+00
1.065466173809928252e+00
1.060336578415459474e+00
1.069630110081176255e+00
1.066177146206795268e+00
1.058930893881192548e+00
1.036356897398776011e+00
1.030624188531986007e+00
1.018408022584622374e+00
9.971992821172259713e-01
9.990293202160142050e-01
9.888474758501181183e-01
9.861965233273800591e-01
9.817065017327123444e-01
9.795342775989958062e-01
9.775368781085470582e-01
9.940659567092975379e-01
9.962067848960760585e-01
9.936461454271033888e-01
1.003867074578618235e+00
1.008953698603947791e+00
1.009707862799511524e+00
1.012621533508557770e+00
1.021788155351424310e+00
1.021826357962368759e+00
1.023457010072779338e+00
1.017057953882774646e+00
1.014361499551452717e+00
1.010224047024281813e+00
1.015227944076178224e+00
1.002571297487774737e+00
1.005112693079739827e+00
1.005269991846583055e+00
1.001829331980120141e+00
9.978645040373437247e-01
1.002644167821542531e+00
9.986618555368043104e-01
9.963204381357150252e-01
9.982541285527082309e-01
1.000970335093561037e+00
9.990877277311825955e-01
9.926862402026971344e-01
9.990745590463584458e-01
1.000231717505990714e+00
1.006469355074333993e+00
1.008756094162668315e+00
1.009293236387324155e+00
1.011463742050253689e+00
1.016269211735887135e+00
1.011724153931795156e+00
1.009831169496462788e+00
1.012729296147615976e+00
1.007083120704660884e+00
1.007359592438901608e+00
9.977161698996597217e-01
1.000849009369475517e+00
9.939202566170455277e-01
9.956343230148297918e-01
9.982964064649577640e-01
9.970873401911025669e-01
9.909106060833100527e-01
1.003848057468021970e+00
1.004881516753619364e+00
1.007124342985212584e+00
1.002427966695637052e+00
1.005637721926405437e+00
9.966350373502130822e-01
9.971843582320661925e-01
1.002857935742754281e+00
9.975494483458635653e-01
1.002069376130035216e+00
1.000383745485663667e+00
1.003327345202054355e+00
9.983255664849460809e-01
9.979708745587252405e-01
9.985164605155733009e-01
9.986057756903432558e-01
9.984742113828792842e-01
1.000364007526811871e+00
9.999454572637311855e-01
9.965395224409148156e-01
9.976005412117830984e-01
9.929466883815097900e-01
9.954978088784779411e-01
9.953864072926962292e-01
9.945671588943215680e-01
9.953912182603511516e-01
9.927224380834922535e-01
9.953477694667545173e-01
9.943733980648420401e-01
9.956613738093990085e-01
9.945038801826828756e-01
9.940376126952886748e-01
9.943082078911131827e-01
9.973014128930630662e-01
9.981140233304862663e-01
9.957362879594653382e-01
1.001367331325492938e+00
9.969539898127188771e-01
9.957047343705947018e-01
9.960322423101559686e-01
9.972045601872043807e-01
9.931099916019363594e-01
9.954524556806298996e-01
9.923935789204800795e-01
9.934489024199919527e-01
9.922290539569204038e-01
9.991156356998732724e-01
9.933748881515475082e-01
9.914242050889797708e-01
9.921097814275300353e-01
9.965487169721783944e-01
9.931337626896220572e-01
9.960890472301981990e-01
9.965290079624697928e-01
9.977726879632365931e-01
9.960054658515503645e-01
9.948171202178739403e-01
9.924245160433314838e-01
9.968547364542038602e-01
1.001007103415056942e+00
9.986193848964033393e-01
9.967765698273368669e-01
9.970510826569751739e-01
9.955801257914163038e-01
9.975244289038829315e-01
9.928908007908021638e-01
9.983322701109560438e-01
9.945990714834076485e-01
9.934884760824216343e-01
9.910357268373453099e-01
9.996295480821401069e-01
1.001258276262823266e+00
9.956410960232358054e-01
9.953636170379767112e-01
1.000087429903433023e+00
9.960480544959091631e-01
9.938403988119850485e-01
9.979255800660886688e-01
9.953477768048364371e-01
9.954030357612194679e-01
9.967318877442149505e-01
9.957369970268190595e-01
9.989126762970997886e-01
9.958489816930647942e-01
9.964171473986438432e-01
9.969675650722761295e-01
9.995687771014581946e-01
9.986296577589698353e-01
9.996009486459952464e-01
9.985858599194638030e-01
9.982843276001069910e-01
1.001035962782980127e+00
9.979687342403531503e-01
1.003587346045909046e+00
9.988761842445457173e-01
1.000034704220020831e+00
1.003638946660150744e+00
1.004035122513248890e+00
1.000393851204505191e+00
1.001156942787063464e+00
1.002546952569145278e+00
1.001899415762730117e+00
9.971159595016390043e-01
9.993482974365860416e-01
9.979032016740967403e-01
9.974818169470686113e-01
1.000727389074461238e+00
9.983213130749418740e-01
9.992776791764699240e-01
9.959444472000851256e-01
9.987815831106577891e-01
9.993156255913514530e-01
1.000224993424582598e+00
9.959808634865449095e-01
9.963445044594023692e-01
9.952696169574639651e-01
9.992518817452543667e-01
1.001802408043800829e+00
9.972668919200791127e-01
9.989393124388824541e-01
9.994201098226600521e-01
9.965595370003784703e-01
9.981945417814254151e-01
9.990105499197569072e-01
9.961840408921059931e-01
9.960474509645095287e-01
9.956925559528090330e-01
9.962938403705747792e-01
9.960461119137170583e-01
9.945973360037547728e-01
9.980125345668793280e-01
9.940072567973303741e-01
9.962902883580980751e-01
9.977371623601798412e-01
9.984214663719993554e-01
9.948151422625847173e-01
9.970850068985084302e-01
9.958450272501826461e-01
9.955530894878695802e-01
9.967640558632631098e-01
9.990523261802993771e-01
9.920369164372306869e-01
9.857592893162303582e-01
9.728825840556192261e-01
9.630778607634672417e-01
9.515880194202713804e-01
9.414359865342940559e-01
9.306877838886086218e-01
