0.000000000000000000e+00
0.000000000000000000e+00
0.000000000000000000e+00
0.000000000000000000e+00
0.000000000000000000e+00
0.000000000000000000e+00
0.000000000000000000e+00
0.000000000000000000e+00
0.000000000000000000e+00
0.000000000000000000e+00
0.000000000000000000e+00
0.000000000000000000e+00
0.000000000000000000e+00
0.000000000000000000e+00
0.000000000000000000e+00
0.000000000000000000e+00
0.000000000000000000e+00
0.000000000000000000e+00
0.000000000000000000e+00
0.000000000000000000e+00
1.558749259594101525e-05
3.415320360105497666e-02
1.025142028639152381e+00
3.358333733376803742e+00
3.334489687075943731e+00
1.842096630029226301e+00
8.340122941763292719e-01
3.839169326353391587e-01
1.970099494647067351e-01
2.246523741737659896e-01
8.483129190467439962e-01
1.751944687828097313e+00
1.917952985157293178e+00
1.465131475970047781e+00
9.873158749803264689e-01
6.978242136012500207e-01
5.821062215319423583e-01
5.743097992538362950e-01
6.270373185063757848e-01
7.158838473870149377e-01
8.138731094293556456e-01
9.195179955194719978e-01
1.015334176504099739e+00
1.093803315043379021e+00
1.159059927157185532e+00
1.204696455347537665e+00
1.230538365648149890e+00
1.233662085861378710e+00
1.212343803026545874e+00
1.177110907894947989e+00
1.129269318151073342e+00
1.087860544254184214e+00
1.047030423917624020e+00
1.010520701700574175e+00
9.804164665654160338e-01
9.577568181620284005e-01
9.436791859378063085e-01
9.274736236336997841e-01
9.244696217689836182e-01
9.213505889281984329e-01
9.215787750824343538e-01
9.265601731381450934e-01
9.400932557320407224e-01
9.508203580323918436e-01
9.658901568243308811e-01
9.774211584558173405e-01
9.863712365058963094e-01
9.963236173031747578e-01
1.003426541594640398e+00
1.010161925485995260e+00
1.013393522869074026e+00
1.018158330181429427e+00
1.020518601080748100e+00
1.021296671435745429e+00
1.021905203171895593e+00
1.018411812283262607e+00
1.016411054803458613e+00
1.014689161845444998e+00
1.010783950198888226e+00
1.008883593648916888e+00
1.005897465192013840e+00
1.003344476656909290e+00
1.002225651711407872e+00
1.000918209143305093e+00
1.003043644224875575e+00
9.999709836790476869e-01
1.000333625218914113e+00
9.967662063806638217e-01
9.964020122130191615e-01
9.958387504554880865e-01
9.963751921148179536e-01
9.968217858218192395e-01
9.957428691430949552e-01
9.956374455711191063e-01
9.942914767600943282e-01
9.961208824898046821e-01
9.963342954404320606e-01
9.975583572097298513e-01
9.969703714977385944e-01
9.971354441550586145e-01
9.979846958840085103e-01
9.998585766354451954e-01
1.000423825427888769e+00
1.001161250339930753e+00
1.002715642324781831e+00
1.004282250781679764e+00
1.002540782637301842e+00
1.002929034033915645e+00
1.003597568747012003e+00
1.003484758467810156e+00
1.001358313895871044e+00
1.001333329117272797e+00
1.001550258979378549e+00
9.997689694575588870e-01
1.001077844565743113e+00
9.998789341192874103e-01
9.997493965876540489e-01
9.992620595135951467e-01
9.991203792645596549e-01
9.983677879569591296e-01
9.990194879588338850e-01
9.991998885991060231e-01
9.990861730516668038e-01
9.992377280989660493e-01
9.980090964425808453e-01
9.996726180571733344e-01
9.985713749060471933e-01
9.981417797280480730e-01
9.993050208523504008e-01
9.987734433190752492e-01
9.984374522103328653e-01
1.000151460829757255e+00
1.000493363293397886e+00
1.000496387564999701e+00
1.000235778500043082e+00
1.000866436402033655e+00
1.000392963094699494e+00
1.000921207836634297e+00
1.001608756004656264e+00
1.000324981425724902e+00
1.000406752253359288e+00
1.000171305803438049e+00
1.000383636252173858e+00
1.000429768760862093e+00
1.001138178332595885e+00
1.000099422383034620e+00
1.000136687663346846e+00
9.995428531504585434e-01
9.993618838857446507e-01
9.987818992917045779e-01
9.987078552392897324e-01
9.975616845564719837e-01
9.987069421199007424e-01
9.990918964251668255e-01
9.995327654650754123e-01
9.999484496031872949e-01
1.000561495230500642e+00
1.000753084294531137e+00
1.001159395872728064e+00
1.000650998868944930e+00
1.001183326302895749e+00
1.001688149262514038e+00
1.001177137516917837e+00
1.001817804484089303e+00
1.001795403208481927e+00
1.001176423028133922e+00
1.001315238736510516e+00
1.000583470015397713e+00
1.000762783195231931e+00
9.998727487010333759e-01
9.991914382381084092e-01
9.992892817201053379e-01
9.993567235817120142e-01
9.988566530689713119e-01
9.981482652951005896e-01
9.986200599923972243e-01
9.991159250739402031e-01
9.990275984447397617e-01
9.991758224810457500e-01
1.000431605390054823e+00
9.993330463612717374e-01
1.001292581963797668e+00
1.000374843819173520e+00
1.000771996575779310e+00
1.001151390753766357e+00
1.001918523308268361e+00
1.000536948933905323e+00
1.000878250610512277e+00
1.001241430648096786e+00
1.000935800850485835e+00
1.000519510156536507e+00
9.997135157583751930e-01
1.000179816141973044e+00
9.993286672220130784e-01
9.998862990926182803e-01
9.999970000489420974e-01
9.995501653070381076e-01
1.000185608504464030e+00
9.996510552191605337e-01
9.994570827896067655e-01
9.992638894717776887e-01
1.000133048174008721e+00
9.989862863047351826e-01
9.996248761980703890e-01
1.000101834158529490e+00
1.000589251238234390e+00
9.998508838072951432e-01
9.998079591643880271e-01
1.000222304948131358e+00
1.000196004318364862e+00
1.000142393987454525e+00
1.000689505318931083e+00
1.000272120016607147e+00
9.992516993797844194e-01
9.999033806587730444e-01
9.996896889616811999e-01
9.996383809868075732e-01
9.994422602986560156e-01
1.000046111193300113e+00
9.997212926878936701e-01
1.000589361509309994e+00
1.000156246181483466e+00
1.000382609238841924e+00
1.000801740757896630e+00
1.000349173676464698e+00
9.999003362989565824e-01
1.000533390752819107e+00
1.000179949749522956e+00
9.998860578331788540e-01
9.999520457942140395e-01
1.000376306722473352e+00
1.000194936790416156e+00
9.996022040465375458e-01
9.993172538185688403e-01
1.000749437623913440e+00
1.000167636017903927e+00
1.000062787220785676e+00
9.999642245508787441e-01
1.000164942905796384e+00
9.999171870272164364e-01
9.997505657580931793e-01
9.997548736829936500e-01
9.997981154545627636e-01
1.000172162990393687e+00
1.000244846389030773e+00
1.000339498737669031e+00
9.999257055866594968e-01
9.999985025714591691e-01
1.000244986711407158e+00
1.000435634731592138e+00
1.000304571209782445e+00
9.996013035478390485e-01
9.997950860104376503e-01
1.000306377765518118e+00
9.997589420316785880e-01
1.000513674346322324e+00
1.000545922248602171e+00
9.997753959671273893e-01
9.999063626711994779e-01
1.000215705291113588e+00
1.000446738567084326e+00
1.000079046036028041e+00
1.000106587243798417e+00
9.999847128925519746e-01
9.999521437134586410e-01
1.000150761260713672e+00
9.999103309038728238e-01
1.000297215540875140e+00
1.000699883107433630e+00
1.000658351542944802e+00
9.997896621027789754e-01
1.000599972374605295e+00
1.000204440208386059e+00
9.974492942004967722e-01
9.880009429165912405e-01
9.773790200858515353e-01
9.661001973492738815e-01
9.553831084919033323e-01
9.445284999365184397e-01
9.344392540373545053e-01
