0.000000000000000000e+00
0.000000000000000000e+00
0.000000000000000000e+00
0.000000000000000000e+00
0.000000000000000000e+00
0.000000000000000000e+00
0.000000000000000000e+00
0.000000000000000000e+00
0.000000000000000000e+00
0.000000000000000000e+00
0.000000000000000000e+00
0.000000000000000000e+00
0.000000000000000000e+00
0.000000000000000000e+00
0.000000000000000000e+00
0.000000000000000000e+00
0.000000000000000000e+00
0.000000000000000000e+00
0.000000000000000000e+00
0.000000000000000000e+00
3.118499572911738232e-05
3.405076094683744115e-02
1.030907805875149741e+00
3.349919301234908886e+00
3.312524905155708410e+00
1.832549639168950861e+00
8.302487415944692639e-01
3.795861112765991918e-01
1.976379791620508364e-01
2.258013692996785338e-01
8.405541949611174957e-01
1.746767857343725083e+00
1.914771837137986710e+00
1.459441077365501105e+00
9.838558024879991981e-01
6.982563611875256537e-01
5.843543087652300905e-01
5.765820766633784622e-01
6.324781140459261319e-01
7.169328200355971070e-01
8.162161635720669439e-01
9.199844694922439947e-01
1.014502879497418242e+00
1.096035236569142590e+00
1.158207599291505518e+00
1.208461098613229812e+00
1.227441770372022622e+00
1.229643088224721792e+00
1.209932982744565289e+00
1.172104639781472502e+00
1.129015217064133436e+00
1.089302039471433670e+00
1.048453341126611704e+00
1.009764458607130377e+00
9.840211901577250453e-01
9.579771666335209490e-01
9.409006366394572218e-01
9.313455010658128197e-01
9.246228701783859583e-01
9.242103816266077354e-01
9.206894190038313885e-01
9.283028594511993914e-01
9.389958241657296867e-01
9.500708104862299885e-01
9.632828055176320126e-01
9.770032646250054187e-01
9.846813237381497608e-01
9.964866893994827057e-01
1.004814446937461803e+00
1.008354725645138172e+00
1.015785211544449229e+00
1.018628886159299585e+00
1.020948506112341558e+00
1.022378015815425645e+00
1.020511688497057090e+00
1.019986363787923622e+00
1.016652344725814894e+00
1.012229224925915050e+00
1.010085397806635532e+00
1.008298156020058345e+00
1.005905996470422226e+00
1.006026862952124956e+00
1.004153620901085953e+00
1.001818677885332853e+00
9.997841824928057619e-01
9.990395764005206569e-01
9.984755394874470502e-01
9.977565582097492891e-01
9.954140709144903010e-01
9.959417344339742684e-01
9.951851096093753402e-01
9.946462819880541595e-01
9.941507410242264031e-01
9.935791716150224051e-01
9.948691556247876155e-01
9.945306802277268376e-01
9.940255368250159318e-01
9.961647323426484624e-01
9.963907379160986677e-01
9.985499672929619708e-01
1.000750851409693665e+00
9.996325310752192106e-01
1.000957168969447642e+00
1.002205240894366467e+00
1.002774730670474179e+00
1.002454820692686210e+00
1.003401847476639297e+00
1.003469464318679227e+00
1.003546808533440693e+00
1.003904308568694059e+00
1.003287476049438354e+00
1.001196230027001421e+00
1.000269668693303027e+00
9.999460077294800575e-01
1.000027995212818599e+00
9.988946427296029329e-01
9.987313693068635700e-01
1.000569417283654117e+00
9.992652499147925971e-01
9.988522655965035302e-01
9.993746269145139527e-01
9.988623248840514668e-01
9.986920391490731186e-01
1.000028790432294867e+00
1.000188689157921029e+00
9.988547314964859591e-01
9.993290258423859207e-01
9.995726394072428356e-01
1.000425694820276323e+00
9.991524290211820647e-01
1.000165002450983831e+00
1.000046997307888041e+00
1.000364074940267356e+00
1.000585265324877460e+00
9.999102413529408206e-01
1.001138276956571316e+00
1.000449018780522614e+00
1.001546701466510703e+00
1.001103940565561956e+00
9.997412616881643510e-01
1.001215087403040549e+00
1.001690530882999086e+00
1.001158298260955037e+00
1.000776505686219231e+00
1.000885551511044413e+00
1.000226771304467466e+00
1.000090161901306063e+00
9.985979942943730148e-01
9.992364072578832079e-01
9.996588867979954163e-01
9.982380302050104515e-01
9.977278769255721880e-01
9.985959134027529993e-01
9.992046761177875158e-01
9.993891532871055361e-01
9.996030496735426318e-01
1.000418513831694778e+00
1.000209649892605634e+00
1.001429002449327088e+00
1.001369333562017072e+00
1.001196999962790546e+00
1.002080191890524663e+00
1.001530888049095624e+00
1.002374379696522100e+00
1.001850898746731833e+00
1.002369394373513911e+00
1.001198752899803424e+00
1.000754070826125774e+00
1.000215254491403361e+00
1.000147366922650161e+00
9.992886880431504082e-01
9.990287853666911522e-01
9.993203947327122805e-01
9.993552048403073762e-01
9.984679432514815822e-01
9.985840805886684324e-01
9.983765542155468298e-01
9.995925876963565049e-01
9.993002115204272506e-01
9.994535310710760401e-01
1.000597161926838563e+00
1.000600838747016441e+00
1.000453872959059742e+00
1.000768351658447353e+00
1.000823291208651655e+00
1.001568681229727309e+00
1.000800735708318623e+00
1.000520501456173772e+00
1.000982119594664654e+00
1.000743825522678598e+00
1.000665601908293567e+00
1.000389518511690889e+00
1.000224709701330594e+00
9.998954999696302304e-01
1.000186241774393858e+00
1.000026493788835680e+00
1.000739130165413604e+00
1.000148618507381126e+00
9.995095572300637388e-01
9.998225648299121637e-01
9.995753757036482945e-01
1.000198869607074270e+00
9.997395575899383768e-01
9.993745401437765796e-01
9.995654203073620625e-01
9.996717570959053889e-01
1.000511276949724637e+00
9.999818096283996649e-01
9.999372823350268780e-01
1.000184793020244323e+00
1.000230965345657808e+00
1.000167395183692687e+00
1.000779974708151832e+00
9.992888430312943937e-01
9.999954416921920108e-01
9.999411496895046492e-01
1.000343557513583281e+00
9.997825543771651224e-01
9.998542775243707270e-01
9.992320334354862776e-01
9.994352525736650561e-01
9.999329395110382324e-01
1.000298070327254374e+00
1.000451874333800228e+00
1.000460664546807932e+00
1.000168200253421791e+00
9.999441717690306097e-01
9.998382274848274243e-01
9.996568084668639997e-01
1.000240345774384698e+00
1.000395548076484786e+00
9.998836362978194003e-01
1.000335907248133926e+00
1.000180793807427415e+00
9.997379105739913063e-01
1.000277710483866267e+00
9.999621515230379121e-01
1.000216232118730897e+00
1.000360525198453088e+00
9.999077909874202197e-01
9.998977920476094239e-01
9.991251507527636466e-01
1.000249873335840256e+00
1.000364775548630680e+00
9.998033144691370611e-01
9.999239878889544242e-01
1.000442350109810974e+00
1.000365917893802248e+00
9.999190191102164116e-01
1.000180353208018236e+00
1.000463113636012258e+00
1.000261531042512031e+00
9.998212337686634976e-01
9.997911270825461383e-01
1.000403443854215313e+00
1.000208628002817512e+00
9.999404293410797395e-01
9.997799695812393805e-01
9.996899657883475676e-01
9.999768361082637114e-01
1.000569926703427370e+00
9.999425893598051784e-01
9.995543013345279393e-01
9.998058291468291392e-01
9.998477662769233998e-01
1.000514166161023510e+00
9.998404447981912302e-01
9.999968858368869506e-01
1.000129912232422980e+00
1.000364203883788550e+00
1.000068343699839435e+00
1.000839075208773021e+00
1.000091705473793002e+00
9.979579740081090389e-01
9.883992016905580602e-01
9.767402761748961160e-01
9.666818575306136418e-01
9.553770367318362711e-01
9.449193313762502822e-01
9.346157750567349876e-01
