0.000000000000000000e+00
0.000000000000000000e+00
0.000000000000000000e+00
0.000000000000000000e+00
0.000000000000000000e+00
0.000000000000000000e+00
0.000000000000000000e+00
0.000000000000000000e+00
0.000000000000000000e+00
0.000000000000000000e+00
0.000000000000000000e+00
0.000000000000000000e+00
0.000000000000000000e+00
0.000000000000000000e+00
0.000000000000000000e+00
0.000000000000000000e+00
0.000000000000000000e+00
0.000000000000000000e+00
0.000000000000000000e+00
0.000000000000000000e+00
5.665907020607065345e-05
3.317370178026424893e-02
1.003880967182153805e+00
3.377330129722965424e+00
3.385167767658970206e+00
1.909497571258562676e+00
8.826614562895688243e-01
4.014608384583003287e-01
2.044319004290851838e-01
1.259012063289398908e-01
1.771841692360767717e-01
6.669634820283598664e-01
1.434476701682166233e+00
1.705605584043561773e+00
1.443107121073471388e+00
1.063184060507741391e+00
7.996192869694178640e-01
6.707711338027452230e-01
6.545192658724968693e-01
7.014895149174017464e-01
7.821430709857379870e-01
8.771661398381835895e-01
9.741274432655085969e-01
1.055150272143608792e+00
1.124831630093609425e+00
1.181102835634818327e+00
1.210580419108441719e+00
1.222981192321130672e+00
1.215638227340365640e+00
1.186040119798243087e+00
1.149143899321016349e+00
1.103613718444536707e+00
1.068630346910741880e+00
1.034522542810297541e+00
1.007659703679670393e+00
9.865550848870011658e-01
9.686089937331597843e-01
9.540444342503654473e-01
9.413277302639212474e-01
9.334941050212258729e-01
9.312910870137721675e-01
9.288310275737212685e-01
9.318330468283823054e-01
9.370276374957852150e-01
9.503933829796596955e-01
9.552710410588876044e-01
9.687039220802724504e-01
9.819178814906694974e-01
9.914406337732157848e-01
1.001269966770783615e+00
1.012310021819131878e+00
1.015811556494344181e+00
1.021683383791038402e+00
1.023619385646306501e+00
1.023680877407739942e+00
1.021792369042834769e+00
1.018681562106905192e+00
1.019220320515796141e+00
1.012029231642458171e+00
1.013204558955691059e+00
1.007267588975373052e+00
1.006341926476550741e+00
1.001851292846638319e+00
1.000074775318702036e+00
9.991085207264122081e-01
9.986612683511029154e-01
9.964365340951480965e-01
9.960008309372165858e-01
9.958365421472412660e-01
9.946890819163577424e-01
9.954701100721673468e-01
9.972041562613409571e-01
9.965461701853967069e-01
9.971550214968080139e-01
9.978710776488255441e-01
9.996912731670499763e-01
9.971455471752186384e-01
9.976650440253134189e-01
9.996308386241473665e-01
9.996794891096059121e-01
9.978517974001434032e-01
9.985670758055222862e-01
9.986294003621666304e-01
1.000942860462165074e+00
9.990063225216605503e-01
1.002496293191096122e+00
9.994865293762656977e-01
9.998130546472431268e-01
1.000719463048939328e+00
1.000516443672532452e+00
1.000802426910616827e+00
1.000727595874061571e+00
1.001010973198211085e+00
1.002599692021143740e+00
1.000141149073877411e+00
9.995433442031395055e-01
1.001186596927643002e+00
1.000532635287192385e+00
9.998114833260105527e-01
1.001087251816947576e+00
1.000246924204574395e+00
9.990678222039154344e-01
1.000386982377168721e+00
1.001278849697465390e+00
1.000759344275430340e+00
9.994169992692247817e-01
1.000699007415696506e+00
9.993941368332845965e-01
1.001420995993605789e+00
1.000832239268190538e+00
1.000171823664810056e+00
9.988578835600775419e-01
9.996019865505412216e-01
1.000387508665633973e+00
9.993666469627123794e-01
9.987558544833985419e-01
9.998514822309936267e-01
9.996577341311738696e-01
9.996260383771106151e-01
9.988640852219485833e-01
9.991438637655066790e-01
9.991958512482690402e-01
9.981293823319954406e-01
9.993663825869270045e-01
1.000561479184594704e+00
1.000935886518400819e+00
1.002046872893548546e+00
1.001205008004280250e+00
1.001462843766019351e+00
1.001556016003099625e+00
1.000080478896505198e+00
1.000112402830782399e+00
1.001013951779383016e+00
1.001904225700267936e+00
1.000848872661126876e+00
1.001340667665911344e+00
1.000923356517263052e+00
9.992689182277713078e-01
9.996781081563526072e-01
9.995206115101168409e-01
9.991678409013451390e-01
9.986836768406165410e-01
9.978561306462160330e-01
9.986181972594330158e-01
9.984097033075630678e-01
9.990845407329506100e-01
9.988696638842192721e-01
9.985606710553480703e-01
9.995193973986431502e-01
1.000014273922284147e+00
1.000130194489692315e+00
9.993110456351358417e-01
1.000043128972025519e+00
1.000443960764487272e+00
1.000578328785329152e+00
1.000024550565260739e+00
1.000803543407209117e+00
1.001244543487299854e+00
1.001351632527981206e+00
1.000954766632786042e+00
1.000255570498970847e+00
9.995948333647851625e-01
9.996546505872919708e-01
9.998069212268418937e-01
9.994745884807557657e-01
9.991691539969844715e-01
9.994088197262599449e-01
9.989111543811350913e-01
9.997494970947776727e-01
1.000309628539187257e+00
9.998749883874602506e-01
9.994766759895086228e-01
1.000191100389602017e+00
9.996708668223891481e-01
1.000513874217485943e+00
1.000200652527206024e+00
1.000318128850024912e+00
1.000061709349494121e+00
9.995251530888765723e-01
9.996396036464838541e-01
1.000418884045068291e+00
1.000369498657248002e+00
1.000443913749296199e+00
9.999463780728659046e-01
9.995510814262943411e-01
1.000317875970101911e+00
9.997691426418121585e-01
9.992873782039100039e-01
1.000303052273398441e+00
1.000439645985907733e+00
1.000010105761397927e+00
9.991930853941179969e-01
1.000314866691881077e+00
1.000358234705816862e+00
9.994877184089540068e-01
9.999058900032745667e-01
1.000460939959967099e+00
9.998766143051087685e-01
9.998591572450910014e-01
9.999695637074758059e-01
9.993175273233947387e-01
1.000919392681641096e+00
1.000330903897108659e+00
1.000436344891965312e+00
1.000782789236899895e+00
1.000447735835641616e+00
1.000343249684871427e+00
9.996575788114492322e-01
1.000084298944248440e+00
9.998574765696354172e-01
1.000027031684707968e+00
1.001042900563436699e+00
1.000864130493380300e+00
9.992060855546012199e-01
9.999201169107823084e-01
9.995195519680681873e-01
9.993876234931583502e-01
9.998845080979321676e-01
1.000228870862374997e+00
1.000681270643631215e+00
9.995110775969772154e-01
9.997516512480015827e-01
1.001211143177598295e+00
1.000160415658812862e+00
9.997349483859807595e-01
1.000481891261463252e+00
9.997532201076327896e-01
1.000548677701376787e+00
1.000455528756289514e+00
9.998527347941101873e-01
1.000154285100484763e+00
9.996673377848714903e-01
1.000669375008889306e+00
1.001000798356745713e+00
1.000733183638673474e+00
9.997583249365756819e-01
1.000011448162226646e+00
9.995360229549128395e-01
1.000010099555958432e+00
1.000466647996978820e+00
9.997499945761803009e-01
1.000947238020694741e+00
9.996929201779383156e-01
1.000102128743057150e+00
1.000149100476636521e+00
1.000074417302976526e+00
9.992653166125986530e-01
1.000047216256139127e+00
1.000331572048329010e+00
9.999646046757131312e-01
1.000399508568827533e+00
1.000602346681955579e+00
9.994158849322825056e-01
9.996643291667106634e-01
9.993429494150145587e-01
1.000004439382417010e+00
9.994821627609037362e-01
9.996120793794902593e-01
1.000357942744874773e+00
1.000426745502815962e+00
