0.000000000000000000e+00
0.000000000000000000e+00
0.000000000000000000e+00
0.000000000000000000e+00
0.000000000000000000e+00
0.000000000000000000e+00
0.000000000000000000e+00
0.000000000000000000e+00
0.000000000000000000e+00
0.000000000000000000e+00
0.000000000000000000e+00
0.000000000000000000e+00
0.000000000000000000e+00
0.000000000000000000e+00
0.000000000000000000e+00
0.000000000000000000e+00
0.000000000000000000e+00
0.000000000000000000e+00
0.000000000000000000e+00
0.000000000000000000e+00
0.000000000000000000e+00
0.000000000000000000e+00
0.000000000000000000e+00
0.000000000000000000e+00
0.000000000000000000e+00
3.929876134042239316e-02
8.360167878031352640e-01
2.904792188791352814e+00
3.386442066041098986e+00
2.154720403493372682e+00
1.041889853265203669e+00
5.094345663836487015e-01
2.849260926895426649e-01
2.394768629915829394e-01
2.461659450049528408e-01
2.668106341264744885e-01
3.001020123108137372e-01
3.383639363840350578e-01
3.445094267045243352e-01
3.465469076337333032e-01
3.646875838000848136e-01
4.166811343288103209e-01
5.283741515977884440e-01
6.716243286813304847e-01
8.626392294867735178e-01
1.038025855557149546e+00
1.200201445961123881e+00
1.337862102134531161e+00
1.431707069966394519e+00
1.514699347322485901e+00
1.595456524880573435e+00
1.625799244209979788e+00
1.579671678890212760e+00
1.484671852089300970e+00
1.362990989217482518e+00
1.218189166264019407e+00
1.079937310571914999e+00
9.751439640726070612e-01
9.219858457428065091e-01
8.716881771865635509e-01
8.660268812519087422e-01
8.517802851418989629e-01
8.758120099713984086e-01
8.910241155226688026e-01
9.082994642518926742e-01
9.398668138067830524e-01
9.554213841253852424e-01
9.701827002711890247e-01
9.990233954297809138e-01
1.005638888295835809e+00
1.019220912230713427e+00
1.030885912491596779e+00
1.040597836846560265e+00
1.043563342646397052e+00
1.042453698125031414e+00
1.040724274737514499e+00
1.032921728578272358e+00
1.035974048617593457e+00
1.023967729255976344e+00
1.000102884306975692e+00
9.908966274909880578e-01
9.850094341060693370e-01
9.812604513735662115e-01
9.777968136951931122e-01
9.703273646795400609e-01
9.775495034030550201e-01
9.776116144650420781e-01
9.865860378292742316e-01
9.861343168872332976e-01
9.946072346966917666e-01
1.003095583676851144e+00
1.011625830340069365e+00
1.020517555069086590e+00
1.018176751704351624e+00
1.019595137784800931e+00
1.021788402944703078e+00
1.024325692088409401e+00
1.020497903205991541e+00
1.013313706391176128e+00
1.014125293473747469e+00
1.003655858174099080e+00
9.998336410352771653e-01
1.001270532544325631e+00
9.954654487332279533e-01
9.977392956292334691e-01
9.941804290476146111e-01
9.953823344204937307e-01
9.996728267703625104e-01
9.966706035037408151e-01
9.973194416798628614e-01
9.962789191946619383e-01
9.998816581768632528e-01
9.978959232174831051e-01
1.000998762586997826e+00
1.000621010704560332e+00
1.006864114554329781e+00
1.009014735008296304e+00
1.007813920762650195e+00
1.007009763501498067e+00
1.005547147140493536e+00
1.005838095537394006e+00
1.005774001375232318e+00
1.007324706173126305e+00
1.004937143366991803e+00
1.010987742902960340e+00
1.003856322981724114e+00
1.004855446365768179e+00
1.006759457808229508e+00
9.989353051222867874e-01
1.001810220731602197e+00
1.000797023537313812e+00
9.982477746869581336e-01
9.997564262959045545e-01
1.001522990396052526e+00
1.000166615458546238e+00
9.991795373196925567e-01
9.991489485469567944e-01
1.000107850523920039e+00
1.000256616429032519e+00
1.001616460324107338e+00
9.996447543183358819e-01
9.986337929239793576e-01
1.003785657322896707e+00
1.001641753801610024e+00
1.002097128587767561e+00
1.002653237398951847e+00
1.003318927089391188e+00
1.003951907422812928e+00
1.002040158758605859e+00
1.002812137383198410e+00
9.988006328776910525e-01
1.001941016427737363e+00
9.983358716473791361e-01
1.000202387999763021e+00
9.999839965377537165e-01
9.974739237219029109e-01
9.993188280294215131e-01
9.982514721235364874e-01
9.985325467554041490e-01
1.002753866313964570e+00
9.988703761744612830e-01
9.973855661772287329e-01
9.999810934621151670e-01
9.980261837515073120e-01
1.000490274071109464e+00
9.991718352249170376e-01
9.995688011805990980e-01
1.000071946549481172e+00
1.003091000733856930e+00
9.988887812669408062e-01
9.979361905321685322e-01
1.003262248445242033e+00
9.994757424253746247e-01
1.000828586714718638e+00
1.002204764441745999e+00
1.002068287973210348e+00
1.000644465010938289e+00
9.995901599006214999e-01
1.001525841395769723e+00
9.988180562244409755e-01
9.979533560336092401e-01
1.000718662135676507e+00
9.959066247954412310e-01
9.963971515568865733e-01
9.997172308477332292e-01
1.000432260264821238e+00
9.948410093338367899e-01
9.961420476820558312e-01
9.995674197353201507e-01
9.973384647873999587e-01
1.000087570874662379e+00
9.991894098431364224e-01
9.989076794722843156e-01
9.983608610476498724e-01
9.990567876904338229e-01
9.982460287589856041e-01
9.966289856382989365e-01
9.958766379017469639e-01
9.991302510313802010e-01
9.968235152106057484e-01
9.992054047296796693e-01
1.000953800554679862e+00
9.964892215129247388e-01
9.980747605425853708e-01
9.981311332227591482e-01
9.992298117837350446e-01
9.986182957520863823e-01
9.984004574349338856e-01
9.985177031778667001e-01
9.976892429709598442e-01
9.961997078154404273e-01
9.971317983780189076e-01
9.980312870525274160e-01
9.966911427824747260e-01
9.965472543418522067e-01
9.981874457093545816e-01
9.979353733141943517e-01
9.972558735983068079e-01
9.973489751335546938e-01
9.982966730250738552e-01
1.000487802479067545e+00
9.989943323935831510e-01
9.982152671486839157e-01
9.967560493290258394e-01
9.985281393024988406e-01
9.972011842011043736e-01
1.000336741757495318e+00
9.953133500428593683e-01
9.973571678023105402e-01
9.979039464162073880e-01
9.968108513847051544e-01
9.986218014879751914e-01
9.964525746065517886e-01
9.987635270104995300e-01
9.973761604917762424e-01
9.991952873737409702e-01
9.981612627805557247e-01
9.979589443299088369e-01
9.991830875992887551e-01
9.975856624676702200e-01
9.970662361160098630e-01
9.976752932967275500e-01
9.960323866700834250e-01
9.973858213528515870e-01
9.951603188277156065e-01
9.958642780754705104e-01
9.957598947266682599e-01
9.987362462348169379e-01
9.974771823011135963e-01
9.953970930124832472e-01
9.976493110311982493e-01
9.955984097109726871e-01
9.956894887421184892e-01
9.939417334661893033e-01
9.959240140328791124e-01
9.959662405282979636e-01
9.980905539931052006e-01
9.950747773439475585e-01
9.956537950618443711e-01
9.941201743653701461e-01
9.973911906219159462e-01
9.956697965412979467e-01
9.966737121336334271e-01
9.968544122037835686e-01
9.951131055765406463e-01
9.928291738470025329e-01
9.838263510900490116e-01
9.716528811878173411e-01
9.621380638180192513e-01
9.489634206649630865e-01
9.392514750250442468e-01
9.280220822921541046e-01
9.170731251705108722e-01
9.080513671870580339e-01
8.981139842067445977e-01
8.868412657462195758e-01
8.774405130247708851e-01
8.638399077774682189e-01
8.563814078358809034e-01
8.445374503947312705e-01
