0.000000000000000000e+00
0.000000000000000000e+00
0.000000000000000000e+00
0.000000000000000000e+00
0.000000000000000000e+00
0.000000000000000000e+00
0.000000000000000000e+00
0.000000000000000000e+00
0.000000000000000000e+00
0.000000000000000000e+00
0.000000000000000000e+00
0.000000000000000000e+00
0.000000000000000000e+00
0.000000000000000000e+00
0.000000000000000000e+00
0.000000000000000000e+00
0.000000000000000000e+00
0.000000000000000000e+00
0.000000000000000000e+00
0.000000000000000000e+00
0.000000000000000000e+00
0.000000000000000000e+00
0.000000000000000000e+00
0.000000000000000000e+00
0.000000000000000000e+00
3.201970781925862070e-02
7.052843526279729547e-01
2.413653540902987782e+00
2.958803707133788485e+00
1.844461309108475611e+00
8.831034907715036297e-01
4.400360382402321857e-01
2.461127871826910007e-01
1.697947214161288354e-01
1.892513903858897839e-01
2.127853971017094059e-01
2.382288090806002900e-01
2.400517981487862162e-01
2.588196465297734616e-01
2.527555589215916831e-01
3.019790440241277851e-01
3.601437784751711502e-01
4.667091025179734287e-01
6.359064299490559957e-01
8.469453723439936965e-01
1.032318108811600466e+00
1.190046100126253004e+00
1.324487419862566240e+00
1.423870087072694357e+00
1.494656718613087687e+00
1.583764631584864579e+00
1.564014419713798176e+00
1.598406571500776474e+00
1.482988613291303492e+00
1.357486307733774655e+00
1.196545398608193755e+00
1.049602833110075517e+00
9.586425969009275683e-01
8.664070435426856065e-01
8.617665506486403837e-01
8.440341629376999499e-01
8.523446690391448533e-01
8.836035369768417969e-01
8.788417376417245741e-01
9.277889164919712606e-01
9.245287113902783682e-01
9.443107624647605336e-01
9.807966552550227979e-01
9.831676901824856207e-01
9.863000942707158547e-01
1.027457849078157182e+00
1.038409105653944842e+00
1.027973435803946511e+00
1.062683838276785364e+00
1.047421901147306045e+00
1.053178921872255369e+00
1.029815987516301989e+00
1.035663384782332885e+00
1.018553052503823109e+00
1.015460614371918480e+00
1.007430951828118815e+00
9.956816781377728631e-01
9.627015711970525746e-01
9.858443964828926820e-01
9.628198673448259415e-01
9.593395296489061197e-01
9.727939994892453868e-01
9.741742302619739169e-01
9.641226776941222987e-01
9.815371605161148372e-01
9.872361747477524929e-01
9.971320582098551766e-01
9.859379079821394276e-01
1.001487789337797141e+00
9.915673726790575904e-01
9.892452099086491701e-01
9.868687117593063496e-01
9.900327828092404525e-01
9.913650929708042181e-01
9.979247447891412826e-01
1.007215951283960464e+00
9.828753912047735186e-01
9.859489074050615809e-01
9.877867355052383225e-01
9.754422633954313859e-01
9.924708515524043317e-01
9.844811713126748742e-01
9.967274838621911215e-01
9.992395952344201859e-01
9.791780136242012045e-01
9.978156625531220403e-01
9.926831387774351922e-01
9.874792082704240137e-01
9.809790572250998153e-01
9.828850275374402257e-01
1.003736224377512087e+00
9.965702367097106773e-01
1.005547803111487948e+00
9.940775793428323626e-01
9.941783097773946309e-01
9.988657311890131174e-01
9.959989157150298533e-01
9.933848448150540689e-01
1.004752980879436874e+00
1.005938518890827416e+00
9.941367773560682020e-01
9.917302630032612809e-01
9.836149996548687602e-01
9.903734412953633104e-01
9.940230278544494036e-01
9.934115956188638297e-01
9.925083450307352617e-01
9.862901643609121027e-01
9.950838252996376809e-01
9.994188421223465513e-01
9.945483800442976863e-01
9.859968108007292065e-01
9.927286823497740720e-01
1.001015097444148072e+00
9.966010745592587261e-01
9.893425617561100172e-01
9.946934681025542124e-01
1.005391304492329052e+00
1.003553572820730322e+00
1.001569060426323876e+00
9.953569092632595927e-01
9.935796916729709993e-01
9.948847964325179261e-01
9.966411317866196162e-01
9.941084563710159694e-01
9.966258083489704100e-01
9.970113335470531801e-01
9.990925530964742673e-01
1.003740425322218188e+00
9.988767379890137743e-01
1.012557403349302554e+00
1.004694912874667390e+00
9.943338405258776991e-01
9.925023383293880563e-01
9.945020909856397973e-01
9.901598774124724667e-01
1.003174515744611028e+00
1.000534329747343021e+00
9.978752376458120965e-01
9.897650305360797818e-01
9.949872926074851964e-01
9.956517268470201909e-01
9.932245467929684546e-01
9.983942668127170350e-01
9.994395574573440300e-01
9.978716017215393252e-01
1.002716662055023633e+00
1.001755703670062392e+00
1.001685983106633815e+00
1.001114651174206838e+00
1.006973518488839980e+00
9.864123766429797602e-01
9.933754549552341606e-01
9.998664181393350781e-01
1.007868031347579629e+00
1.000396528493650017e+00
9.958082211949857987e-01
9.974345905906318865e-01
9.963643137113340487e-01
9.962669278057142419e-01
9.971753570496671992e-01
9.964223454450507056e-01
9.976146688813990471e-01
9.875000861026069776e-01
9.977005524744581022e-01
9.990587853504372395e-01
9.922841132815083398e-01
9.845554280848346496e-01
9.972643847213540358e-01
9.998384176713084326e-01
9.913559459427889742e-01
9.900479085183422345e-01
9.985090942547130144e-01
9.930517104549221319e-01
9.926656536748271753e-01
9.933389469604433364e-01
9.966642626163493279e-01
9.989237896341580658e-01
9.999275047231328539e-01
9.849699448151254533e-01
9.993651192496760816e-01
9.947114891145998339e-01
9.859115663726853995e-01
9.957361398633716165e-01
9.943754084121159131e-01
9.969423224632046887e-01
1.000779673360062683e+00
9.946371491763958961e-01
9.904366135090159062e-01
9.955850018413768820e-01
9.922614013688735302e-01
1.002427811230338417e+00
9.947602004689396482e-01
9.977727842835415473e-01
9.994405650663868990e-01
9.898774822648771510e-01
9.960619187226581461e-01
9.961191523834437289e-01
9.994470284656377101e-01
9.899576786808106377e-01
9.888819436833984344e-01
9.917427324871199712e-01
9.973272520748361902e-01
9.941005094622974436e-01
9.895100517659382033e-01
9.907117754811723964e-01
9.946303896720185556e-01
9.976178836862789057e-01
9.926727872477767445e-01
9.922697216403608689e-01
1.002249897730517425e+00
9.897803677787675447e-01
9.972647694178314870e-01
9.936029643199028039e-01
9.961350702419061731e-01
9.980521970566001988e-01
9.952797677783653540e-01
9.930625778010586657e-01
9.925470945330405748e-01
9.885989442485056955e-01
9.914103595956506032e-01
9.960353108224487828e-01
9.940753469971924661e-01
1.003754906209365361e+00
9.942072353712700927e-01
9.960992089092142177e-01
9.962402340641192122e-01
9.953891927680321716e-01
9.966527898842442168e-01
9.977503773540116194e-01
9.929148505136868863e-01
1.001831183485744292e+00
9.990657629869126310e-01
1.000620261035323200e+00
9.970158494095404667e-01
9.993523601763715236e-01
9.964671617361238187e-01
9.963269690819581692e-01
1.001542037767619187e+00
1.006046620188869811e+00
1.004029049701322673e+00
1.005933012521909697e+00
1.001423478216785456e+00
1.006284874910354121e+00
1.001864944348132447e+00
9.984238253437374144e-01
1.004235594315160851e+00
1.002577703990506608e+00
1.004343003662593103e+00
1.007924801990281560e+00
1.004961460503579707e+00
1.001149121344558690e+00
9.996119136684428197e-01
1.001074122420239743e+00
1.002668738182315167e+00
