0.000000000000000000e+00
0.000000000000000000e+00
0.000000000000000000e+00
0.000000000000000000e+00
0.000000000000000000e+00
0.000000000000000000e+00
0.000000000000000000e+00
0.000000000000000000e+00
0.000000000000000000e+00
0.000000000000000000e+00
0.000000000000000000e+00
0.000000000000000000e+00
0.000000000000000000e+00
0.000000000000000000e+00
0.000000000000000000e+00
0.000000000000000000e+00
0.000000000000000000e+00
0.000000000000000000e+00
0.000000000000000000e+00
0.000000000000000000e+00
2.694295544856021527e-05
3.630208487824575225e-02
1.037188206358238718e+00
3.383050085075395508e+00
3.328740017644227223e+00
1.841375453610493595e+00
8.250573249017458810e-01
3.756276188438489316e-01
1.896441492848197630e-01
2.202841893268535078e-01
8.415244794775317283e-01
1.742783807196809365e+00
1.911988709413986687e+00
1.455114426572702291e+00
9.673522337575632957e-01
6.665241588934994743e-01
5.479612887853584358e-01
5.347106427248097260e-01
5.913893282716754518e-01
6.812628426468358978e-01
7.849127403312735618e-01
9.001193023667731774e-01
1.009555056731006317e+00
1.097982287730540518e+00
1.168154684649707287e+00
1.219106800683800840e+00
1.254201380841834190e+00
1.253448356991608392e+00
1.232251222002491486e+00
1.195851419539884164e+00
1.144522212127549343e+00
1.097440476555826327e+00
1.050226974932286339e+00
1.018137352027589371e+00
9.860554759386782608e-01
9.621960088651035914e-01
9.426902363763067783e-01
9.313718742523975358e-01
9.223023598873442142e-01
9.175973380039087468e-01
9.151697983756386101e-01
9.179878986175650235e-01
9.285841252676498847e-01
9.444698336009215156e-01
9.604142279065023269e-01
9.712127662505457559e-01
9.832951963576087584e-01
9.945782369832869563e-01
1.004271774715057797e+00
1.013148523237356491e+00
1.021759570611709522e+00
1.021943778089616339e+00
1.023454107249478273e+00
1.026691994589657986e+00
1.023616939157712125e+00
1.021264083579698001e+00
1.018774944671879457e+00
1.010958951570260611e+00
1.009770044441871573e+00
1.007158733317557786e+00
1.005337393011298541e+00
1.003142797316586288e+00
1.000388520104459555e+00
1.000649711365725780e+00
1.002191329014381793e+00
1.000386810563423712e+00
9.991174933367388267e-01
9.987341059481119609e-01
9.978997899789978643e-01
9.974890008481923642e-01
9.960476521754160206e-01
9.960953437485681183e-01
9.962918249241050628e-01
9.953332318583841820e-01
9.957947290058442036e-01
9.962623058657064101e-01
9.965258342998994934e-01
9.947619451105457200e-01
9.961344426362653826e-01
9.972241070789594763e-01
9.993596249187617353e-01
9.976464639247220045e-01
1.000827438568985261e+00
1.002134280968796087e+00
1.001702524996174182e+00
1.003763761800587240e+00
1.001823629907780067e+00
1.004341135314958500e+00
1.003578593566251564e+00
1.003474865548488415e+00
1.002391667457937618e+00
1.000436222425385324e+00
1.000914607513472276e+00
1.000956911720168652e+00
1.001100403891743484e+00
9.996467374146887908e-01
9.998296742857089026e-01
9.991550133669072631e-01
9.993265862925228005e-01
1.001538319094447793e+00
9.990125937197529282e-01
9.996078871735377680e-01
9.997416159371365074e-01
9.979860316972382073e-01
1.000522127397440952e+00
9.997509448770277585e-01
9.985940460908367955e-01
9.995008462623904411e-01
9.992347602320169608e-01
9.988138372819754807e-01
9.990380073144028428e-01
9.995558899592736912e-01
9.991586722793884823e-01
1.000690327918867473e+00
1.000211909700800428e+00
1.000283813362913943e+00
1.000202631166071221e+00
1.000039010230339365e+00
1.000630240255850900e+00
1.001552868114017114e+00
1.000397503109639041e+00
1.000415093979440506e+00
1.000731433836190565e+00
1.001484609311819485e+00
1.000697090889614671e+00
9.997178828252828442e-01
1.000267199068450852e+00
9.997562578170252623e-01
9.994637868689858484e-01
9.993789066146888667e-01
9.984416458429868912e-01
9.980519989954077520e-01
9.993100311968161620e-01
9.979149764101065134e-01
9.994417037015862482e-01
9.998109011561022719e-01
9.997727383594299244e-01
9.998906590656074789e-01
1.000843890225749711e+00
1.001210943564420974e+00
1.000913550753723236e+00
1.002293143030142275e+00
1.001859593008170402e+00
1.001440500223525820e+00
1.002748455674259853e+00
1.002193354896482091e+00
1.000011744817190795e+00
1.000059135161383450e+00
1.000052052722028240e+00
9.996031570448592474e-01
9.998505982594989572e-01
9.981939620460574814e-01
9.989856247199668804e-01
9.981696052899262650e-01
9.989899655781235843e-01
9.986190373192685987e-01
9.989584704165609397e-01
9.990414331468590037e-01
1.000019104710608397e+00
9.994092397434819475e-01
1.000435982182172001e+00
1.000151435066414018e+00
9.996183223627223002e-01
1.000698560299846163e+00
1.000849202157522377e+00
1.001836051125076121e+00
1.001702304521302267e+00
1.000771268450304508e+00
1.000701033957358099e+00
1.001069575719196303e+00
1.000778216795205733e+00
9.997529466516087426e-01
9.999912899320324566e-01
1.000430631079828325e+00
1.000281775459310740e+00
9.999270338643613254e-01
9.997828112958657698e-01
1.000058358031458816e+00
9.992573071463205503e-01
9.992002844318383925e-01
9.997716699770529125e-01
1.000785801106062634e+00
1.001209791620608414e+00
9.999435281402831999e-01
9.999267485268803490e-01
1.000744514377172711e+00
1.000137836926964230e+00
1.000211738130696970e+00
1.000489174562375627e+00
1.000500513318047124e+00
1.000239035317100678e+00
9.995589104550247628e-01
9.998082073823041371e-01
1.000193046499858296e+00
9.998187790111265905e-01
1.000351464576973548e+00
9.999049245116327089e-01
1.000174041693399296e+00
1.000082075241647495e+00
9.996351946866294247e-01
9.998940177812540853e-01
1.000280920273579843e+00
1.000518708802825785e+00
1.000092613889294713e+00
9.996647465241045305e-01
1.001032386375974248e+00
1.000369646921516642e+00
1.001354453175087755e+00
1.000957414365206466e+00
9.991769177461737872e-01
1.000667071734138158e+00
1.000149825080802968e+00
9.998211889707848687e-01
1.000449077107079310e+00
9.999115460969947300e-01
1.000325085048946461e+00
1.000486653179681662e+00
9.990734368085910644e-01
9.995083357448674155e-01
1.000467235516612208e+00
1.000388854330586108e+00
1.000146023245269467e+00
9.997380895752910890e-01
9.999845287160400442e-01
1.000009661614273959e+00
9.998686553635117713e-01
9.999778204428791950e-01
1.000051858498586466e+00
1.000576318878473314e+00
9.996354192060580290e-01
1.000542513298434022e+00
9.997363555020010173e-01
9.999539051118520039e-01
1.000230333615420131e+00
9.992382645931167096e-01
9.993074563976838132e-01
9.998928480413955544e-01
9.999266415323533330e-01
1.000121346615251428e+00
1.001236346103247854e+00
1.000432070837588228e+00
9.998526869966339881e-01
9.994016031644525899e-01
1.000573085251385663e+00
9.993707003760824437e-01
1.000707386168744772e+00
9.996259919564750573e-01
9.995027232312924115e-01
1.000326903395412526e+00
9.998665259783949821e-01
9.996741966199408358e-01
9.993358262510411150e-01
1.000299232153821771e+00
1.000323161211570611e+00
1.000152101427002949e+00
9.993578051738462031e-01
1.000144132240219363e+00
1.000570912325838391e+00
9.997211176029546786e-01
9.996789675003340259e-01
