0.000000000000000000e+00
0.000000000000000000e+00
0.000000000000000000e+00
0.000000000000000000e+00
0.000000000000000000e+00
0.000000000000000000e+00
0.000000000000000000e+00
0.000000000000000000e+00
0.000000000000000000e+00
0.000000000000000000e+00
0.000000000000000000e+00
0.000000000000000000e+00
0.000000000000000000e+00
0.000000000000000000e+00
0.000000000000000000e+00
0.000000000000000000e+00
0.000000000000000000e+00
0.000000000000000000e+00
0.000000000000000000e+00
0.000000000000000000e+00
0.000000000000000000e+00
0.000000000000000000e+00
0.000000000000000000e+00
0.000000000000000000e+00
0.000000000000000000e+00
3.741459926208415970e-02
8.080234862072072088e-01
2.814353315760957930e+00
3.275480837970357495e+00
2.144705873890417891e+00
1.066612258687589687e+00
5.184217432567905792e-01
2.866305554759571717e-01
2.216881700048539405e-01
2.377645975391248501e-01
2.379134542911931494e-01
2.797071751136370188e-01
3.062271267634736893e-01
3.115078156883046567e-01
3.010946956513009254e-01
3.264495571538200691e-01
3.900416072570421222e-01
4.978969313154125720e-01
6.438757389966541789e-01
8.258947260256115364e-01
1.032203247446952243e+00
1.182881022269548055e+00
1.317089213715717522e+00
1.421294235398927519e+00
1.524003145261375369e+00
1.581819094430970241e+00
1.613001393490227420e+00
1.573977609337144923e+00
1.478681935636353417e+00
1.382912362771028025e+00
1.225731548324452413e+00
1.093613566924912961e+00
9.952623395403532580e-01
9.306298740457722429e-01
8.934624621826966484e-01
8.693693013775076750e-01
8.724287659503952019e-01
8.809840700365725308e-01
8.882090350056991435e-01
9.145741394399004021e-01
9.322326858543978911e-01
9.584760973105835857e-01
9.830879066662723265e-01
9.861363322211851301e-01
1.015532386541104781e+00
1.021343059512886509e+00
1.035236868306126823e+00
1.041611477806263286e+00
1.047800110907080917e+00
1.043889355100950489e+00
1.047968690585358242e+00
1.040788278410857526e+00
1.026286491745777019e+00
1.018860932628224525e+00
1.003840184819456027e+00
9.942436255523766642e-01
9.754484311368490923e-01
9.657874586928925087e-01
9.739917931672458229e-01
9.597355245939522828e-01
9.613918456783593358e-01
9.548179599309790655e-01
9.724733443798082577e-01
9.692605671371532505e-01
9.813411773054089293e-01
9.868911758220791919e-01
9.936043087323364054e-01
9.925710946701333803e-01
1.007949309054542608e+00
1.003118939568842682e+00
9.998735349419389795e-01
1.002381283368059428e+00
1.004537829338603583e+00
9.995936068127170282e-01
9.975084428887041055e-01
9.991659876663687712e-01
9.929112613188777470e-01
9.896346153426114345e-01
9.940350251769335399e-01
9.875657482014460475e-01
9.884105995792088484e-01
9.823075660940250309e-01
9.912355295202426309e-01
9.805387219820526079e-01
9.873679760556920426e-01
9.862391119780286042e-01
9.934089480855433640e-01
9.930717459054062557e-01
9.951483976670112419e-01
9.918521450335180401e-01
9.966389474085610711e-01
1.000374576827583128e+00
9.995193929166206193e-01
1.002380780649193115e+00
9.999079794904285334e-01
9.970764712207588198e-01
1.000324387345498112e+00
9.906060525810272965e-01
9.972748676112007660e-01
1.003519848279366355e+00
9.981265043600897613e-01
9.968590157301041588e-01
9.953170206060527603e-01
9.922950108387345036e-01
9.936872354991036493e-01
9.943080994411177542e-01
9.915472647855264610e-01
9.977074638934912976e-01
9.871587007823536819e-01
9.903130056824203109e-01
9.909353708354454726e-01
9.945261852517250922e-01
9.940762014006593317e-01
9.901402068003974932e-01
9.948446436411723104e-01
9.915953303421032317e-01
9.941311254721330037e-01
9.923630303549374476e-01
9.973705851823433388e-01
9.934358272699688186e-01
9.932478481080673216e-01
9.921796678253992363e-01
9.951441900564518273e-01
9.910036540915565517e-01
9.919185202478543184e-01
9.950155195206196179e-01
9.970120105322556325e-01
9.918301760600807260e-01
1.000122930368184893e+00
9.930507569019703107e-01
9.910177588833825046e-01
9.904717872374384502e-01
9.955458735050229935e-01
9.939832341297653029e-01
9.883902670574186144e-01
9.914381664245737191e-01
9.978351128986997498e-01
9.925754684553861340e-01
9.939872745668393295e-01
9.931077858742693998e-01
9.932990251765265732e-01
9.959349571239616283e-01
9.976939616797226851e-01
9.990641061479432761e-01
9.905326197643598007e-01
9.927612746427426638e-01
9.920717098675201351e-01
9.916203266750116541e-01
9.930642857598520612e-01
9.899701623375313231e-01
9.868818751450483262e-01
9.939830154838669163e-01
9.928835616679673182e-01
9.921941442685788815e-01
9.880459378013709548e-01
9.923850790042125780e-01
9.914373837771894848e-01
9.930049922096265691e-01
9.871557394592390677e-01
9.907046074655072587e-01
9.914720982465147214e-01
9.915928913669597167e-01
9.888134275193286582e-01
9.914483096891657521e-01
9.950985460076838818e-01
9.905366439681854152e-01
9.941869929230653380e-01
9.957235529887552561e-01
9.929048731988143750e-01
9.927173124524080183e-01
9.956934597328704895e-01
9.938718293123113279e-01
9.940855588730648229e-01
9.953449483214215077e-01
9.939780715223116569e-01
9.914284012289451553e-01
9.942061445190842894e-01
9.969254138508687468e-01
9.946573784847249078e-01
9.958418516051755764e-01
9.969085657557738012e-01
9.958657925235632202e-01
9.959397507617947509e-01
9.950448474009214728e-01
9.973811993540386833e-01
9.979190382148074301e-01
9.957192157272449773e-01
9.977056695292145783e-01
9.980259516726305291e-01
9.982014771454602586e-01
9.949625836841329285e-01
9.950935574280054263e-01
9.978987647225389113e-01
9.961736311999469518e-01
9.948827044548753662e-01
9.940256973459330458e-01
9.953734402503823242e-01
9.939591888186628532e-01
9.970717557362758221e-01
9.948552614439825081e-01
9.956357114256719765e-01
9.979219922285350597e-01
9.968069991367248806e-01
9.952948344741251452e-01
9.944206500527158488e-01
9.972980636798083331e-01
9.981463725685939536e-01
9.944826093768948105e-01
9.944955918514284399e-01
9.972601221590646769e-01
9.955282706056439723e-01
9.974239192208537164e-01
9.949646638591985726e-01
9.964578206409174799e-01
9.962297040643436352e-01
9.972455939376602130e-01
9.965731057048399233e-01
9.949631340466573715e-01
9.967461714376069093e-01
9.944118840797949721e-01
9.996316197559556027e-01
9.989863566502951153e-01
9.941764737698872700e-01
9.972594138489763171e-01
9.973486428394566783e-01
9.972355672757742262e-01
9.969481341411938757e-01
9.937329254868916273e-01
1.001640149720067097e+00
1.000229813152970548e+00
9.959354772718369553e-01
9.978645744680664231e-01
9.946293524280216403e-01
9.957783032218359143e-01
9.985019393066983939e-01
9.961562219213305758e-01
9.961232700781207372e-01
9.970920503411282443e-01
9.956987491065416584e-01
9.953439788334786931e-01
9.985816151118724893e-01
9.973714008987351054e-01
1.000784054167786374e+00
9.979720382739801776e-01
1.000075863375226470e+00
9.961281619192379200e-01
9.996819168568750191e-01
9.980174456314584441e-01
9.962771723116929934e-01
9.927317527308366918e-01
9.780972967598269285e-01
9.654524866800214822e-01
9.560360451374834145e-01
9.462131533223817614e-01
9.398994706466234916e-01
