0.000000000000000000e+00
0.000000000000000000e+00
0.000000000000000000e+00
0.000000000000000000e+00
0.000000000000000000e+00
0.000000000000000000e+00
0.000000000000000000e+00
0.000000000000000000e+00
0.000000000000000000e+00
0.000000000000000000e+00
0.000000000000000000e+00
0.000000000000000000e+00
0.000000000000000000e+00
0.000000000000000000e+00
0.000000000000000000e+00
0.000000000000000000e+00
0.000000000000000000e+00
0.000000000000000000e+00
0.000000000000000000e+00
0.000000000000000000e+00
0.000000000000000000e+00
0.000000000000000000e+00
0.000000000000000000e+00
0.000000000000000000e+00
0.000000000000000000e+00
0.000000000000000000e+00
2.814580407499293543e-02
4.695817504224977790e-01
1.535507796322223451e+00
1.997972284461644765e+00
1.455489010835432584e+00
8.034585501631631432e-01
4.846806935682119177e-01
3.094029426891132251e-01
2.518711862189356721e-01
2.478155792486018971e-01
2.660756112256980055e-01
2.576974405649484212e-01
2.507084175167507700e-01
2.179054044006348834e-01
2.225426938227301754e-01
2.570915203728726395e-01
3.301310470156800791e-01
4.255094922512147604e-01
5.756300953363477912e-01
7.727590398949860662e-01
9.708649322574797180e-01
1.131629170216134073e+00
1.282647937569033836e+00
1.379788538218916338e+00
1.501376502330432183e+00
1.580276124302337104e+00
1.598105185667263006e+00
1.586805717631952772e+00
1.524007956861887392e+00
1.391078776960011698e+00
1.287988671889955805e+00
1.156090723151017574e+00
1.022369535981666466e+00
9.585146637414948545e-01
9.301511151507571018e-01
9.032846850253009041e-01
8.756235141922739107e-01
9.052927141453681603e-01
8.679368275494392382e-01
9.241121116520923939e-01
9.153026658366862911e-01
9.517263385595950975e-01
9.320058709657540463e-01
9.580347298630182973e-01
9.744005264953818912e-01
1.000566849038263539e+00
1.008632170948566387e+00
1.018696454457036937e+00
1.008746959048560488e+00
1.019308224864503787e+00
1.022896196113425749e+00
1.064906028023383078e+00
1.023191808119092716e+00
1.050157738042434952e+00
1.047107398792131328e+00
1.018593452638716812e+00
1.008474998923658328e+00
9.977901269874630552e-01
9.997836520567561225e-01
9.947414110571138890e-01
9.857008663652332414e-01
9.955730533382164404e-01
9.894384293550413378e-01
9.774052009878516634e-01
9.873811761017761146e-01
9.992084296500198803e-01
1.011682391310677831e+00
1.000936208220809087e+00
1.015502803213833127e+00
1.014359924675746871e+00
1.019555835345261396e+00
1.016632384411809698e+00
1.028490053839207441e+00
1.023228777960024427e+00
1.015819357155825164e+00
1.020590059405273253e+00
1.007923130839994519e+00
1.010807518388671777e+00
1.003743154776795210e+00
1.004223031577662129e+00
9.968976299526189910e-01
9.941741953592269088e-01
1.001456351290778146e+00
9.979214511771077323e-01
1.011834395491700622e+00
1.011256697383229319e+00
1.002521878449794235e+00
1.001455509830772916e+00
9.949960016742033231e-01
1.007477372518655212e+00
9.988491504719316794e-01
1.006355753717059764e+00
1.011309266722759004e+00
1.000591404805857954e+00
1.015364894850111721e+00
1.015859987403681997e+00
1.004831026168698127e+00
1.008410741394647925e+00
1.014381896874311018e+00
1.011500985304966127e+00
1.013607597032947671e+00
1.008390055246542127e+00
1.002533139794587358e+00
1.003101330072844188e+00
1.012317345613884756e+00
1.002504726227252840e+00
1.012125818551789624e+00
1.012473976819901367e+00
1.009276054943497147e+00
1.011516948317143560e+00
1.012664600390832614e+00
1.009803406827489924e+00
1.013617331144274436e+00
1.002726478839868429e+00
1.006795672407009734e+00
1.010386806082593347e+00
1.004984592491622752e+00
9.988023436619425377e-01
1.001593501782522821e+00
1.003746958815350476e+00
9.915951202829469402e-01
1.004393267981052995e+00
1.009377546096209555e+00
9.905832021644892516e-01
9.978559934312164481e-01
1.000516114721634597e+00
1.008914167182481281e+00
1.001264778387307874e+00
1.000877778863743517e+00
9.927060133520678731e-01
1.000049399522920268e+00
9.975908142588093552e-01
9.956128090949385445e-01
9.987600832543835905e-01
1.000293861979058230e+00
9.973679056724287229e-01
9.946625688970011092e-01
1.003927996864805827e+00
1.002984765060680461e+00
9.985748865585596379e-01
9.967415269740008688e-01
1.010498670705076707e+00
1.002439162990204968e+00
1.001379385890866835e+00
9.953114548114700977e-01
9.998459550119271899e-01
9.928488378063143882e-01
9.961685313601127412e-01
9.921412420113507880e-01
9.977464421442585607e-01
9.916124527320292481e-01
1.002137797538430464e+00
9.873011008293691715e-01
9.942050101481396673e-01
9.910059068062515575e-01
9.937574545348120125e-01
9.894254672320390576e-01
9.979070032570743765e-01
9.970491537010016669e-01
9.980666550370955736e-01
9.937385649360082063e-01
9.992107279941946363e-01
9.951833294142777842e-01
1.002873483664985743e+00
9.913010225310744383e-01
1.000021030221589724e+00
9.933923678920184575e-01
1.000908069729246286e+00
9.982714717695105877e-01
1.005239073215211887e+00
9.975763930887355802e-01
9.976356047303358565e-01
1.001204986158864996e+00
9.962590810175655509e-01
9.978362439274044426e-01
9.951947744967420961e-01
9.965899667846060961e-01
1.002285350592076352e+00
9.956109827635448717e-01
9.988174989628756384e-01
9.957344153924687635e-01
9.909195949477234144e-01
9.963519972174529338e-01
9.944895947474156062e-01
9.987591152703471087e-01
9.979836663889962711e-01
9.986961198748444124e-01
9.977613413668421360e-01
1.000968019948913268e+00
9.924660498998627567e-01
9.948042313632287081e-01
9.976843514883493302e-01
1.001394905918627787e+00
9.929478371167965722e-01
1.006133750618625422e+00
9.946252195953600994e-01
9.959401903149595059e-01
9.914669337743798883e-01
9.904590191694140344e-01
9.902074351436619404e-01
9.944170537637582186e-01
9.960319554380749896e-01
9.965078501558468638e-01
9.964497433017528438e-01
9.900921003374967277e-01
9.918724882816843946e-01
9.972669361663711873e-01
9.937587828325874506e-01
9.956662203039824410e-01
9.918026089577183235e-01
9.922332329524351513e-01
9.969436998509983994e-01
9.977408940483701860e-01
9.981683921313971863e-01
9.948860294379966440e-01
9.921433980653030504e-01
9.925046546515470247e-01
9.839804561106456626e-01
9.927682357381432121e-01
9.948098499653915683e-01
9.934782153340290245e-01
9.921570920143867323e-01
9.935459773409583972e-01
9.910595516075570988e-01
9.898621728664205310e-01
9.857355927171986831e-01
9.896735328155787936e-01
9.947594736126397219e-01
9.894702704855691255e-01
9.867062073772936426e-01
9.933794058296248064e-01
9.935493930038348243e-01
9.912316730095601658e-01
9.951629259408228956e-01
9.921591588307099308e-01
9.978637162092776069e-01
9.907726915206054308e-01
9.933074721626597992e-01
9.925922001016729279e-01
9.984309547814350649e-01
9.885027911302982639e-01
9.938520483515826953e-01
9.938936749471114496e-01
9.930908099825540569e-01
9.930110675899671557e-01
9.867286101043376556e-01
9.925973656325652872e-01
9.933682396563662254e-01
9.923176130434665509e-01
9.910737269013186745e-01
9.951740956779244751e-01
9.885023359976514712e-01
9.881362048963818756e-01
9.951978707263838819e-01
