0.000000000000000000e+00
0.000000000000000000e+00
0.000000000000000000e+00
0.000000000000000000e+00
0.000000000000000000e+00
0.000000000000000000e+00
0.000000000000000000e+00
0.000000000000000000e+00
0.000000000000000000e+00
0.000000000000000000e+00
0.000000000000000000e+00
0.000000000000000000e+00
0.000000000000000000e+00
0.000000000000000000e+00
0.000000000000000000e+00
0.000000000000000000e+00
0.000000000000000000e+00
0.000000000000000000e+00
0.000000000000000000e+00
0.000000000000000000e+00
2.812847494252093550e-05
3.664637338955255286e-02
1.065921576751926780e+00
3.467391181700004488e+00
3.407444627558233741e+00
1.877419647768069577e+00
8.376106613392141353e-01
3.789616162762712293e-01
1.889501968028318990e-01
1.167888354427245590e-01
1.843144070609924190e-01
7.043721424464565173e-01
1.479118315607749645e+00
1.735207064730733828e+00
1.444784464859357964e+00
1.034230727578709930e+00
7.710932799033433094e-01
6.532820304243228682e-01
6.407811883354289639e-01
6.913203609793616700e-01
7.816087397877133913e-01
8.819380040244281238e-01
9.767833788637890757e-01
1.061488534909762693e+00
1.131804276807014009e+00
1.187722689673990972e+00
1.219600673593326245e+00
1.230812907563623160e+00
1.218259280578064097e+00
1.188035335261005798e+00
1.150524448178260828e+00
1.107264223267231618e+00
1.066373650497783876e+00
1.032009082861556681e+00
1.008660160376168680e+00
9.834991168314353160e-01
9.653975147969664494e-01
9.499446439795853347e-01
9.415875563716440411e-01
9.365604684815346248e-01
9.254373843534672295e-01
9.285095646675571857e-01
9.307403662929106813e-01
9.383996866233026424e-01
9.476638916518749234e-01
9.603109599337192881e-01
9.676759009817770263e-01
9.801700071154311189e-01
9.929460176232453028e-01
9.995169393836906835e-01
1.007337729394137904e+00
1.015630466926705999e+00
1.019653042614041327e+00
1.020624444311414969e+00
1.023709431693984095e+00
1.020603246970730460e+00
1.021498621636513837e+00
1.014098894831216846e+00
1.015608350394961779e+00
1.010969088672241334e+00
1.007635736440355867e+00
1.008158450818606333e+00
1.001913480149497548e+00
1.001262487719084771e+00
1.000515488105546247e+00
1.001758002613180709e+00
9.990052307157272216e-01
1.000946330011458940e+00
9.978518892935474005e-01
9.993476290382986571e-01
9.966897267399271731e-01
9.994034906593900480e-01
9.968855872714277311e-01
9.988836488396519719e-01
9.968301891323330111e-01
9.941519170847432640e-01
9.961514713699011203e-01
9.957384507237666549e-01
9.970926394956379779e-01
9.982392794749112008e-01
9.975487301464515122e-01
9.978896040333069539e-01
9.978945541017406606e-01
9.995164732515924300e-01
9.985606509619803228e-01
1.000666140045802566e+00
1.000697843369332540e+00
9.995106023634875436e-01
1.001480082762284507e+00
1.000168209145981812e+00
1.001564118631753209e+00
1.002159648329067121e+00
1.002417015899431885e+00
1.001459809603478579e+00
1.001988239787745760e+00
1.001909597536848384e+00
9.996823815869307905e-01
1.000455612976517861e+00
1.000333003791155306e+00
1.001429711464369765e+00
9.991515229183431934e-01
1.000304331766484589e+00
9.990874875668840360e-01
1.000146909449741717e+00
9.999817298338067317e-01
1.000690185000627341e+00
1.000281975438402693e+00
1.000847094846377017e+00
1.000080628838140306e+00
1.001707089449880073e+00
1.000447057736848055e+00
1.001367038170014601e+00
1.000071150585708724e+00
1.001740608653421516e+00
1.000148838841985688e+00
9.999101907715206572e-01
1.000594699610215521e+00
9.998628420122356308e-01
1.000514054503152561e+00
1.000471579904279151e+00
9.995167759566908616e-01
9.992619060466610970e-01
1.001124190618028376e+00
1.000839610243202227e+00
1.000151025237102864e+00
9.995470396268670843e-01
1.000237447664677815e+00
1.001649865976272480e+00
1.000747237236811360e+00
9.990781209258675633e-01
1.000246260343885307e+00
9.993200657967753475e-01
1.000658468031599080e+00
1.000255499304191442e+00
1.000020802193826830e+00
1.001246206754586421e+00
9.994753480849408733e-01
1.001837163878302794e+00
9.998977391303330853e-01
1.001011175655507790e+00
1.000749336321638427e+00
9.997961720434721533e-01
1.000456665486576746e+00
1.001488437842946277e+00
1.000106863547343794e+00
1.000711237200209380e+00
1.000348278644981326e+00
9.998728991355131379e-01
1.000603410375788149e+00
1.000731073257835613e+00
9.998465850499748120e-01
1.000674108850402755e+00
9.996689945685169887e-01
1.001512477111002886e+00
9.999935793470555723e-01
1.000983855467694195e+00
9.992171589355540728e-01
9.999968354879646970e-01
9.997735032710137748e-01
9.999275334314614572e-01
1.000552424172647559e+00
9.999378513027155080e-01
9.996859304865626239e-01
1.000693667815343968e+00
1.000566377671208373e+00
1.000372323782521722e+00
1.000249639674910762e+00
1.001877954119000602e+00
1.000800767569004934e+00
1.000109260536998557e+00
9.992545797381696682e-01
1.000117366061568314e+00
9.998417089317749307e-01
1.000615314416475776e+00
1.000337266681718962e+00
9.997359769871076995e-01
1.000659795375695715e+00
1.000435820097625328e+00
9.998405824494314142e-01
9.995744476657099087e-01
1.000239430309532773e+00
1.001033325164627064e+00
9.995556299356097574e-01
1.000384555213136739e+00
1.000919937569211937e+00
1.000575827157892173e+00
9.997979786109814082e-01
1.000101021909482357e+00
1.000403671450802001e+00
1.000300744135656172e+00
9.997170120683848138e-01
1.000106602291614744e+00
1.000429935733006426e+00
1.000202473447801665e+00
9.995826772235268942e-01
1.000694842420888131e+00
1.000607994203604578e+00
1.000086790634467482e+00
9.997860391981734374e-01
1.000072305988851440e+00
1.000529665296526094e+00
1.000879215949785905e+00
9.998618534196860308e-01
9.999700691427897414e-01
1.000232331008328535e+00
9.993429318532990324e-01
9.999107112598638603e-01
9.992664558503200345e-01
1.000223307255728500e+00
1.000325084830676836e+00
1.000173592631482533e+00
1.000220131513506194e+00
9.996286920843012735e-01
1.000955193900977758e+00
9.998851987314490986e-01
1.000043311612548225e+00
1.000052236066559352e+00
1.000148802706466666e+00
1.000342034606696240e+00
1.000790281691175565e+00
1.000432811026148450e+00
1.000554145054340482e+00
1.000083940869703758e+00
9.998054480253819598e-01
1.000168516490461235e+00
1.000812460163903905e+00
1.000771708408751737e+00
1.000163323615947952e+00
1.000221569221591444e+00
9.997996491839923339e-01
1.000193674567621871e+00
1.000468707843822580e+00
1.000155018309367927e+00
9.996826621854533190e-01
1.000772396171233813e+00
1.000161970206135065e+00
1.000384050850057216e+00
9.994783868798334803e-01
1.000238553430248922e+00
1.000206754058878600e+00
9.997015008540038883e-01
9.995172238085363592e-01
1.000067200647003052e+00
9.996860533382179170e-01
1.000460679537407360e+00
1.000794922260232811e+00
1.000664818159271663e+00
1.000634424585859383e+00
1.000535065635123289e+00
9.988312335175207890e-01
1.000316373123448122e+00
1.000126934610969798e+00
9.999354615247267875e-01
9.996182518070989564e-01
1.000444653858835409e+00
9.995176617124690299e-01
1.000843193758516492e+00
1.000263437589526738e+00
9.997073437192758316e-01
1.000255375163406901e+00
