0.000000000000000000e+00
0.000000000000000000e+00
0.000000000000000000e+00
0.000000000000000000e+00
0.000000000000000000e+00
0.000000000000000000e+00
0.000000000000000000e+00
0.000000000000000000e+00
0.000000000000000000e+00
0.000000000000000000e+00
0.000000000000000000e+00
0.000000000000000000e+00
0.000000000000000000e+00
0.000000000000000000e+00
0.000000000000000000e+00
0.000000000000000000e+00
0.000000000000000000e+00
0.000000000000000000e+00
0.000000000000000000e+00
0.000000000000000000e+00
0.000000000000000000e+00
3.626623555223135870e-02
1.073029215610492582e+00
3.474979395512560743e+00
3.401939578003200015e+00
1.866998579096884603e+00
8.346769412196819449e-01
3.763712734984147046e-01
1.903801737408800654e-01
1.187835538858305340e-01
1.831372603699492063e-01
7.026162283053151159e-01
1.480703452243498308e+00
1.725890578615107085e+00
1.441534909800497699e+00
1.044809114881993128e+00
7.739979783057000517e-01
6.528230652662180278e-01
6.402440575424553915e-01
6.964485360760149790e-01
7.818707381226963626e-01
8.827498818521095636e-01
9.747032666135357903e-01
1.062070957829069018e+00
1.125977144843324895e+00
1.183700973243644539e+00
1.220209193355956678e+00
1.227031361678219357e+00
1.217872848449292222e+00
1.189741155155952912e+00
1.147068801619991474e+00
1.104418584077632381e+00
1.067303351669141920e+00
1.035181056477122885e+00
1.007418832400134079e+00
9.854739162781256390e-01
9.676527731742476934e-01
9.543733414282556948e-01
9.421749285147876796e-01
9.344621744458770918e-01
9.248408309349562817e-01
9.244058748461903008e-01
9.293550226725281194e-01
9.341903055100407860e-01
9.481067425817675254e-01
9.555491446020644153e-01
9.689848115448594923e-01
9.817635365924484159e-01
9.923704495671540338e-01
1.002466627605140825e+00
1.008456815754310787e+00
1.015144512902262042e+00
1.019264424438341310e+00
1.021190221594062919e+00
1.021996261453852028e+00
1.020163369888574145e+00
1.019222033392214621e+00
1.019522862745357639e+00
1.014755432013056513e+00
1.011523908876896805e+00
1.009543774086861578e+00
1.006429970613247793e+00
1.002179328263775870e+00
1.001666676883173013e+00
1.000392356687283213e+00
9.998236206474876431e-01
9.981792233123457647e-01
1.001032566609393104e+00
9.994734024819026397e-01
9.985528603010851434e-01
9.960788495750456661e-01
9.984791471237702831e-01
9.967761735679666613e-01
9.981836542515176713e-01
9.970987537192542716e-01
9.980830996123726262e-01
9.964547581576519431e-01
9.956717561907902914e-01
9.984442789709930821e-01
9.969765481829039322e-01
9.969719269890231494e-01
1.001107832754762672e+00
9.974968142165534513e-01
9.993701037523098352e-01
9.987793647892565518e-01
1.000416348077651341e+00
9.995443990963729375e-01
1.001419082390289761e+00
1.002462546816607070e+00
1.000683744800818342e+00
1.000362027123921527e+00
1.000838119541775706e+00
1.001839983062958517e+00
1.002959721290819228e+00
9.999958988466893794e-01
1.000696911173090342e+00
9.994893907836482905e-01
1.000505677208032296e+00
9.989430573966590066e-01
1.002148762936500015e+00
9.998909962909923177e-01
1.001055783358300033e+00
1.000506594233348201e+00
1.001097443616304483e+00
1.000728616612172273e+00
1.000921548188814514e+00
9.988641043997068536e-01
1.000725103024551421e+00
1.000011346507902354e+00
1.000771129774730817e+00
1.000467526792111927e+00
9.984463481489996850e-01
1.000508042488534421e+00
9.989720164734819940e-01
1.000291327441807487e+00
1.000046168329870477e+00
1.000664784249277073e+00
1.000428560064221095e+00
1.000314865276018761e+00
1.001025789791188281e+00
1.000345917826839903e+00
1.000052932413311613e+00
9.996969850506997046e-01
9.998033217655190041e-01
1.000622473375141430e+00
1.000206533852547652e+00
1.001112463526538487e+00
9.999100526733707417e-01
9.995086553633621973e-01
1.000683356929200407e+00
9.999632148842626522e-01
1.000274725212198623e+00
1.000043143643311039e+00
1.000524572199489759e+00
9.997783797991430799e-01
1.002108997598139650e+00
1.000648763508592110e+00
1.000488438270423774e+00
1.000692095032923223e+00
9.995412653598121366e-01
1.000253605005287705e+00
1.000941527285974297e+00
1.000870499710694084e+00
1.000190216560382206e+00
9.991339029603513167e-01
1.000694043543418843e+00
9.997531692062107123e-01
9.995982628127637604e-01
1.000855888649748282e+00
1.000497713517759957e+00
9.997548764641699393e-01
1.000540030191837459e+00
1.000536477997376661e+00
9.999967321336268311e-01
1.000491290647778975e+00
9.996915382396972527e-01
9.984603642931525469e-01
9.998610604344319031e-01
9.989500234434791626e-01
9.999352291975998064e-01
1.000388392825339201e+00
1.000393279258495305e+00
9.998537376257836673e-01
1.000025368093974576e+00
1.000655244475319394e+00
1.000025175060170524e+00
9.999922018649030075e-01
9.993844045183002400e-01
1.001086939859339608e+00
9.991506665019039835e-01
1.000271693194790368e+00
1.000356918671408524e+00
9.994351712616343919e-01
9.987379540740645156e-01
9.997528812385152452e-01
9.998851959886239094e-01
1.000193329074817949e+00
1.000353329962317295e+00
9.999125725120359132e-01
1.000274407277804034e+00
9.998871871571990422e-01
1.000493089660091872e+00
9.995422896673989976e-01
9.993932774304192801e-01
9.997422401761297817e-01
1.000223855942958151e+00
9.996363205092483328e-01
1.000479860104753316e+00
1.000141443020660992e+00
1.000335299053623617e+00
9.987132192828387378e-01
1.000071177785732734e+00
1.000513082238820850e+00
1.000621907227522644e+00
9.992583759414830347e-01
1.000249771133070231e+00
9.995016526699981307e-01
1.000340183321740684e+00
1.000174675764079701e+00
1.000710596778211281e+00
9.999383318345906879e-01
1.000837337433740704e+00
9.999804211694802714e-01
9.994107254787154559e-01
9.996375408552605757e-01
9.995712916958565675e-01
1.000419146171214413e+00
9.995109856370034684e-01
1.000561062886494046e+00
9.994477722189323288e-01
1.000077401376052277e+00
1.000278498186648379e+00
1.000057652997365487e+00
1.000042017879213319e+00
1.000693848518450224e+00
9.999172076613361826e-01
1.000434321107102065e+00
1.000407950714215843e+00
1.000326266381876383e+00
1.000502961213424857e+00
1.000145157899415604e+00
9.998441114237405225e-01
9.994142725049226517e-01
1.000029871145098781e+00
9.999959282466386323e-01
1.000492419036582259e+00
1.000379327873537338e+00
9.998794430420882007e-01
9.998298727360849236e-01
9.998004475883291997e-01
1.000523332548662214e+00
9.993406354824042603e-01
9.997645318234490430e-01
1.000004368351880224e+00
1.000039060774679189e+00
1.000609159892880351e+00
1.000556242380734373e+00
1.000250158688792190e+00
9.996302437759849724e-01
1.000217199694592107e+00
9.996972157774118850e-01
1.000319301997061094e+00
1.000422596793078212e+00
1.000393331115730033e+00
9.998202375624690719e-01
1.000250795749435540e+00
9.999897814977726229e-01
1.000068910159411795e+00
9.999610066097864847e-01
9.999885011713663951e-01
9.995976657407694699e-01
1.000062587459995989e+00
9.998485400606003104e-01
1.000807356884133359e+00
1.000148106622840816e+00
9.999417439472081393e-01
1.000541044442825100e+00
9.999163390622343162e-01
9.996435695620470296e-01
9.999109537663970482e-01
