0.000000000000000000e+00
0.000000000000000000e+00
0.000000000000000000e+00
0.000000000000000000e+00
0.000000000000000000e+00
0.000000000000000000e+00
0.000000000000000000e+00
0.000000000000000000e+00
0.000000000000000000e+00
0.000000000000000000e+00
0.000000000000000000e+00
0.000000000000000000e+00
0.000000000000000000e+00
0.000000000000000000e+00
0.000000000000000000e+00
0.000000000000000000e+00
0.000000000000000000e+00
0.000000000000000000e+00
0.000000000000000000e+00
0.000000000000000000e+00
0.000000000000000000e+00
3.789951445942203040e-02
1.070102940418216519e+00
3.462943728572017488e+00
3.398705152046293865e+00
1.861241773040378300e+00
8.346490250055648152e-01
3.742567951776486490e-01
1.886011558487164785e-01
1.140856187206321926e-01
1.800699597029610244e-01
7.056122938600200012e-01
1.482019404607336277e+00
1.722810338974595679e+00
1.431138884069671713e+00
1.036793278177271072e+00
7.764810208457716412e-01
6.550484950399234618e-01
6.458629433848190882e-01
6.957087101638165239e-01
7.830442460620402612e-01
8.785618375659177692e-01
9.771251630771948804e-01
1.060221726364718231e+00
1.133835851130527539e+00
1.182601786245185638e+00
1.220335138716475143e+00
1.233832977092952365e+00
1.221201390146896992e+00
1.189021401433383751e+00
1.144299966786376910e+00
1.103842303930180790e+00
1.068176798143243733e+00
1.032630181734840225e+00
1.006926135597569383e+00
9.863178831153436299e-01
9.679137092335210468e-01
9.518877756476396002e-01
9.408945160460000512e-01
9.310581416684143852e-01
9.255937743157273134e-01
9.269635717953541576e-01
9.339076602908343849e-01
9.372751086463400050e-01
9.461874669561382012e-01
9.582014021678690874e-01
9.682227113146603115e-01
9.798263050015750819e-01
9.895584397882500882e-01
1.001322367825582482e+00
1.008554751003284178e+00
1.013192030824940248e+00
1.018545591760665170e+00
1.022637216649672665e+00
1.021985451324446625e+00
1.022390572987705637e+00
1.022118310556743070e+00
1.015214527507497078e+00
1.013495474179331390e+00
1.009640499541701431e+00
1.008058658461609358e+00
1.002244974912637199e+00
1.005218918997467847e+00
1.002510319739840394e+00
1.001507141803586576e+00
9.991167105592713149e-01
9.991409956367636180e-01
9.960941809658211410e-01
9.981492113083191287e-01
9.968560948188315285e-01
9.971935376908588333e-01
9.975662661355808591e-01
9.965885605946567249e-01
9.978883617529247241e-01
9.951449187929373164e-01
9.970676068125342573e-01
9.965325414695057615e-01
9.968580136507196876e-01
9.969259191846270296e-01
9.971014259908018706e-01
9.968279243190615313e-01
9.986094745565627928e-01
9.997247046005636184e-01
9.983501950673110414e-01
9.978919147745323182e-01
1.000714332612596458e+00
1.000266696539823696e+00
1.000745919348818402e+00
1.000492268056015321e+00
1.000283059852022927e+00
1.001303161653163132e+00
1.001163487250747552e+00
1.000502458596597366e+00
1.000160746905386810e+00
1.000901180240691746e+00
1.000274968040436807e+00
9.996141422004745092e-01
1.000529857212444806e+00
9.994983708958603552e-01
9.996394891751803069e-01
9.991342456469138877e-01
1.000012649830956057e+00
9.996002793888871807e-01
1.001247571445039286e+00
9.990365711254420855e-01
1.000161662720055133e+00
9.993635573377591674e-01
9.999670513947803707e-01
1.000911961585845944e+00
9.996964283357148151e-01
1.000256202404192996e+00
1.000631427099262005e+00
1.000414716431867967e+00
9.992277735756888157e-01
1.001370511766483506e+00
9.998736488785426868e-01
9.997058633178224074e-01
9.994059014960400278e-01
9.991348456710029691e-01
1.000666237185064977e+00
9.987186370921961043e-01
9.999129160201026822e-01
9.999337794684213243e-01
9.991513021758192670e-01
1.000160971090741535e+00
9.989698985733852510e-01
9.992181035849954096e-01
9.991373475615970001e-01
9.992372841843916165e-01
9.997979551775260099e-01
9.989980574934032020e-01
1.000164778705474378e+00
1.000389964384212904e+00
1.001073866437588444e+00
1.000103981309937051e+00
9.988688425791689696e-01
1.000708743846290716e+00
1.000832936870835521e+00
1.000122270132252078e+00
9.999669453304963485e-01
9.999397803053493572e-01
1.000197442144457716e+00
1.000825270555847579e+00
9.996725363496088423e-01
1.001505603803381161e+00
9.998968499503071428e-01
1.000230313378615010e+00
1.000549035953656851e+00
1.000110980034635721e+00
9.999218150315420939e-01
9.998521039634240548e-01
9.992219796269800058e-01
1.000113876434089999e+00
9.999428434042557656e-01
9.999550381503722329e-01
1.000890492756932204e+00
9.982318227895411455e-01
1.000306008112996192e+00
1.000930486135214403e+00
1.000668395904926511e+00
9.998026771440332583e-01
1.000301085084780661e+00
1.000454866337559645e+00
1.000359440910727260e+00
1.000756085307167531e+00
1.000080342841579206e+00
9.996626834298086850e-01
1.000961960863658629e+00
1.000207265279449587e+00
9.992991199702045968e-01
9.986946790324556789e-01
1.000511507808663936e+00
9.998476275840584293e-01
9.998336452923726192e-01
9.996680162313071882e-01
9.998085784399712850e-01
9.994042700639563792e-01
9.998298329202535140e-01
1.000699326550353430e+00
1.000915372680345694e+00
1.000340586205494153e+00
1.000406953924953823e+00
9.998350313150985436e-01
1.000335473690900479e+00
1.000556967637638017e+00
1.000195956760089100e+00
9.995021990458294869e-01
1.000491035787841820e+00
1.000986604844818384e+00
1.000978080967288353e+00
1.000589398715837408e+00
1.000026381603783987e+00
9.999134855310827241e-01
9.995108502189938848e-01
9.995658836100895783e-01
9.996547581781323188e-01
1.000101928365062509e+00
1.000386911136396106e+00
1.000157478841454672e+00
9.993221042967013190e-01
9.994336596894515257e-01
1.000074087883430440e+00
1.000303937428345114e+00
1.000198746076295553e+00
1.000722666349057155e+00
1.000333027258128560e+00
1.000109440493990753e+00
9.998349013698968335e-01
1.001374660010644568e+00
9.998466024392336227e-01
9.999322593022561545e-01
9.997951321280563741e-01
1.000807965826805868e+00
1.001111263736822687e+00
1.000320321360442355e+00
9.997038796419174256e-01
1.000090046641232799e+00
9.989213092635396141e-01
1.000959365378260246e+00
1.000168621365046917e+00
1.001094315264859258e+00
9.995658979253805310e-01
1.000524900893221991e+00
1.000261748880340473e+00
9.997872644665285469e-01
9.995134890308231546e-01
9.998193127656254120e-01
1.000498690701266957e+00
1.000195259235806544e+00
1.000273842522366730e+00
1.000216983430680662e+00
1.000023039295037552e+00
9.994523323039953278e-01
1.000692723520497207e+00
9.997408400240680448e-01
9.998633121972979598e-01
1.000260067798092400e+00
9.999170642277089849e-01
1.000107302900796080e+00
1.000464723016733171e+00
9.997174135499973247e-01
1.000272349209027523e+00
1.000527130157580213e+00
9.999449772634498856e-01
1.000599191842915348e+00
9.993834167780304423e-01
9.997155396298857966e-01
1.000467341465809845e+00
1.000742342052119094e+00
1.000110733049757394e+00
9.999912588413636394e-01
1.000112026123230136e+00
9.995060546398550905e-01
9.997251301107922261e-01
1.000220310475651520e+00
9.999129114739254698e-01
1.000416111834716348e+00
1.000510242731656119e+00
9.997962939914750713e-01
1.000031167713264946e+00
