0.000000000000000000e+00
0.000000000000000000e+00
0.000000000000000000e+00
0.000000000000000000e+00
0.000000000000000000e+00
0.000000000000000000e+00
0.000000000000000000e+00
0.000000000000000000e+00
0.000000000000000000e+00
0.000000000000000000e+00
0.000000000000000000e+00
0.000000000000000000e+00
0.000000000000000000e+00
0.000000000000000000e+00
0.000000000000000000e+00
0.000000000000000000e+00
0.000000000000000000e+00
0.000000000000000000e+00
0.000000000000000000e+00
0.000000000000000000e+00
0.000000000000000000e+00
0.000000000000000000e+00
0.000000000000000000e+00
0.000000000000000000e+00
0.000000000000000000e+00
3.701318505181282192e-02
8.282555369376933818e-01
2.798742880478388262e+00
3.215724934901029730e+00
2.064429173307060328e+00
1.012199050803876288e+00
4.770521894445423627e-01
2.784520525670398650e-01
2.091100248221655356e-01
2.178459679784959246e-01
2.505993088363517862e-01
2.719588812194507765e-01
2.898062600921045839e-01
2.935236874925163386e-01
2.912378273831772724e-01
3.213914579088381629e-01
3.893096006833731137e-01
5.110237227911840208e-01
6.516235061968461695e-01
8.281025080179569287e-01
1.014505760348442864e+00
1.181584481068366221e+00
1.326891660070893098e+00
1.421267276379660327e+00
1.497119093414602364e+00
1.575917512763623796e+00
1.601801862074527127e+00
1.578743442574913836e+00
1.478349169626152149e+00
1.335957133966199750e+00
1.209099065468014045e+00
1.066768413824989548e+00
9.687702551735509759e-01
8.908526752223655532e-01
8.571398407139159126e-01
8.492199025024940173e-01
8.522499695290787214e-01
8.596951970596801162e-01
8.922565923531687870e-01
9.101244965006507481e-01
9.259396640931494282e-01
9.409028974790668576e-01
9.596548906674720048e-01
9.801492213231918216e-01
1.002242952882737681e+00
9.961009871559254325e-01
1.016508585293748324e+00
1.032933168879333508e+00
1.047010439699652240e+00
1.047807311516223860e+00
1.034469786319291540e+00
1.035428736167667729e+00
1.028674313506370508e+00
1.005350048972025734e+00
9.929187010764380927e-01
9.770158654677486565e-01
9.849198024877543478e-01
9.753917068343244123e-01
9.687743892997159323e-01
9.666866432450891278e-01
9.762170426510161647e-01
9.717894533607290830e-01
9.779036008789931955e-01
9.796730380915656955e-01
9.943527178288115165e-01
9.891951202970624690e-01
9.975344434016786277e-01
1.010350819965813329e+00
1.003918782014231903e+00
1.015209590078559598e+00
1.011795118952889316e+00
1.008592213275101068e+00
1.004472931838630290e+00
1.008332757489248666e+00
1.004006525236664782e+00
9.941647950318381888e-01
1.005154023604916791e+00
9.986674336730150259e-01
9.958943129396867766e-01
9.958432656230122859e-01
9.928475291751519549e-01
9.941519246346256500e-01
9.914829868008094849e-01
9.870646672954623835e-01
9.880688480082938652e-01
9.940734469567168441e-01
9.871876420993530576e-01
9.961409427112523085e-01
9.912619141616987317e-01
1.000467025792198594e+00
9.979844700960444071e-01
9.946522222201736874e-01
1.000405768298188391e+00
1.001687150420781602e+00
1.001232590438513537e+00
9.979827223354562626e-01
9.886517968043265769e-01
1.001302051767185342e+00
9.983417933882112738e-01
9.942041538241078724e-01
9.960320881660822412e-01
9.927332526135898005e-01
9.911257827687619537e-01
9.932932187536435142e-01
9.940696338296159951e-01
9.869160166165460435e-01
9.874650341151184341e-01
9.917052682160831800e-01
9.870995223050514911e-01
9.860508269138070769e-01
9.887003155053353254e-01
9.870260793145707590e-01
9.909938788097837348e-01
9.906562473017272996e-01
9.904439023099401718e-01
9.955313453602768758e-01
9.952509269550986470e-01
9.912259988489615647e-01
9.946122972904700710e-01
9.934631721724652698e-01
9.907299603238646224e-01
9.928038692643843532e-01
9.933746276995695235e-01
9.901726816672038467e-01
9.893955651441126431e-01
9.897035135962769514e-01
9.872879274957132578e-01
9.917354250103537217e-01
9.908840909147792475e-01
9.901138846838082319e-01
9.888069518280530046e-01
9.903065917122607642e-01
9.919895184343437977e-01
9.909521993341430246e-01
9.950395875855237993e-01
9.877773914301296587e-01
9.819780981633065009e-01
9.938485565064303362e-01
9.939314733861420725e-01
9.913968428214898765e-01
9.916893246198082990e-01
9.937116714858831301e-01
9.938105824536598298e-01
9.866753821398507318e-01
9.912546205796355370e-01
9.917424876706372183e-01
9.918161141664429969e-01
9.930239899279975635e-01
9.953786892539515652e-01
9.916655072922935243e-01
9.966656740751735910e-01
9.940545042631980799e-01
9.949945794150750755e-01
9.910752156950598524e-01
9.955167110123902541e-01
9.952786679990029972e-01
9.952237467446604091e-01
9.967971520960829945e-01
9.894200449593819613e-01
9.976306359678558389e-01
9.962357426070410638e-01
9.966181346526576945e-01
9.915608709028174150e-01
9.919259450172812631e-01
9.927435250972350689e-01
9.991807334760327564e-01
9.954373415279944570e-01
9.957609288757085508e-01
9.941637997933897575e-01
9.940746325207014955e-01
9.973169989653254408e-01
9.974703514434194451e-01
9.953224679163280575e-01
9.962020454837666739e-01
9.977586220581331489e-01
9.961206586098004800e-01
9.968542148016352744e-01
9.956682534305165699e-01
9.946697784464404446e-01
9.970280788407633876e-01
9.987579515573520306e-01
9.998080783883663836e-01
9.981297531450428195e-01
1.000824206889179724e+00
9.997968663132692502e-01
1.000280880272156336e+00
9.998011448345596186e-01
1.000655125748679097e+00
1.002143350757583873e+00
1.000536388018229195e+00
1.000289481097199396e+00
9.972081180027507763e-01
1.001079710184737070e+00
1.001222537703526871e+00
9.973955393427865745e-01
1.003436334579930644e+00
1.000037579853584768e+00
9.975285407850278396e-01
9.968494604858070263e-01
1.001490696480150655e+00
9.958303952335204601e-01
9.963935539587958079e-01
9.997367061469603078e-01
9.991205452247540197e-01
9.924019437403484023e-01
9.966730913821939541e-01
9.970864320391942259e-01
9.991593817615025408e-01
9.978626681577263957e-01
9.992966174954670544e-01
9.965077314541503917e-01
9.978837834904067394e-01
9.973990497872414762e-01
9.961379889050588909e-01
9.981622954797094716e-01
9.975499668051500679e-01
9.991904455840395771e-01
9.963164577515402076e-01
9.971410359381454036e-01
9.971686126623203750e-01
9.977533121529568172e-01
9.981621775542433017e-01
9.987135524163383016e-01
9.983142303196196332e-01
9.971282943911751184e-01
9.970984938062827929e-01
9.982290339251344014e-01
1.000048349637975953e+00
9.968180012065335216e-01
9.985118181505610035e-01
9.971946614196189884e-01
9.996774097281647675e-01
9.961882344737742478e-01
9.960279762070067822e-01
9.988991394606587804e-01
9.984266121001327265e-01
9.987868500720847864e-01
1.001277470335353081e+00
9.980245544189800810e-01
1.000108320599078171e+00
1.000030531280486246e+00
1.000878348478987601e+00
9.999450487880028327e-01
1.001135241056645864e+00
9.967001346692889729e-01
1.001680178611779937e+00
9.978160277459423577e-01
1.000433963520469094e+00
9.974093484206135729e-01
9.911640479728225372e-01
9.770558034351413124e-01
9.686411143267487089e-01
9.551632246411461136e-01
9.447575555777066869e-01
9.356981591032786927e-01
