0.000000000000000000e+00
0.000000000000000000e+00
0.000000000000000000e+00
0.000000000000000000e+00
0.000000000000000000e+00
0.000000000000000000e+00
0.000000000000000000e+00
0.000000000000000000e+00
0.000000000000000000e+00
0.000000000000000000e+00
0.000000000000000000e+00
0.000000000000000000e+00
0.000000000000000000e+00
0.000000000000000000e+00
0.000000000000000000e+00
0.000000000000000000e+00
0.000000000000000000e+00
0.000000000000000000e+00
0.000000000000000000e+00
0.000000000000000000e+00
0.000000000000000000e+00
0.000000000000000000e+00
0.000000000000000000e+00
0.000000000000000000e+00
0.000000000000000000e+00
3.195783829146571497e-02
7.854754331697678671e-01
2.740183640859137792e+00
3.117060540436312088e+00
2.006302251000799508e+00
9.890153410853786964e-01
4.837289621312274024e-01
2.809703334525133767e-01
2.111687638295265679e-01
2.210071257658134114e-01
2.422907286121981085e-01
2.650482927096440289e-01
2.794917555082926941e-01
2.943102680538523530e-01
3.071711078481950130e-01
3.249777398879606927e-01
3.906929292891404559e-01
4.989848602844659253e-01
6.603219036354629479e-01
8.595612858436607606e-01
1.028690319636012651e+00
1.209866736655015318e+00
1.338029068668798116e+00
1.423542302253692826e+00
1.514075586932245088e+00
1.590172751607709323e+00
1.585174648689552379e+00
1.582841213131492397e+00
1.479694447122891443e+00
1.347096250045117127e+00
1.200921270920619621e+00
1.065413254033825696e+00
9.823648531253850180e-01
9.030391193300508768e-01
8.553778736720778486e-01
8.593646674607621216e-01
8.391646958113683219e-01
8.769321118324968634e-01
9.037856667427743851e-01
8.974051047976223661e-01
9.229005976466352346e-01
9.490332211234713267e-01
9.678544294363724543e-01
9.755106940406602645e-01
1.007008923187429295e+00
1.016169224830478557e+00
1.042497269791988312e+00
1.043319506500596017e+00
1.044383047441362899e+00
1.059432411511864069e+00
1.044506104125576318e+00
1.046163038559219993e+00
1.044986471146025275e+00
1.028910725422110817e+00
1.014618149449610041e+00
1.008164498711509927e+00
9.882109557510876385e-01
9.848677466041169115e-01
9.770009242641005676e-01
9.724418310677933608e-01
9.781145105082339475e-01
9.712509442254878556e-01
9.813705083907940940e-01
9.966494766088390689e-01
1.000655565289215509e+00
1.006840826110806608e+00
1.017489231585844811e+00
1.015890394821102216e+00
1.012464746735541432e+00
1.019423233133726514e+00
1.017675659090660156e+00
1.017322654068637755e+00
1.011659451923913267e+00
1.016326324103876466e+00
1.008521627705506241e+00
1.000483178906912185e+00
1.004368588171611121e+00
1.005112518187095905e+00
9.993180905403892256e-01
9.999483345488867636e-01
9.951021278594315289e-01
9.973237323146677547e-01
9.914685133229572678e-01
9.924826809221560797e-01
9.934898918448822336e-01
9.944488300479524812e-01
9.915421311476153576e-01
9.931518516741230096e-01
9.982142216650073951e-01
1.005470030450679619e+00
1.002528488989911537e+00
9.985374927138865875e-01
1.002383950507189869e+00
9.976164841442071163e-01
9.991534697361990069e-01
1.002023941098787008e+00
1.002788713748544946e+00
1.007693880485214244e+00
1.007985925751576639e+00
1.000186019382450109e+00
1.006625474744526016e+00
9.965149126066357166e-01
1.005498734729473043e+00
9.953160916769429045e-01
1.001786258472864288e+00
1.001406745130810627e+00
1.003534968580877429e+00
1.004060512360761770e+00
9.987768470242099905e-01
9.990432215544375882e-01
9.959566127758471277e-01
9.962377544055890377e-01
1.000318131951916767e+00
1.002798598141718900e+00
1.003093119513208231e+00
9.986594287958399097e-01
9.952538781709064919e-01
1.002026808711813599e+00
1.002691293389180505e+00
9.996551544531707689e-01
9.996847864067525125e-01
1.001182746244811739e+00
9.963156908917709664e-01
1.002173778242248403e+00
9.984765155481949428e-01
1.003224433706084939e+00
9.985551850824515574e-01
1.001847600229698099e+00
1.006409526774579621e+00
9.997078553371809839e-01
1.004291596527507657e+00
1.003528342971824694e+00
9.998960965272966073e-01
9.981612576514539148e-01
1.001000600927716810e+00
1.004285873485729619e+00
1.001314866665194314e+00
1.006555530513831620e+00
1.001017905186831092e+00
9.997961790536129545e-01
9.988928658501703417e-01
1.001325109754169995e+00
1.001765907673010103e+00
1.002709206976573508e+00
1.002425551099549672e+00
1.006931311016789454e+00
1.003323232828474909e+00
1.001111057080523947e+00
9.960774647728339870e-01
1.002281031748872842e+00
9.999114506669446456e-01
1.003131131841412227e+00
9.926479718102115823e-01
9.939769458918853440e-01
1.000470127529687669e+00
9.987477381386702380e-01
9.978051837641079835e-01
9.985043135049841423e-01
9.987147386693164819e-01
9.990971861807419474e-01
9.935357506060569222e-01
1.000988696925555255e+00
9.984349009725006496e-01
9.966002706555009416e-01
1.000752059684580475e+00
9.977220068988575941e-01
1.000738245941025228e+00
9.927389695950299409e-01
1.000650744416996307e+00
9.970709975923900403e-01
9.975891196879804745e-01
1.003964770556959873e+00
1.000828623022773423e+00
9.988924940569968713e-01
9.974051701323880526e-01
9.957549806017872429e-01
9.994978921843578057e-01
9.952026981242476644e-01
9.987453550806675295e-01
9.982708397087778351e-01
9.985568547691195951e-01
9.968015794025036902e-01
9.981860570768034124e-01
9.994804324517406746e-01
9.968853193560728299e-01
9.959337523641096368e-01
9.968336553458705396e-01
9.964210175294225813e-01
1.000117806840626455e+00
1.001194384723631758e+00
9.982342726418534928e-01
9.999232662819452777e-01
1.001631605319493801e+00
1.002885936098273145e+00
1.002508514975666287e+00
9.978052760029474388e-01
9.964697688327922576e-01
9.984469416915379147e-01
9.954218831570093018e-01
9.992620114225805317e-01
1.002214479846643691e+00
9.975093020903820218e-01
9.975568171545168283e-01
9.970134017851268737e-01
9.974672063445123582e-01
9.956485723317055614e-01
9.962420050605614863e-01
9.987883642517522143e-01
9.946240060668350980e-01
9.965239101926304244e-01
9.964492903050345962e-01
9.959687198681641540e-01
9.974083305398698807e-01
9.960651827604308783e-01
9.979953279532189914e-01
9.960176830311210372e-01
9.969056391205336487e-01
9.988573941505719533e-01
9.940197312517032868e-01
9.986818544876089332e-01
9.971588269972407881e-01
9.968262440132180657e-01
9.944845470931812370e-01
9.956434685572819188e-01
9.963311217336157100e-01
9.956141322474822974e-01
9.958202352445880701e-01
9.968126285901569572e-01
9.980577942333305197e-01
9.978790037041816996e-01
9.969700631679432323e-01
9.953204396918183816e-01
9.979073223223141609e-01
9.953855536094432521e-01
9.973628730097318096e-01
9.958204022430148239e-01
9.969902513687040058e-01
9.968622346509751209e-01
9.981735585837706592e-01
9.966784310371760158e-01
9.945348745632274223e-01
9.963278834793160010e-01
9.952000331684112133e-01
9.969064231702102763e-01
9.972584857131344682e-01
9.967548077579403421e-01
9.979417368590908222e-01
9.935295976957371211e-01
9.953288729876268448e-01
9.862143746111639020e-01
9.769716966122063972e-01
9.647640750516741637e-01
9.536784121276230541e-01
9.412558717517555129e-01
9.329361040483197254e-01
