0.000000000000000000e+00
0.000000000000000000e+00
0.000000000000000000e+00
0.000000000000000000e+00
0.000000000000000000e+00
0.000000000000000000e+00
0.000000000000000000e+00
0.000000000000000000e+00
0.000000000000000000e+00
0.000000000000000000e+00
0.000000000000000000e+00
0.000000000000000000e+00
0.000000000000000000e+00
0.000000000000000000e+00
0.000000000000000000e+00
0.000000000000000000e+00
0.000000000000000000e+00
0.000000000000000000e+00
0.000000000000000000e+00
0.000000000000000000e+00
0.000000000000000000e+00
0.000000000000000000e+00
0.000000000000000000e+00
0.000000000000000000e+00
0.000000000000000000e+00
3.448209618977515073e-02
8.161354186913238884e-01
2.839357102294493451e+00
3.220640084668904723e+00
2.067124823571399261e+00
1.013351841401088693e+00
4.804397589443255567e-01
2.851229060193290477e-01
2.072779121016424808e-01
2.272949927480690246e-01
2.422996685196973921e-01
2.594476577714968646e-01
3.024481958021844608e-01
3.088342503303312392e-01
3.082340182889915514e-01
3.313250283495586257e-01
3.913424696252081336e-01
4.958743906448341843e-01
6.665123177629183049e-01
8.464280327356894507e-01
1.039912026329151251e+00
1.201817203473621198e+00
1.334119110088055171e+00
1.434367979895710299e+00
1.524771243800712606e+00
1.590946281820655450e+00
1.632456042139333263e+00
1.583031934368149152e+00
1.504398824712177785e+00
1.374152712623143868e+00
1.231683641944237628e+00
1.091038057440175457e+00
9.870881606586187074e-01
9.027527408994387992e-01
8.971216632157805737e-01
8.651741417624158048e-01
8.731780311296037933e-01
8.780379453729864059e-01
9.004732329823297299e-01
9.236001725754467984e-01
9.343231819509386638e-01
9.576020582721226360e-01
9.936189262654857579e-01
1.000607534864466075e+00
1.007159296691313433e+00
1.030768973874308436e+00
1.046208871199429957e+00
1.052167964174259396e+00
1.058730625193785135e+00
1.061639480945088199e+00
1.059065083543642594e+00
1.052868332505783489e+00
1.039591754031305548e+00
1.026789027700727219e+00
1.013357452010579696e+00
1.015769697035016073e+00
9.893179529915713255e-01
9.790646084731555732e-01
9.639104217248358752e-01
9.846314525746658886e-01
9.739109163184945794e-01
9.817155631480294353e-01
9.930510462151592721e-01
9.918213258905378416e-01
9.996455306942282348e-01
1.004518417016260878e+00
1.014543496217429341e+00
1.010153576297661226e+00
1.014003642666458482e+00
1.018889261916618771e+00
1.014874600608946853e+00
1.021823912901397735e+00
1.018754398893880531e+00
1.011497021755824122e+00
1.017471784660955558e+00
1.009292634095532382e+00
1.011024148938965528e+00
1.006798137511835556e+00
1.005890396645066520e+00
1.004142286495015135e+00
1.008816265223638542e+00
9.966211949502906675e-01
1.000813129902808907e+00
9.997671139363524251e-01
1.005918857297249502e+00
1.000010055494753081e+00
1.003750456170790839e+00
1.001975608732325496e+00
1.009148391115620047e+00
1.006522208513292549e+00
1.010847345705367717e+00
1.012960999916735494e+00
1.005629833294654940e+00
1.004521414109295296e+00
1.007552674316214203e+00
1.006731691248795357e+00
1.011359573090925279e+00
1.009942251841480454e+00
1.008274131389054418e+00
9.977999857841185483e-01
1.004532756945345051e+00
1.003717881764643050e+00
1.006130235819095553e+00
1.002165267557630024e+00
1.002464689717861734e+00
1.006475213966957716e+00
1.001642636572714462e+00
1.001189904226046590e+00
9.995400481631022682e-01
9.966311590910809093e-01
1.004245034635667722e+00
1.006509620450170006e+00
1.008320275062806193e+00
1.004489390738579457e+00
1.005078735465608331e+00
1.004902685162689879e+00
1.003485643368246416e+00
9.990740449285856473e-01
1.008447640524078537e+00
1.007655174998274283e+00
1.007412039978794915e+00
1.005331089669950773e+00
1.006575914251973680e+00
1.010081364117780378e+00
1.005667182600747278e+00
1.003116552724938826e+00
1.004859243196854157e+00
1.003225113830975346e+00
1.002546918643645979e+00
9.988664160616163024e-01
1.000784886548230723e+00
9.997913743828686917e-01
1.000814888160787453e+00
1.001159054160293715e+00
1.002420689149746691e+00
9.998642033217165492e-01
9.982481307447711449e-01
1.001656144946038829e+00
9.904291555994795271e-01
9.995231950455444325e-01
1.000633739459904747e+00
9.979292206235733653e-01
9.971436101787973794e-01
1.001493985171575174e+00
9.994229123612013987e-01
9.982572104398879098e-01
9.997464767746840897e-01
9.962892650524370897e-01
1.000166060036512983e+00
9.986717060460297279e-01
9.980778550405695615e-01
1.003519247795658931e+00
9.994549531930638775e-01
9.985454771247097572e-01
9.961613706063855433e-01
9.993050190071522954e-01
1.000127722029594768e+00
9.976269943301772081e-01
9.961634914571516619e-01
9.973666317702938322e-01
9.954426528371720373e-01
9.971363963723244295e-01
9.975745726852686124e-01
9.976683692161167905e-01
9.936101472797576051e-01
9.946943113912448675e-01
9.958583130071396727e-01
9.997077790807376019e-01
9.972256919371845774e-01
9.931125370565706545e-01
1.000073026869789938e+00
9.988551840623396405e-01
9.975096162321299698e-01
9.985360526582294227e-01
1.000978307213283180e+00
9.981454628599613077e-01
9.974468285963690173e-01
9.971333768315312485e-01
9.989627101457833058e-01
9.964069236819239617e-01
9.967286413491895924e-01
9.978858579564917619e-01
9.974903279756598407e-01
9.995592107921751346e-01
9.976656499783808085e-01
1.001590981094117483e+00
9.981909703057965100e-01
9.970956644745395669e-01
9.978148367554263709e-01
1.000006892323547447e+00
9.988599788909120480e-01
9.980230898781592419e-01
9.987319179187307272e-01
9.999366904921541677e-01
9.982431539544224242e-01
9.991807631251333754e-01
1.002485624450927482e+00
9.982076090045756134e-01
9.975571755421925868e-01
9.975445210361593151e-01
9.988704267664723080e-01
9.993193905689309320e-01
9.979986862098418898e-01
9.963098945776751592e-01
9.986012648430701022e-01
9.991271851156424688e-01
9.994289228434888317e-01
9.962585842439737327e-01
9.950017638720647373e-01
9.969850345819647464e-01
1.000434081734749681e+00
9.978764367621375531e-01
9.974257052245297794e-01
9.968711242822244634e-01
9.981210988439428444e-01
9.988376357842521092e-01
9.964046803065512714e-01
9.928332394594814314e-01
9.965409058579187684e-01
9.953700595551836505e-01
9.965179993685376880e-01
9.967340533524937651e-01
9.945777288915294001e-01
9.953672650916759457e-01
9.972611436037716048e-01
9.983064720316009444e-01
9.948568382305645885e-01
9.965834854343691429e-01
9.929964314612992338e-01
9.940256988395025362e-01
9.976380553104776672e-01
9.935698327920551298e-01
9.934678240587044851e-01
9.933651373425284037e-01
9.974132137103355333e-01
9.940570745432517619e-01
9.982774767738572530e-01
9.966926383838821124e-01
9.966322330116488271e-01
9.967543055148256892e-01
9.947551791972557567e-01
9.950245964488311223e-01
9.980776150711072603e-01
9.976664222167057616e-01
9.954126216555673201e-01
9.983239872136323578e-01
9.934968762910744156e-01
9.962891513798542986e-01
9.970887557354188857e-01
9.907511871719451024e-01
9.732053717229655065e-01
9.635548723167646212e-01
9.549353001748082104e-01
9.443063846761916569e-01
9.325924836960298725e-01
