0.000000000000000000e+00
0.000000000000000000e+00
0.000000000000000000e+00
0.000000000000000000e+00
0.000000000000000000e+00
0.000000000000000000e+00
0.000000000000000000e+00
0.000000000000000000e+00
0.000000000000000000e+00
0.000000000000000000e+00
0.000000000000000000e+00
0.000000000000000000e+00
0.000000000000000000e+00
0.000000000000000000e+00
0.000000000000000000e+00
0.000000000000000000e+00
0.000000000000000000e+00
0.000000000000000000e+00
0.000000000000000000e+00
0.000000000000000000e+00
0.000000000000000000e+00
0.000000000000000000e+00
0.000000000000000000e+00
0.000000000000000000e+00
3.037229150938594970e-04
4.317729255219444201e-02
8.346546351923078699e-01
2.778183798332397370e+00
3.211106137875982203e+00
2.061059477936662887e+00
9.964085246312121003e-01
4.753459657872490807e-01
2.635768538244800951e-01
2.051879477773898008e-01
2.267064263026623838e-01
2.450741767562322482e-01
2.861617426968442457e-01
2.982017857390671933e-01
3.157553900737482544e-01
2.999699888110858303e-01
3.306932798907531446e-01
3.804799227844899989e-01
4.875489077923210179e-01
6.472157911458659152e-01
8.478990169784899056e-01
1.022320371288561125e+00
1.209955628087329815e+00
1.323593905707529439e+00
1.419715536707869541e+00
1.506478948430321374e+00
1.575386504211059080e+00
1.603137861835841838e+00
1.578172592286731346e+00
1.477039706267244901e+00
1.327093284577091081e+00
1.225421538047919201e+00
1.075561180235492964e+00
9.727995926701219487e-01
9.132379257082039459e-01
8.695604347355719854e-01
8.620779670732359179e-01
8.593390094925961176e-01
8.703362555395738331e-01
8.826624469845304466e-01
9.136619203340032858e-01
9.217152446846137437e-01
9.445924867410192549e-01
9.607097459991417177e-01
9.836939617243252165e-01
1.000396156343834386e+00
1.011985842062885332e+00
1.024385704391697516e+00
1.042948507831398919e+00
1.039031115763010327e+00
1.045195213780681476e+00
1.037522558886289303e+00
1.037184067442133539e+00
1.019727126197403910e+00
1.030330407415730010e+00
9.924631277055157019e-01
9.783150354358278733e-01
9.681764135281696326e-01
9.608181311726502472e-01
9.574749948383218801e-01
9.610644688169823757e-01
9.633640525167749269e-01
9.736806624762508466e-01
9.855119351847957399e-01
9.807756810453488461e-01
9.893492995553614389e-01
9.922919395531606401e-01
9.958347800002161909e-01
9.984338949781311756e-01
1.007145295162205745e+00
1.006563196538585503e+00
1.010604151279634433e+00
9.992198630584397945e-01
1.003019682357354947e+00
1.005290030906416776e+00
9.976342065887938704e-01
1.001384624914004151e+00
9.966896292462243956e-01
9.892206118914652624e-01
9.905591609371232620e-01
9.920936838345724151e-01
9.942781069786347237e-01
9.896056209014416627e-01
9.835321799685802224e-01
9.812562341767150365e-01
9.874277372691907528e-01
9.854820225615690266e-01
9.904667712392833945e-01
9.888279104719646107e-01
9.968426360559847765e-01
9.860735714766681870e-01
9.920246117465141289e-01
9.912512232848575966e-01
9.901792806896444477e-01
9.932277412967853714e-01
9.903969831269653357e-01
9.952859881502033046e-01
9.873818179426355757e-01
9.924434037045410939e-01
9.905570076007719216e-01
9.979883381411791543e-01
9.905392329853551781e-01
9.902312036567976206e-01
9.967481158923479079e-01
9.884797966931351265e-01
9.896872905026486977e-01
9.923960502477562340e-01
9.867235834130339001e-01
9.882726033557794887e-01
9.895792097552340572e-01
9.897421417336054184e-01
9.875486635760728493e-01
9.845295717833739690e-01
9.829090427200506408e-01
9.868970834897445865e-01
9.850035090002996485e-01
9.925768093345065379e-01
9.905061244819827193e-01
9.884679502440972820e-01
9.903589456331213237e-01
9.971872856059453838e-01
9.947205445277049751e-01
9.925076216071603286e-01
9.887730998756335543e-01
9.964964020821067692e-01
9.875815927504577596e-01
9.938770862494256120e-01
9.897212904710298575e-01
9.919868703156530243e-01
9.908523384209808604e-01
9.890729714672266137e-01
9.923703723380370434e-01
9.903016688113389643e-01
9.871172764101572294e-01
9.890793425644343051e-01
9.876768236966231296e-01
9.901884399327356423e-01
9.873927351339517600e-01
9.946229438801975631e-01
9.953634685977201801e-01
9.927700688971120568e-01
9.914469696658310127e-01
9.928853000137674023e-01
9.931292988917339581e-01
9.935281394280029987e-01
9.947312450492591385e-01
9.952084147601489850e-01
1.000454026929301188e+00
9.945139589865823471e-01
9.961474128180498600e-01
9.935324084721377513e-01
9.951054772216808564e-01
9.959116409971676687e-01
9.942253166073112824e-01
9.964769718525596787e-01
9.949316490145401204e-01
9.959805573840668780e-01
9.923964965625651224e-01
9.978424949825172030e-01
1.000227751260286846e+00
9.948372173727472179e-01
9.972175558615369306e-01
9.964716802291890829e-01
9.938011510077202626e-01
9.963888880158405792e-01
9.959193848224380252e-01
9.955385111696170020e-01
9.961034140990016050e-01
9.982148911652075629e-01
9.913710671957000065e-01
9.946784490094578990e-01
9.971164870835629301e-01
9.970110315095331854e-01
9.971480884574581705e-01
9.956434715751141251e-01
9.952665229249866297e-01
9.961334093428392267e-01
9.999418711399894466e-01
9.969547984551135889e-01
9.979504778224294048e-01
9.982611610279541470e-01
9.968431946253888398e-01
9.969228963763511198e-01
9.964063610500830670e-01
1.000143564494922366e+00
9.942736683113646556e-01
9.966935956012569209e-01
9.948486332197247206e-01
9.970199283483929253e-01
9.927327385594845177e-01
9.970616750334470035e-01
9.964258252109394753e-01
9.969310286518944242e-01
9.985412139375222651e-01
9.966782675265347669e-01
9.978912958720316251e-01
9.966505163599241879e-01
9.959248390347869018e-01
9.956139095721898702e-01
9.933778413487276415e-01
9.934068759010167282e-01
9.956956500354411377e-01
9.972363224423635986e-01
9.951736884862055765e-01
9.975088089873531683e-01
9.954739784688384496e-01
9.965667788324777954e-01
9.941493378560909422e-01
9.941348184260561105e-01
9.942547042153907499e-01
9.979199411660449881e-01
9.946259532006690440e-01
9.958145921652366006e-01
9.948713514866852625e-01
9.964385352644890004e-01
9.976009524492609470e-01
9.906719318973365995e-01
9.962229587088853311e-01
9.953944346410897870e-01
9.966837199607712083e-01
9.955246402073336665e-01
9.966420418596447783e-01
9.950184655161785630e-01
9.947042179566264464e-01
9.967338768503003488e-01
9.938902477752326048e-01
9.939115877771579344e-01
9.945474064766857136e-01
9.948647972221735802e-01
9.975168471468490727e-01
9.949026971439968170e-01
9.914148588727197398e-01
9.927553445492832696e-01
9.959960409440130613e-01
9.989661858944681727e-01
9.941292390659339784e-01
9.956861726000508783e-01
9.974369893864678538e-01
9.984232589345434228e-01
9.946268020158712808e-01
9.969149343284805509e-01
9.946022091765402973e-01
9.953485511136115349e-01
9.962037723381550469e-01
9.979343108744854751e-01
9.975794980151188041e-01
9.972687595277676120e-01
9.981340654238092247e-01
9.981457839913925323e-01
9.956907125773036826e-01
9.893223332140844706e-01
9.764605431294183235e-01
9.645992467206352394e-01
9.567699845048459606e-01
9.429421231304819795e-01
9.321640922557355990e-01
