0.000000000000000000e+00
0.000000000000000000e+00
0.000000000000000000e+00
0.000000000000000000e+00
0.000000000000000000e+00
0.000000000000000000e+00
0.000000000000000000e+00
0.000000000000000000e+00
0.000000000000000000e+00
0.000000000000000000e+00
0.000000000000000000e+00
0.000000000000000000e+00
0.000000000000000000e+00
0.000000000000000000e+00
0.000000000000000000e+00
0.000000000000000000e+00
0.000000000000000000e+00
0.000000000000000000e+00
0.000000000000000000e+00
0.000000000000000000e+00
0.000000000000000000e+00
0.000000000000000000e+00
0.000000000000000000e+00
0.000000000000000000e+00
0.000000000000000000e+00
3.645467375741764937e-02
8.051981825861498354e-01
2.885239872857258359e+00
3.360503878282930845e+00
2.151726222625263141e+00
1.022259946981883827e+00
4.842494945698626596e-01
2.845120136206338302e-01
2.079857774071134646e-01
2.124974646875738837e-01
2.365794881541065653e-01
2.608889176707633872e-01
3.005875694714217894e-01
2.968639062447025467e-01
3.029438399399838056e-01
3.303058475451847720e-01
3.929341846089596246e-01
4.884410222351496800e-01
6.568686457059392803e-01
8.588201993153570246e-01
1.047337468947906247e+00
1.204261400239288182e+00
1.313073448218315509e+00
1.435621449453078347e+00
1.527653295863838467e+00
1.595180725692757706e+00
1.634081010053854310e+00
1.607292858606878427e+00
1.492331490463838062e+00
1.376439958710933498e+00
1.223265650833214702e+00
1.084887546271591452e+00
9.881361820139423768e-01
9.193109064519476847e-01
8.844945996924472587e-01
8.656650126814058321e-01
8.755916815961830579e-01
8.808042454080755590e-01
8.971519811823049917e-01
9.225432013717180801e-01
9.532869242625763295e-01
9.590655212626607584e-01
9.804882530073462110e-01
1.013051807448153374e+00
1.009441684441791720e+00
1.023278489575968786e+00
1.048427480413316903e+00
1.045141350172059669e+00
1.060646737969397790e+00
1.057171827839545220e+00
1.049123408233953780e+00
1.047366444206289104e+00
1.041005560457829882e+00
1.022962334037413656e+00
1.026365267921142577e+00
1.008342704147010105e+00
9.922300318017476251e-01
9.832233081818145815e-01
9.791407923870882879e-01
9.867965198865310539e-01
9.792969863067672032e-01
9.839396143636598424e-01
9.925186589632326584e-01
9.954280376580179057e-01
9.989459249819129250e-01
9.991435206009408043e-01
1.005090367880887126e+00
1.018321848355789427e+00
1.025384616871002352e+00
1.022992650796656022e+00
1.020936922658970181e+00
1.025066502408772173e+00
1.016103958316825651e+00
1.021309275178657439e+00
1.020187484566149827e+00
1.011470461277217847e+00
1.025857294312121581e+00
1.003850839243451309e+00
1.012027684217300383e+00
1.002836384336350806e+00
1.002101822843755041e+00
1.000195636784238618e+00
1.005101007680323288e+00
1.003686866519982734e+00
1.006595339959133195e+00
1.000184889195957716e+00
1.000569012884825471e+00
1.002875105974298631e+00
1.002337963014300559e+00
1.008111072439042744e+00
1.003788868862809380e+00
1.012115281686881918e+00
1.010613139752310596e+00
1.008905956440580454e+00
1.008447163133664670e+00
1.011371086026815469e+00
1.005786546925667269e+00
1.007016128754140816e+00
1.010899427399997386e+00
1.002773179789489211e+00
1.005195556759828968e+00
1.004419995026892831e+00
1.007039524811457198e+00
1.007415147192748162e+00
1.003930075691437773e+00
1.006959889183041801e+00
1.001732651682338382e+00
1.006466042607999434e+00
9.982435272984435670e-01
1.000165727659760417e+00
1.002449698747040374e+00
1.003071500474295386e+00
9.956380748746439524e-01
1.004056956872307671e+00
1.004637958558295852e+00
9.940328200158089489e-01
9.987474071331128300e-01
9.997931973741982503e-01
9.961184681414325670e-01
1.001936524141730844e+00
9.977095654436231031e-01
1.004048533960669287e+00
1.000830308387664624e+00
1.001895359080470449e+00
9.956019965650667602e-01
9.977125327423376211e-01
1.001127533992559826e+00
1.000376576902739734e+00
1.001557678219292535e+00
1.000566536174701815e+00
9.964337912567878819e-01
9.972040696019667250e-01
9.944927576032763783e-01
1.003885141616144949e+00
1.000464236773232374e+00
1.000001956447564178e+00
9.986739090192472412e-01
9.997053910187424508e-01
9.981008626856723298e-01
9.928946889354208771e-01
9.968519142412589629e-01
9.951162226258730703e-01
9.909872156681216460e-01
9.938349795957962529e-01
9.966553778676460196e-01
9.941887276255306771e-01
9.963738769572433318e-01
9.907269911980396415e-01
9.927091530367404548e-01
9.962916396418922682e-01
9.898246092695254239e-01
9.938712669035141278e-01
9.947157809278807106e-01
9.921164246378735285e-01
9.914645793436424048e-01
9.889770154727450802e-01
9.978827422620282217e-01
9.948394842829715312e-01
9.941562971531414661e-01
9.908628637466052602e-01
9.949364073982466250e-01
9.948038954260123301e-01
9.922094881556543511e-01
9.917523039814437613e-01
9.936744853946729572e-01
9.947409937883943121e-01
9.928942941211000850e-01
9.902330083151013040e-01
9.923658314394852020e-01
9.920161617258379527e-01
9.950894670037839784e-01
9.930935289142241995e-01
9.910885446580034452e-01
9.955751968281003617e-01
9.936289415322271390e-01
9.897733680673458379e-01
9.933776708010886303e-01
9.930847686344829173e-01
9.933363858821548931e-01
9.931270057334729007e-01
9.912593668237005273e-01
9.945508772787037266e-01
9.944187301762003051e-01
9.934117131836563974e-01
9.926300704683821419e-01
9.997347729209707934e-01
9.928845665492003203e-01
9.958396211530311515e-01
9.960092255667759575e-01
9.984154420833195598e-01
9.949804450948608325e-01
9.952749650600204445e-01
9.934982806320402648e-01
9.966216290527911692e-01
9.956831434195023700e-01
9.953939805419216302e-01
9.921535195021679021e-01
9.992231645025708708e-01
9.977410283593476370e-01
9.966870237404483746e-01
9.992715128115610135e-01
9.964811402386514194e-01
9.944932661768194349e-01
9.947126264856853695e-01
9.993545784903149487e-01
9.975630187698862894e-01
9.996639814370021915e-01
9.979369758656425615e-01
9.939351558161634292e-01
9.947398644947147428e-01
9.974615699927328327e-01
9.949241110781792408e-01
9.989749542555402817e-01
9.945079507819617470e-01
9.913323413588844835e-01
9.940940706220008360e-01
9.954386003518075343e-01
9.925430863027543404e-01
9.939805179002632052e-01
9.939398187955365005e-01
9.966451334462199663e-01
9.944343975251956902e-01
9.951413932806935092e-01
9.958255648582814423e-01
9.945779122979574449e-01
9.949002867085178226e-01
9.955125120434729080e-01
9.942103248292559758e-01
9.918776353790643707e-01
9.967051461704717896e-01
9.954863680652822344e-01
9.972623337991451953e-01
9.961189715595610839e-01
9.970867884541630977e-01
9.956716429109704336e-01
9.940768125505412556e-01
9.956762022426082215e-01
9.971775939239372333e-01
9.978798899680478840e-01
9.944365218955386609e-01
9.986266273150417039e-01
9.949713868438270215e-01
9.969012477647340997e-01
9.960049485680935177e-01
9.994093568931412541e-01
9.983610981861392730e-01
9.982623856211639835e-01
1.000079428910348511e+00
9.965018143362435188e-01
9.865142137411652135e-01
9.770140537117423252e-01
9.681535103905617445e-01
9.569143023005701743e-01
9.456917208732270597e-01
9.350567589439539029e-01
