0.000000000000000000e+00
0.000000000000000000e+00
0.000000000000000000e+00
0.000000000000000000e+00
0.000000000000000000e+00
0.000000000000000000e+00
0.000000000000000000e+00
0.000000000000000000e+00
0.000000000000000000e+00
0.000000000000000000e+00
0.000000000000000000e+00
0.000000000000000000e+00
0.000000000000000000e+00
0.000000000000000000e+00
0.000000000000000000e+00
0.000000000000000000e+00
0.000000000000000000e+00
0.000000000000000000e+00
0.000000000000000000e+00
0.000000000000000000e+00
0.000000000000000000e+00
3.625946539019393733e-02
1.026493700026928968e+00
3.358135911575444776e+00
3.310009316389134426e+00
1.833099249035924583e+00
8.335333963385221923e-01
3.798034499145911957e-01
1.956257561965046299e-01
2.266901341590774610e-01
8.458428464963111404e-01
1.745036190035394563e+00
1.915837237485724875e+00
1.464574784789295370e+00
9.827478830713489710e-01
6.960869835417283769e-01
5.816472526219387262e-01
5.753537120768932311e-01
6.284055413064970619e-01
7.185947738119899952e-01
8.178244993429779619e-01
9.179471978076269023e-01
1.014040471309789027e+00
1.098230494098576981e+00
1.162073679681038696e+00
1.202619474607647287e+00
1.228298116418644614e+00
1.232299133648037115e+00
1.208544981578801414e+00
1.170572221311992456e+00
1.134932208890889527e+00
1.088882939836501418e+00
1.043974967174339019e+00
1.009365083083173076e+00
9.792768843474274343e-01
9.568544139085527478e-01
9.384932643340319069e-01
9.293538734705700799e-01
9.216773805164504285e-01
9.173896852501892685e-01
9.192518805272803517e-01
9.256308450808216071e-01
9.350384643365197146e-01
9.511906846703810370e-01
9.648831546207115029e-01
9.772060658549204248e-01
9.878115341710458353e-01
9.973909462983504559e-01
1.004950299496440547e+00
1.011797108312343374e+00
1.017694143559509490e+00
1.021150303056457265e+00
1.023015917101006700e+00
1.022223069012928143e+00
1.021301345137351602e+00
1.018835486726026529e+00
1.016022055508043698e+00
1.011086089380196062e+00
1.007816294129773915e+00
1.002041067116447914e+00
9.996012698867513535e-01
9.989418919717326650e-01
9.986877047618284431e-01
9.977845590091424244e-01
9.962122121441461253e-01
9.980733409421388425e-01
9.964187407541865715e-01
9.965050598754607858e-01
9.960380504644892330e-01
9.969018673470088077e-01
9.971263783685595516e-01
9.983419260733741307e-01
9.962194470966539983e-01
9.971034811044241497e-01
9.972150659020251329e-01
9.971321690490618783e-01
9.961690655877319944e-01
9.961481832203796793e-01
9.972725827234155682e-01
9.997571926600442582e-01
9.979703855747722452e-01
9.992126685060556124e-01
9.999811868799329817e-01
9.983912045676835989e-01
1.000611642843838744e+00
9.996468208683254586e-01
1.001898892111676265e+00
1.000988328974589114e+00
1.002122995518600401e+00
1.000800844238121323e+00
1.000708365714454651e+00
1.001046473572732465e+00
1.000552112413197747e+00
1.000196597438223423e+00
9.994752014381319549e-01
1.000926067044352274e+00
9.999204762145325054e-01
9.996574754527044471e-01
9.992281149323782863e-01
9.988635254144617726e-01
1.000255642982769588e+00
9.991156390549527089e-01
9.997205001702467175e-01
9.994471113801168816e-01
1.000442239771419439e+00
9.998295155544405510e-01
9.995503133916917582e-01
9.992834858368629947e-01
9.993822136539425305e-01
9.996932678554102392e-01
1.001628238912010804e+00
1.000137447343865560e+00
9.995376094323564775e-01
9.996304711552594924e-01
9.995952345028493724e-01
1.000566323909223510e+00
1.000327141819324028e+00
9.996515731437853880e-01
1.000263204926156391e+00
1.000768722696436575e+00
1.001319126705713991e+00
1.000019170230499910e+00
1.000084493940265773e+00
9.998911905269803890e-01
9.998604814709023403e-01
9.998750225954963211e-01
9.994459003889397675e-01
9.998532067760114161e-01
1.000147724089484713e+00
9.998361181384928242e-01
1.000142447780070443e+00
1.000609032809873788e+00
9.997258428357909121e-01
9.993627358500417612e-01
9.989583792881988611e-01
9.997686775260244962e-01
1.000317310769130996e+00
9.994856812686546688e-01
1.000716983485090861e+00
1.000685321943668216e+00
1.000600144200165076e+00
1.001653189236427988e+00
9.995837489269934206e-01
9.999751489544060901e-01
9.996271466572039799e-01
9.996039086917908323e-01
9.990058394065567393e-01
9.995368410172005280e-01
1.000200701148364235e+00
9.992405466556819604e-01
9.993216495145522682e-01
9.994520112792206756e-01
1.000456544433812711e+00
1.000445302451473895e+00
1.000186276697280663e+00
9.995796999104226144e-01
9.996657502705906806e-01
9.996305625944418294e-01
1.000553732432534870e+00
1.000865047146902276e+00
1.001234402440570381e+00
1.000358509104039895e+00
1.000593746084703639e+00
1.000498442513288122e+00
9.997790131070380948e-01
9.995869967667148082e-01
1.000402929691221132e+00
1.000509128669580416e+00
1.000577694670501172e+00
1.000135480868009408e+00
9.998760626318529132e-01
9.995430499217066167e-01
9.993208811387949142e-01
9.997883171387766943e-01
1.000257902938654020e+00
9.999545935102023275e-01
9.998383156003015637e-01
1.000253997047242382e+00
9.992526626391265987e-01
9.999742003743995467e-01
9.995967800837270989e-01
1.000439625717805647e+00
9.999635188209282655e-01
1.000360287850029062e+00
1.000275577891859724e+00
1.000122196956790832e+00
9.998678282801628514e-01
1.000852762403113605e+00
1.000257032394231915e+00
1.000939928936140255e+00
1.000287783590293911e+00
1.000390382094083375e+00
1.000770805687368981e+00
1.000125877426478072e+00
1.000287987854741489e+00
1.001161203565809066e+00
1.000074470211635314e+00
9.999680304178438783e-01
9.997240395118247580e-01
9.999084182677298038e-01
1.000441079873107819e+00
1.000155331262472691e+00
1.000167322693112038e+00
9.998512457430176470e-01
1.000450430395355417e+00
1.000518251477707121e+00
1.000104297298073375e+00
9.999842803752274634e-01
1.000104553374874916e+00
9.995952674318092646e-01
1.000040258936588655e+00
9.999595983290359147e-01
1.000300287725162773e+00
1.000248804310265305e+00
9.993030119156147695e-01
1.000482327209264444e+00
1.000432392256495273e+00
1.000361402997376636e+00
1.001560761863105053e+00
1.000129714801305303e+00
9.999571208049854443e-01
1.000163237038855346e+00
1.000274247623735846e+00
1.000563145870715376e+00
1.000380742110165144e+00
1.000388642706172559e+00
1.000045028667711833e+00
9.999542635918804434e-01
1.000043669328618545e+00
9.998491717092080622e-01
9.997049296510254202e-01
1.000232358492640694e+00
9.999092323371222557e-01
1.000327641251514077e+00
9.997110896690750703e-01
1.000093674122202181e+00
1.000168337291287513e+00
1.000007718427795789e+00
9.998552697662567157e-01
1.000403182550399617e+00
9.997669832922185806e-01
1.000200822094460262e+00
9.999149709739660885e-01
1.000301073260971174e+00
1.000132237097176358e+00
1.000769676119841911e+00
1.000735831570047418e+00
9.999801024841269426e-01
1.000179109889377749e+00
1.000275530672074309e+00
9.995618688919112316e-01
1.000415681278026714e+00
1.000226378663289672e+00
9.983552699384377060e-01
9.894240626433765673e-01
9.782977197183851947e-01
9.674659782648807882e-01
9.570195910027767816e-01
9.463993671760383419e-01
9.362057721178780323e-01
