0.000000000000000000e+00
0.000000000000000000e+00
0.000000000000000000e+00
0.000000000000000000e+00
0.000000000000000000e+00
0.000000000000000000e+00
0.000000000000000000e+00
0.000000000000000000e+00
0.000000000000000000e+00
0.000000000000000000e+00
0.000000000000000000e+00
0.000000000000000000e+00
0.000000000000000000e+00
0.000000000000000000e+00
0.000000000000000000e+00
0.000000000000000000e+00
0.000000000000000000e+00
0.000000000000000000e+00
0.000000000000000000e+00
0.000000000000000000e+00
3.599853237715732216e-05
3.374287523918577392e-02
1.007517018058291747e+00
3.301171024818688071e+00
3.265522188423541028e+00
1.817697143987555997e+00
8.339855341581449144e-01
3.820390813396905005e-01
2.001415687902766971e-01
2.315200134862031023e-01
8.447822455959890231e-01
1.737608338548836562e+00
1.899081689062285028e+00
1.458329178635972889e+00
9.963916200957112501e-01
7.274629535680431358e-01
6.263150902514670326e-01
6.218141287801587369e-01
6.798914585033690727e-01
7.603414955770809724e-01
8.489287072686990676e-01
9.419732576520017941e-01
1.026127806726331748e+00
1.099038972781514190e+00
1.150652415133382345e+00
1.185782981925640467e+00
1.204623241464773731e+00
1.203627870098971986e+00
1.185100131345038887e+00
1.150903167838556174e+00
1.110217523623640901e+00
1.075876139153351119e+00
1.038689209649599210e+00
1.003277484746798898e+00
9.739051284741040426e-01
9.495356349159123077e-01
9.379735359217161728e-01
9.273223670298371690e-01
9.233739739738161534e-01
9.205098059188980830e-01
9.251763895225292300e-01
9.316808770046025590e-01
9.431736225396666340e-01
9.544916992422355362e-01
9.706901681363269141e-01
9.806420029941604888e-01
9.895219707198702475e-01
9.973351538578535402e-01
1.004085562163902434e+00
1.012051558698317200e+00
1.017180870607936827e+00
1.020338849648914081e+00
1.023803256480672941e+00
1.024254684970051565e+00
1.019997529805416470e+00
1.019962816214440737e+00
1.016645027574376137e+00
1.013492802043620689e+00
1.007946388436035123e+00
1.004188043365095151e+00
1.000982127059432569e+00
9.964950146199027525e-01
9.974174382889879897e-01
9.961147853310307054e-01
9.939992825982416624e-01
9.945108620550050516e-01
9.950830840091512419e-01
9.945131028663198869e-01
9.946387397319327306e-01
9.962710175356591646e-01
9.953051975397281259e-01
9.961723809933400453e-01
9.960068319111499147e-01
9.972566304092248535e-01
9.988717869055632192e-01
9.989450337776675237e-01
9.996353780565165881e-01
9.998300544735679862e-01
1.000266716366680075e+00
1.000698924167892745e+00
9.994228357030926491e-01
1.000840115154153942e+00
1.000608854997662389e+00
1.000718968100390516e+00
9.999723781596481231e-01
9.999727536354046098e-01
9.989483255479131296e-01
9.996471937314863609e-01
9.994823311120611953e-01
9.996181797437670991e-01
9.991004710619888485e-01
9.987000898884538236e-01
9.990610371805648260e-01
1.000935491704899372e+00
1.000277102325851653e+00
1.000691399146109051e+00
1.000090142704229690e+00
9.996832345832850075e-01
9.985893910454197719e-01
9.990658080924872397e-01
9.972547479301852036e-01
9.991400516086548222e-01
9.992238517641404139e-01
9.999275765817878803e-01
9.993051626354648720e-01
9.994539374328416104e-01
1.000116121588715545e+00
1.000846563088096497e+00
9.991123639403602930e-01
1.000159731372102456e+00
1.000326849427416676e+00
1.000144551126180836e+00
1.000078154201863745e+00
1.000316954363398736e+00
1.000868599247441981e+00
1.000579705868660740e+00
1.000386177097473794e+00
1.000508318724783630e+00
1.000496348723194373e+00
9.996854696524888340e-01
9.995642823528304577e-01
9.992395906043138876e-01
9.973841526659831258e-01
9.993676369590301922e-01
9.985171717283222170e-01
9.982636424916684348e-01
9.994942790357876916e-01
9.993987711529024320e-01
1.000439285440390513e+00
1.000074499777688253e+00
1.001440320967614372e+00
1.001348729356595024e+00
1.001179916668405445e+00
1.001830194490874959e+00
1.001505025538568905e+00
1.002163720483664200e+00
1.000901957959641653e+00
1.001350930163301678e+00
1.001220052022424145e+00
1.001143980928297372e+00
1.000431499673154923e+00
9.995612186878584104e-01
9.997267898595310065e-01
9.993835434117310790e-01
9.990369837530534980e-01
9.988289133720407165e-01
9.985985093075026020e-01
9.983827482173438517e-01
9.981644601720360832e-01
9.990030868346080339e-01
9.991895391125346082e-01
1.000047286409174951e+00
1.000055957026195541e+00
1.000125494448954822e+00
1.000920014362661092e+00
1.000523549515365263e+00
1.001723887977781891e+00
1.001188513150778947e+00
1.000736936584289527e+00
1.001056496248102334e+00
1.000815108099189166e+00
1.001257156773886603e+00
1.000996744018983087e+00
1.000015804394841057e+00
1.000675595969013010e+00
1.000634549588575339e+00
9.999510005409149027e-01
1.000111986732503011e+00
1.000249336991144267e+00
9.997806006668630285e-01
9.994199947882469459e-01
9.995332281608934055e-01
9.987916078030373290e-01
9.989008282093796431e-01
9.993145866451136339e-01
9.991383137941788339e-01
1.000091326003905934e+00
1.000075818516483306e+00
9.996525907381993425e-01
1.000056416130485459e+00
1.000526181666361980e+00
9.999298010746615617e-01
1.000152578720952867e+00
9.998942237664797394e-01
1.000197195721929111e+00
9.998546505909284843e-01
9.998743252033884810e-01
1.000017973500885837e+00
9.998622622086992262e-01
1.000578466242234121e+00
1.000301769681436914e+00
9.999102371777190967e-01
1.000626528556701755e+00
1.000359508803192909e+00
9.998451291286443166e-01
1.000433776756062265e+00
9.997902911093367040e-01
9.999899595656475126e-01
1.000036867520986972e+00
1.000065071293479990e+00
9.993493192258205982e-01
9.997205008036501583e-01
9.994149204680085052e-01
1.000269674302139755e+00
1.000606528271419604e+00
1.000420285071797810e+00
9.996764588568435306e-01
1.000430793686149622e+00
9.998041320422954570e-01
1.000172443744261397e+00
9.999852456792477362e-01
1.000093537528946808e+00
1.000395678224485385e+00
9.995874921334108043e-01
9.998712772372981838e-01
1.000407136713022505e+00
1.000134582844772302e+00
1.000093046306261613e+00
1.000125395455768729e+00
1.000075291425723822e+00
9.997407308790702274e-01
9.998936991494478121e-01
1.000087340933123459e+00
1.000238381232105400e+00
1.000239931945776650e+00
1.000221404443960349e+00
1.000334610922796852e+00
1.000359814139744730e+00
1.000021990888778189e+00
1.000232057748269732e+00
9.998347678472996325e-01
1.000151833435576565e+00
9.998621353184092841e-01
1.000386709531533969e+00
9.998941868459337856e-01
1.000316459305196748e+00
1.000119436850602117e+00
9.998149685407118348e-01
1.000002688713243604e+00
9.997913405627910644e-01
9.997744332813780499e-01
1.000597125765219531e+00
9.998218087666826959e-01
1.000185099100753705e+00
9.997814770229473957e-01
9.964273833278257664e-01
9.854985514718330730e-01
9.743679870429091672e-01
9.632887681452912965e-01
9.518608799206313975e-01
9.410077500976045117e-01
9.304295595938535390e-01
9.194519545588026865e-01
9.090263008513418397e-01
8.984790793855702562e-01
8.877177991531873813e-01
8.776294565619264798e-01
8.670005004698513318e-01
8.570832436486870431e-01
8.470275299055294305e-01
