0.000000000000000000e+00
0.000000000000000000e+00
0.000000000000000000e+00
0.000000000000000000e+00
0.000000000000000000e+00
0.000000000000000000e+00
0.000000000000000000e+00
0.000000000000000000e+00
0.000000000000000000e+00
0.000000000000000000e+00
0.000000000000000000e+00
0.000000000000000000e+00
0.000000000000000000e+00
0.000000000000000000e+00
0.000000000000000000e+00
0.000000000000000000e+00
0.000000000000000000e+00
0.000000000000000000e+00
0.000000000000000000e+00
0.000000000000000000e+00
1.199825219690495029e-05
3.444837478882350340e-02
1.018049013320977858e+00
3.310941740926953258e+00
3.283669782912638446e+00
1.830906945670979669e+00
8.345443253340900647e-01
3.845795440593361980e-01
2.004247865914048909e-01
2.308814985188498980e-01
8.521148822753491503e-01
1.747839573037421212e+00
1.913606479104873692e+00
1.462898943685125852e+00
9.938848166444438359e-01
7.217644982208512028e-01
6.241788452746835913e-01
6.190198790802559081e-01
6.733388644877443818e-01
7.541173869411726960e-01
8.482401307928899570e-01
9.429520190865638973e-01
1.026207242377610740e+00
1.096815600275710567e+00
1.148700667079476601e+00
1.185758483109973449e+00
1.206288117909932511e+00
1.207641140669879931e+00
1.184098957348742820e+00
1.151109705894132640e+00
1.113729774933912564e+00
1.073416910638465449e+00
1.039367035762224001e+00
1.002434000046553919e+00
9.727129402123396718e-01
9.502661247874188977e-01
9.339730352113960743e-01
9.261146590083251251e-01
9.208367866156740300e-01
9.193377457892011329e-01
9.223443858380263594e-01
9.305444571443627355e-01
9.437047272801719622e-01
9.556985734976884972e-01
9.696961565993343912e-01
9.802229380157987393e-01
9.883826918235700809e-01
9.989727583608581929e-01
1.005254945426150126e+00
1.011259445366575305e+00
1.016549595140419093e+00
1.018947419244758956e+00
1.022322878861745554e+00
1.021717263045002433e+00
1.021385260987299093e+00
1.021397922410642423e+00
1.017404456175611482e+00
1.013101855554124020e+00
1.006735825156700237e+00
1.004204802129406549e+00
9.994739671096686262e-01
9.985399632009656079e-01
9.962406433336440381e-01
9.965282065471937623e-01
9.943435295245962591e-01
9.949936399072455417e-01
9.938342213125892499e-01
9.932020435092580035e-01
9.948776152899687641e-01
9.953442704330334179e-01
9.960868788570987897e-01
9.968949529960854372e-01
9.969079123054751523e-01
9.979723523431961452e-01
9.990358315239520337e-01
9.992605139488638377e-01
1.001176355395295037e+00
1.000707170845058780e+00
9.998405652382461595e-01
1.001028994292645136e+00
1.000786499489574100e+00
1.000371421602940902e+00
1.000518304547282522e+00
1.000506665210896040e+00
1.000251730883090939e+00
1.000608251000999482e+00
9.999965024849708506e-01
1.000498947757498147e+00
1.000882895101641079e+00
1.001615546023018277e+00
9.999712611054126787e-01
1.000176590705949664e+00
1.000748600680939626e+00
9.997793638997815036e-01
9.995363122186394778e-01
1.000060576815709146e+00
9.999874755222226685e-01
9.995349114975967675e-01
9.978859533089753375e-01
9.984100867516926270e-01
1.000244808599907609e+00
9.987534092980419054e-01
1.000390756731382114e+00
9.999576043207772935e-01
9.998445709037814266e-01
1.000423060107920925e+00
1.000795020428728588e+00
1.000230631863851638e+00
9.995154901674971892e-01
1.000116776819739428e+00
1.000473049773866530e+00
1.000466620634171910e+00
9.997032326034641647e-01
9.991339011531900072e-01
1.000947617249862587e+00
1.001449331937257048e+00
9.997702191633549562e-01
1.000600506462029138e+00
9.994585977058630943e-01
1.000367672680580133e+00
9.989885907163912337e-01
9.991662683786929344e-01
9.980072323503953458e-01
9.984227752555949742e-01
9.985566345341455596e-01
9.984085953333243779e-01
9.985054419792764868e-01
9.992591759660442996e-01
9.996073297227026089e-01
1.000648573817499720e+00
1.001485131123867500e+00
9.996429837532344598e-01
1.002121016930382469e+00
1.000666476914851444e+00
1.002358124098345682e+00
1.001727607472138626e+00
1.001846715498805551e+00
1.001098708014201977e+00
1.000711733516615576e+00
1.001002299498140458e+00
1.000182279974348498e+00
1.000213573040678261e+00
9.989865176656474999e-01
9.987165203543854064e-01
9.981239058673546660e-01
9.991962473637001629e-01
9.977806400629788408e-01
9.985940398499264514e-01
9.991310382230838005e-01
9.982733888745325412e-01
9.983979099676982827e-01
9.990778540404504637e-01
1.000622056793554870e+00
9.994432603242506818e-01
1.000876807886036168e+00
1.000924402110471956e+00
1.001307342700606950e+00
1.002287238772079814e+00
1.001950469350424200e+00
1.001044943213593497e+00
1.001563209372397845e+00
1.001306915462624625e+00
1.001338897304537623e+00
1.000799529102053720e+00
1.000608862014645384e+00
9.995398590682629258e-01
9.998852671047572249e-01
9.998488596013733742e-01
9.998104516366447259e-01
9.998317658471561620e-01
9.991036561464415877e-01
9.993857579591085560e-01
9.995724321698734594e-01
9.990883426916797871e-01
1.000187086990443674e+00
9.992061107020462352e-01
1.000035408995852082e+00
1.000017598284710818e+00
1.000062148145205665e+00
1.000485116258909457e+00
1.001298283414181256e+00
1.001068151301450548e+00
1.001282469720081059e+00
1.000689071003818764e+00
1.000090478901627389e+00
1.000710774006314807e+00
1.000915122777969124e+00
1.000772831712372524e+00
1.000593480116001688e+00
9.998513020129260465e-01
1.000098512984384458e+00
1.001319612959909344e+00
1.000471317555948980e+00
1.000244958113931881e+00
1.000743204098329731e+00
1.000541041909907003e+00
1.000165841037230940e+00
1.000752334926971132e+00
1.000418531613244566e+00
1.000040044085610758e+00
1.000053159785405876e+00
9.998820823909062572e-01
9.998235250185985024e-01
9.999232587401315486e-01
1.000224199662446578e+00
1.000518471548306865e+00
1.000451236861426452e+00
1.000055166066526002e+00
1.000118279093278995e+00
1.000258179733409580e+00
1.000308745344821615e+00
1.000313394188093286e+00
1.000383859372027562e+00
9.999622558656765525e-01
9.997035808869989548e-01
1.000606837814481009e+00
9.998798235070124329e-01
1.000220971803605474e+00
1.000365831088888990e+00
9.996613486206210597e-01
1.000424792033738353e+00
1.000189881517036694e+00
1.000056370160686825e+00
1.000195476008395090e+00
1.000106589119994061e+00
1.000040263869048207e+00
9.999158661118077163e-01
9.999570997020662544e-01
1.000218542467043559e+00
1.000145536779718292e+00
9.998502123375186956e-01
9.997133295852874690e-01
1.000091390179751683e+00
1.000121291492943376e+00
1.000037929877308329e+00
1.000135519459687039e+00
1.000339244710644948e+00
1.000560604584351143e+00
9.997812712706319882e-01
9.998384314783896887e-01
9.999677347704613029e-01
9.999729688745727652e-01
9.998164788371899370e-01
9.994908991122170017e-01
9.999119063016919107e-01
9.962868834362300641e-01
9.849205572910237905e-01
9.746186798894656000e-01
9.635366002303532573e-01
9.519407459947709649e-01
9.409239381990828210e-01
9.307198322014283987e-01
9.195668054887606857e-01
9.089794988839812184e-01
8.983885216005822461e-01
8.874105337803765980e-01
8.772362030406855027e-01
8.673566086141853981e-01
8.567928184207201925e-01
8.463976298454769509e-01
