0.000000000000000000e+00
0.000000000000000000e+00
0.000000000000000000e+00
0.000000000000000000e+00
0.000000000000000000e+00
0.000000000000000000e+00
0.000000000000000000e+00
0.000000000000000000e+00
0.000000000000000000e+00
0.000000000000000000e+00
0.000000000000000000e+00
0.000000000000000000e+00
0.000000000000000000e+00
0.000000000000000000e+00
0.000000000000000000e+00
0.000000000000000000e+00
0.000000000000000000e+00
0.000000000000000000e+00
0.000000000000000000e+00
0.000000000000000000e+00
1.303103665939476599e-05
3.682125631078576877e-02
1.078885017847223349e+00
3.494313319186752143e+00
3.450730569981723228e+00
1.911231903607388594e+00
8.737030534392311587e-01
3.973622466000519826e-01
2.020471858932878784e-01
1.239868002753401893e-01
1.912922144960934046e-01
7.269992590640215191e-01
1.523926465912010197e+00
1.779258349228349356e+00
1.489535737035108998e+00
1.090835760900416007e+00
8.306718757823006172e-01
7.145350707796447320e-01
7.064304014285651689e-01
7.561661644735337973e-01
8.349869820557122013e-01
9.231350171688873507e-01
1.006077994099465300e+00
1.075933043776458264e+00
1.130069691228284823e+00
1.170716360648959009e+00
1.191815035208877216e+00
1.196904834965295095e+00
1.185435382550065864e+00
1.152169780850416547e+00
1.120939793254053907e+00
1.083246879728200662e+00
1.052175441142012335e+00
1.023735353156459471e+00
1.001167284491237375e+00
9.783069653717993974e-01
9.577600811110333900e-01
9.461789947510792498e-01
9.350105348326621657e-01
9.302328652237954465e-01
9.311489560351078332e-01
9.318297626523966981e-01
9.388823194713765696e-01
9.486506324317992567e-01
9.562500638411201015e-01
9.669363547440276152e-01
9.788101592813380769e-01
9.864211136163927307e-01
9.931188257732206370e-01
9.960283679597448092e-01
1.002347146704102743e+00
1.006508850719827874e+00
1.007787384047498236e+00
1.012643257022871390e+00
1.013097362831847370e+00
1.015291034035619377e+00
1.015820927783713357e+00
1.015416528748774416e+00
1.014010504627546272e+00
1.011575228487127998e+00
1.010493184230681019e+00
1.008046103109126124e+00
1.005127092449761728e+00
1.005241906439319211e+00
1.003675187328816998e+00
1.003416085680708392e+00
1.001416769287502007e+00
1.000055335997811490e+00
9.990791184675679171e-01
9.976394905386284373e-01
9.961749963619330739e-01
9.957736464433972756e-01
9.959504994347454510e-01
9.936364955291618895e-01
9.942783182384737906e-01
9.938749475781920584e-01
9.941157752686852200e-01
9.923929967793871931e-01
9.946267037910482278e-01
9.949694776002369068e-01
9.976071388783861460e-01
9.984132978266352376e-01
9.995070732775702682e-01
1.001489601057514500e+00
1.003038501872434374e+00
1.003981882427259942e+00
1.003071704175449552e+00
1.004090368883598483e+00
1.004107015358769006e+00
1.004221440268328713e+00
1.002892841923387790e+00
1.001902172557953552e+00
1.002071275360745917e+00
1.000385385046018705e+00
1.001005056922253500e+00
1.000610855954497280e+00
9.998114262416710751e-01
1.000344191795473847e+00
9.989094933391035047e-01
9.989961572589856065e-01
9.985840084020453089e-01
9.997371358377107331e-01
9.991457763158393401e-01
9.981953266750037690e-01
9.992948714160287960e-01
9.989585557546689643e-01
9.986184973136313925e-01
1.000039203878587690e+00
9.991424092881080465e-01
1.000084543877223009e+00
1.001029808709598123e+00
9.999739622208233536e-01
1.001810958629909099e+00
1.001079102429448753e+00
1.001651261677420690e+00
1.002100826580941018e+00
1.001597514264144451e+00
1.001279168173918377e+00
1.001702194494355824e+00
1.000697764299774528e+00
1.000021563955945325e+00
1.000634732479667610e+00
1.001680902178271548e+00
9.995783691086407297e-01
9.992686391143438263e-01
9.997280620780041316e-01
9.997184480577969712e-01
9.983687127280769236e-01
9.986123026341385822e-01
9.979878455993315134e-01
9.983937427637714634e-01
9.998555897753049759e-01
9.988946640547503586e-01
9.996293913740186277e-01
1.000553342897426479e+00
1.000928071850693213e+00
1.002049516177923483e+00
1.002509193899528528e+00
1.002811253356185928e+00
1.002297071806993900e+00
1.001258105127796671e+00
1.001764801191863841e+00
1.000972063849142168e+00
1.001331992050850994e+00
1.001049135674969337e+00
1.000355822513910864e+00
9.997639718812540988e-01
9.997474406458275453e-01
9.997528974188850670e-01
9.995629935462750915e-01
9.995723471812635319e-01
9.982972639036982176e-01
9.986965541057919449e-01
9.983738394399009897e-01
9.984960278043335524e-01
9.990741568338754597e-01
9.985301850446238747e-01
9.988833689565244089e-01
9.992201337034730679e-01
9.996557091906900228e-01
1.000389173437205459e+00
1.000218624597161821e+00
1.000327876717087117e+00
1.000534595926144021e+00
1.001183968812392688e+00
1.000351858826303397e+00
1.000624986513135806e+00
1.001546312556723883e+00
1.000632327327099169e+00
1.000063736758666888e+00
1.000240981223966985e+00
1.000138641133204276e+00
9.996384087561652754e-01
1.001052406283290175e+00
9.997662039151212765e-01
9.997493949731350860e-01
9.995364497140487581e-01
9.999552089255381304e-01
1.000588251752579261e+00
1.000107232706864080e+00
9.995515342263018299e-01
9.998281055075282087e-01
9.999466890907181549e-01
9.996258035811199649e-01
1.000094388570696990e+00
9.998455694414722927e-01
9.995644143471805743e-01
1.000387405101736515e+00
9.998948636101094856e-01
9.998999993038905076e-01
9.997550814850291179e-01
9.993589286116587589e-01
1.000157475423823383e+00
9.998807760657819621e-01
9.999419368460000790e-01
9.998771686522949231e-01
1.000076159250094632e+00
1.000023244136412748e+00
1.000435695123943480e+00
9.997977982837206179e-01
1.000583332925943925e+00
1.000185041575935685e+00
9.999924543080992434e-01
9.998281745501556017e-01
1.000460689269816017e+00
1.000166417569529509e+00
9.997661544326280625e-01
1.000135398390371355e+00
1.000016564433529931e+00
1.000278002460880833e+00
1.000010669377927819e+00
1.000073544587091190e+00
1.000460890431158267e+00
9.992085011641422820e-01
9.999471114513973635e-01
9.999495879770856632e-01
1.000309646575408662e+00
1.000008955238630648e+00
9.999602641048546126e-01
1.000390015524014853e+00
1.000069051715004598e+00
9.999419493135655035e-01
9.993810161961240723e-01
1.000127288167354855e+00
1.000066353225067983e+00
1.000470608299231401e+00
1.000319864103446754e+00
9.997861347513027352e-01
9.999285951590596300e-01
9.998751059202932723e-01
1.000586407791427046e+00
1.000822085144992268e+00
9.998394803897249217e-01
1.000447193369443211e+00
1.000292727999570586e+00
1.000560513974687149e+00
1.000181651820694739e+00
1.000284782924490523e+00
1.000700410829063358e+00
1.000259146742187522e+00
1.000324726584004953e+00
1.000635191510264699e+00
9.988009581442248708e-01
9.890196183626367432e-01
9.783129435963806575e-01
9.675642979080004702e-01
9.564061149434510689e-01
9.452090747273720339e-01
9.336994790168851033e-01
9.229989949533775606e-01
9.120887540769634372e-01
9.011855105651656039e-01
8.908853343596019325e-01
8.798460602935282981e-01
8.698249574399316009e-01
8.595193952911704960e-01
8.495374180970890476e-01
8.389637459871331915e-01
8.287953873552436068e-01
8.183108422465635856e-01
