0.000000000000000000e+00
0.000000000000000000e+00
0.000000000000000000e+00
0.000000000000000000e+00
0.000000000000000000e+00
0.000000000000000000e+00
0.000000000000000000e+00
0.000000000000000000e+00
0.000000000000000000e+00
0.000000000000000000e+00
0.000000000000000000e+00
0.000000000000000000e+00
0.000000000000000000e+00
0.000000000000000000e+00
0.000000000000000000e+00
0.000000000000000000e+00
0.000000000000000000e+00
0.000000000000000000e+00
0.000000000000000000e+00
0.000000000000000000e+00
0.000000000000000000e+00
0.000000000000000000e+00
0.000000000000000000e+00
0.000000000000000000e+00
0.000000000000000000e+00
4.111642917031528566e-02
9.286425161209638235e-01
3.107687953236702327e+00
3.550406744143374649e+00
2.242038226866741368e+00
1.110777209148329447e+00
5.087700668774578494e-01
2.824302378773290712e-01
2.170057482807190297e-01
2.255017772897637274e-01
2.562996429428068823e-01
2.836408562402699118e-01
3.137235197051915780e-01
3.299318311325878939e-01
3.307554914587710893e-01
3.543513805797761651e-01
4.134234441126179438e-01
5.391754878546067831e-01
6.928825687490456353e-01
8.934289353836953884e-01
1.073295883656290028e+00
1.221033055627495534e+00
1.325467855888373236e+00
1.422884131583878942e+00
1.506122646201199622e+00
1.552903169230600788e+00
1.585079988482044122e+00
1.551899947439514316e+00
1.466403424414052248e+00
1.330555452707008701e+00
1.200695716354196252e+00
1.076449267277256538e+00
9.772370044509943732e-01
9.275036671471146299e-01
8.811673145028204868e-01
8.704910722616859831e-01
8.750665883693133917e-01
8.871392492844050182e-01
8.980929648393762843e-01
9.255648620248515535e-01
9.336505279849850458e-01
9.563738518735428462e-01
9.790539127486557192e-01
9.968635115051263096e-01
1.013830781944668136e+00
1.032620059480272579e+00
1.037075894889306626e+00
1.047618167744379658e+00
1.044780770158944216e+00
1.041043401274968749e+00
1.047698759942117919e+00
1.043556075814554340e+00
1.040304313997192809e+00
1.025863695996515501e+00
1.017732929870478253e+00
1.009917892470419298e+00
9.990810026588330395e-01
9.916839006305487869e-01
9.860956538188001552e-01
9.821555185415695721e-01
9.872220776751822191e-01
9.858453902448794937e-01
9.930289483018165386e-01
9.939081791958426226e-01
1.002425494275564377e+00
1.003099908282899744e+00
1.002891351353973226e+00
1.012706743609525839e+00
1.002828246201269868e+00
1.013784330786504428e+00
1.017175212423018671e+00
1.019987662989312760e+00
1.024035081884760556e+00
1.018843345255683097e+00
1.015087822786458371e+00
1.014472798002496123e+00
1.011261788742771950e+00
1.007724291650102355e+00
1.006097783844524640e+00
9.980987876201101727e-01
1.002207588884107325e+00
9.953121716668171803e-01
9.972119524313546313e-01
9.956008742056717820e-01
9.975858447146367380e-01
9.957297711753358982e-01
9.970132125542836565e-01
9.985444914434531416e-01
9.969134266516667120e-01
1.001141439416734391e+00
1.004415414421447883e+00
9.988605184277200566e-01
1.003824463190884808e+00
1.008612453154884125e+00
1.004012924742664792e+00
1.003328466614347381e+00
1.004842081739918846e+00
1.000571690813101045e+00
1.002320661296256521e+00
1.000717886627046527e+00
9.991455649217891866e-01
1.004561329429451311e+00
9.948696928337935619e-01
9.961375152236794372e-01
9.956699614261083076e-01
9.924590714261071200e-01
9.962373970070785845e-01
9.966630260383835260e-01
1.000505142488494092e+00
9.949806981029182262e-01
9.949278417061593327e-01
9.944536021417479388e-01
9.906982488987359226e-01
1.003119150108431334e+00
9.963223507516915101e-01
1.001831417609443386e+00
9.977234268886796542e-01
9.994467716182430239e-01
9.967938305778227814e-01
9.961467072085757879e-01
9.985057151086781380e-01
1.000738199320601263e+00
9.984696495559433060e-01
9.975024918434575172e-01
9.979275066969760521e-01
9.960365962302533127e-01
9.966665931853651017e-01
9.993492723155504853e-01
9.995326109293429795e-01
9.956911436586171060e-01
9.977851816665954665e-01
9.983245306980356171e-01
9.947784392054190850e-01
9.984805197431779744e-01
1.000824805354338709e+00
9.968052909194339284e-01
9.974037174623321400e-01
1.002249200489595538e+00
9.969586995235932836e-01
1.000881669512878380e+00
9.996503274700576647e-01
1.000443630480571944e+00
9.975078268643762236e-01
1.002101998027122409e+00
9.994667739735486611e-01
9.969239490409460558e-01
9.962286844218503079e-01
9.975656341994079135e-01
9.940163874650891351e-01
9.951589462272768527e-01
9.989550824255537531e-01
9.986669694341979708e-01
9.952535455968187783e-01
9.961906403929917664e-01
9.969058505876665643e-01
9.979975079702756435e-01
9.955932265376948864e-01
9.966371141670921086e-01
9.967217713549724190e-01
9.949360485227112250e-01
9.938861343423417427e-01
9.970592351883703630e-01
9.940927459918171838e-01
9.971137426053798825e-01
9.969383784121813585e-01
9.972218397327102801e-01
9.962518821028031324e-01
9.970319894207283484e-01
9.954080808306851047e-01
9.956875309467334567e-01
9.961220090487599155e-01
9.926848714843999888e-01
9.939041005762164760e-01
9.962372147363645070e-01
9.963360554822493498e-01
9.961949830564558184e-01
9.924637953743349339e-01
9.942295354637090687e-01
9.950209528330649089e-01
9.940950219702691104e-01
9.951745341965416713e-01
9.946671423256019384e-01
9.939604231019489866e-01
9.944494973094214485e-01
9.982091754153150642e-01
9.944550706451449340e-01
9.923407123338801039e-01
9.941351831149604079e-01
9.946711330478078539e-01
9.920895979573474133e-01
9.945017776721877256e-01
9.945572393349948470e-01
9.956961634493979307e-01
9.943247327715644124e-01
9.931600634554609286e-01
9.949330657236021835e-01
9.939752913464438011e-01
9.934477504438223860e-01
9.942823563847268398e-01
9.952741766353317976e-01
9.948469203050013254e-01
9.969361341999780635e-01
9.944739108676459161e-01
9.962209690967966935e-01
9.967229999292064324e-01
9.976099672838638632e-01
9.954508028449267076e-01
9.957045490958703615e-01
9.945696175609595180e-01
9.962656185845888412e-01
9.952890943535283030e-01
9.969177794942136739e-01
9.969704906427866442e-01
9.945546733732586464e-01
9.938117944569708762e-01
9.949962599300644639e-01
9.931742262946799960e-01
9.974677498337737314e-01
9.962535664492407905e-01
9.957608988229538216e-01
9.958311062359596066e-01
9.931177633444269182e-01
9.954310281812327466e-01
9.973994159095102008e-01
9.944426478261537694e-01
9.974356484556847757e-01
9.972353051370795862e-01
9.982151805701023894e-01
9.963202907455539492e-01
9.962474101212646094e-01
9.971448179674283763e-01
9.976825002161405775e-01
9.955887122863591454e-01
9.969798799487998853e-01
9.962805377779577753e-01
9.966674830172408406e-01
9.972559129115879939e-01
9.970751324560072071e-01
9.981448978190203825e-01
9.966709609052274432e-01
9.930063815903720226e-01
9.840516647046958498e-01
9.701986289166598665e-01
9.583865901740882265e-01
9.506052133621720746e-01
9.385514888302289860e-01
9.310593467473092799e-01
9.180047455597907247e-01
9.076843424695278939e-01
8.969449781554941215e-01
8.871934422584081270e-01
8.747404495871436980e-01
8.661308534354310584e-01
8.567012033794845216e-01
8.455374266200856859e-01
