0.000000000000000000e+00
0.000000000000000000e+00
0.000000000000000000e+00
0.000000000000000000e+00
0.000000000000000000e+00
0.000000000000000000e+00
0.000000000000000000e+00
0.000000000000000000e+00
0.000000000000000000e+00
0.000000000000000000e+00
0.000000000000000000e+00
0.000000000000000000e+00
0.000000000000000000e+00
0.000000000000000000e+00
0.000000000000000000e+00
0.000000000000000000e+00
0.000000000000000000e+00
0.000000000000000000e+00
0.000000000000000000e+00
0.000000000000000000e+00
0.000000000000000000e+00
0.000000000000000000e+00
0.000000000000000000e+00
0.000000000000000000e+00
0.000000000000000000e+00
3.881401928551798941e-02
8.854617951035443912e-01
3.085386727286816733e+00
3.433277945421974842e+00
2.170586473052049215e+00
1.071724467656324675e+00
4.954575590656429829e-01
2.778121266834466252e-01
2.087469183192756650e-01
2.078960384103867298e-01
2.341059434911408610e-01
2.698716436899633586e-01
2.902393739075564416e-01
3.086590094511218463e-01
3.026361824104977227e-01
3.413367669085535794e-01
4.057465707622402440e-01
5.133704441702007237e-01
6.691294943359247238e-01
8.559891907980674564e-01
1.041219344528144131e+00
1.206307404848613318e+00
1.305048941944250362e+00
1.400428471256261354e+00
1.473454480693608293e+00
1.543797784641697035e+00
1.572477565219141837e+00
1.539771527466528456e+00
1.457142710338526381e+00
1.326199879846818197e+00
1.182751637776495057e+00
1.071614995920110225e+00
9.737605006843531585e-01
8.998881302068798549e-01
8.696306148716335116e-01
8.539679242654254487e-01
8.658965312298672057e-01
8.701209162291478894e-01
8.850819573644788107e-01
9.069511523077186110e-01
9.274528916593288708e-01
9.468279353749696758e-01
9.656000995823781352e-01
9.820038890189992653e-01
9.914190393763099296e-01
1.007977888431410118e+00
1.025332008896602476e+00
1.026109159229391166e+00
1.025028374368169404e+00
1.032781700787847701e+00
1.038488093821934077e+00
1.032139208527238949e+00
1.020135531336475943e+00
1.012971105636004232e+00
9.989343033090778423e-01
9.877882371230265468e-01
9.804178343485352443e-01
9.777412560916917128e-01
9.670132444314927245e-01
9.670692285782819253e-01
9.638015680738233337e-01
9.680973542843546165e-01
9.648395013703846557e-01
9.788601092333455433e-01
9.793769488638310872e-01
9.869716070733280944e-01
9.902278669229659380e-01
9.948069550815097362e-01
9.937674554292785789e-01
1.001803270011129676e+00
1.002336427010833253e+00
1.004047980498986359e+00
1.003531588476634262e+00
9.982617530539683592e-01
1.004388262946764643e+00
1.002651134694213964e+00
1.002157401832016070e+00
9.952631284210693430e-01
9.974621438765762793e-01
9.936763585468164628e-01
9.905597524517254504e-01
9.914974388800885663e-01
9.891305507229035676e-01
9.938849434909485803e-01
9.889684124244069174e-01
9.901838413566318442e-01
9.869781405235109606e-01
9.911900503569577303e-01
9.904491123139372855e-01
9.927631397367685517e-01
9.982267424200244044e-01
9.970821087718688691e-01
9.980865683464826832e-01
1.000473146847177253e+00
9.950265762627075183e-01
9.993572530294472234e-01
1.000846293885841565e+00
1.001543182813048771e+00
1.000094268147373011e+00
9.951426719804604692e-01
9.977952114272211626e-01
9.985397487264924266e-01
9.940084301807228240e-01
9.958378553705036218e-01
9.980666390253198905e-01
9.987654780606513016e-01
9.983761815644626170e-01
9.982788713917610801e-01
9.968554470363671927e-01
9.992345902970102278e-01
9.967811707614081529e-01
9.950447603206878933e-01
9.999337346205120491e-01
9.978233173213056917e-01
9.991053503371384314e-01
1.005251074233846076e+00
9.960749229983022479e-01
9.982025655683073317e-01
9.999201259237451289e-01
9.991798915969455352e-01
9.999066716397980725e-01
1.000834194727794113e+00
9.996293928100078441e-01
1.001265927518067533e+00
9.958508642494916518e-01
1.001672210152722897e+00
9.978567539948228760e-01
9.988225544332643979e-01
9.987461526454572969e-01
9.976402328498256145e-01
1.000025483319358033e+00
1.000722582970049235e+00
9.993541162763198704e-01
1.002361375623273210e+00
1.001036600352686490e+00
9.964187935605931523e-01
9.992901780555999425e-01
9.993851120171847180e-01
1.000623500606263372e+00
9.983999017195778203e-01
9.995700331396725202e-01
9.988190467552260365e-01
1.000653781969953915e+00
1.002065214416016481e+00
9.992411734650742394e-01
9.967036869945726796e-01
1.001261361627955537e+00
1.000195607035416989e+00
9.959790141124132967e-01
1.000276110410336816e+00
9.981793473788639348e-01
9.971791319418679134e-01
9.991854572523716227e-01
9.980152281527615576e-01
1.002545356483780958e+00
9.972553902911591717e-01
9.971546917108902175e-01
9.984053971872712818e-01
9.998667653842423508e-01
9.992357359083231527e-01
9.982776059791269585e-01
9.994972878476751088e-01
1.000966633330967914e+00
1.000030625425108122e+00
9.999176977046455583e-01
1.000053430850297742e+00
9.970089012987858323e-01
1.000989654310260102e+00
9.980735193832502850e-01
9.969238284094645852e-01
1.001126696177532027e+00
9.970669647247132339e-01
9.998615103020260797e-01
1.000288112266902063e+00
9.989412033635830523e-01
9.987504020996016418e-01
9.948991627416746697e-01
9.957077914494624205e-01
9.976535157964501188e-01
9.997081446548221617e-01
9.971462162432792597e-01
9.999166310434089988e-01
9.966575760171348941e-01
9.955783375269200430e-01
9.960547450637358136e-01
9.962725271621821754e-01
9.973152721782269081e-01
9.964020167433095265e-01
9.952631261435453958e-01
9.973613032537186340e-01
9.972317979540770150e-01
9.965854265740647921e-01
9.951716137953608987e-01
9.950891175611179529e-01
9.955392287029243281e-01
9.976015929973687246e-01
9.976444940846304066e-01
9.970004817796371821e-01
9.961970161556705783e-01
9.992543487796575752e-01
9.985321665343521724e-01
9.953710076471514734e-01
1.000441915417511485e+00
1.000112935441844986e+00
9.994321906167901171e-01
9.992499520570499172e-01
9.989690133392925553e-01
9.971564720759198419e-01
9.973547490810434901e-01
1.000571864808948330e+00
1.000011877243769609e+00
1.001441352725291445e+00
9.980744351431346528e-01
9.998187370629827431e-01
9.980161652939045780e-01
9.987692068730592565e-01
9.981563313245906954e-01
9.975481921449185219e-01
9.997576535609855597e-01
1.000294694832506437e+00
1.000668837325491500e+00
9.980514178978333595e-01
9.988225376770606401e-01
9.977579595231433895e-01
9.998336573027337693e-01
9.967953473074090409e-01
9.995379812452884760e-01
9.984374661432613429e-01
9.987125113173104252e-01
9.984674317882611394e-01
9.991751519917417834e-01
9.987885646660568106e-01
9.999118659317590696e-01
9.980512786563737748e-01
1.000044947754705982e+00
9.980481582275817498e-01
1.000538232515037596e+00
9.966023518526515579e-01
9.996451089416530378e-01
9.976797706088222917e-01
9.961055462837201668e-01
9.853940891439778582e-01
9.726876640666000107e-01
9.617028902702664528e-01
9.543964167981306979e-01
9.406105575079257708e-01
9.308711072278491594e-01
9.196387576550300036e-01
9.099627846095523775e-01
8.980221905530925142e-01
8.878393155393448088e-01
8.797499901169644199e-01
8.671369892080321717e-01
8.567034912918761735e-01
8.469892248479391483e-01
