0.000000000000000000e+00
0.000000000000000000e+00
0.000000000000000000e+00
0.000000000000000000e+00
0.000000000000000000e+00
0.000000000000000000e+00
0.000000000000000000e+00
0.000000000000000000e+00
0.000000000000000000e+00
0.000000000000000000e+00
0.000000000000000000e+00
0.000000000000000000e+00
0.000000000000000000e+00
0.000000000000000000e+00
0.000000000000000000e+00
0.000000000000000000e+00
0.000000000000000000e+00
0.000000000000000000e+00
0.000000000000000000e+00
0.000000000000000000e+00
0.000000000000000000e+00
3.571682679217180745e-02
1.028063705365922509e+00
3.324945912209746890e+00
3.261501530907893631e+00
1.805876250484576451e+00
8.218405947354981977e-01
3.748043925034071910e-01
1.967023600026476526e-01
2.274938804377506507e-01
8.520748003930175285e-01
1.748082561776162835e+00
1.896799537426563376e+00
1.455614724409013183e+00
9.918882295717185160e-01
7.231323377995039214e-01
6.205459268756767788e-01
6.197397321487734256e-01
6.740759739588504384e-01
7.584290025824292902e-01
8.498706832813803791e-01
9.392060680999394506e-01
1.026643128295012808e+00
1.093774328131180917e+00
1.148664459175903874e+00
1.189323176930012993e+00
1.207414402513643958e+00
1.206607560239649546e+00
1.187154131467861085e+00
1.147356564834132842e+00
1.112077409834577146e+00
1.073927193069538211e+00
1.035573754695140014e+00
1.002620819571595989e+00
9.720208543539528012e-01
9.472532020043317180e-01
9.355782927438176522e-01
9.266837832212851955e-01
9.243777144327038897e-01
9.235174145802775847e-01
9.251953419253979849e-01
9.325353376524240234e-01
9.446481977403569097e-01
9.575334431484685549e-01
9.686441673263139762e-01
9.843609279913637655e-01
9.901757637965293846e-01
9.990034679364053760e-01
1.004943761441808192e+00
1.010469410833120918e+00
1.015585951639665030e+00
1.018380789300780576e+00
1.021649662959567273e+00
1.020506892778513475e+00
1.020731301354968146e+00
1.016273745285791286e+00
1.014148970624933588e+00
1.011077402986527929e+00
1.005982710083452414e+00
1.005439905635783449e+00
1.000730041016102856e+00
9.997472501011667179e-01
9.974147712626306728e-01
9.975759754169198912e-01
9.968404373113797234e-01
9.958723979323098607e-01
9.969965665800372134e-01
9.960197510949072575e-01
9.972504115356793930e-01
9.970880681965602621e-01
9.967189096401475323e-01
9.940106492474954925e-01
9.967244739394732767e-01
9.952628662921609859e-01
9.964988163158028378e-01
9.967525150223065511e-01
9.990089958914022406e-01
9.978398322548135413e-01
9.970324972676888331e-01
9.987618712230567075e-01
9.989241016524827987e-01
1.000073157426247583e+00
1.000398697486131860e+00
1.000065331074031505e+00
9.994727414777186958e-01
1.002419826374729928e+00
1.000578975252057745e+00
1.001791897354432193e+00
1.001125335769545988e+00
1.001839120787568982e+00
1.000822402158181301e+00
1.001247683729785898e+00
1.000061088340763682e+00
1.001692893735947720e+00
9.996180510622239002e-01
9.992859632689964355e-01
1.000779916979898765e+00
9.994239912336120302e-01
9.988933966509102591e-01
9.997067113515099024e-01
9.992047654815530144e-01
9.995660677047240039e-01
9.998362426590067242e-01
9.995693591448582271e-01
9.999433344021716463e-01
9.994074860137522887e-01
1.001003300855190181e+00
9.998301675112452047e-01
1.001500193773496417e+00
1.000821191188052905e+00
1.000401696618266945e+00
1.000472312385859208e+00
1.000648692772112991e+00
1.001347026387152228e+00
1.001290160414180841e+00
1.000117409069082530e+00
1.000356912312683200e+00
9.993874376179118224e-01
9.998846705989407058e-01
1.000342505034669927e+00
1.000218846735947187e+00
9.990001492895205226e-01
9.994587085745889610e-01
9.994921813231760765e-01
9.994273072500466926e-01
1.000041932594755378e+00
1.000203492091042978e+00
9.995985698369838079e-01
9.998722933061583440e-01
1.000427149050916675e+00
1.000592123967371627e+00
1.000227933620887022e+00
1.000754987443630784e+00
1.000447509646354538e+00
1.000954155949571600e+00
1.000555080736917013e+00
1.000013781277913294e+00
9.998350657811838627e-01
1.000206208291232857e+00
9.998048807808197491e-01
9.996899717737320890e-01
1.000096434971710524e+00
1.000443001163070500e+00
9.991581242653946315e-01
9.995401473607640197e-01
9.998400082033607195e-01
9.998378178100837399e-01
9.998776958544765003e-01
1.000220252873843307e+00
1.000033835945037808e+00
1.000539483190727275e+00
9.997448992624873298e-01
9.990231764311199303e-01
9.997860275517769235e-01
1.000593073778608177e+00
9.998824190492046071e-01
1.000549589759514690e+00
9.990853752240687058e-01
1.000273440834360539e+00
1.000713707134710084e+00
1.000494079890991372e+00
1.000142406659437322e+00
1.000013581016418573e+00
9.993200661821822761e-01
9.996125800743529410e-01
1.000466055111994823e+00
9.998586956129115189e-01
9.996835054235004847e-01
1.000107195112324820e+00
9.993950097269955757e-01
1.000000334626220289e+00
9.999127102284213198e-01
1.000422504574782767e+00
9.999543879549833703e-01
1.000068999033015382e+00
9.997428331985851457e-01
1.000282871021148656e+00
9.998284255882093907e-01
1.000722262371521287e+00
1.000139634181137938e+00
9.999642221320348412e-01
9.999000829707648252e-01
9.997411907088755711e-01
9.998173317798615400e-01
9.995040892288602485e-01
1.000341407477788547e+00
1.000271487249056790e+00
9.996998034405727429e-01
1.000167028084660847e+00
1.000484159510103277e+00
9.999954609892299784e-01
9.999040162759380568e-01
9.999588193642665601e-01
1.000578484763766207e+00
9.997791618337462660e-01
1.000217523274688824e+00
1.000304834772859142e+00
9.998766490163838450e-01
9.997732570368140781e-01
9.998843845833762511e-01
1.000391729469840785e+00
1.000361640528043106e+00
9.998593698928606166e-01
9.995396330848977939e-01
1.000039585216581317e+00
1.000300977317878592e+00
9.998862329382557368e-01
9.991837362858412286e-01
9.996352468449067885e-01
1.000213767551525912e+00
1.000258352256132577e+00
1.000501041608298003e+00
1.000135091668068021e+00
9.996356122778901065e-01
9.995832380942546447e-01
9.994947022606975873e-01
9.999156594710992829e-01
1.000403135703029855e+00
9.997447144699119770e-01
9.996186255636080320e-01
9.993115125878083704e-01
9.997656037737201462e-01
1.000148806309864913e+00
1.000249409220312469e+00
1.000093199597959837e+00
9.998819781838074183e-01
1.000011749742936162e+00
1.000414077976877092e+00
9.997349656805729623e-01
1.000002853663889635e+00
9.994527006722118134e-01
1.000044610190390815e+00
9.998447560249793531e-01
9.998267043443783697e-01
9.999339288721739161e-01
9.997838672730331444e-01
9.998994456678634846e-01
9.999789667915307545e-01
9.996569181947998484e-01
1.000472308135526900e+00
9.999280053412219482e-01
9.998331720794880750e-01
1.000348933856011868e+00
9.999336576291474321e-01
9.997211974994434369e-01
9.960789512381447164e-01
9.859820195984508873e-01
9.750819751448077666e-01
9.628745879468801894e-01
9.530122544518535577e-01
9.415630910823503674e-01
9.314594976638483903e-01
9.203722560999584301e-01
9.093570146964856660e-01
8.986751556468309809e-01
8.882503073485026324e-01
8.783428969977360445e-01
8.675720139382012697e-01
8.573901873302555154e-01
8.468863040519993834e-01
