0.000000000000000000e+00
0.000000000000000000e+00
0.000000000000000000e+00
0.000000000000000000e+00
0.000000000000000000e+00
0.000000000000000000e+00
0.000000000000000000e+00
0.000000000000000000e+00
0.000000000000000000e+00
0.000000000000000000e+00
0.000000000000000000e+00
0.000000000000000000e+00
0.000000000000000000e+00
0.000000000000000000e+00
0.000000000000000000e+00
0.000000000000000000e+00
0.000000000000000000e+00
0.000000000000000000e+00
0.000000000000000000e+00
0.000000000000000000e+00
1.200008809274576518e-05
3.580648059179065285e-02
1.030208866260926781e+00
3.322544023894924425e+00
3.268846870590763842e+00
1.804358820390131513e+00
8.246461904217227135e-01
3.735810782925410023e-01
1.924951069940954995e-01
2.270280304599151810e-01
8.468614672648883124e-01
1.746185639723887739e+00
1.903766645809639613e+00
1.457248813505682250e+00
9.918588197484012881e-01
7.208583931233696340e-01
6.206285630446576329e-01
6.220771772449168457e-01
6.754665416951810553e-01
7.579794374373419741e-01
8.501257522615709439e-01
9.428883724964418622e-01
1.027439346832677902e+00
1.097143358700720217e+00
1.152523830490012502e+00
1.187555214069019094e+00
1.208238537023740511e+00
1.207246931252947908e+00
1.184383065545027813e+00
1.151376415806144804e+00
1.113101161482170420e+00
1.071462624444674772e+00
1.035946630651624289e+00
1.000601373605076505e+00
9.741965152924328963e-01
9.509240650396459937e-01
9.353673430978066694e-01
9.248909836035199561e-01
9.230322467188087909e-01
9.242868978048451867e-01
9.260821667403648094e-01
9.330699472330100663e-01
9.474671980473408084e-01
9.574221905505083674e-01
9.711878855274505007e-01
9.810759790272663983e-01
9.930586195156037022e-01
9.989673082608209187e-01
1.003798483761174420e+00
1.011070626197487776e+00
1.014991095347469674e+00
1.016915949246533613e+00
1.019683960364099917e+00
1.020139760588836486e+00
1.020038423189456145e+00
1.019653515809403999e+00
1.014909837201823706e+00
1.010192493360705601e+00
1.007714126257827969e+00
1.005324117817446794e+00
1.002066282775281980e+00
9.990200450102593166e-01
9.987689839621438637e-01
9.977303945770302773e-01
9.978144142687372931e-01
9.979072165757577606e-01
9.973811910756661403e-01
9.978299437377846637e-01
9.975279282146246596e-01
9.974328723273181430e-01
9.964665432649586485e-01
9.966944470523126931e-01
9.965452217591271866e-01
9.969774685128892644e-01
9.967277738566543421e-01
9.972565037197418381e-01
9.973299961401631553e-01
9.978035202623984912e-01
9.983808905336982731e-01
9.991987537317330581e-01
9.989600390931706597e-01
1.002071142927513758e+00
1.000746772360430414e+00
1.001194656247410997e+00
1.001420026137355146e+00
1.002095064453187856e+00
1.001376912229410276e+00
1.001200685309526994e+00
1.002236603739153242e+00
1.002263941653883439e+00
1.001780784344993958e+00
1.000406717991878525e+00
1.001639822271092495e+00
1.000665319447887613e+00
1.000659178142421668e+00
9.993836608134495370e-01
1.000297691401970779e+00
1.000923441464057539e+00
1.000128122635772554e+00
9.994494283275836555e-01
9.990073075506877842e-01
1.000424671016277189e+00
9.992077244500228161e-01
1.000385758771159539e+00
9.998228130091691979e-01
9.994424550715378386e-01
1.000950046922290948e+00
1.001248745159819542e+00
1.000833801052525063e+00
1.001047603195750257e+00
1.001025089662019640e+00
1.000949317713305975e+00
1.001122644926367267e+00
1.000969605892612524e+00
1.000211602958530399e+00
1.000664657192677387e+00
1.000326561753573484e+00
1.000314474190060032e+00
9.999120828516010473e-01
9.994518189901877570e-01
1.000124688000165296e+00
9.994163957414463617e-01
1.000057944299721280e+00
9.997444361747429564e-01
1.000215125605002031e+00
9.996042280904553490e-01
9.994880758465080062e-01
9.996548150404616084e-01
1.000434122737104969e+00
1.001176316489731599e+00
1.000531817841356919e+00
1.001340865410710546e+00
1.001362771671977070e+00
1.001665819319920159e+00
1.000803480852510585e+00
1.001409656204847343e+00
1.001485358853232421e+00
1.001216915832070731e+00
1.000058929111843797e+00
1.000620734173707005e+00
1.000398175312841031e+00
1.000005948794082666e+00
1.000658909939787344e+00
1.000411663044701305e+00
1.000082658745897302e+00
9.996073217694667612e-01
9.998818005876298765e-01
9.991941371216563894e-01
9.997513288982818880e-01
9.995228919836516290e-01
1.000082784943082448e+00
1.000447647568570853e+00
9.995514629549862029e-01
1.001028182068497419e+00
1.000643001911824426e+00
1.000787855704152962e+00
1.000528410404071922e+00
1.000904641611295220e+00
1.000438547885037277e+00
1.000449189848428455e+00
1.000165336021926477e+00
1.000556431476297359e+00
9.999760120958830489e-01
9.998889518029778767e-01
1.000569040703644275e+00
1.000413707056390766e+00
1.000556119621857976e+00
1.000032697096927103e+00
1.000401087378807841e+00
1.000076756317707760e+00
1.000654367112408627e+00
9.998084001651089681e-01
1.000617226027577855e+00
1.000268551985540322e+00
1.000062529631986274e+00
9.997443628450011222e-01
1.001027221197728467e+00
1.000431956729342708e+00
1.000426137778197333e+00
1.000503613078244092e+00
1.000596149523841349e+00
1.000167359116010291e+00
1.000519282683545619e+00
1.000373502269762405e+00
1.000569158945342929e+00
1.000226080952381302e+00
9.997841518870852484e-01
1.000118567761010269e+00
1.000265761723654556e+00
1.000070718732688047e+00
9.999847139993972567e-01
1.000029269492738626e+00
1.000531467506083905e+00
9.997494443119854246e-01
9.997952242555344649e-01
1.000182461130926015e+00
1.000128083508944998e+00
1.000783697919418458e+00
1.000031942693604181e+00
9.998660097999618745e-01
1.000794510153800720e+00
1.000086996371819970e+00
1.000471680993477275e+00
9.998602707898526232e-01
9.999932427714884886e-01
1.000469506748143944e+00
1.000412202552713348e+00
1.000360514010737889e+00
9.999356041258854466e-01
9.999092264890281356e-01
9.997393352551117163e-01
1.000450267343730548e+00
1.000334913939613379e+00
1.000454324675692286e+00
9.998604933504644521e-01
9.998919312920403479e-01
1.000168000131710366e+00
9.999449665209846350e-01
1.000413466178665667e+00
9.996525082087862613e-01
1.000160152829308258e+00
9.998728754045673739e-01
9.998352474958049907e-01
9.995347337372739727e-01
9.998347848971729235e-01
1.000261491160022054e+00
1.000520953263214663e+00
1.000249019571795017e+00
9.998790487197255494e-01
9.999657895365281490e-01
9.999671916048280540e-01
1.000102582811728702e+00
1.000696793278985419e+00
1.000005176833943965e+00
1.000076861342333645e+00
1.000371461647146853e+00
1.000038217328100831e+00
9.999729936033111555e-01
1.000266608779773359e+00
9.996330812820055645e-01
9.996876987099676537e-01
9.998088742900643755e-01
1.000166961620642780e+00
1.000499977390511219e+00
9.998987914209555017e-01
9.964487743349691451e-01
9.855375126952981013e-01
9.747804980868870484e-01
9.634949853778039808e-01
9.519893174689871840e-01
9.415702457028848338e-01
9.304303916550658027e-01
9.198115085173275141e-01
9.093161595470061753e-01
8.984605188358191219e-01
8.879786163302718638e-01
8.776555813989350696e-01
8.668570391594774271e-01
8.567345460695137138e-01
8.468020041779859008e-01
