0.000000000000000000e+00
0.000000000000000000e+00
0.000000000000000000e+00
0.000000000000000000e+00
0.000000000000000000e+00
0.000000000000000000e+00
0.000000000000000000e+00
0.000000000000000000e+00
0.000000000000000000e+00
0.000000000000000000e+00
0.000000000000000000e+00
0.000000000000000000e+00
0.000000000000000000e+00
0.000000000000000000e+00
0.000000000000000000e+00
0.000000000000000000e+00
0.000000000000000000e+00
0.000000000000000000e+00
0.000000000000000000e+00
0.000000000000000000e+00
0.000000000000000000e+00
3.440133269537538896e-02
1.042287044298158882e+00
3.399282060211678669e+00
3.347682764943009204e+00
1.849617297964201379e+00
8.315897210614164869e-01
3.720064737324085824e-01
1.924524934221320815e-01
2.225285551440839005e-01
8.443127818562244924e-01
1.746385440795964694e+00
1.912758392658050921e+00
1.457657709376396049e+00
9.685090219279138823e-01
6.747108966134695018e-01
5.455004518328172569e-01
5.323764888042802346e-01
5.882684228450467678e-01
6.772587973261204874e-01
7.883554602065979688e-01
8.966624542339023396e-01
1.003362635881685172e+00
1.087592370302639111e+00
1.169451133726541858e+00
1.214315869580249618e+00
1.251992207207136554e+00
1.258414193600155162e+00
1.235714821730985902e+00
1.198014574370175334e+00
1.147109176104245565e+00
1.099896271129046976e+00
1.059989709396134128e+00
1.017887687828849863e+00
9.859418526429268859e-01
9.642812961297949625e-01
9.466985978532370671e-01
9.345040095493799548e-01
9.191163839935562185e-01
9.167869353152034995e-01
9.144057637497194913e-01
9.215022001971290289e-01
9.301443855778989134e-01
9.431020309610717023e-01
9.571973989790254489e-01
9.689563766763269470e-01
9.871251597976494763e-01
9.954306902709948446e-01
1.003850173535412171e+00
1.012596201545356456e+00
1.016966973976342059e+00
1.024751424483379525e+00
1.024443950274113169e+00
1.021327679452093351e+00
1.023109622052146728e+00
1.019607934051357745e+00
1.015860906819936016e+00
1.010872150051393303e+00
1.008068550453419254e+00
1.004655954573785204e+00
1.001948648656685759e+00
1.001704647459844777e+00
1.000824385991856191e+00
9.993730579060144947e-01
9.991453876099055664e-01
9.977122567078209325e-01
9.999196066332308730e-01
1.001727450983723289e+00
1.001317338976551952e+00
9.987960915126037342e-01
9.975230812164231908e-01
9.968329380967534403e-01
9.998480568011374192e-01
9.970671252695382236e-01
9.977095695059475799e-01
9.980817041601462991e-01
9.947291011848150566e-01
9.972516926584364949e-01
9.977028322450561815e-01
9.960298319269101919e-01
9.971456153796613986e-01
9.974005876802803927e-01
9.955584108396784426e-01
9.981811598670499164e-01
9.987949300299854283e-01
1.000899315041158255e+00
1.001547837789575901e+00
1.002418590227927897e+00
1.001766091933690594e+00
1.002950834250871726e+00
1.001578398753645738e+00
1.003904185565831719e+00
1.002431936339986951e+00
1.002448781279452694e+00
1.003792843948245528e+00
1.000578936567103394e+00
1.000859296903448215e+00
9.987733048614889642e-01
9.978130022860666193e-01
1.000575022252552460e+00
9.986479259311571433e-01
9.970491129671197328e-01
9.984837696355974845e-01
9.973365297600069734e-01
9.983683548319275403e-01
9.986360467902289928e-01
9.984030455371902812e-01
9.992297781188407280e-01
1.000683405365345058e+00
9.985843748706013656e-01
1.001574116232107681e+00
9.994037719191939395e-01
1.000256112943941345e+00
9.998287492386234154e-01
1.001533762859585286e+00
1.002357522865249484e+00
1.000932439158499720e+00
1.001391724855252408e+00
1.001200794551624806e+00
1.000110856474948351e+00
1.000337524632233244e+00
1.001052116947051873e+00
1.000612811452021633e+00
1.000698770374027324e+00
9.992234336417952223e-01
1.000627248133562741e+00
9.975639390877214518e-01
9.992033177629801033e-01
9.983689673522051500e-01
9.983075779860139942e-01
9.991109521298178198e-01
9.981324252454633061e-01
9.990949636405918044e-01
1.000052812829876903e+00
9.996276489476902949e-01
1.000085621153863125e+00
1.001340243124939633e+00
1.000638157694207386e+00
1.000045283584363842e+00
1.000894183021582284e+00
1.001804323092895244e+00
1.000152557174017964e+00
1.000683818584151119e+00
9.998218481126095458e-01
1.000370541453665441e+00
1.000780784525384659e+00
1.000191732529825295e+00
1.000255900359635408e+00
1.000539980955227559e+00
1.000675435995623364e+00
9.993419997507752006e-01
9.985991293582711092e-01
9.992434379364542041e-01
9.993857098858877075e-01
9.996130739509266894e-01
9.996365801046902533e-01
9.995931927263298489e-01
9.994491296471227360e-01
9.999527950868554171e-01
9.998166664780199220e-01
9.998441231596627565e-01
1.000390956742086779e+00
1.000272034788846742e+00
1.000202143021147405e+00
9.999155786080889952e-01
9.997330932831480776e-01
9.993853911965487891e-01
1.001105892616658055e+00
1.000514813486648835e+00
9.988371758719641891e-01
9.999699723696522380e-01
1.000397823617218185e+00
1.000379889211769902e+00
9.999189724482151487e-01
1.000989497257778860e+00
9.999443751990670926e-01
1.000271948802765820e+00
1.000469164226037044e+00
9.992044750024555722e-01
1.000229501963661782e+00
1.000557211794497414e+00
9.991753129033338343e-01
9.994766732192142955e-01
1.000305033317982151e+00
1.000549587115339811e+00
9.999452246127010779e-01
9.994903742275019765e-01
1.001159626001122405e+00
1.000063257857197296e+00
9.992954766247075238e-01
9.999856614147057954e-01
1.000628550359073277e+00
1.000020651932493898e+00
1.000531096318193036e+00
9.989470602088609263e-01
1.000676531342939768e+00
9.994015945154641756e-01
9.998907878159577489e-01
1.000131102826706586e+00
1.000934634590648908e+00
1.000111306091835628e+00
1.000246573108109827e+00
9.998918471218327664e-01
1.000155436736689385e+00
9.990619231029368441e-01
1.000324514755857708e+00
9.999512344079312109e-01
1.000023362914250757e+00
1.000265965553255976e+00
1.000348260632552444e+00
1.000553868942445135e+00
9.997056243303683587e-01
9.996877847951181062e-01
9.997687121580854930e-01
9.996345664535390974e-01
1.000671687680258160e+00
9.998497465292867092e-01
1.000541777159474899e+00
9.998924014854926323e-01
9.991500877543780801e-01
1.000559837538757435e+00
1.000435786839520169e+00
9.995932658130942672e-01
9.997984303141954632e-01
1.000136767036557961e+00
1.000071195153235282e+00
9.995840280226502284e-01
9.990876339368882642e-01
1.000496052359433730e+00
1.000421159615827671e+00
9.998062944771594074e-01
9.999495759364321890e-01
1.000133658263708814e+00
9.996327322755299560e-01
1.000364615922859857e+00
1.000248044502733080e+00
1.000369986334906480e+00
1.000031834012223397e+00
1.000395077590877646e+00
1.000101798932824471e+00
9.993945760487754626e-01
9.999191622219129050e-01
1.000305110031265876e+00
1.000420797023988229e+00
9.994797784305291533e-01
9.992827527720501424e-01
1.000174488851235388e+00
1.000450191052085103e+00
1.000067938022828562e+00
1.000105049342590480e+00
1.000079988971038114e+00
9.999315967862485444e-01
1.000201038871950221e+00
1.000661847250161163e+00
9.994645024603406869e-01
9.996164008170534965e-01
9.998874116822838998e-01
1.000168660316307800e+00
1.000348813470129272e+00
9.998269338913289284e-01
