0.000000000000000000e+00
0.000000000000000000e+00
0.000000000000000000e+00
0.000000000000000000e+00
0.000000000000000000e+00
0.000000000000000000e+00
0.000000000000000000e+00
0.000000000000000000e+00
0.000000000000000000e+00
0.000000000000000000e+00
0.000000000000000000e+00
0.000000000000000000e+00
0.000000000000000000e+00
0.000000000000000000e+00
0.000000000000000000e+00
0.000000000000000000e+00
0.000000000000000000e+00
0.000000000000000000e+00
0.000000000000000000e+00
0.000000000000000000e+00
0.000000000000000000e+00
3.506208244715730560e-02
1.039776990635618681e+00
3.395612970758579596e+00
3.343555572692892941e+00
1.828867386366433978e+00
8.231967137646176713e-01
3.786918233223215413e-01
1.928594780043703938e-01
2.216926847673276468e-01
8.378164791704749703e-01
1.738975924775471027e+00
1.915194341003433998e+00
1.459577744229130891e+00
9.717566202000409437e-01
6.716776502478314370e-01
5.500155524026584253e-01
5.375167121815555005e-01
5.881544137047389764e-01
6.806714457485047998e-01
7.866928427674370061e-01
8.967372230037810032e-01
1.004618530102720841e+00
1.099640823197512107e+00
1.168751910398480032e+00
1.221267914945111777e+00
1.249292903308306002e+00
1.254626219239554974e+00
1.236268374219803068e+00
1.201195179089555198e+00
1.147708308109665731e+00
1.101384184612973494e+00
1.055503179230610655e+00
1.021090847013896852e+00
9.874918904352948390e-01
9.634865790045210598e-01
9.414502233044197421e-01
9.306163666330827811e-01
9.250483648999129338e-01
9.171326138767089686e-01
9.119905951887758988e-01
9.224459935042679248e-01
9.331365037871158785e-01
9.411079881125481439e-01
9.581951861365409773e-01
9.708103595836087285e-01
9.834609578414514885e-01
9.970465819358063086e-01
1.007509487394811387e+00
1.018117979121706984e+00
1.023479933428430577e+00
1.025407878562094144e+00
1.027598796649320523e+00
1.026349889431067197e+00
1.022539350925207868e+00
1.022076157089792714e+00
1.016758366360017041e+00
1.009246716866362359e+00
1.006853082932050114e+00
1.004681837226217622e+00
1.001990003605199187e+00
1.000039573797693038e+00
1.000180304172900492e+00
9.993632008586196269e-01
1.000415670714061678e+00
9.984469386090889520e-01
9.998241267464960114e-01
9.999497521167103331e-01
9.998868923504762307e-01
9.990315606723388919e-01
9.992614134718735830e-01
9.997795470768292558e-01
1.000561895416987701e+00
9.985410946386842346e-01
9.995858662645937809e-01
9.966478203449410378e-01
9.971208916881102446e-01
9.967356672735500078e-01
9.962002446968073466e-01
9.954963504187034351e-01
9.981521281450781435e-01
9.972754236099717895e-01
9.963129858489578883e-01
9.985351702574382093e-01
9.996887708033957987e-01
9.983776798897049387e-01
1.002472938950997206e+00
1.000970749132415127e+00
1.001634855206919861e+00
1.003124654818419614e+00
1.003637150922241039e+00
1.003829355205462459e+00
1.001508004287213538e+00
1.002561238809339672e+00
1.003693477184147254e+00
1.003123400423254763e+00
1.002041842308113662e+00
9.997112180676708260e-01
1.000797178361836792e+00
9.988873282094726802e-01
9.995733468558336554e-01
9.994732954767893141e-01
9.977696793766203109e-01
9.993384135884251229e-01
9.994766071714780153e-01
9.979483530896919863e-01
9.988495693286499888e-01
9.993079571308211007e-01
9.979062772122987424e-01
1.000181946873804240e+00
9.997126692865366815e-01
1.000420068696896481e+00
1.001995172556313651e+00
1.000947300268519413e+00
1.000203732511384391e+00
1.001268642201189607e+00
9.999713256939659622e-01
1.002475419942242763e+00
1.000302677693854170e+00
1.001635049198846605e+00
1.000690793923024735e+00
1.001500954096705254e+00
9.998850228427041964e-01
9.993501060538032554e-01
9.984906128336031861e-01
1.000213972698769993e+00
9.986609137162738570e-01
9.998796132199344600e-01
9.988696301404843547e-01
9.988616706891645380e-01
9.988504216835368821e-01
9.981495359380354593e-01
9.988825207846396825e-01
9.993556472930955614e-01
9.997342985572631457e-01
9.988276740247044039e-01
1.000834369406603308e+00
1.000674252677624665e+00
1.001125315643640157e+00
1.000345021817199864e+00
1.000759652541229006e+00
1.001035981814038189e+00
1.001141175954962437e+00
1.001739636418716550e+00
9.998647403714661097e-01
1.000965777209451124e+00
1.000539624928320492e+00
1.000294624828040657e+00
1.001056859128027776e+00
9.989262054842826810e-01
1.000641632286255245e+00
1.000365014185280010e+00
9.985175912657824338e-01
9.997938848584113636e-01
9.995580479895003201e-01
9.993179341519156100e-01
9.997835780120346572e-01
9.982776106991024800e-01
9.995756498898199505e-01
9.991424863517525123e-01
1.000682231799294497e+00
1.000053353058758976e+00
9.992445251770171177e-01
1.000036693369191543e+00
1.000011696391713167e+00
1.000913189764866651e+00
9.992940642063248280e-01
9.994248169843352736e-01
9.995591731972864880e-01
1.000518896519397627e+00
1.000458137463362762e+00
9.996652429968864162e-01
1.000674044053942779e+00
9.998993139148690812e-01
1.000375778594283949e+00
9.996184944979826792e-01
1.000840393963583042e+00
1.000451200309329547e+00
1.000155011550047268e+00
1.000473898642282533e+00
9.994188103811403323e-01
9.996932770521532730e-01
1.001216354774637107e+00
9.999291704260654390e-01
9.995187790103409187e-01
1.000477816589633084e+00
1.000580001809112662e+00
1.000349534348412339e+00
9.991838682157633267e-01
1.000469489318551064e+00
1.000717246620980161e+00
1.000182959075297751e+00
1.000243357619114981e+00
1.000095372669829397e+00
9.987818524835008205e-01
9.985549367546848742e-01
1.000095806093117545e+00
1.000231268597348677e+00
1.000059385315296812e+00
9.995637823596263960e-01
9.997499890899607111e-01
9.999212473343050966e-01
1.000367083950091551e+00
1.000165659037750787e+00
1.000280832434612188e+00
1.000566483970389386e+00
1.000044052304861930e+00
1.000936858784829742e+00
9.993006993516047043e-01
9.990735758376483311e-01
9.995172035200915461e-01
9.999023419729337059e-01
1.000106758440795662e+00
1.000310977276718249e+00
1.000717491636139655e+00
1.000088124662487088e+00
1.000278502286245264e+00
1.000595245528930866e+00
1.000517287304900194e+00
9.998514131744470346e-01
1.000482438736542301e+00
9.998199434175379929e-01
9.997954787524606646e-01
9.999155515152864382e-01
1.000186119082499880e+00
9.998444563027786280e-01
1.000704513532063133e+00
1.000211574160730255e+00
9.994336591150367877e-01
9.995615185263289071e-01
1.000723725404699671e+00
9.992669674844797401e-01
9.995082778768746845e-01
1.000170086518188173e+00
1.000302720432059145e+00
9.999054792779418221e-01
1.000410551948647697e+00
1.000204637501086458e+00
1.000042630995554127e+00
1.000018781581722305e+00
9.995104830347262270e-01
9.997102882015931336e-01
1.000038008756679142e+00
1.000634104889422504e+00
1.000638495032692088e+00
1.000482375263627377e+00
1.000245752916671949e+00
1.000591184943235623e+00
1.000098943416389607e+00
9.998321379754117055e-01
1.000443775458034645e+00
1.000223719356863050e+00
1.000405999284128988e+00
9.996287546610889141e-01
1.000020399238642277e+00
9.998345749592737475e-01
1.000096703941922183e+00
9.999228211630992735e-01
9.995428430744456305e-01
1.000430736677922816e+00
