0.000000000000000000e+00
0.000000000000000000e+00
0.000000000000000000e+00
0.000000000000000000e+00
0.000000000000000000e+00
0.000000000000000000e+00
0.000000000000000000e+00
0.000000000000000000e+00
0.000000000000000000e+00
0.000000000000000000e+00
0.000000000000000000e+00
0.000000000000000000e+00
0.000000000000000000e+00
0.000000000000000000e+00
0.000000000000000000e+00
0.000000000000000000e+00
0.000000000000000000e+00
0.000000000000000000e+00
0.000000000000000000e+00
0.000000000000000000e+00
0.000000000000000000e+00
3.438052631539353227e-02
1.032422243560009001e+00
3.371573234727108570e+00
3.324917901421213795e+00
1.831260734572891735e+00
8.277197842402475025e-01
3.749142495864394853e-01
1.901114120325148038e-01
2.216135581634487706e-01
8.366187136797751389e-01
1.734791145709180249e+00
1.897736657323862763e+00
1.454619930801272165e+00
9.685573988287059510e-01
6.735683149316045171e-01
5.534936463516089145e-01
5.397812479875527814e-01
5.922388535348935834e-01
6.823534283270507039e-01
7.926013148644475148e-01
9.001024114428168854e-01
1.002290363708700394e+00
1.092048870049579845e+00
1.164498985759785388e+00
1.218034831476187962e+00
1.247308584218937089e+00
1.255396378238297972e+00
1.233354215260396458e+00
1.193020492286627210e+00
1.149531423822112597e+00
1.100046169056796197e+00
1.054560910882246683e+00
1.017260889392533230e+00
9.832934201868234192e-01
9.620569614873676345e-01
9.458344390917198252e-01
9.290394870732623378e-01
9.234564329055025000e-01
9.193626867178628093e-01
9.156004196884153234e-01
9.213835508052129475e-01
9.299377199489388124e-01
9.437792659659364203e-01
9.587536271056079640e-01
9.708536167884899148e-01
9.857000774019926137e-01
9.977744338623443232e-01
1.007105166449900890e+00
1.016462734738436957e+00
1.022985078467205877e+00
1.025527200040814657e+00
1.027886399492617508e+00
1.023534380565828128e+00
1.022118604273255960e+00
1.020529763480355845e+00
1.016024057884215015e+00
1.011127929006138571e+00
1.008887812041251664e+00
1.005676270569006103e+00
1.001046978457029279e+00
9.991234311045666949e-01
9.975405666582073394e-01
9.998581908476082969e-01
9.994833076268548888e-01
9.981518604147110452e-01
9.997828181267683911e-01
1.000389346148831793e+00
9.986157464698097730e-01
1.000114033688108250e+00
9.986964831957642064e-01
9.975627291619828529e-01
9.980847653394279151e-01
9.982511782159582125e-01
9.980497496381715017e-01
9.974784616931428038e-01
9.982135801374589779e-01
9.970737927645134668e-01
9.964963071522372484e-01
9.969962502523396219e-01
9.964899583397299754e-01
9.985904627558342961e-01
9.979244628610207668e-01
9.993986337621987293e-01
1.000187856079128856e+00
1.000026122706112686e+00
1.000074454386460587e+00
9.994665155913534660e-01
1.003733809141862832e+00
1.001676761864494836e+00
1.003847649320976476e+00
1.002911365727361392e+00
1.001668381956834164e+00
1.004362198754373825e+00
1.001364004890454185e+00
1.002648089291233058e+00
1.001083873221481735e+00
1.001246493121364045e+00
1.000228563118506386e+00
1.000084648231156947e+00
9.987286698381637740e-01
1.000547270024671365e+00
9.994914830584973320e-01
9.992094958141117811e-01
9.978443505043174122e-01
1.000857053580080702e+00
9.995797191963996520e-01
9.986382186912461378e-01
1.000586242588959118e+00
9.987399750220803396e-01
9.989672795898797419e-01
1.000540291431696316e+00
1.000715695210653289e+00
1.000531503874187544e+00
1.000924979368674972e+00
1.001445247987908793e+00
1.001357838091198271e+00
1.001411438627696437e+00
9.998829282240395688e-01
1.001188404342630678e+00
1.000561633026846087e+00
1.000988320475720617e+00
1.000446829744733757e+00
1.000343643158381202e+00
1.000638485977568548e+00
1.000771216874644765e+00
9.991073853678571481e-01
9.999661619470199270e-01
9.999642171100935339e-01
9.994720384452486783e-01
1.000002867501315951e+00
9.999122468930377039e-01
1.000183236180876678e+00
9.997132469005293176e-01
9.988999926288891773e-01
1.000283415042040547e+00
1.000262706403219459e+00
1.000257075372644744e+00
1.000577795773762935e+00
1.000284794565239554e+00
1.000372272174581800e+00
1.001070845557914257e+00
1.000258059061699845e+00
1.001204180081864514e+00
9.999090043786650339e-01
1.000830634236396177e+00
1.000519495145753446e+00
1.001424413784773870e+00
1.001892332807088781e+00
1.000586563118790906e+00
9.993755900978659179e-01
1.000718025133657596e+00
9.995679760765751043e-01
9.991156254767086242e-01
9.994584591289755737e-01
1.001075209797274157e+00
9.998545328897049389e-01
9.997800945319118560e-01
9.989611024255422578e-01
9.998795253847517772e-01
1.000510025802546332e+00
9.994381559900318290e-01
1.000087599612465850e+00
9.994432949125447996e-01
1.000160693593054706e+00
1.001343716401450479e+00
1.000377012940930621e+00
9.996975087654804693e-01
9.997078084988385571e-01
9.995660983786573972e-01
9.994945888825574887e-01
1.000365729841033557e+00
1.000744808360989557e+00
9.997614621159572890e-01
1.000874153531299715e+00
1.001161149046253307e+00
1.000079034857061400e+00
9.999958152767758346e-01
1.000580421769397654e+00
1.000322021956173035e+00
1.000356487914466630e+00
9.997898402743597979e-01
9.991396058931918400e-01
1.000657016147016298e+00
1.000661945418960919e+00
1.000705690410313320e+00
1.000184855203694045e+00
1.000205309175207002e+00
9.998314757049689971e-01
9.998506714904896731e-01
1.000280981584860118e+00
1.000031037054870620e+00
1.000055773604808129e+00
9.998443762918466371e-01
9.994648762159465960e-01
9.997101755594278716e-01
9.995347925053162941e-01
9.999652556869338405e-01
9.999559707953316057e-01
1.000361802069672512e+00
1.000445003776013531e+00
1.000725441661977078e+00
9.992585037588719299e-01
1.000859771615885130e+00
1.000156198936498209e+00
1.000053794811966545e+00
9.992757228758980537e-01
1.000565441308411962e+00
9.998364025110845210e-01
1.000213753259117100e+00
9.998049789080856176e-01
1.000262916172813377e+00
9.998190550432856094e-01
9.996132619754262150e-01
1.000229593445538079e+00
9.998216949809746179e-01
9.996577350211457436e-01
1.000812106180978711e+00
1.000068296531207102e+00
1.000862131195142446e+00
1.000032943780152506e+00
1.000074156550636362e+00
9.995788900157868140e-01
1.000163851031636186e+00
9.996156524342040273e-01
1.000280085125159424e+00
1.000672705123096584e+00
9.993676514758603746e-01
9.988524133574258057e-01
1.000317945560874167e+00
9.998232177222323713e-01
1.000574851386787811e+00
1.000571628024375492e+00
9.998477397144576173e-01
9.996869830428126713e-01
9.993007030017345693e-01
1.000549475601683502e+00
9.993150265321750769e-01
1.000021447852490697e+00
1.000772466011941253e+00
1.000558277162095999e+00
9.990894403926746659e-01
9.999111382088143873e-01
9.997044210516216056e-01
1.000276865573183072e+00
1.000131985067628237e+00
9.997608002322290188e-01
9.998881115086603044e-01
1.000006425201645843e+00
9.998811342564806193e-01
9.999159409524397413e-01
1.000134278829190926e+00
9.997729652030481473e-01
9.996236284947007666e-01
9.999587723640217529e-01
9.997704254083530362e-01
1.000284693343193920e+00
1.000109196101172104e+00
9.997999031823142646e-01
1.000139717727051680e+00
