0.000000000000000000e+00
0.000000000000000000e+00
0.000000000000000000e+00
0.000000000000000000e+00
0.000000000000000000e+00
0.000000000000000000e+00
0.000000000000000000e+00
0.000000000000000000e+00
0.000000000000000000e+00
0.000000000000000000e+00
0.000000000000000000e+00
0.000000000000000000e+00
0.000000000000000000e+00
0.000000000000000000e+00
0.000000000000000000e+00
0.000000000000000000e+00
0.000000000000000000e+00
0.000000000000000000e+00
0.000000000000000000e+00
0.000000000000000000e+00
0.000000000000000000e+00
3.452425375108583716e-02
1.040094206091452644e+00
3.367417516197010574e+00
3.323756382188597147e+00
1.841664983057805349e+00
8.245618848470256390e-01
3.763609585988289541e-01
1.927467924932817211e-01
2.209772736147048999e-01
8.350057201457825595e-01
1.739391418503684950e+00
1.908790084120631114e+00
1.454629364581170980e+00
9.691426035156878172e-01
6.760198675217741204e-01
5.480334550951287964e-01
5.391757648078645548e-01
5.931570997471019568e-01
6.742276970796550195e-01
7.908295719569173876e-01
8.964355695743406738e-01
1.007420644768817430e+00
1.091466508963037096e+00
1.167409549792869816e+00
1.221235665522782954e+00
1.246463876640859780e+00
1.252341585972623683e+00
1.233413207350365193e+00
1.200502996563335145e+00
1.146384024722649331e+00
1.101655839724242858e+00
1.054948783997884831e+00
1.018082394760360554e+00
9.861868314346736719e-01
9.607252042750757948e-01
9.418021835927294916e-01
9.265455055057959521e-01
9.220958233949695382e-01
9.143666160218902883e-01
9.158766686522193945e-01
9.168928564162558414e-01
9.268992149495974830e-01
9.416645654559175904e-01
9.600666731701393841e-01
9.698442892406622384e-01
9.843825620347305128e-01
1.000291056947876012e+00
1.005937535580154973e+00
1.012816733151625348e+00
1.020714884024903180e+00
1.024100699217055821e+00
1.025888886908015607e+00
1.025112477811445988e+00
1.023883038726268069e+00
1.018899291613452052e+00
1.014520921099493211e+00
1.013826895735981948e+00
1.007658331632174331e+00
1.003124478633561356e+00
1.001190855854269479e+00
1.001828546899141914e+00
9.983250619264205650e-01
9.981382249003701856e-01
9.970906890750644846e-01
9.995614031136976774e-01
9.969439808991926721e-01
9.980040318341620864e-01
1.000392501113234189e+00
9.998533497092606526e-01
9.971239709197542433e-01
9.975368547919575279e-01
9.981672696911684239e-01
9.979427097142917757e-01
9.975790621674365255e-01
9.978058799100922860e-01
9.976432994731379011e-01
9.949737968503175045e-01
9.956676151063552638e-01
9.962760192299960904e-01
9.961562586808295761e-01
9.954213352231002787e-01
9.979031067600449001e-01
9.975198724134706207e-01
9.980964217406896877e-01
9.994215607004391932e-01
9.995833226550849826e-01
1.001881569372516712e+00
1.002038440386349150e+00
1.000541681120213466e+00
1.002388753128890198e+00
1.001518745356968498e+00
1.000855708631833929e+00
1.003219733642254585e+00
1.001532718824717172e+00
1.000882743134820618e+00
1.000740596021445716e+00
1.001184345135076814e+00
1.000223203358926893e+00
9.997278553515451804e-01
9.990782762222716329e-01
9.989605303167551353e-01
9.986037640516095548e-01
9.985599630859440801e-01
9.976467849723467118e-01
9.991448424969633368e-01
9.984590808154794050e-01
1.000754330898089073e+00
9.978667646229162358e-01
9.989771880024552742e-01
9.996738751326720296e-01
1.000262140924413901e+00
9.992186357890849857e-01
1.000400556214749992e+00
1.000383332814380744e+00
9.999268404072446659e-01
1.000657639970726098e+00
1.001716632000401397e+00
9.997775731053768489e-01
1.000746899916449939e+00
9.999829202184965515e-01
9.991149828617287287e-01
1.001757002089010307e+00
1.000502904677512017e+00
1.000465137725314202e+00
9.993455792400278703e-01
1.000216650928693829e+00
9.998874801964777737e-01
9.995603457417286952e-01
9.989167777391629865e-01
1.000408323256468002e+00
9.997258690404132730e-01
1.000219516657328223e+00
9.986164544107234420e-01
9.988143560529676446e-01
9.988602650011471074e-01
9.999650809747037128e-01
1.001218135171069834e+00
1.000120936163655383e+00
1.000240678209091127e+00
1.001219809556156859e+00
1.000617750610973244e+00
1.001006214669814653e+00
1.000938326296889169e+00
1.000499815923427294e+00
1.000098673096190049e+00
1.000005155255542233e+00
1.000034773365849450e+00
9.996809685758497599e-01
1.000020990181508029e+00
1.000768527240954109e+00
1.000048099745573404e+00
9.997333603623771436e-01
9.996090748115032953e-01
1.001238358133695439e+00
1.000048856721698964e+00
1.000543117469085752e+00
1.000350594057894060e+00
9.999142923318090626e-01
1.000102792653533745e+00
9.994507962236101051e-01
1.000578894113373529e+00
1.000687699268128616e+00
1.000650421714726734e+00
1.000383068118143370e+00
9.996924768958532770e-01
1.000343024284851001e+00
1.000290588058259544e+00
1.001167334095855566e+00
9.996124815649778395e-01
1.001052225121287664e+00
9.997748946699412942e-01
1.000242299775177868e+00
9.999580937940077963e-01
1.000907328573462429e+00
1.000575657949440922e+00
1.000578449963991146e+00
1.000090405481553812e+00
1.000721927336068795e+00
9.997750936601333960e-01
9.998049183680911556e-01
1.000359491291255676e+00
1.000650058620953686e+00
1.000203746164286089e+00
1.000012007754703447e+00
1.000647616462869038e+00
1.001538189336383944e+00
1.000784993786772992e+00
1.000234121975094093e+00
1.000716395031523653e+00
1.000601990831093691e+00
9.999351408539667307e-01
9.997777735154093071e-01
1.000639706714383292e+00
1.000056702533255848e+00
1.000915220052457810e+00
9.992154747707909790e-01
9.999538359541598753e-01
1.000778812140613372e+00
9.999249906690276246e-01
1.000070262197328086e+00
1.001125947482746525e+00
1.000567535989421497e+00
1.000496502187067094e+00
9.998013818259118279e-01
1.000414499418960323e+00
1.000374606427353985e+00
9.998626679781343896e-01
1.000190423100463022e+00
9.999324279446611952e-01
1.000388681353209908e+00
9.996651800542432076e-01
9.999839560167040897e-01
1.000161292592112616e+00
9.999699588439210363e-01
1.000411475394954453e+00
1.000379488013415585e+00
1.000417827755248457e+00
9.999896587805348069e-01
1.000158567178946134e+00
1.000978821002232788e+00
1.000474106349629189e+00
1.001028019023188609e+00
1.000213764249073822e+00
9.999156041899105452e-01
9.995794949175160760e-01
1.000904536917200049e+00
1.000140474592705164e+00
9.997631082310393102e-01
9.992779452518327776e-01
1.000719652528577308e+00
1.000549525523867445e+00
1.000669426943223028e+00
9.999913637632642516e-01
1.000019724742301497e+00
9.999357921605505073e-01
9.990226450415783388e-01
1.000305749658378041e+00
1.000461173428447426e+00
1.000007430665462715e+00
9.998535298186704834e-01
1.000212781505301018e+00
9.996243191753909629e-01
1.000278714894562881e+00
1.000008491307312175e+00
9.998189561618584520e-01
1.000115444468415493e+00
1.000079551334297490e+00
1.000456425072295596e+00
1.000526484505976255e+00
1.000699267874532783e+00
1.000293465442901653e+00
9.998490746390836792e-01
9.992252220800758034e-01
1.000552478645969856e+00
9.999217412843457442e-01
9.999103747351190119e-01
1.000713812652660906e+00
1.000507192980723437e+00
1.000773597096193290e+00
