0.000000000000000000e+00
0.000000000000000000e+00
0.000000000000000000e+00
0.000000000000000000e+00
0.000000000000000000e+00
0.000000000000000000e+00
0.000000000000000000e+00
0.000000000000000000e+00
0.000000000000000000e+00
0.000000000000000000e+00
0.000000000000000000e+00
0.000000000000000000e+00
0.000000000000000000e+00
0.000000000000000000e+00
0.000000000000000000e+00
0.000000000000000000e+00
0.000000000000000000e+00
0.000000000000000000e+00
0.000000000000000000e+00
0.000000000000000000e+00
0.000000000000000000e+00
3.538900984406032763e-02
1.035833337954382039e+00
3.410107882508683463e+00
3.333713982421353972e+00
1.842518709541346000e+00
8.323652556412544090e-01
3.740457445122609137e-01
1.907071928014831275e-01
2.233197032461649023e-01
8.386464759499968613e-01
1.753178025316846300e+00
1.914075951680820120e+00
1.456467272724162543e+00
9.676957019918517311e-01
6.689956764625918373e-01
5.464712883834648149e-01
5.358176424519239811e-01
5.878387266407878453e-01
6.760612016047463646e-01
7.880553960724386853e-01
8.976056835431640568e-01
1.000972374196657855e+00
1.090994997923868892e+00
1.165676238355096039e+00
1.218496609384871476e+00
1.251860674120507610e+00
1.258729986360944020e+00
1.232233117084507112e+00
1.196286487444033764e+00
1.149063326016660280e+00
1.100755944760645866e+00
1.056009920786020961e+00
1.015812129169145095e+00
9.858117776051908976e-01
9.604166189006676513e-01
9.417378404601506325e-01
9.321110322833408013e-01
9.191924683002264951e-01
9.146487489002359528e-01
9.126707741400240659e-01
9.185109985790367304e-01
9.284718867607827386e-01
9.407674585969265646e-01
9.576104689035876971e-01
9.720017878974176462e-01
9.855476517930576996e-01
9.981018527354839076e-01
1.007770876786566738e+00
1.013707478703063769e+00
1.019016068308700174e+00
1.022938022128209612e+00
1.026348083937647981e+00
1.025119860147783335e+00
1.023399100934989203e+00
1.015782220610557118e+00
1.013915238244053052e+00
1.011484390795459154e+00
1.006724954973077235e+00
1.001906759368661248e+00
1.002540200089045097e+00
1.000194947288916447e+00
9.984455009610686549e-01
9.987120671476736877e-01
9.981203286891418003e-01
9.997415664366209320e-01
1.000578370208007994e+00
9.992518640359200344e-01
9.993603503558990964e-01
9.993562699794703574e-01
9.986425371461543632e-01
9.985619301338812814e-01
9.993262347927704958e-01
9.974268495523326283e-01
9.974090162480102606e-01
9.956518815591217653e-01
9.964866020765595911e-01
9.966322743671393036e-01
9.958715131907380780e-01
9.980076947251464992e-01
9.976340184464000949e-01
9.959053027293934823e-01
9.966680417209919929e-01
9.982404577794377065e-01
1.000465653797796506e+00
9.993212428432036720e-01
1.001264589414729178e+00
1.002872622997594165e+00
1.003669956539597896e+00
1.003357207197252743e+00
1.003530166202537766e+00
1.001597543597401163e+00
1.002694043924963641e+00
1.002084998794394499e+00
1.001521716351632119e+00
1.000794429233952565e+00
1.000345979407123664e+00
1.000481594976383004e+00
9.996753470823784848e-01
9.995509524445299609e-01
9.991483146592481379e-01
1.000311718027545815e+00
9.991189694869985205e-01
9.990223808058695809e-01
9.996643389256941736e-01
9.995708131131019192e-01
9.991062448927099382e-01
9.987623104677281205e-01
9.995512517884385106e-01
1.000204932412440018e+00
9.995198588090059566e-01
1.000047825458768802e+00
1.000607086220097974e+00
1.001968205069310613e+00
1.000124885959884358e+00
1.000195046938955112e+00
1.001484267000636086e+00
1.002294603844045673e+00
1.002294728490360498e+00
1.000900648739281973e+00
1.001371427896484256e+00
1.001035994719442712e+00
9.998240347893211366e-01
1.000358157669134718e+00
1.001001465906722787e+00
1.000048082949195338e+00
9.992231043283629210e-01
9.999077112148823110e-01
9.998829679901991563e-01
9.992070372739266793e-01
9.999049263387661535e-01
9.996039727074237380e-01
9.995114841345307255e-01
9.995172562217272683e-01
1.000324822416008397e+00
1.000514834542111542e+00
9.995149883752126874e-01
9.995326770446525400e-01
1.000578101996014491e+00
1.001403665043792968e+00
1.000571603475821192e+00
1.000853450974525050e+00
1.000222731689960787e+00
1.000460572052328301e+00
1.001307270632929569e+00
1.000673891860189846e+00
1.001225676066533232e+00
1.000321475366616086e+00
1.000599060184820255e+00
9.997571455636228288e-01
1.000550654833864295e+00
9.989704527560151481e-01
9.993349523212780028e-01
1.000831707121931702e+00
9.985285382865654036e-01
1.000721579406912420e+00
1.000350581802961214e+00
9.990620045199894994e-01
9.994363893091574580e-01
1.000008260262012616e+00
1.000426682940543932e+00
1.000183740788844977e+00
1.000560684661912614e+00
9.993661192778086066e-01
1.001081540080474674e+00
1.000740990230963634e+00
1.000005443456719156e+00
1.000821481151122239e+00
9.995651894535864113e-01
1.000134974771615948e+00
1.000749749077576745e+00
9.997416687755497078e-01
1.000911187716242434e+00
1.000731676092087685e+00
1.000275727251256130e+00
1.000579114793050506e+00
1.000106734476219339e+00
1.000820112378058457e+00
1.000654904139696599e+00
9.991897536100242672e-01
9.993830970648781564e-01
1.000632469747188003e+00
1.000196699592750926e+00
1.000147766893158430e+00
9.994141990401541609e-01
1.001131557425678276e+00
9.998809153932523008e-01
9.997652331657980174e-01
9.999194462105025494e-01
9.996834262257041637e-01
1.000422245068588678e+00
1.000847077683323816e+00
9.999815136302395713e-01
1.000714050266847899e+00
1.000191142775701980e+00
9.994895937898832239e-01
1.000960973389041886e+00
1.000253597948277173e+00
1.000422845170694242e+00
9.993953416970740022e-01
9.997291786727942053e-01
1.001395557490558419e+00
9.996988794328057759e-01
1.000984158011696268e+00
9.996283408161096284e-01
1.000383300946076748e+00
1.000363817559090540e+00
9.995127421151799307e-01
9.999795288282119499e-01
1.000830526945027499e+00
1.000123800362708426e+00
1.000287033875892018e+00
9.994171576757465703e-01
1.000402832904854877e+00
9.988545516401766688e-01
9.998008730865761695e-01
1.000926114775317899e+00
1.000507617478580524e+00
1.000498676084438765e+00
9.999767598105624433e-01
1.000349575932841351e+00
1.000438197183456612e+00
1.000577451157097730e+00
1.001336169241167751e+00
9.999954652802711674e-01
1.000069627872987255e+00
9.998506812419144518e-01
1.000526988640231485e+00
1.000412625502977049e+00
1.000098499976575628e+00
1.000398397698098352e+00
9.999277261627296243e-01
9.994908148364427536e-01
1.000578673543165431e+00
9.996618995170383215e-01
1.000284782913444248e+00
9.997653303388579493e-01
1.000200511253588997e+00
9.997511600594956027e-01
1.000672581097967084e+00
9.999344549412177985e-01
1.000367849607740167e+00
1.000303261327405879e+00
1.000054010604185084e+00
9.995872805102298253e-01
9.998016458648562033e-01
9.996738655821135744e-01
9.997015734715596347e-01
1.000363408442243029e+00
9.998767182317513935e-01
1.000447255286738280e+00
1.000134464204506912e+00
1.000247938211725751e+00
1.000066167304523912e+00
9.999959582613472397e-01
1.000154575894130815e+00
9.999345458251276408e-01
1.000781037280285668e+00
1.000629442510243550e+00
9.999945250800521546e-01
