0.000000000000000000e+00
0.000000000000000000e+00
0.000000000000000000e+00
0.000000000000000000e+00
0.000000000000000000e+00
0.000000000000000000e+00
0.000000000000000000e+00
0.000000000000000000e+00
0.000000000000000000e+00
0.000000000000000000e+00
0.000000000000000000e+00
0.000000000000000000e+00
0.000000000000000000e+00
0.000000000000000000e+00
0.000000000000000000e+00
0.000000000000000000e+00
0.000000000000000000e+00
0.000000000000000000e+00
0.000000000000000000e+00
0.000000000000000000e+00
0.000000000000000000e+00
0.000000000000000000e+00
0.000000000000000000e+00
0.000000000000000000e+00
0.000000000000000000e+00
3.404938592062869973e-02
8.027076173469228637e-01
2.789010958400417906e+00
3.252110425870750721e+00
2.073502953152424499e+00
1.005392385560586188e+00
4.815986531155011519e-01
2.777308289221535054e-01
2.166950005783048472e-01
2.277853367561754883e-01
2.481965994829341271e-01
2.814888258540957922e-01
3.146446415661920404e-01
3.274437250959182366e-01
3.279600334084170621e-01
3.491605262682169197e-01
4.179228875997587633e-01
5.059185278524733764e-01
6.738095962787884474e-01
8.566471887236115634e-01
1.048211587411592260e+00
1.197191312437057009e+00
1.310467242697660462e+00
1.405650892755500037e+00
1.496961959309766055e+00
1.558907241328575832e+00
1.589944685310267225e+00
1.555580344630584033e+00
1.468814840170193925e+00
1.334548625517398612e+00
1.202598785705285778e+00
1.064728065561790116e+00
9.690448200461134753e-01
9.126355571133381028e-01
8.651921796782952034e-01
8.604427175330375821e-01
8.605529550800190552e-01
8.702619273515999065e-01
8.905697854886108766e-01
9.113845348966230775e-01
9.271892035269279075e-01
9.510913000963721053e-01
9.686819885448342271e-01
9.903680695564326397e-01
1.002499249669906556e+00
1.017273262283945545e+00
1.019622086933567484e+00
1.037287098107576133e+00
1.042893928160024242e+00
1.053668156648970067e+00
1.040364477158967293e+00
1.030459386188225634e+00
1.034230872727360584e+00
1.022841206227151245e+00
1.005925714543531857e+00
1.003625990555288672e+00
9.860653585411354172e-01
9.811848328675704112e-01
9.800128291027471183e-01
9.764454793403094524e-01
9.754466043764851158e-01
9.735174961830513896e-01
9.800699932831909988e-01
9.889985653896130602e-01
9.943880153755871865e-01
1.000559587006968787e+00
1.007805059735921382e+00
1.003896693924983374e+00
1.015287803644544073e+00
1.016626429783698660e+00
1.011940961914702619e+00
1.016395615981492417e+00
1.012415970849954050e+00
1.015210315824626619e+00
1.011515751519129092e+00
1.004520937458821095e+00
1.004089589777259262e+00
1.001023001082729902e+00
1.001375594718360018e+00
9.946466235098990749e-01
9.939359445538028526e-01
9.960984911243699891e-01
9.880907460808281417e-01
9.900594289016416694e-01
9.879088232445216722e-01
9.875799670264167052e-01
9.963574676201815139e-01
9.917460370295496652e-01
9.953134390644261531e-01
9.972910742193780154e-01
1.000607267031296876e+00
9.994903432817430211e-01
1.004550265548099119e+00
1.004519613546575485e+00
1.003922009807929339e+00
1.004592112645110502e+00
1.003940502037700577e+00
9.973902393437926728e-01
9.983966280051015385e-01
9.954850602081175559e-01
9.987958485931951458e-01
9.993272904754811892e-01
9.979661215574212596e-01
9.927771408637897643e-01
9.975577233185554116e-01
9.967156373982714035e-01
9.962785403156038111e-01
9.942164912561202161e-01
9.951149191087762524e-01
9.944588872237546395e-01
9.973426414161647990e-01
9.986256097554317979e-01
1.001908653088008139e+00
9.963272436568058055e-01
1.000670835936428915e+00
1.000605531522429592e+00
9.992028892957658393e-01
9.972676140295502201e-01
1.001302852737184779e+00
9.987477589856001980e-01
9.987664864831867773e-01
9.992784718391296561e-01
1.002370813550126805e+00
9.978623534900802339e-01
1.001775512300936199e+00
9.981013374924962989e-01
9.979420914419621091e-01
9.987463046045194082e-01
9.989102408013935674e-01
9.977974140163053951e-01
1.000595438039578733e+00
9.959688091551183176e-01
9.962139675416326057e-01
9.976266458061305853e-01
9.926912994741067253e-01
9.969403605106790245e-01
9.993355853712727610e-01
9.970565694001998214e-01
9.981254227491133113e-01
9.959202795396242536e-01
9.942025179687885572e-01
9.996527771391494621e-01
9.987070908024286986e-01
9.950015743114245526e-01
9.956814215133695800e-01
9.941501135643054932e-01
9.972466340215023761e-01
9.979137274879799069e-01
9.967287548934210539e-01
9.976112349277049818e-01
1.000091446580372523e+00
9.948903357654905744e-01
9.966868655118056308e-01
9.971462397542146805e-01
9.942382665114312124e-01
9.963307963838295978e-01
9.969023945783838103e-01
9.960722001626954869e-01
9.974399370466149328e-01
9.968886374520934401e-01
9.977337442018869851e-01
9.970405296167375031e-01
9.981752475499421351e-01
9.975845530238512948e-01
9.945959404514298496e-01
9.953410503485016214e-01
9.944139761628661978e-01
9.945422291617221910e-01
9.976688649732746716e-01
9.968698236726244444e-01
9.984882867482768320e-01
9.965609996992873532e-01
9.960530627799814019e-01
9.981358426912174675e-01
9.984602151015479210e-01
9.962903220705142671e-01
9.976410011370580033e-01
9.994291699977936316e-01
9.963609090807772350e-01
9.973435417894614963e-01
9.979585568717522781e-01
9.985732947592302899e-01
9.971181005367513173e-01
9.977631363794737807e-01
9.971264482558104270e-01
9.990143565347368027e-01
9.984590018456148686e-01
9.964714590520223902e-01
9.978401078057320683e-01
9.986002006568399647e-01
9.972462066338141362e-01
9.972527969795906833e-01
9.997258291341731828e-01
9.971065341627638468e-01
9.989742118201325738e-01
9.980401341385884972e-01
9.975412097806695133e-01
9.966676540131546025e-01
9.954720851935395798e-01
9.946755612397490953e-01
9.968057158302987553e-01
9.979862783645656599e-01
9.990203677274628324e-01
9.975585504915976953e-01
9.989186773459478585e-01
1.000094372764792405e+00
9.963998535221225694e-01
9.968717685860495337e-01
9.956723441707584499e-01
9.962201665074825740e-01
9.961754891625037578e-01
9.983140482434569307e-01
9.985863940744561518e-01
1.000781817524532658e+00
9.982874876136825781e-01
9.971919455212148176e-01
9.979567993304347961e-01
9.966886215147238159e-01
9.975479609438201445e-01
9.976289520567097613e-01
9.968249172745512476e-01
9.996684863964508949e-01
9.977421834871920137e-01
9.987447717019297677e-01
9.982790946689470424e-01
9.999144669342681091e-01
9.973863348856492062e-01
9.996371273011772640e-01
9.984396898179389579e-01
9.993258689809523254e-01
1.001708042036054680e+00
9.976806408858979180e-01
9.997905594198724932e-01
9.978930052732465361e-01
9.963399021836447655e-01
9.995370137077718153e-01
9.956469271202338378e-01
9.989403400728403826e-01
9.991688561656711931e-01
9.974352629952838445e-01
9.950513219591226033e-01
9.840039957099391277e-01
9.727113569207108679e-01
9.604233478256227752e-01
9.501314332406265439e-01
9.376794903935434800e-01
9.293218304583006351e-01
9.151168215474292378e-01
9.066090633106577146e-01
8.940210298884516682e-01
8.866125839811044296e-01
8.743893937594751087e-01
8.638100515632304299e-01
8.542113904954325987e-01
8.440316099445319686e-01
