0.000000000000000000e+00
0.000000000000000000e+00
0.000000000000000000e+00
0.000000000000000000e+00
0.000000000000000000e+00
0.000000000000000000e+00
0.000000000000000000e+00
0.000000000000000000e+00
0.000000000000000000e+00
0.000000000000000000e+00
0.000000000000000000e+00
0.000000000000000000e+00
0.000000000000000000e+00
0.000000000000000000e+00
0.000000000000000000e+00
0.000000000000000000e+00
0.000000000000000000e+00
0.000000000000000000e+00
0.000000000000000000e+00
0.000000000000000000e+00
0.000000000000000000e+00
0.000000000000000000e+00
0.000000000000000000e+00
0.000000000000000000e+00
0.000000000000000000e+00
3.721188796016468292e-02
8.470478230873008663e-01
2.908361200229705901e+00
3.366255346768853407e+00
2.108064792248093511e+00
1.039889730046997585e+00
4.907553460406621215e-01
2.886240576044977746e-01
2.257799763890315226e-01
2.354889998722482780e-01
2.573273837780934992e-01
2.836063486538824008e-01
3.134639404672710516e-01
3.299809233861203950e-01
3.394733274065901973e-01
3.613103372024870086e-01
4.138743594235698153e-01
5.194437878930271424e-01
6.668307419569844408e-01
8.569717305116310024e-01
1.042259872144152943e+00
1.198891242397096546e+00
1.309826660151035993e+00
1.397893969150548310e+00
1.492267815679562792e+00
1.544144654435271935e+00
1.563142463286440353e+00
1.554740304937932471e+00
1.472639951938977454e+00
1.345465760039218805e+00
1.204537564756583690e+00
1.066857765210477593e+00
9.777109580650624743e-01
9.050624680098796615e-01
8.827319667435493677e-01
8.624498933627102737e-01
8.619038419708630050e-01
8.745377672711734940e-01
8.894774119529245127e-01
9.163695643378592104e-01
9.323520020879481063e-01
9.581519414464219064e-01
9.759063126935926258e-01
9.869910252321622002e-01
1.007751218485446243e+00
1.018018073889030761e+00
1.028718324703893572e+00
1.033604292579476835e+00
1.039537165398639829e+00
1.036430129232835728e+00
1.037431558930052233e+00
1.031275647204273005e+00
1.018662276259850730e+00
1.007879890758226482e+00
1.003239422896899269e+00
9.846709507897707381e-01
9.797688846492629278e-01
9.697969035744661292e-01
9.606152752170586950e-01
9.684319110622006122e-01
9.597086416836526634e-01
9.655100485708107971e-01
9.760900914579514476e-01
9.780593469283040964e-01
9.826666279279056004e-01
9.959419980073145329e-01
9.984458016408839232e-01
9.989656713318572079e-01
1.002009128205369581e+00
1.010219975194246222e+00
1.010740022172948560e+00
1.009993180985337968e+00
1.007147533685690100e+00
1.004068993821841227e+00
1.005656677632650098e+00
9.973908616994301424e-01
1.000809702605241158e+00
9.900792498790547125e-01
9.971588319778815768e-01
9.913406850224018019e-01
9.883175401930478499e-01
9.862036526849440321e-01
9.956983566708418332e-01
9.873849000158173572e-01
9.855408800743624687e-01
9.872298478244169173e-01
9.935046230914396093e-01
9.922444053573609146e-01
9.948321119747406405e-01
9.925429261025509042e-01
9.984213451072495582e-01
9.963856805535985517e-01
9.984944737998622255e-01
1.007063370089636978e+00
1.001137414114331659e+00
1.003430933096991939e+00
1.000286348905985001e+00
9.991134847493888804e-01
9.931703449181622512e-01
9.975707388415135934e-01
9.945135529598683188e-01
9.954635259525655977e-01
9.951290710248008597e-01
9.945681013920127933e-01
9.919564781201438697e-01
9.908548871019583482e-01
9.949921312650394922e-01
9.920186946112616866e-01
9.932128272021568671e-01
9.950338066841964979e-01
9.922051429266892653e-01
9.913322647210343064e-01
1.000380580614775861e+00
9.962926084346850342e-01
9.925713263343606263e-01
9.960768447658316926e-01
9.896006288667273942e-01
9.922774092898151155e-01
9.934335172518966584e-01
9.937484524142994324e-01
9.956944101458617968e-01
9.946554915776963934e-01
9.933017123961781492e-01
9.991393539722642769e-01
9.913642184367543742e-01
9.913719454144742649e-01
9.935042928782681360e-01
9.956447432418358279e-01
9.923876823365180844e-01
9.940487422097376013e-01
9.924441148230428444e-01
9.963412575272667659e-01
9.955389424232604645e-01
9.961945875119925242e-01
9.980318266209881051e-01
9.982580989010516603e-01
9.965645558456291964e-01
9.982157928776905775e-01
9.970728039675891274e-01
9.934582597648365931e-01
9.968159400677026882e-01
9.960374215135142650e-01
9.941029456133212427e-01
9.966227003220452518e-01
9.946758736624312647e-01
9.955739053502448144e-01
9.976156985044470904e-01
9.977045152458585697e-01
9.985400571150258031e-01
1.000019120133721406e+00
9.971759337186029137e-01
9.982198282349294960e-01
9.964652120166160865e-01
9.957487604409444026e-01
9.943153848633127234e-01
9.980710800278993489e-01
9.985134747444318615e-01
9.980084212664165344e-01
9.987757602715613414e-01
1.000623256782067871e+00
9.965356645577199135e-01
1.000570323676867712e+00
9.972083307292414212e-01
1.000972394392801723e+00
9.979147222859902078e-01
9.975107491216437250e-01
9.975373485538447937e-01
9.970488065019489365e-01
9.946302364219217207e-01
9.972637924331733128e-01
9.994020129636482785e-01
9.976424576450849679e-01
1.000477701371060180e+00
9.980869394078035750e-01
9.972384385040951038e-01
1.000543167020306656e+00
9.960047854042879401e-01
9.968844829198275637e-01
9.969709383051957863e-01
9.992953889595498351e-01
9.997613688284541222e-01
9.965224500606790770e-01
9.991845460009921576e-01
9.980822338661713422e-01
9.983945454719438395e-01
9.946913216582468076e-01
9.972477850341182615e-01
9.970286960446808067e-01
9.975112282135779607e-01
9.999847106365016280e-01
1.000757054070341434e+00
1.000492532733674222e+00
9.989643720778035307e-01
1.001607167603090209e+00
1.000961874168729615e+00
9.984131981482852192e-01
9.986235737048481109e-01
9.993563719841458415e-01
1.001679876285040516e+00
9.998126375812319555e-01
1.000016208618664582e+00
1.001451295209298875e+00
9.997890279332679597e-01
9.972990420158358571e-01
1.000900707064488193e+00
9.989169551785778145e-01
9.995637571601103666e-01
1.002684554860690858e+00
9.974119949867433776e-01
9.984501130757467147e-01
9.998223353081225895e-01
1.000017794633725865e+00
9.995589736231781375e-01
9.978243018277873633e-01
9.994988301129676955e-01
9.974404790869185744e-01
9.986859411855002477e-01
9.976504292241412664e-01
9.980863931753005680e-01
9.994433785373607604e-01
9.985893849375377940e-01
9.978576773234801855e-01
9.972946743535244796e-01
9.972618783842497336e-01
9.998719287933575117e-01
9.986554067684925151e-01
1.000322536987261701e+00
1.001013245553117992e+00
9.995930858672181785e-01
1.000587394058404689e+00
9.990771042974067040e-01
1.000280951813873109e+00
9.983860465891913893e-01
1.000525257720083827e+00
1.002686132322902823e+00
1.000761235791974624e+00
9.992545036498415856e-01
1.000101935719647672e+00
9.997394178132864573e-01
1.000500613591881027e+00
9.941040105335579025e-01
9.840871054436558518e-01
9.737965430840226366e-01
9.621119199873638950e-01
9.506341371630206982e-01
9.410245601470836885e-01
9.291500744257822353e-01
9.171542635984236691e-01
9.080007560887886076e-01
8.957631213408183690e-01
8.857593091173432409e-01
8.761219998913466478e-01
8.655031920010242130e-01
8.575872136155543446e-01
8.459263397984375654e-01
