0.000000000000000000e+00
0.000000000000000000e+00
0.000000000000000000e+00
0.000000000000000000e+00
0.000000000000000000e+00
0.000000000000000000e+00
0.000000000000000000e+00
0.000000000000000000e+00
0.000000000000000000e+00
0.000000000000000000e+00
0.000000000000000000e+00
0.000000000000000000e+00
0.000000000000000000e+00
0.000000000000000000e+00
0.000000000000000000e+00
0.000000000000000000e+00
0.000000000000000000e+00
0.000000000000000000e+00
0.000000000000000000e+00
0.000000000000000000e+00
1.199007296896126039e-05
3.443575462004013626e-02
1.011978251786605387e+00
3.298819739009105856e+00
3.280922472702526349e+00
1.822746160191144105e+00
8.318124172189328425e-01
3.834313631988818805e-01
1.990473353375928067e-01
2.301500886786474465e-01
8.490253397446184680e-01
1.743109262862891917e+00
1.905024368839672189e+00
1.457764725429178343e+00
9.963869741599916674e-01
7.263690451309583462e-01
6.255384149093439206e-01
6.190171418997924002e-01
6.741175404360473244e-01
7.531132002435791950e-01
8.468319690420977874e-01
9.426519456245622264e-01
1.026848377335446205e+00
1.093326482015665624e+00
1.147292145846702471e+00
1.186505839397345774e+00
1.206502253273753045e+00
1.204463446168927421e+00
1.182678014014594714e+00
1.149647713397419002e+00
1.108661348857935769e+00
1.072958054249204318e+00
1.036670296906373023e+00
1.003261750886747183e+00
9.719758734567515157e-01
9.469241037528148830e-01
9.352023867175489613e-01
9.295486802536202520e-01
9.257403953892787696e-01
9.235991976222628352e-01
9.273617876807289662e-01
9.339415033211254658e-01
9.462893311800426588e-01
9.579792336511090411e-01
9.727442970021377144e-01
9.830052860190855446e-01
9.905823715557136033e-01
9.995572785099781088e-01
1.005540049241451239e+00
1.010452675836366998e+00
1.014491021402202930e+00
1.016361634046374807e+00
1.018306123428579291e+00
1.020039473262258189e+00
1.019734289784174353e+00
1.014504343390070007e+00
1.014939511684303408e+00
1.009967281974753162e+00
1.006282842619791396e+00
1.002818406358458647e+00
1.001702120792539397e+00
1.001602083201343918e+00
1.000667989935260405e+00
9.989126806875501252e-01
9.983400877369592585e-01
9.991542651698407385e-01
9.979309767652075891e-01
9.973723210078306867e-01
9.987663216260167509e-01
9.982396735260126164e-01
9.988957789465749970e-01
9.976081040936725097e-01
9.976423910473737333e-01
9.977354904387254475e-01
9.979392084480813718e-01
9.964815063225545000e-01
9.987151997177119434e-01
9.979306740690385702e-01
9.988252756628439588e-01
9.980743052325790066e-01
9.986640534448478768e-01
9.999255202666202935e-01
1.000174967971507289e+00
9.994653104574970914e-01
1.000737144308257109e+00
1.001398588099560394e+00
1.000739925389838358e+00
1.002040988099905494e+00
1.002333937714783074e+00
1.003122801833540079e+00
1.002278804108699184e+00
1.001235699837533799e+00
1.002078035954382385e+00
1.001793152687919575e+00
1.000344917625809682e+00
1.000915290700425508e+00
1.000474653212124920e+00
1.000105586858971662e+00
9.998803969529127533e-01
1.001407183544501978e+00
9.993742014821325181e-01
1.000515339764923795e+00
1.000049621262148358e+00
9.997679555062737311e-01
9.985770101215499794e-01
1.000539889636606894e+00
1.000364388905318425e+00
9.995030321857190092e-01
1.000230209130153591e+00
1.000579551958403313e+00
1.000745823488342401e+00
1.000241462648701063e+00
1.000204175324382216e+00
9.997585745790696921e-01
9.997667487654364749e-01
1.001583695906230531e+00
1.001019473595661013e+00
1.000621035931116953e+00
1.000417154556650035e+00
1.000855213002034505e+00
1.000790876409907382e+00
9.997804456971226550e-01
1.000812882572439166e+00
1.000858059444478698e+00
1.000665811663277616e+00
1.000835590936576036e+00
1.000280025581540277e+00
1.000567075564903874e+00
1.001038826942584059e+00
1.000343424713320495e+00
1.000381040705048852e+00
1.000563766243960817e+00
1.000705708961203477e+00
1.000130047383876564e+00
1.000600569279292529e+00
1.000123701125159137e+00
1.000135087127081546e+00
9.998900864700508428e-01
1.000185465726104228e+00
1.000139761877852917e+00
1.000909054003755294e+00
1.000840736880466153e+00
9.999941788999628933e-01
9.995661938097496479e-01
9.996253706135047601e-01
9.994500204977305735e-01
1.000589110857101227e+00
1.000432824341846993e+00
9.996109099984414881e-01
1.000979883789220759e+00
1.000003814078248343e+00
9.998593215735764872e-01
1.000330102763751006e+00
1.000442667523874674e+00
1.000946052498300265e+00
1.000027735218171898e+00
1.000564529691115201e+00
9.997287845058930866e-01
9.998215782730421886e-01
1.000429991138960251e+00
1.000077499510020562e+00
9.997222504187470715e-01
1.000270100386553729e+00
1.000306830051923113e+00
1.000492059498114150e+00
9.998598360183938993e-01
9.999642105958660432e-01
1.000654773701679101e+00
9.998860334043396803e-01
1.000400052853851918e+00
9.998375856069322554e-01
9.999543049637246162e-01
9.998262542420656152e-01
1.000000538403949868e+00
1.000616749624897883e+00
1.000280339941848506e+00
1.000155322997436258e+00
9.997258258011875176e-01
1.000000255813423999e+00
9.998077792180970480e-01
1.000467309139946304e+00
1.000253776248293258e+00
9.996563624142580373e-01
1.000641416990595056e+00
9.995042791250173808e-01
9.999260679996584411e-01
1.000526529337257386e+00
9.999871242505142810e-01
1.000705908894510054e+00
1.000349879884524729e+00
9.998767064750825329e-01
1.000010477938194198e+00
9.997869434385610043e-01
1.000243906295314344e+00
1.000533772531844168e+00
9.995704688780393532e-01
9.996050688812342377e-01
1.000387364130912449e+00
1.000332101938193885e+00
1.000483372599729748e+00
9.997775522894648548e-01
9.998559818779593211e-01
9.996913387327337475e-01
9.999331079991028437e-01
9.998953045542519069e-01
9.998612444705921032e-01
1.000315245070869663e+00
1.000270996191933826e+00
1.000388613564640483e+00
1.000276723611576157e+00
1.000577306084536655e+00
1.000401176709782902e+00
9.997745637837184285e-01
1.000866773806330379e+00
1.000071761612871146e+00
9.999868235458329035e-01
9.998930445915749088e-01
9.996620896582817384e-01
1.000218400252263384e+00
9.999038778943495354e-01
9.999563461995576441e-01
9.997507839417754116e-01
1.000174146271898490e+00
9.996820157329537881e-01
1.000546721412434836e+00
1.000696557192906289e+00
1.000259281485054164e+00
1.000032662858906907e+00
9.994625724343811912e-01
1.000264821481904098e+00
9.999294832074859807e-01
9.992182762253745132e-01
9.999788150799951980e-01
1.000066191281510308e+00
9.998198666888999941e-01
9.997687003383182169e-01
1.000147687721971934e+00
1.000106488291304441e+00
1.000305831432351411e+00
1.000073119848820857e+00
9.998912722028623357e-01
1.000120721783604560e+00
9.997740756116049177e-01
1.000188216814446696e+00
1.000301912661011094e+00
9.955642886088706955e-01
9.850329661767516232e-01
9.738424855428226001e-01
9.630923203713823710e-01
9.516558256840214058e-01
9.405028970747404404e-01
9.298071351482919411e-01
9.195602160179000562e-01
9.082182846693935829e-01
8.979567471448255400e-01
8.872886522789239505e-01
8.765272121924628790e-01
8.664124875192349418e-01
8.563858297928608199e-01
8.460567733391413103e-01
