0.000000000000000000e+00
0.000000000000000000e+00
0.000000000000000000e+00
0.000000000000000000e+00
0.000000000000000000e+00
0.000000000000000000e+00
0.000000000000000000e+00
0.000000000000000000e+00
0.000000000000000000e+00
0.000000000000000000e+00
0.000000000000000000e+00
0.000000000000000000e+00
0.000000000000000000e+00
0.000000000000000000e+00
0.000000000000000000e+00
0.000000000000000000e+00
0.000000000000000000e+00
0.000000000000000000e+00
0.000000000000000000e+00
0.000000000000000000e+00
0.000000000000000000e+00
3.341919870154531902e-02
1.007017375525346869e+00
3.306538294085092922e+00
3.278836681209419623e+00
1.814814805846107992e+00
8.352017658194910155e-01
3.853784045856092355e-01
2.009104978270845054e-01
2.322038608965525108e-01
8.502547999813798718e-01
1.738292369729916853e+00
1.902146767847075814e+00
1.463979183831997988e+00
9.980569047618732537e-01
7.223542096592479034e-01
6.235574167545974156e-01
6.244410927522038302e-01
6.764412881558542479e-01
7.548914910094021158e-01
8.447340021031023438e-01
9.404171942086158031e-01
1.025033358253034432e+00
1.095376693775056864e+00
1.148308848590724462e+00
1.187502629018537981e+00
1.205451134390622014e+00
1.204385742240732471e+00
1.184659925841731631e+00
1.150582544201596225e+00
1.111428516912644548e+00
1.075027380630485307e+00
1.036836482637945034e+00
1.000607951298754461e+00
9.718883874194667039e-01
9.516127745890634593e-01
9.367995849874867220e-01
9.273283924160689029e-01
9.248403321933387211e-01
9.257231444753435401e-01
9.287950109603126947e-01
9.349950557194396383e-01
9.458650076911826465e-01
9.589044177469727703e-01
9.725847030080151390e-01
9.810982838585180499e-01
9.918230413591253569e-01
9.981027600879783801e-01
1.003204381892728536e+00
1.011269089557327749e+00
1.013275230174033092e+00
1.015681784367378881e+00
1.019976925778880883e+00
1.020067659833325813e+00
1.018364711806709844e+00
1.017208345387787372e+00
1.013414563263548729e+00
1.009512546741023087e+00
1.008632082930964513e+00
1.003072421827261307e+00
1.003258149699915558e+00
1.001407349017245485e+00
9.989774134140148032e-01
9.992735242925760986e-01
9.993250274033933511e-01
9.989444272393265267e-01
9.976918004234519577e-01
9.983274261063205257e-01
9.992328152094807070e-01
9.989312151928337880e-01
9.973760394570077015e-01
9.969575609204467392e-01
9.985029937915543830e-01
9.966703486658697875e-01
9.975289908532948280e-01
9.953858918731538497e-01
9.975299141760847199e-01
9.974098798822518264e-01
9.983974511923157102e-01
9.988673811563044680e-01
9.999156800231505660e-01
9.990881576608605652e-01
9.999062278385324465e-01
1.000702706637796258e+00
1.000196240149488602e+00
1.002011739467005169e+00
1.001177495474567580e+00
1.000915860832324533e+00
1.002155665758047265e+00
1.001990807213642087e+00
1.001798004798668984e+00
1.001578925554384769e+00
1.000140156736641472e+00
1.001577362187648479e+00
1.001312672924958180e+00
1.001620489928342073e+00
1.001180918539641418e+00
1.001200049677366311e+00
9.999979365029664224e-01
1.000206000408119023e+00
9.996440914936478572e-01
9.997405593472200591e-01
9.998503090408890071e-01
1.000387975229388271e+00
9.989176876945414785e-01
9.992470648688051016e-01
9.998476590390427132e-01
9.999575302968631840e-01
9.989687609963984194e-01
1.000762955748867089e+00
9.999087124565182449e-01
9.986674030883813113e-01
1.000546742540380230e+00
9.996334031512059681e-01
1.000333029182465694e+00
9.995854791585768728e-01
1.000714505323561543e+00
1.000885730621144276e+00
1.000919883687190204e+00
9.998467619875727186e-01
1.000400351502620078e+00
9.999729433926695110e-01
1.001377709398985960e+00
1.000559796892227959e+00
1.001348467333440739e+00
9.995224911205009555e-01
1.001131631960273216e+00
1.001399156660957468e+00
1.000862894003892167e+00
1.000227164576846572e+00
9.998655065746593351e-01
9.998741923223943839e-01
1.000636417927006638e+00
9.996243268922808678e-01
9.996267469582937881e-01
9.998987131358016978e-01
9.993863459768008717e-01
9.996369701328198243e-01
9.989970237683301058e-01
1.000698850363419989e+00
1.000230937055713865e+00
1.000391061841097606e+00
9.994280528893634274e-01
9.999700263146336088e-01
1.000125890334248258e+00
1.000294469411840304e+00
9.998466675737547327e-01
1.000276790579995634e+00
9.998782419846485858e-01
9.998912500109626844e-01
1.000335004251910354e+00
1.000740513562089484e+00
1.000540669846330388e+00
9.996123632923523683e-01
9.998484886222899215e-01
1.000217691095108830e+00
1.000522342728977998e+00
1.000669705051466574e+00
1.000180858410797846e+00
1.000460297862610037e+00
9.999788866195227222e-01
9.999180817703026136e-01
9.998001271862885231e-01
1.000433267911624791e+00
9.994798533285574882e-01
9.998646804965932722e-01
9.999657348551500569e-01
1.000653214209537678e+00
1.000473485822195086e+00
9.994919940650311974e-01
9.997474766586017525e-01
1.000091038931476328e+00
1.000105870711122780e+00
9.996238888013680990e-01
9.997714772579908704e-01
1.000030721439609360e+00
1.000238120392861418e+00
1.000031652732573884e+00
1.000668065210377877e+00
9.999798045677256164e-01
1.000268327854894723e+00
1.000320839858214850e+00
9.998095157336931438e-01
1.000000608446749872e+00
9.995917435802641471e-01
1.000699998496423326e+00
9.999673827107095070e-01
9.996311989533588349e-01
1.000316931307399626e+00
1.000876291861680478e+00
9.996682497118651867e-01
9.999975215537514339e-01
9.996654318819088170e-01
1.000159310874885410e+00
1.000357936306614182e+00
1.000674843863006425e+00
1.000238358160606023e+00
9.994796159107355304e-01
9.997455081824766498e-01
9.995004554056038382e-01
9.999903607085065538e-01
9.995700358320592782e-01
1.000815156370974401e+00
1.000509366019384672e+00
9.997007378865835348e-01
1.000147167749233290e+00
9.996687696974959625e-01
9.995914461123166506e-01
1.000188306540269245e+00
9.997430090520899038e-01
9.997855437722139582e-01
1.000386098171431204e+00
1.000222247848675305e+00
9.999002696785531663e-01
9.995852284890660577e-01
1.000643957012711915e+00
1.000262906449722378e+00
1.000113014560206404e+00
1.000255236851559149e+00
9.999104750515317441e-01
9.996967140742966107e-01
9.999904953232670035e-01
1.000157078534639865e+00
1.000044536198835488e+00
1.000087080389277183e+00
1.000433033598942423e+00
1.000051171907170300e+00
1.000399572604571796e+00
9.999289201941073957e-01
1.000081439401758754e+00
9.996447148523486259e-01
9.998151617111946665e-01
1.000098248761279063e+00
1.000628686485177443e+00
9.999972768285104729e-01
9.996743855358627417e-01
9.996088285714000987e-01
9.996065352989594865e-01
1.000141854775701944e+00
9.998074496121153176e-01
9.999174955296463718e-01
9.997296145271503676e-01
9.997223167253821430e-01
1.000334813733096961e+00
1.000066341795958103e+00
9.956550211004249196e-01
9.846943329694263225e-01
9.739702991369022511e-01
9.625256163601907389e-01
9.514821500669526921e-01
9.409504117318578942e-01
9.293305151251488594e-01
9.190630636451176949e-01
9.083495317783140122e-01
8.978430412106374048e-01
8.870038844369226849e-01
8.767932199644925539e-01
8.666684728569519214e-01
8.562022624135104953e-01
8.460180865057956856e-01
