0.000000000000000000e+00
0.000000000000000000e+00
0.000000000000000000e+00
0.000000000000000000e+00
0.000000000000000000e+00
0.000000000000000000e+00
0.000000000000000000e+00
0.000000000000000000e+00
0.000000000000000000e+00
0.000000000000000000e+00
0.000000000000000000e+00
0.000000000000000000e+00
0.000000000000000000e+00
0.000000000000000000e+00
0.000000000000000000e+00
0.000000000000000000e+00
0.000000000000000000e+00
0.000000000000000000e+00
0.000000000000000000e+00
0.000000000000000000e+00
2.398126014402620349e-05
3.521134857404002727e-02
1.010243464446961559e+00
3.293954067440260314e+00
3.273258688822193285e+00
1.833208011939307269e+00
8.351807596909012199e-01
3.841755248534221012e-01
1.988208101854948562e-01
2.295006050171407297e-01
8.483279468951938629e-01
1.743540638416455568e+00
1.900704059449933148e+00
1.461766288769963396e+00
9.966110845005941021e-01
7.229396503891507564e-01
6.213193010512507719e-01
6.228698603380986576e-01
6.735606263130179405e-01
7.559583635020388215e-01
8.457098875319596365e-01
9.440563795476178965e-01
1.024901102471258874e+00
1.096853016679887993e+00
1.149195687757969875e+00
1.187011267311832485e+00
1.208402017315101107e+00
1.204505954800005663e+00
1.185998172920170068e+00
1.147995907566329299e+00
1.110485522082480303e+00
1.074417853947662094e+00
1.036946964651176861e+00
1.002376874740968260e+00
9.731443040294360802e-01
9.526735218298687524e-01
9.373866101667152062e-01
9.268830069232044666e-01
9.256390162616846551e-01
9.259469109193356751e-01
9.270041144684538770e-01
9.348190666836896368e-01
9.468596976931044074e-01
9.587036397324372183e-01
9.722770005750622779e-01
9.845439964640273489e-01
9.936883577770659892e-01
9.979211726994646758e-01
1.003572812681863713e+00
1.010633150850324125e+00
1.013908372877864839e+00
1.016037121955388312e+00
1.020639325273848597e+00
1.019031779029008211e+00
1.019614546794354260e+00
1.017188912253059740e+00
1.014189234577087539e+00
1.011745324584206074e+00
1.009111147824693022e+00
1.005065911069547013e+00
1.004249812027918853e+00
1.000471010829455221e+00
9.987943781087573747e-01
1.001479704839726370e+00
9.984556821904589929e-01
1.000582320735573516e+00
9.976640524677576893e-01
9.976569083516673153e-01
9.973126956769623463e-01
9.948398955064879923e-01
9.961785071971153149e-01
9.982094562232551871e-01
9.977917513508044456e-01
9.976347838469450391e-01
9.954492297440211690e-01
9.982359051668816541e-01
9.968537439472828776e-01
9.981360886571004620e-01
9.977916728488874787e-01
9.974221486998300357e-01
9.988062062802444130e-01
9.987175804728801731e-01
1.001195210236353272e+00
9.995177455522025189e-01
1.001608316028849810e+00
1.001638874923741929e+00
1.001646663165901341e+00
1.001849295046896460e+00
1.003113881050878398e+00
1.003054115205601393e+00
1.001441603500630162e+00
1.001038530631687573e+00
1.001696932529385187e+00
1.000640553209490413e+00
1.000931099770300481e+00
1.001111698601791167e+00
1.000204705440012276e+00
9.997534062698326673e-01
1.000794010919826116e+00
1.000686727558333766e+00
1.000230389933443709e+00
1.000071782184344782e+00
1.000638137230403846e+00
9.990854098039013698e-01
9.996528120718324306e-01
9.992808070193235359e-01
9.997535457522231939e-01
9.998833482086973978e-01
1.000099352408487130e+00
9.999831701236033821e-01
1.000720332738087137e+00
9.998539061310823817e-01
1.000527363778232814e+00
1.000611828005490089e+00
1.000534991293244858e+00
1.001156636150157153e+00
1.000688832567430353e+00
1.000246853089622245e+00
9.997681272286552678e-01
1.000545305343150559e+00
1.000603190128975362e+00
1.001150872833334704e+00
1.001743425822744449e+00
1.001383275152806007e+00
1.000275111132164607e+00
1.000087372111155393e+00
1.000865829940385199e+00
1.001002968829433737e+00
1.000190382376031417e+00
1.001441075070641507e+00
1.001196579085533278e+00
9.992384684960258223e-01
9.999420279741572104e-01
1.000103101560170460e+00
1.000446251408985798e+00
1.000146426418952794e+00
1.000308461538303328e+00
9.990986062581492799e-01
1.000934794591452404e+00
9.999259059239006264e-01
9.995500986525361897e-01
1.000632079493223303e+00
1.000620405352492082e+00
1.000261690968607287e+00
1.000342425090437137e+00
9.998413836352073591e-01
1.000596501313448350e+00
1.000354071962296976e+00
1.000262807704020096e+00
1.001231577755395286e+00
1.000600658496474393e+00
1.000126719267300457e+00
1.000411588990959944e+00
1.000467467869536886e+00
1.000336579263920056e+00
1.000275401402043407e+00
9.996875083168654808e-01
1.000345693848025297e+00
1.000263057698534519e+00
1.000951843447797529e+00
9.996618327520084835e-01
1.000548334190105582e+00
1.000376796194267559e+00
1.000606653611564756e+00
1.000417681443054541e+00
1.000532267041626344e+00
1.000667496140324797e+00
9.997716249850008285e-01
1.000915888603435056e+00
1.000271720137241083e+00
9.998261203363932870e-01
1.000093455837443912e+00
1.000703311972380050e+00
1.000029277072357337e+00
9.997962946408170959e-01
1.000819827995682143e+00
1.000599587643991262e+00
1.000143683247696202e+00
1.000276547151481177e+00
9.998369593262589339e-01
1.000743153164713517e+00
1.000008999575530355e+00
9.999553840346868672e-01
1.000766863885737434e+00
1.000171193430318128e+00
1.000581040603919503e+00
1.000540973385693144e+00
1.000388397428663811e+00
1.000951032989007450e+00
9.998270615191324762e-01
1.000152531632683361e+00
9.999809585617742691e-01
1.000319209040178681e+00
1.000526534776450038e+00
1.000232885924346338e+00
1.000158666920041739e+00
1.000549251800337380e+00
9.998014080848643959e-01
9.998001595134575759e-01
1.000169988503546659e+00
1.000135278538510697e+00
1.000289795996356812e+00
9.998238757316029179e-01
1.000005751163500767e+00
9.996666990334271974e-01
9.999200136303910691e-01
1.000183221975633918e+00
1.000316485249206799e+00
1.000177905627001484e+00
1.000753848473968866e+00
1.000177582504480522e+00
1.000376085371661450e+00
9.999999067631580862e-01
9.999718981054885880e-01
9.999817608881769182e-01
9.998666844541895804e-01
1.000547417285248208e+00
1.000396629710737395e+00
1.000574246552815127e+00
1.000044197135744328e+00
1.000125129268293556e+00
1.000185278787972587e+00
1.000453726924442011e+00
9.996446843288022688e-01
9.997205984689739866e-01
1.000510023948296245e+00
9.997366420711097934e-01
1.000425212816216991e+00
9.998427227010233675e-01
9.997981563489179990e-01
9.997313330051499358e-01
1.000005657421457306e+00
1.000060553737845526e+00
9.998618075199924293e-01
9.996446968278025480e-01
9.999218671165021055e-01
1.000378122633382105e+00
1.000302300907450093e+00
1.000221822925870807e+00
9.999137040963610445e-01
9.998522748448421815e-01
1.000164065414192560e+00
9.998531313557899036e-01
1.000038327456577614e+00
1.000344719449157704e+00
9.953255595446866000e-01
9.847569275016258006e-01
9.738571897165686497e-01
9.624823134481692577e-01
9.510570735031442791e-01
9.404206460443909066e-01
9.299717354081942222e-01
9.195600109820780688e-01
9.081409857885086589e-01
8.976510802210976303e-01
8.869409775333536583e-01
8.770157816009435114e-01
8.669313950837640448e-01
8.560241676294643165e-01
8.457512985860070609e-01
