0.000000000000000000e+00
0.000000000000000000e+00
0.000000000000000000e+00
0.000000000000000000e+00
0.000000000000000000e+00
0.000000000000000000e+00
0.000000000000000000e+00
0.000000000000000000e+00
0.000000000000000000e+00
0.000000000000000000e+00
0.000000000000000000e+00
0.000000000000000000e+00
0.000000000000000000e+00
0.000000000000000000e+00
0.000000000000000000e+00
0.000000000000000000e+00
0.000000000000000000e+00
0.000000000000000000e+00
0.000000000000000000e+00
0.000000000000000000e+00
2.398790934406842113e-05
3.343279309855717168e-02
9.979182551490164421e-01
3.289956686866151614e+00
3.255514814062272944e+00
1.822762547328024674e+00
8.333019477070977565e-01
3.832621912861476909e-01
2.010294637725471012e-01
2.295584363395117566e-01
8.453280577324371325e-01
1.732201830456352010e+00
1.899121560886036564e+00
1.457059716137436567e+00
9.944393381470985060e-01
7.302602482905244941e-01
6.282571799768162935e-01
6.263835461934877946e-01
6.796685186688881108e-01
7.561614225461841254e-01
8.525306752738189831e-01
9.412329466071218675e-01
1.023298481855714925e+00
1.092225667120682919e+00
1.148060673060338877e+00
1.182794106624245334e+00
1.203801259237067045e+00
1.200840426083819246e+00
1.178982381016675962e+00
1.143001826186144987e+00
1.109733840642415759e+00
1.068371016937574858e+00
1.034125046483439947e+00
1.000895180249144589e+00
9.708393878195723525e-01
9.487118505818483705e-01
9.367526570903729199e-01
9.259917954813202678e-01
9.244107332897355533e-01
9.246756640311101227e-01
9.291783785635723270e-01
9.351088946538473889e-01
9.462239516430407393e-01
9.591857306574226305e-01
9.709190785395351853e-01
9.835772577451631360e-01
9.924430815742775192e-01
9.991350167727079956e-01
1.003578100667480211e+00
1.008176732063867265e+00
1.013843572424226513e+00
1.015975620391573964e+00
1.018558002269276619e+00
1.017189317188967213e+00
1.017615441385183006e+00
1.014617821346976312e+00
1.012692314898626211e+00
1.009401948923257519e+00
1.006270661589106830e+00
1.002200934973608515e+00
1.001831813693937923e+00
1.001118747367262696e+00
9.988816319599753690e-01
9.990689628213291762e-01
9.981598610355295609e-01
9.981129025792745413e-01
9.976206195788367426e-01
9.974738626558607990e-01
9.963404905495056862e-01
9.977754160700443853e-01
9.962749332259429602e-01
9.962082185973720749e-01
9.960756649911357563e-01
9.953290231373345121e-01
9.963320954561255549e-01
9.968277842705361991e-01
9.978333632553918475e-01
9.974173776628589838e-01
9.969007687413338203e-01
9.975851483760762584e-01
9.976380802164260819e-01
9.975317698007560852e-01
9.988604806806549163e-01
9.991257008306135834e-01
1.000541639972268193e+00
1.001325436802482427e+00
1.001684344617931099e+00
1.000831382842801487e+00
1.000040576364235712e+00
1.001146701354671764e+00
1.001073399399850183e+00
1.000486410809309223e+00
9.996615152386357783e-01
9.997732151651939070e-01
9.999645261106572258e-01
1.000114979809564320e+00
1.000037423658754143e+00
9.996099233384793115e-01
9.995351652972487289e-01
9.992896934949763166e-01
9.993105481788637778e-01
9.988987215727543889e-01
9.998135450923556489e-01
9.991915065214947989e-01
9.991659812729986045e-01
9.988417703357169719e-01
9.988860803520184239e-01
9.989851969314166302e-01
9.983746569216304101e-01
9.984854925335804321e-01
9.985866137565746481e-01
1.000175944315883525e+00
9.982840849489224011e-01
9.999246141140765154e-01
9.992550823283121719e-01
9.999986957292065215e-01
9.994653404801653318e-01
9.993785630794472796e-01
1.000217153525308378e+00
1.000489239895810067e+00
9.997898145617901688e-01
1.000501380353934877e+00
1.000227415143862375e+00
1.000777546722577016e+00
1.000386071207562733e+00
1.000090492112778895e+00
9.990150715429668704e-01
1.000147144424917922e+00
9.997948192723571381e-01
1.000091579491336757e+00
1.000533295821596003e+00
9.988598022412540356e-01
9.993723194730215198e-01
1.000094999557096687e+00
9.996434912764131653e-01
9.993030046898631058e-01
9.991015290678503247e-01
9.999590485317577659e-01
9.990646452354501328e-01
9.993430749798166701e-01
9.996821733705122393e-01
9.997306490372418475e-01
9.995099147285992913e-01
9.993431395327785349e-01
9.999639501640360528e-01
9.996229515996671866e-01
1.000915004094013572e+00
1.000368725070178266e+00
1.000473913031898032e+00
9.995484161972502113e-01
1.000305398424414571e+00
1.000627858508836843e+00
9.995306076271982532e-01
1.000506201067753453e+00
9.996434598812068417e-01
9.991832239770085389e-01
9.997239956975371156e-01
9.997743006259657284e-01
1.000209570977592000e+00
9.995280145246039361e-01
1.000285262644728945e+00
9.997683778268025012e-01
9.999398321248167409e-01
1.000166939634179020e+00
1.000074199368816696e+00
9.990852694836245274e-01
9.998807116888485114e-01
9.998533721291320564e-01
1.000312427728031750e+00
9.994336658288646147e-01
9.997675173457274411e-01
9.996360398245980328e-01
9.998276945413998584e-01
1.000000067322273312e+00
9.997435985937368486e-01
9.999591093542496978e-01
1.000191539990664458e+00
9.996851533927242350e-01
9.997986736515245276e-01
1.000139462170031468e+00
9.998256821159131613e-01
1.000279002093819480e+00
9.999980329108763000e-01
1.000171469173074756e+00
9.997436509921273640e-01
9.993150570866342619e-01
1.000154049321792860e+00
1.000021427497544524e+00
1.000420852773662217e+00
9.998204662914262908e-01
9.999230872767127520e-01
1.000222700080694915e+00
1.000543475651832992e+00
9.999548748939615095e-01
9.999540892507157164e-01
1.000127554938997854e+00
1.000276960728689657e+00
9.996076082647376015e-01
9.989569088683866172e-01
9.999144066750237370e-01
9.997578827818780489e-01
9.997798953855715487e-01
1.000052546424154754e+00
9.999291502511229446e-01
1.000293082062977623e+00
1.000150796769082584e+00
1.000319769215854970e+00
1.000149227649506756e+00
1.000231640778548536e+00
9.999396983770248992e-01
9.999525556244974744e-01
1.000130946728857495e+00
9.999263224788624838e-01
1.000236343270291872e+00
1.000181524891600837e+00
1.000269704764638723e+00
1.000153229187961124e+00
9.999065127959047006e-01
1.000401844727870637e+00
1.000174112916225155e+00
9.997067014406320062e-01
1.000201840439038925e+00
9.999122128474954296e-01
1.000187060100539593e+00
1.000372751086016976e+00
9.996803833592905475e-01
1.000342501726198652e+00
1.000388377608709911e+00
1.000278964986832664e+00
1.000304833580220931e+00
9.997737590369847327e-01
1.000034591573939036e+00
1.000083185630077809e+00
1.000816754136999664e+00
1.000094260060471196e+00
1.000300261732777418e+00
1.000395238502452155e+00
9.999800792556697848e-01
1.000410572955237942e+00
1.000246007764142853e+00
9.998779388016502123e-01
9.999694780255792281e-01
1.000175588873869481e+00
1.000318104425819365e+00
1.000036319073436930e+00
9.958542951307599589e-01
9.853068770851211022e-01
9.742054556635044715e-01
9.627417712833484797e-01
9.521972858726859279e-01
9.414529955752273249e-01
9.303449697027893484e-01
9.198745985134644254e-01
9.093298741624833426e-01
8.983677162640129055e-01
8.877100835382395472e-01
8.769737004792371726e-01
8.672708779718025784e-01
8.573586529402339451e-01
8.464244234878699480e-01
