0.000000000000000000e+00
0.000000000000000000e+00
0.000000000000000000e+00
0.000000000000000000e+00
0.000000000000000000e+00
0.000000000000000000e+00
0.000000000000000000e+00
0.000000000000000000e+00
0.000000000000000000e+00
0.000000000000000000e+00
0.000000000000000000e+00
0.000000000000000000e+00
0.000000000000000000e+00
0.000000000000000000e+00
0.000000000000000000e+00
0.000000000000000000e+00
0.000000000000000000e+00
0.000000000000000000e+00
0.000000000000000000e+00
0.000000000000000000e+00
0.000000000000000000e+00
0.000000000000000000e+00
0.000000000000000000e+00
0.000000000000000000e+00
0.000000000000000000e+00
4.136074879472868143e-02
9.221086831892010283e-01
3.011089247572052763e+00
3.445383491747718629e+00
2.187966104948508850e+00
1.019351383434473846e+00
4.872145375215057306e-01
2.709610786617475120e-01
2.163119946713388531e-01
1.912075975020295637e-01
2.052133666778122034e-01
2.174183507975635532e-01
2.501161331111573793e-01
2.531120523129540834e-01
2.643282604380626788e-01
3.014719052529235555e-01
3.712122740117233533e-01
4.864422985824278789e-01
6.724477290631177828e-01
8.908858124480583118e-01
1.099010498925411694e+00
1.277118587777751113e+00
1.411596163919782487e+00
1.490325207657626549e+00
1.577367029482406036e+00
1.639106366072149212e+00
1.688926897896257051e+00
1.652976321372053636e+00
1.545016442867668482e+00
1.369259425367510774e+00
1.212664713238275294e+00
1.073761816814384318e+00
9.635208722194593678e-01
9.014390988281097972e-01
8.593156156124009959e-01
8.394346110715406040e-01
8.756330713295337187e-01
8.790885571616300354e-01
8.639343519338383848e-01
9.076445313170888873e-01
9.399437371503432948e-01
9.747390007899340292e-01
9.858830265602559484e-01
9.972884661767362768e-01
1.003778810396136922e+00
1.036144762598637747e+00
1.052154598795810081e+00
1.025954533652517320e+00
1.042783503011638579e+00
1.052504943894071232e+00
1.026986935516741584e+00
1.050046302235758899e+00
1.028635308896027833e+00
1.021957785476899083e+00
9.905174985304855406e-01
1.002354030039902311e+00
9.779075976316373708e-01
9.816030193647178326e-01
9.493298864536207082e-01
9.663067134800026325e-01
9.518548829079593876e-01
9.762470093498648582e-01
9.757703526522610860e-01
9.693420637995872058e-01
9.802621783717405668e-01
9.894550961760835150e-01
1.001721198254684531e+00
9.884015477689815921e-01
1.002400534912192276e+00
1.007325028764286312e+00
1.000481201942290177e+00
1.007034582166205672e+00
1.023412321245543044e+00
1.011623775589071572e+00
1.009713679763081240e+00
1.001328426713368414e+00
9.970257900596694034e-01
1.009242432113626631e+00
9.949208375877635069e-01
1.005401868453242420e+00
9.970287312619321440e-01
9.919533080573915695e-01
9.895192930781939733e-01
9.910485400865932659e-01
9.868350839136997843e-01
9.866780423861797322e-01
9.791559428776476226e-01
9.901088005701862427e-01
9.916379701627506815e-01
9.922790151096336775e-01
1.000917936413700637e+00
9.999174985941671201e-01
9.809719421373874759e-01
1.001469547893782952e+00
9.955973387594837520e-01
9.896863097615935523e-01
9.969625763614304859e-01
1.001204607315811179e+00
9.836094823011595212e-01
9.795744575004003973e-01
9.868403185437638614e-01
9.940997087626963769e-01
9.959620842541601071e-01
9.744228876014848773e-01
9.785146000280273704e-01
9.835008953458379555e-01
9.827587182005071975e-01
9.863660193827444855e-01
9.825187200503824325e-01
9.863014230316154984e-01
9.948619430294930455e-01
9.821894839185462134e-01
9.856478093566028997e-01
9.833671525457249318e-01
9.929231903656854374e-01
9.838705676140687695e-01
9.847565687746038243e-01
9.835169646278153488e-01
9.913262503530111402e-01
9.924509132900981578e-01
9.822115027396279840e-01
9.853979872637413928e-01
9.864425927646655046e-01
9.826784508457011569e-01
9.838329262136363829e-01
9.896811272540516624e-01
9.940276356175113959e-01
9.841775758678156238e-01
9.870563569766939160e-01
9.808502722658282158e-01
9.939177558048298833e-01
9.882401870086365836e-01
9.879644624142541742e-01
9.709526446206272476e-01
9.804500484609095512e-01
9.783911593005922835e-01
9.828658288781640939e-01
9.769702929040187112e-01
9.796848782816020007e-01
9.806812266329079097e-01
9.726933535066406566e-01
9.878389753938248141e-01
9.743829237192394022e-01
9.830140486643371700e-01
9.796833570488342469e-01
9.815587630863417123e-01
9.795251479110268500e-01
9.864425565425668507e-01
9.795720673313326188e-01
9.809251673308848618e-01
9.775486407835841662e-01
9.843696461501080242e-01
9.856120682654148091e-01
9.807039943550284189e-01
9.814521058653415952e-01
9.867807046732898213e-01
9.886665022949218118e-01
9.874284939326055666e-01
9.927745784677953766e-01
9.836831457662276179e-01
9.867154638782544840e-01
9.868304671952302654e-01
9.840422708409332087e-01
9.875077095333562038e-01
9.991040321800521706e-01
9.947619296019638568e-01
9.886127051580323455e-01
9.907638211422105101e-01
9.840128700245575066e-01
9.902193763205873189e-01
9.842656157848240772e-01
9.812929830227309358e-01
9.889566536915327388e-01
9.901675371707213680e-01
9.872495251208744937e-01
9.935705486718864332e-01
9.933647515361841984e-01
9.883714971859186571e-01
9.865425553980641249e-01
9.929480131956396338e-01
9.809233677187410017e-01
9.901754737542051155e-01
9.894327858810714194e-01
9.990028990513908358e-01
1.001227128756391416e+00
9.929354162258099414e-01
9.867443534243720560e-01
9.939135995253831624e-01
9.927954128342855178e-01
9.958670425749712729e-01
9.946955222425450938e-01
9.905160760561277922e-01
9.916198574471102312e-01
9.930809265884282810e-01
9.954047402749253148e-01
9.960001363693149479e-01
9.988637337752519496e-01
9.841795131719831558e-01
9.972489720605428598e-01
9.933383553803116772e-01
9.947202978064296763e-01
9.935251698023827016e-01
9.926457175364221674e-01
9.898678192992215186e-01
9.993178431540684636e-01
9.916783341369375115e-01
9.927557215229563248e-01
9.916471863357305683e-01
9.900404895825568596e-01
9.900555594288467098e-01
9.923726209616738902e-01
9.976609212377144376e-01
9.968826700273891728e-01
9.947971138829591053e-01
1.000430951378044941e+00
9.949904741057239432e-01
1.000532512396233198e+00
9.966841141705994334e-01
9.972852848236331003e-01
9.977394605668800098e-01
1.001025458503100207e+00
9.962344587663843898e-01
9.894613877095288501e-01
9.948494941419816495e-01
1.001161069680448934e+00
9.994596887440583277e-01
9.929123105244009873e-01
9.975469122941034161e-01
9.940926023850359394e-01
9.966141210257416505e-01
9.995200883270377590e-01
9.973291864655320360e-01
9.968167788365706050e-01
9.928041263914754166e-01
9.961466274844567037e-01
9.936459311368956993e-01
9.970747185770756360e-01
9.942668406119753444e-01
9.923071911098738651e-01
9.938878751322850480e-01
1.000132672929296751e+00
9.982831804016267796e-01
1.003835745089064257e+00
9.975107765558665074e-01
9.962752647280561646e-01
9.954077613943611569e-01
9.954803606321884768e-01
9.954229171434317847e-01
1.000180349027818494e+00
9.962747328607434172e-01
9.973608160881046736e-01
9.904393466134260304e-01
1.007809661430257409e+00
9.990913618496672921e-01
9.955659550230810950e-01
