0.000000000000000000e+00
0.000000000000000000e+00
0.000000000000000000e+00
0.000000000000000000e+00
0.000000000000000000e+00
0.000000000000000000e+00
0.000000000000000000e+00
0.000000000000000000e+00
0.000000000000000000e+00
0.000000000000000000e+00
0.000000000000000000e+00
0.000000000000000000e+00
0.000000000000000000e+00
0.000000000000000000e+00
0.000000000000000000e+00
0.000000000000000000e+00
0.000000000000000000e+00
0.000000000000000000e+00
0.000000000000000000e+00
0.000000000000000000e+00
0.000000000000000000e+00
3.714976274988551763e-02
1.060255781614909409e+00
3.434378610144839694e+00
3.351837703952757153e+00
1.820722445970346381e+00
8.208890820931714627e-01
3.673367907389236131e-01
1.878228637944158730e-01
2.209963302001983487e-01
8.494683515347868363e-01
1.760236833026326941e+00
1.916646824560319651e+00
1.450979509066333772e+00
9.570750555854888875e-01
6.638312215228655555e-01
5.391434746801203604e-01
5.298906202136995924e-01
5.807590127941716363e-01
6.740057164566503056e-01
7.851504789607419710e-01
9.014699533685065491e-01
1.002660060193912406e+00
1.100395018119034507e+00
1.169524448583550980e+00
1.227962456651455758e+00
1.257067833676535296e+00
1.266321747333218894e+00
1.238196843932964475e+00
1.198915524805557187e+00
1.151169930081208603e+00
1.099850346018006242e+00
1.057602622780068113e+00
1.015077892648024394e+00
9.796037904508875238e-01
9.545480212665968800e-01
9.377869181498599271e-01
9.243799967492161151e-01
9.166179752743984777e-01
9.077282878772002794e-01
9.111897225139793388e-01
9.154324327540183104e-01
9.256462811636628762e-01
9.401213538014260296e-01
9.568674278719088155e-01
9.725893433068684146e-01
9.854941994958558160e-01
9.966176112733855508e-01
1.009009158132370576e+00
1.016734010458530291e+00
1.023188097457880197e+00
1.027612182375643446e+00
1.030605605594145047e+00
1.029482283970712952e+00
1.025949779989804078e+00
1.019439984654517906e+00
1.015108769327741856e+00
1.013309629933430767e+00
1.005678609091335662e+00
1.001927168305416060e+00
9.989316402556167596e-01
9.977252073354980766e-01
9.970321045550221140e-01
9.963734306345910507e-01
9.973151628871913532e-01
9.985633761868653036e-01
9.983083510939791960e-01
9.975498492610089807e-01
9.972437504696869404e-01
1.000913966282357848e+00
9.985780766643552742e-01
1.000741580613979442e+00
9.999660308278146559e-01
9.997596181251038328e-01
9.975916688399016907e-01
9.964653539578181007e-01
9.955525238230167329e-01
9.946509615588476905e-01
9.967624387931306451e-01
9.972170914734519442e-01
9.957149934893431142e-01
9.960888695747167620e-01
9.982291781876622139e-01
9.982666018333175018e-01
1.000434700462479620e+00
1.001602897975262696e+00
1.000345106853682831e+00
1.000600941198353411e+00
1.003364924216239018e+00
1.002694562029764036e+00
1.002119738076085786e+00
1.003487811682843178e+00
1.003513856444648411e+00
1.003641423179466141e+00
1.001034496685208053e+00
1.000108999837964863e+00
1.001227472946398800e+00
9.999185938454977496e-01
9.991167920065999741e-01
9.992359018922001290e-01
1.000036425713004329e+00
9.999337729188227941e-01
9.988718457293385145e-01
9.997780775048381585e-01
9.982661307197419065e-01
1.000389333461188857e+00
9.996796265129208603e-01
1.000298551344424247e+00
1.001116542300640511e+00
1.000573172686626267e+00
1.001046795827512659e+00
1.002258070099747878e+00
1.000316077471208542e+00
9.994759020212964362e-01
1.000635392464953810e+00
1.000579584399953204e+00
9.997766517126610575e-01
9.995693684263724510e-01
9.992047743332030940e-01
9.999978055274718614e-01
9.990040423064473485e-01
9.992015483793821318e-01
9.998005393211638614e-01
9.987488773399972875e-01
9.986953981764241650e-01
1.000873170995900452e+00
9.996387462930909074e-01
9.996513079909974397e-01
1.000462992064668377e+00
1.001136133252998661e+00
1.001784869756197072e+00
1.002262484551688759e+00
1.000441586035636377e+00
1.001523209211596432e+00
1.001153355721954519e+00
1.000673070981698443e+00
9.994619828359084801e-01
1.000267573916553410e+00
1.001139554999899151e+00
1.000185712582117636e+00
1.000605206099677957e+00
1.000922722284087518e+00
9.997642148250753813e-01
9.995890230807388255e-01
9.990311891406928879e-01
1.000402248100674907e+00
9.984518870645493482e-01
1.000688341139274407e+00
9.996235327394316084e-01
1.000101461632623590e+00
9.997901197612750757e-01
1.000673763534241756e+00
1.000586127486893462e+00
1.000189098150215727e+00
1.000993694456522975e+00
1.000915361984820340e+00
1.000651089311440201e+00
9.991239793998001328e-01
1.000135362492824642e+00
1.000028338117850746e+00
1.000336597540087302e+00
1.000914333494686392e+00
9.994937003093777861e-01
9.993894147077431178e-01
1.000653294622852352e+00
9.998638017388210564e-01
1.000482504825305430e+00
1.001339190275331692e+00
1.000230411035708089e+00
1.000564482177511039e+00
9.996919092316610689e-01
9.998090760396768362e-01
9.999497619339287047e-01
1.000507985206167794e+00
1.000613048193294885e+00
9.996330557650449089e-01
1.000322817239780671e+00
1.000021370269379206e+00
9.998799860311767818e-01
1.000059293602511445e+00
9.998625033583896649e-01
1.000358308368209492e+00
1.000353136746113369e+00
1.000800810140257013e+00
9.999521946849246889e-01
1.000567940114684751e+00
9.996213702507502630e-01
1.000050928344013101e+00
1.000157364194466325e+00
9.996864563488635502e-01
9.990904139620654378e-01
1.000059273861878095e+00
1.000043268603076463e+00
9.994371114363909125e-01
1.000728579417879516e+00
9.996240520155118547e-01
9.997716465573218692e-01
9.998348719937029117e-01
9.997500495692833722e-01
1.000355374522803986e+00
1.000932880970896388e+00
9.997934540310224882e-01
1.000177611798632293e+00
1.000020846959827070e+00
1.000425890390639783e+00
9.993238683592760019e-01
9.996959480625068339e-01
9.999102901062438820e-01
1.000433692270539243e+00
1.000107101931090980e+00
1.000429022369984544e+00
9.999731098492309345e-01
9.998249482525879417e-01
9.998425540234691100e-01
9.994927098695580714e-01
9.997423309801750646e-01
1.000552868180074384e+00
9.997964497582737531e-01
1.000173877042150883e+00
1.000539562297301233e+00
1.000851745449597763e+00
1.000023139561294183e+00
9.995879671773979513e-01
1.000286890825569541e+00
1.000155788277602875e+00
9.994330677495495419e-01
9.993886179540417691e-01
9.998701423663782784e-01
1.000051766083495330e+00
1.000218825618841345e+00
1.000687474290719470e+00
1.000309523075662677e+00
9.998626758567252804e-01
1.000085798371174617e+00
1.000179294557144383e+00
9.997603791939438933e-01
9.995669827773365768e-01
9.998895812920850501e-01
9.999846819226846373e-01
1.000009033093756106e+00
9.996781226002586784e-01
1.000001140392963173e+00
1.000383702222208404e+00
1.000054109642803946e+00
1.000856248190674203e+00
9.993980802193319635e-01
9.999888249570183518e-01
1.000066059165092947e+00
1.000055660142538771e+00
9.996638073068118135e-01
1.000263339003976126e+00
1.000015883156197383e+00
9.999894398989247479e-01
1.000413533249606690e+00
1.000101987277354665e+00
9.997914419045832446e-01
1.000287333306614679e+00
9.995921785525577752e-01
1.000031297222516047e+00
9.998938836192432511e-01
