0.000000000000000000e+00
0.000000000000000000e+00
0.000000000000000000e+00
0.000000000000000000e+00
0.000000000000000000e+00
0.000000000000000000e+00
0.000000000000000000e+00
0.000000000000000000e+00
0.000000000000000000e+00
0.000000000000000000e+00
0.000000000000000000e+00
0.000000000000000000e+00
0.000000000000000000e+00
0.000000000000000000e+00
0.000000000000000000e+00
0.000000000000000000e+00
0.000000000000000000e+00
0.000000000000000000e+00
0.000000000000000000e+00
0.000000000000000000e+00
0.000000000000000000e+00
3.656496779042314738e-02
1.060990865181661080e+00
3.440572826172970888e+00
3.337051563822354794e+00
1.825196220201071640e+00
8.185667083150769407e-01
3.655948328759828780e-01
1.860616494454285785e-01
2.227843741524354049e-01
8.535229829799058088e-01
1.750337480354120734e+00
1.915916628961997326e+00
1.452511361147297730e+00
9.538383235932851312e-01
6.675470092170631142e-01
5.437691425055820593e-01
5.286704216863044037e-01
5.826617909762402681e-01
6.769845618930463438e-01
7.824543710462735779e-01
9.016917044227416023e-01
1.002343980606389628e+00
1.105045006525972484e+00
1.174159089894616814e+00
1.228937272074419162e+00
1.260739045070244924e+00
1.269812096758457187e+00
1.245442764762333843e+00
1.202126559548118978e+00
1.149559933794116251e+00
1.100009828438970327e+00
1.053399018748900184e+00
1.016927620140186450e+00
9.825976908288683864e-01
9.572785424814305166e-01
9.374107966124187730e-01
9.241784652216628038e-01
9.137427638237705096e-01
9.126508180044856644e-01
9.103512472427428559e-01
9.183469650840784260e-01
9.277185207353518814e-01
9.403144636581857174e-01
9.561554324194898591e-01
9.717996890608655569e-01
9.831459033001042069e-01
9.983486430840335935e-01
1.009078269013038875e+00
1.019731499958847598e+00
1.024363349389762590e+00
1.029363522124210339e+00
1.028046439574832993e+00
1.027157555561202473e+00
1.025307989668275521e+00
1.020627078638913332e+00
1.015272488259818751e+00
1.010227770848191708e+00
1.006489230003636548e+00
1.003461600979806523e+00
9.983449998026314720e-01
1.000246263407654546e+00
9.970879737146454147e-01
9.951873471507463043e-01
9.969183522934046415e-01
9.951901062770093231e-01
9.983091087818063425e-01
1.000091098511484589e+00
1.001387462107887094e+00
9.985695003620890242e-01
1.000444571567644658e+00
9.989419332480560243e-01
9.961381167836707018e-01
9.988008769668460518e-01
9.960834919437485668e-01
9.971679369910984025e-01
9.974312673565326470e-01
9.958136422495431628e-01
9.956716987154596854e-01
9.945406705792746438e-01
9.950291162528992484e-01
9.985642554322585740e-01
9.975339255405686334e-01
9.984767166637275038e-01
9.990107699394416008e-01
1.000419996885846263e+00
1.000966971770548941e+00
1.002297486893151790e+00
1.003326950708581800e+00
1.002637602073690903e+00
1.002634815827488701e+00
1.003172072832887673e+00
1.001760866887209778e+00
1.000620723202103823e+00
1.000892627516644318e+00
9.995150690825702622e-01
9.993765524998288186e-01
1.000571897956660905e+00
1.000684131623286177e+00
9.997322091316684922e-01
9.986016141006370805e-01
9.990268491025483533e-01
9.995441513531579947e-01
9.985431956051024072e-01
9.991569792943075790e-01
9.980418351117753550e-01
9.997150021628420369e-01
9.992486507667910356e-01
1.000898295372222746e+00
1.000789626606603422e+00
1.001219957835899566e+00
1.001628607052331255e+00
9.996161809209007654e-01
1.000769048409236639e+00
1.002527833972411964e+00
1.001024383208812152e+00
1.000298673444964148e+00
1.000219403567283338e+00
9.989993916465597090e-01
9.998095377690086050e-01
9.996654035057151999e-01
9.980225850449333524e-01
9.992941989040868833e-01
1.000031392874851210e+00
9.988830020038563795e-01
9.998364971045374805e-01
9.982381519790479718e-01
1.000386203639871630e+00
1.000994631111564726e+00
1.001363247782304011e+00
9.998842306113876477e-01
1.000433363171888912e+00
1.000503226137342994e+00
1.001265907475832106e+00
1.000467145221349385e+00
1.000481789623934192e+00
1.001056422481208408e+00
1.001058375265362343e+00
1.000565001635923768e+00
1.000666057943769172e+00
1.000555487892326845e+00
9.992474003420267481e-01
1.000746799884101312e+00
9.999658631418945065e-01
9.994913000523684143e-01
9.990494798491112993e-01
1.001148336049789256e+00
1.000979041912965606e+00
9.994057312882327349e-01
9.989617953850746801e-01
9.998465492789279097e-01
1.000814868403264279e+00
9.999032021521422342e-01
9.989922434124280937e-01
1.001046298824697312e+00
1.000599538600287275e+00
1.001064265762372063e+00
1.001577098154017520e+00
1.000302110694446744e+00
9.999258376461823694e-01
1.000340148557757214e+00
9.993950819550226905e-01
1.000424579048933227e+00
9.993998705780775538e-01
9.999663386836431522e-01
1.000402884287892036e+00
1.000058643915869405e+00
1.000432913703196647e+00
1.000377430011251789e+00
1.000242428884527301e+00
9.989469432200004384e-01
1.000055862146682850e+00
1.000067555468878044e+00
9.999943969999970372e-01
1.001500799546743758e+00
1.000446521244415132e+00
1.000333041897060626e+00
1.000609398715068599e+00
9.997452967648199351e-01
1.001495103946133503e+00
9.998486883413006954e-01
1.001179095631971272e+00
9.999667263021749797e-01
1.000217645447334158e+00
1.000272545212951725e+00
1.000608643120206365e+00
9.998289896002884314e-01
1.000249442270599420e+00
9.995414972484977234e-01
1.000321437540851566e+00
1.000603782425908639e+00
9.996667150229684440e-01
9.997850232933692682e-01
9.995143376158311943e-01
1.000950034019900903e+00
9.998878600253451321e-01
1.001315128621533157e+00
1.000156234436039515e+00
1.000347464418958721e+00
1.000778708541959716e+00
9.997697198886321690e-01
9.996277823957793185e-01
1.000067804463584675e+00
9.999186519896288150e-01
1.000357425902727027e+00
9.997612672839273351e-01
9.989926651595050222e-01
9.996029924135251266e-01
1.000102483759622629e+00
1.000089678145033467e+00
1.000811925097548905e+00
1.000710654224364005e+00
9.997109675833683040e-01
1.000113437429767327e+00
9.995774639188418353e-01
9.991529841800612655e-01
1.000220214875160218e+00
1.000162425892230145e+00
1.000508452792253644e+00
1.000255045069112780e+00
1.000219262188495550e+00
1.000145319809900180e+00
9.994194982416968465e-01
9.996813852922037391e-01
9.991720462067733566e-01
9.994967051506632449e-01
1.000420810696877938e+00
1.000756983692793867e+00
1.000082587372776333e+00
9.993915664278965050e-01
1.000319983963983583e+00
1.000395044164208214e+00
1.000580384209064144e+00
1.000042523614215195e+00
1.000938570866204191e+00
1.000175841420222644e+00
1.000761418521024071e+00
1.000002900076812029e+00
9.995539851577460722e-01
1.000481310574347305e+00
9.995947176190244088e-01
9.994626845346044064e-01
1.000286873608704941e+00
9.999755814325572700e-01
1.000220125409823080e+00
9.996132387447455026e-01
1.000319096986519662e+00
9.998330915421448362e-01
9.996536749475193329e-01
9.994865798636943799e-01
1.000199274723844400e+00
9.995282567361893911e-01
9.996354324230410926e-01
9.998578350326441377e-01
9.999720316586480084e-01
1.000652274221109028e+00
1.000026748486347428e+00
1.000580695950000765e+00
9.999940984031883140e-01
1.000376369716143188e+00
