0.000000000000000000e+00
0.000000000000000000e+00
0.000000000000000000e+00
0.000000000000000000e+00
0.000000000000000000e+00
0.000000000000000000e+00
0.000000000000000000e+00
0.000000000000000000e+00
0.000000000000000000e+00
0.000000000000000000e+00
0.000000000000000000e+00
0.000000000000000000e+00
0.000000000000000000e+00
0.000000000000000000e+00
0.000000000000000000e+00
0.000000000000000000e+00
0.000000000000000000e+00
0.000000000000000000e+00
0.000000000000000000e+00
0.000000000000000000e+00
0.000000000000000000e+00
0.000000000000000000e+00
0.000000000000000000e+00
0.000000000000000000e+00
0.000000000000000000e+00
0.000000000000000000e+00
1.406280787241776138e-02
3.621630631370243991e-01
1.396609745603028419e+00
1.743094461260626060e+00
1.301569049282975898e+00
7.272387965771771601e-01
4.282326908718961933e-01
2.792602717572455484e-01
2.406272051045482419e-01
2.183810372254792742e-01
2.342553473892974025e-01
2.383162063565892053e-01
2.349816032234534613e-01
2.342068871877406588e-01
2.255943769856744441e-01
2.565248123553410253e-01
3.284361555594877968e-01
4.408623797682158507e-01
5.728897407901958339e-01
7.400825664957632055e-01
9.592061969028338186e-01
1.121187291388805463e+00
1.253736486537226025e+00
1.370199829668999447e+00
1.459248552520061804e+00
1.562261368404763928e+00
1.579520158581547484e+00
1.590268344101582576e+00
1.540648909594357407e+00
1.394997467500374011e+00
1.268913913358793000e+00
1.149685323175161145e+00
1.034719314403275359e+00
9.250936333368139364e-01
9.046593248055688763e-01
8.723457867511544839e-01
8.876374569031016959e-01
8.540225304288845409e-01
8.829829104948927476e-01
8.827788244823425723e-01
9.128594314897925388e-01
9.162159213146450210e-01
9.556135987058026471e-01
9.546212330359145071e-01
9.707871306627697816e-01
9.733170353461156887e-01
1.017804897883494153e+00
1.025278739666372285e+00
1.029258690208836535e+00
1.019039143298983818e+00
1.030938355008142571e+00
1.025005617589479723e+00
1.037523897432640840e+00
1.032944054624161057e+00
1.017906170544083055e+00
9.923865293986415814e-01
1.010750616202882091e+00
9.729927929007122778e-01
9.621801900847455347e-01
9.816881251930159591e-01
9.868418645493358676e-01
9.700906792965531267e-01
9.751937120237637036e-01
9.802387444888455148e-01
9.968025677557478259e-01
9.973120282137839521e-01
9.904097724338316588e-01
1.010687411943989700e+00
9.925073231450494138e-01
1.016447993322301624e+00
1.013804298366195455e+00
1.014033034773023534e+00
1.001081272768642227e+00
1.014181332880762287e+00
1.004790538602837513e+00
9.999811045710987889e-01
9.907174602557412557e-01
9.886920736655718800e-01
9.966318220607178757e-01
9.962854096979634200e-01
9.990852083765642266e-01
9.964809091266245700e-01
1.010246495479836915e+00
1.002257866526361951e+00
1.007118121503380426e+00
1.002639880525838079e+00
9.935827657700448956e-01
9.938880761073293213e-01
1.002267912420988782e+00
1.008827767638441175e+00
9.995881274827751461e-01
9.807386841035197200e-01
9.967042925673760267e-01
1.008726632224630437e+00
9.961350673367973529e-01
1.008083979748084724e+00
9.964754656344435579e-01
9.947362610093879454e-01
9.980217176429247994e-01
9.995297565474953183e-01
9.948992142394869065e-01
9.947458787632261767e-01
1.000817136855213674e+00
9.929194700134571505e-01
1.002853287954414307e+00
9.975971082471194462e-01
9.975229598315704660e-01
9.876963455691478710e-01
9.966135813986501946e-01
9.932186666957976140e-01
1.001195120214098511e+00
9.987702899981391047e-01
9.927752772582900676e-01
9.830254788901260365e-01
9.892622669205448638e-01
9.935480012732621491e-01
9.895747903067856344e-01
1.006047846779410726e+00
9.979423689273050346e-01
1.001378557921818402e+00
9.998115830878291366e-01
9.887825395123760464e-01
9.919327241505784265e-01
9.979743164067781391e-01
9.918494605137436748e-01
9.968149367491903057e-01
9.981960781200511779e-01
1.003424940439991531e+00
9.999943653515039887e-01
9.953433674877766313e-01
9.968856432688493197e-01
1.001998200038533238e+00
9.922252772329426262e-01
9.919354955812377250e-01
9.983239006248644243e-01
9.990003140476230170e-01
9.996842576321347540e-01
9.943160061716791454e-01
9.954521816826553682e-01
9.927622425771872594e-01
9.955753056076310781e-01
1.004704576248068415e+00
9.927683384802408195e-01
9.985984680132878877e-01
9.993994057226200933e-01
9.988601455925755213e-01
9.968499814392194347e-01
1.000025623562357246e+00
1.005225586535179350e+00
1.003273180495564798e+00
9.920002912377571258e-01
9.942506189366528968e-01
9.983309521634264883e-01
1.007449618326458296e+00
9.928415544016750971e-01
9.886273037087163207e-01
9.947454944708888913e-01
9.983645089682566809e-01
9.890802611668422228e-01
9.923755880846907296e-01
9.979288157828577477e-01
9.984191003779480100e-01
9.937838582363516249e-01
9.935545612923308845e-01
9.867978887627824047e-01
9.949765822935568993e-01
9.896768791165380108e-01
9.817250928981471336e-01
9.885394399856270997e-01
9.872557920262230446e-01
9.939959690569694084e-01
9.904209770917319355e-01
9.820880474560904627e-01
9.941051700581601258e-01
9.903558827438533330e-01
9.940268657759010473e-01
9.874450417311430028e-01
9.883695185104744985e-01
9.877802139711071572e-01
9.892760445516647350e-01
9.935532773265032258e-01
9.893065561577438771e-01
9.879883753160368931e-01
9.912258951272993057e-01
9.898102840783022938e-01
9.950893025060160157e-01
9.932990824818516140e-01
9.864427970633919962e-01
9.833344973683847412e-01
9.869193258643930156e-01
9.994288353173351735e-01
9.902319902502132454e-01
9.896983691586892506e-01
9.897346667552288091e-01
9.982344288317431813e-01
9.928381403500217139e-01
9.884825445146430134e-01
9.957120610126029003e-01
9.903887433187655853e-01
9.893417965338632269e-01
9.879281502622498934e-01
9.896307231658832970e-01
9.954021359749796183e-01
9.914845434834820281e-01
9.970161075271168905e-01
9.907433067591437936e-01
9.980985873493357641e-01
9.891451965296060855e-01
9.907372190521424038e-01
9.887879501519550862e-01
9.891788404895148767e-01
9.885241921231020523e-01
9.931358079073313583e-01
9.984626005820254058e-01
9.942862604237302504e-01
9.860239060623449125e-01
9.916024059150827519e-01
9.899044610936998945e-01
9.907894759315932776e-01
9.929054736847232610e-01
9.904574389135734069e-01
9.949389060852946720e-01
9.959042123043225780e-01
9.966740231908395309e-01
9.901595151491042746e-01
9.970207787376513808e-01
1.000406678706933450e+00
9.962284202453352000e-01
9.923796243892566427e-01
9.886411363378388995e-01
9.911056245841396439e-01
9.915755756405415511e-01
9.883627099333712751e-01
9.924739683284932168e-01
9.927574173279510861e-01
9.935756213221857980e-01
9.881031039235731450e-01
9.961986731942253925e-01
9.938378889897235835e-01
9.941371911966992991e-01
9.922902224654176484e-01
9.930747683354520516e-01
9.916646250020760833e-01
9.974100068314722956e-01
9.998398752225090558e-01
9.985266659768921027e-01
9.972767066525143331e-01
9.941521546845105695e-01
9.962110573901339361e-01
9.928005889587513400e-01
9.953043134025011396e-01
9.944969925771568464e-01
9.941679624585376684e-01
9.970547882940403728e-01
