0.000000000000000000e+00
0.000000000000000000e+00
0.000000000000000000e+00
0.000000000000000000e+00
0.000000000000000000e+00
0.000000000000000000e+00
0.000000000000000000e+00
0.000000000000000000e+00
0.000000000000000000e+00
0.000000000000000000e+00
0.000000000000000000e+00
0.000000000000000000e+00
0.000000000000000000e+00
0.000000000000000000e+00
0.000000000000000000e+00
0.000000000000000000e+00
0.000000000000000000e+00
0.000000000000000000e+00
0.000000000000000000e+00
0.000000000000000000e+00
0.000000000000000000e+00
0.000000000000000000e+00
0.000000000000000000e+00
0.000000000000000000e+00
0.000000000000000000e+00
1.012312824282421636e-03
2.812086834610827771e-02
3.951785515026228768e-01
1.336402054152072694e+00
1.775326459383659516e+00
1.319040345684775684e+00
7.755462184362029721e-01
4.337694966367324212e-01
2.774533880138928543e-01
2.306312818574562662e-01
2.293136203535654227e-01
2.184037692062427982e-01
2.368716032255395454e-01
2.225064498330735774e-01
2.151808124950332635e-01
1.998701718039329334e-01
2.293426344310061926e-01
3.116154426554028634e-01
3.920821128830775382e-01
5.355598313081848527e-01
6.935314249398956132e-01
9.167245577380819244e-01
1.072271683652412433e+00
1.251006060816532317e+00
1.324562649770475442e+00
1.409439533153248769e+00
1.554551312210138869e+00
1.600272045612836314e+00
1.592529934190255458e+00
1.533518060070791389e+00
1.397967860216936975e+00
1.273442918145625935e+00
1.134756749942279708e+00
1.026850019002060632e+00
9.559918791092847368e-01
8.913769801281590244e-01
8.864711973782768428e-01
8.435008714460171531e-01
8.563273596195656312e-01
8.916954390021785137e-01
8.663643865828658530e-01
9.070483905047324047e-01
8.948213643166160747e-01
9.222008745123433382e-01
9.627739748613806103e-01
9.715504472190882312e-01
9.811367971189495218e-01
9.764267872461391828e-01
1.043019438414132694e+00
1.015563095630194645e+00
1.024641718296743997e+00
1.033576640529017654e+00
1.030422600142362199e+00
1.016836828226628242e+00
1.031415590653069314e+00
1.008184841593376291e+00
9.822086211137792677e-01
9.868824493239390927e-01
9.729229806895594024e-01
9.558403619464200807e-01
9.709858490778752182e-01
9.762929418034425044e-01
9.716466636761527109e-01
9.736001844740603817e-01
9.801554737799965666e-01
9.873905897614979610e-01
9.699367089763408778e-01
1.009862789835868080e+00
9.916152786084750925e-01
9.895384496177443978e-01
9.798957639112627627e-01
1.015541956162574921e+00
1.013307850513718078e+00
9.913449032107993775e-01
9.719841504999187087e-01
9.904116746991545872e-01
9.695227178857597217e-01
9.927433807713686997e-01
9.866200431928762171e-01
9.802467240330134945e-01
9.841692787095915884e-01
9.869017106984334653e-01
9.807034884713337064e-01
9.787592561005439284e-01
9.913271243712863390e-01
9.756225296488457710e-01
9.748816503853318105e-01
9.841560825334082496e-01
9.797688804407932439e-01
9.847242047909248175e-01
9.820580238245774085e-01
9.945202895731031223e-01
9.669355273789488336e-01
9.849560596424307146e-01
9.641608926995205442e-01
9.970550685927406231e-01
9.908335608564210473e-01
9.753808668440211438e-01
9.940935606781587941e-01
9.868103607867780847e-01
9.828506240417120843e-01
9.962534735633932215e-01
9.825907144785849257e-01
9.897637947058678387e-01
9.902002147461704817e-01
9.825823987435811091e-01
9.850936356097713675e-01
9.822425839614158383e-01
9.839834770011760545e-01
9.977554670494036548e-01
9.974613914531031966e-01
9.908148183685566712e-01
9.820616459369084783e-01
9.872537588780337936e-01
9.830625306515081707e-01
9.857936333742068902e-01
9.886126508848828154e-01
9.995877833785126176e-01
9.995479359676152642e-01
9.956299360879641291e-01
9.971979773748212983e-01
1.005808344518893893e+00
9.935479762310797103e-01
9.951387460240582739e-01
9.825184488189186993e-01
9.847354153364826779e-01
9.913116517938336258e-01
9.907241204759261732e-01
9.942028833984650760e-01
9.866699739461886054e-01
9.856461592061843691e-01
9.984645413560808702e-01
9.876836650268453477e-01
9.906164998906042962e-01
9.848069262271189617e-01
9.811859569425712690e-01
9.862617370444731746e-01
9.977952675247596659e-01
9.927197990729631494e-01
9.925106930668348149e-01
9.918736060977983993e-01
9.901590250904697132e-01
9.924036045000104167e-01
9.944093736927174243e-01
9.982465960031151608e-01
9.931614572849176703e-01
9.869180065183090766e-01
1.002080072003570521e+00
9.901027658870600323e-01
9.959754488018915941e-01
9.880775835189041789e-01
9.963975665164789275e-01
9.985962259562999321e-01
1.001674987809681339e+00
9.938963048206900242e-01
9.951593931543446514e-01
9.938362996175442721e-01
9.978390172747404474e-01
9.931712862216287574e-01
1.001078185063780213e+00
9.979477021693911043e-01
9.940884479468585777e-01
9.914342766058855672e-01
9.903922540281064890e-01
9.850270512944541146e-01
1.002250674146733411e+00
9.967115467467676515e-01
9.932229113485198102e-01
9.946409823994177835e-01
9.927754035240147212e-01
9.933073332478536965e-01
9.883039856776698606e-01
9.950302163402234834e-01
1.005096506065188411e+00
9.939869956194387068e-01
9.980494380705231539e-01
1.002322976235024976e+00
1.001294044535168570e+00
9.989333091819635468e-01
1.000034017833760336e+00
9.997253662099137017e-01
9.932157474483161996e-01
1.000897746972207791e+00
1.005297673464192965e+00
9.975234437240994012e-01
1.003445828738082968e+00
9.882396682124728882e-01
1.002257966197080075e+00
1.001990160548017039e+00
9.998093516835385719e-01
1.000999677523094489e+00
9.997517280987350263e-01
9.989575193370798800e-01
1.003320770636372039e+00
1.002794453167749511e+00
1.001762474640315093e+00
9.996213168537630978e-01
9.991669553974287243e-01
1.005797549573748118e+00
9.977976666393182370e-01
1.001033921743726074e+00
1.000106327346010460e+00
9.955056826787973545e-01
9.993194071992806959e-01
1.002091559784235919e+00
1.000788173319554275e+00
9.939419566853724408e-01
9.984050884301119977e-01
1.000050735182142159e+00
1.000458809306251640e+00
9.944494556028840027e-01
1.003336338782423232e+00
9.990716799353740463e-01
1.003639152980207783e+00
9.946672459809619005e-01
1.002040329419739084e+00
9.999109955919996962e-01
9.942673823210653739e-01
1.004349319875156521e+00
9.981438879641434392e-01
1.000056376555118698e+00
9.992180377965277360e-01
9.972858380810863954e-01
9.974631907037716516e-01
9.950780725543146854e-01
1.002246374501668980e+00
9.933241206940740531e-01
9.922455798512825886e-01
9.986214097735848227e-01
9.989611688038112502e-01
9.970564474688363710e-01
9.987933138643104725e-01
9.985966392044712814e-01
9.968361792978939206e-01
9.960996588488780779e-01
9.947435596714240269e-01
9.983756264862987395e-01
1.002601924626419949e+00
9.926455335368062904e-01
9.941406464372321006e-01
9.941468375963706805e-01
9.968872487209459177e-01
9.957040401778356475e-01
9.942002849113800167e-01
9.913136203236223576e-01
9.962521078489038340e-01
9.943212123136393465e-01
9.930389777669514917e-01
1.000400331048702185e+00
9.925218669661528548e-01
9.997541629944740604e-01
9.925701973661106292e-01
9.931322439615919428e-01
9.917763262372789601e-01
9.953611577033618651e-01
