0.000000000000000000e+00
0.000000000000000000e+00
0.000000000000000000e+00
0.000000000000000000e+00
0.000000000000000000e+00
0.000000000000000000e+00
0.000000000000000000e+00
0.000000000000000000e+00
0.000000000000000000e+00
0.000000000000000000e+00
0.000000000000000000e+00
0.000000000000000000e+00
0.000000000000000000e+00
0.000000000000000000e+00
0.000000000000000000e+00
0.000000000000000000e+00
0.000000000000000000e+00
0.000000000000000000e+00
0.000000000000000000e+00
0.000000000000000000e+00
0.000000000000000000e+00
0.000000000000000000e+00
0.000000000000000000e+00
0.000000000000000000e+00
0.000000000000000000e+00
3.703403655634227021e-02
7.959371455236402548e-01
2.707554366559811410e+00
3.156785499108937465e+00
2.009911494760321382e+00
1.023938488356370691e+00
4.860495504977052073e-01
2.952008388678193929e-01
2.100750846417210882e-01
1.895548371709741275e-01
2.217719605419620765e-01
2.359512334212910956e-01
2.627445721884084651e-01
2.894651355887702393e-01
2.827127025473125665e-01
3.052449234961063240e-01
3.793979041405899921e-01
5.157899875802143264e-01
6.678531572963809504e-01
8.135621166340013533e-01
1.053411043695902993e+00
1.241614504075158720e+00
1.364607393813431768e+00
1.482702838852780980e+00
1.533333047223792933e+00
1.600699542802418884e+00
1.639744109177655229e+00
1.618804455012137433e+00
1.561734285400824929e+00
1.435175933328692199e+00
1.244010071174025400e+00
1.088389309837838770e+00
9.831947084372537615e-01
8.926438144931947427e-01
8.550148013992151519e-01
8.744283112773492128e-01
8.375098444672980369e-01
8.703079258247207184e-01
9.155729911228380757e-01
9.151303787352442765e-01
9.272878343452163330e-01
9.708389388140021836e-01
9.577274270978193282e-01
9.898059810055811480e-01
1.002597383604706183e+00
1.032249798059595935e+00
1.014735816988590056e+00
1.043849741610900272e+00
1.037695489064167864e+00
1.034005520745540307e+00
1.038484677261251488e+00
1.039453725572086151e+00
1.035911917596363807e+00
1.021721278484487128e+00
1.002998620471492464e+00
9.885039046394533679e-01
9.763225816979441696e-01
9.608061584881577577e-01
9.586566611893940770e-01
9.461313754100816320e-01
9.457174838381741111e-01
9.853052813279493671e-01
9.578632905382705731e-01
9.589162032542437597e-01
9.706021422744584015e-01
9.888143845195698223e-01
9.808699211371735283e-01
9.867397006492418798e-01
9.892353958363799826e-01
1.004676752925738326e+00
9.928503707997706762e-01
1.002871053301485071e+00
9.941392042864795053e-01
1.002537833608380780e+00
1.005150204894462496e+00
9.998050324778586795e-01
9.945973777286514217e-01
9.918146589020948589e-01
9.728602248106945627e-01
9.849745458816422383e-01
9.652518040659058274e-01
9.827494879359577329e-01
9.757940792538536412e-01
9.648890799350815506e-01
9.799603783558605841e-01
9.817171355036459213e-01
9.884534778281033329e-01
9.847305920206879115e-01
9.805420779280080712e-01
1.005887015948893515e+00
9.936756704687997876e-01
9.909330907435593971e-01
9.935106046972156379e-01
1.001186285604945603e+00
1.000966271988635414e+00
1.002754443828353548e+00
9.898367821407895173e-01
9.945221579564476055e-01
9.997161350192106388e-01
1.000199513291363029e+00
9.938606727501840821e-01
1.002567854085531396e+00
9.925952994720150802e-01
9.856509144407978873e-01
9.890437359945716267e-01
9.999581487631135079e-01
9.917348227472672084e-01
9.978326025616501838e-01
9.872428862308819664e-01
9.933933187558988687e-01
9.901419941513894818e-01
9.980703067276395224e-01
9.973838318000719516e-01
9.863703668582408657e-01
9.853071660791959951e-01
1.003053075787766035e+00
9.968711431805942214e-01
9.961942292845624713e-01
9.937464793202733793e-01
9.889032204259442516e-01
9.932299232638399644e-01
9.933305410608048724e-01
9.859667816443838939e-01
9.859532983148712182e-01
9.882623421180629641e-01
9.929695241834675112e-01
9.887959782973292366e-01
9.883797927114662540e-01
9.906072797469933633e-01
9.891896258402056441e-01
9.817501740627038176e-01
9.911363875469278995e-01
1.001432225348930505e+00
9.934273695599324938e-01
9.838248892465355500e-01
9.866857427355173460e-01
9.955484295054323196e-01
9.921899614649237753e-01
9.841445051714687864e-01
9.906485869051906423e-01
9.864186992103709528e-01
9.906320550273224335e-01
9.955557998647903695e-01
9.908282778946041480e-01
9.930034622412253764e-01
9.940784919183668356e-01
9.921303553896598793e-01
9.941008970407890777e-01
9.811375683335801234e-01
9.897607002960617795e-01
9.948111255514220375e-01
9.939668614775640787e-01
9.956734670400079201e-01
9.949323030498125053e-01
9.910181377492714994e-01
1.001700074905470750e+00
9.969454074025737578e-01
1.003785402307392882e+00
9.919148453981961877e-01
9.934243229843839895e-01
9.954883496866229198e-01
9.983804234053050841e-01
9.921763396339917662e-01
1.004937090261666777e+00
9.946236467838532880e-01
9.884527707529855434e-01
1.000382204142631348e+00
9.935561161080732617e-01
9.938591383888903952e-01
9.940028951333687024e-01
9.909907195555160975e-01
9.879718035940656673e-01
9.919987461051564814e-01
9.953316092864449294e-01
9.967644190769552326e-01
9.867518508949830736e-01
9.934350346429799972e-01
9.968935342938222144e-01
9.878700754207995205e-01
9.919328320716690461e-01
9.937837745221164143e-01
9.915988139656271017e-01
9.894833109909221269e-01
9.910512715950393625e-01
9.947970078508016067e-01
9.914611002887900870e-01
9.852815661512577261e-01
9.938414972389151281e-01
9.954683980706281465e-01
9.910571663821344801e-01
9.937269444151389797e-01
9.909776043009130841e-01
9.923766247977887645e-01
9.949299220292178170e-01
9.918179739957095897e-01
9.905985698317054666e-01
9.844775895066135707e-01
9.836753826413943136e-01
9.926179457935041528e-01
9.958670689337398851e-01
9.933983522891977058e-01
9.971979177667260608e-01
9.928591404264096587e-01
9.912285156682483223e-01
9.815622883131061016e-01
9.925920496369242674e-01
9.876304858670831299e-01
9.883804714745656472e-01
9.906158592142816355e-01
9.883398580926501253e-01
9.895522557424757393e-01
9.917060297350068776e-01
9.878444856778725303e-01
9.874891082655229413e-01
9.939558873114530124e-01
9.822337211727780737e-01
9.943509026981018906e-01
9.936359934972277541e-01
9.925144436138036985e-01
9.897240218002913981e-01
9.872089366010704525e-01
9.906475796829682379e-01
9.909359014862857418e-01
9.929939022749098010e-01
9.938773545433381429e-01
9.945837740710162800e-01
9.873416074445660051e-01
9.922312350863640162e-01
9.923480631365474425e-01
9.895359500631741856e-01
9.953880247333313225e-01
9.918131022935268160e-01
9.999443021212807148e-01
9.943758307362277060e-01
9.894468685023687371e-01
9.901960371614886292e-01
9.942785642869694795e-01
9.974976260543614304e-01
9.935921973028921661e-01
9.876969457834464672e-01
9.929934190668519012e-01
9.907579806988431326e-01
9.912916560351582307e-01
9.958428045337872625e-01
9.925938152188695796e-01
9.873559762109087590e-01
9.899239117374292185e-01
9.880234020787886928e-01
9.878272466167503651e-01
9.892311197393475197e-01
9.916407738466334054e-01
9.867109959544524411e-01
9.881227391946797445e-01
9.927819201348563327e-01
9.866074366510750870e-01
