0.000000000000000000e+00
0.000000000000000000e+00
0.000000000000000000e+00
0.000000000000000000e+00
0.000000000000000000e+00
0.000000000000000000e+00
0.000000000000000000e+00
0.000000000000000000e+00
0.000000000000000000e+00
0.000000000000000000e+00
0.000000000000000000e+00
0.000000000000000000e+00
0.000000000000000000e+00
0.000000000000000000e+00
0.000000000000000000e+00
0.000000000000000000e+00
0.000000000000000000e+00
0.000000000000000000e+00
0.000000000000000000e+00
0.000000000000000000e+00
0.000000000000000000e+00
0.000000000000000000e+00
0.000000000000000000e+00
0.000000000000000000e+00
0.000000000000000000e+00
3.508326585119821844e-02
8.419220641962855689e-01
2.787035701891890760e+00
3.254164055752692075e+00
2.148904526734695786e+00
1.009585606347478182e+00
5.524488271140762796e-01
2.903874917695110636e-01
2.524173423343598066e-01
2.310759048760731016e-01
2.519334485991338579e-01
2.668600088264867498e-01
2.843640015232606344e-01
2.881691928979184802e-01
2.956974104530168401e-01
3.330494216647639782e-01
3.992510433096874145e-01
5.133102755814473728e-01
6.410292139200398642e-01
8.596095644246989353e-01
1.036219896251289407e+00
1.219575246315436567e+00
1.344882711311348178e+00
1.486406684044089710e+00
1.551626621481772661e+00
1.630943759521405356e+00
1.651138379480691754e+00
1.629307059075810971e+00
1.529556940645583563e+00
1.435110038687123390e+00
1.226052869865645434e+00
1.077618738457975622e+00
9.892834685906625181e-01
9.090845001676093329e-01
8.737721171605318249e-01
8.712715317165515838e-01
8.803670845550553015e-01
8.736750558769177388e-01
9.114444634282895530e-01
9.245332554811098724e-01
9.522101224576410283e-01
9.659217613756241327e-01
9.715931628638191375e-01
1.004887879494358094e+00
1.030104783631651699e+00
1.021108937136106842e+00
1.037747527723770213e+00
1.052483081568406753e+00
1.051725599145328260e+00
1.049487398740224897e+00
1.057337883807622614e+00
1.058140865503385264e+00
1.038818842066624004e+00
1.020234520087421437e+00
1.023709535592201458e+00
9.998032486905660265e-01
9.912577790305718839e-01
9.912106957676859453e-01
9.767013915518933942e-01
9.681003006223460883e-01
9.722895679667509228e-01
9.973725064488002667e-01
9.914270063512075071e-01
1.001030184326048511e+00
1.005528349199778182e+00
9.941082437715199616e-01
1.008681917048813270e+00
1.019952092639001107e+00
1.017390408544843750e+00
1.015346873456737908e+00
1.022407559527559240e+00
1.025011702608179975e+00
1.031961250480160075e+00
1.017515789207049215e+00
1.013426042031706942e+00
1.008669301055957312e+00
1.020081430389963684e+00
1.021628965931883792e+00
1.021092482938229962e+00
1.009246414809113368e+00
1.009906198044050463e+00
9.996908973672286036e-01
1.007831860230651078e+00
1.007428876876373502e+00
1.020456681192890791e+00
9.936101233530920673e-01
9.970233380947356450e-01
1.010524356723302208e+00
1.012179952717046305e+00
1.003182051176674694e+00
1.012395711146742316e+00
1.012414415887291641e+00
1.011092313114952512e+00
1.016530671864913193e+00
1.022400623658036967e+00
1.013052802961305066e+00
1.019113715259731157e+00
1.011876772213341047e+00
1.019698542858880286e+00
1.018675710109030241e+00
1.016147510791151731e+00
1.011314136213169457e+00
1.024869287212549551e+00
1.006562109688444950e+00
1.009783540143853076e+00
9.981259481413458090e-01
1.008475218255691752e+00
1.004537371645640498e+00
1.002488611973177957e+00
1.001440510559935326e+00
1.014155985544374694e+00
1.001051787124075609e+00
1.010445028150595226e+00
1.011104625412982516e+00
1.002034144079204214e+00
1.005768092139004866e+00
1.003314297073956585e+00
1.010567783909366080e+00
9.999178305713442017e-01
1.008374546831101615e+00
1.003542463804353524e+00
1.005185335480245579e+00
1.005759377241707053e+00
9.979786129284452523e-01
9.983118089606157763e-01
1.004144202883700432e+00
9.987187132018922053e-01
1.000488633669492922e+00
1.000729129666293238e+00
1.001516807884343940e+00
1.004193496723935208e+00
1.004675975233464413e+00
9.987291676760798875e-01
9.907581013423468752e-01
9.991754096398699492e-01
9.964569010669219740e-01
9.919307777170555118e-01
1.000280671825233503e+00
9.969965229087590641e-01
9.989877228301764500e-01
1.001413468752864855e+00
9.993653674571432166e-01
9.955778578094146569e-01
1.000827669744933424e+00
9.997300923215073354e-01
9.978044844919157219e-01
9.947998324938850390e-01
9.908391426800761126e-01
1.001956974310462156e+00
1.001703731956801180e+00
9.995598472509000798e-01
1.001184142874952165e+00
1.002225709127791964e+00
1.003956903840650616e+00
1.001732104838257253e+00
9.998838948462503984e-01
9.972266941663490147e-01
1.004595601260984239e+00
1.001073145079765858e+00
1.003227784820824642e+00
9.839313350690819249e-01
9.982616993472120948e-01
1.000855983375455338e+00
9.999145642359725805e-01
9.968899666507874402e-01
9.970345800730275876e-01
9.971045312897542923e-01
1.004969476018845009e+00
9.957600693553796400e-01
9.906234035775479674e-01
9.960690825580751362e-01
9.934906988618180668e-01
9.973800126266445520e-01
9.973929986656472346e-01
9.981836436067661467e-01
9.939586104862316862e-01
9.937640445159394709e-01
9.968323074589949817e-01
9.964102400387024883e-01
9.984644085175721218e-01
9.979552599277223823e-01
1.000188412134168647e+00
9.934710547050540352e-01
9.921574905003460731e-01
9.920366286618699236e-01
9.978519487040580227e-01
9.971942143287392257e-01
1.002848491902404326e+00
9.982173782411383200e-01
1.003587848258589821e+00
9.938041417395891974e-01
9.983958365001730506e-01
9.922506775985722172e-01
9.935302053080424800e-01
9.969420277999867519e-01
9.898361549780561042e-01
9.937718882295332179e-01
9.878932345561337591e-01
9.928768719387538466e-01
9.940231523144609227e-01
9.972039603097443417e-01
9.955708611715949896e-01
9.941727844804206793e-01
9.971550832154397748e-01
9.940193220508487526e-01
9.967095716776587233e-01
9.908608889266693476e-01
9.886047499051960896e-01
9.947782979441308626e-01
9.932733510343717542e-01
9.989345051134862485e-01
9.918417935441575795e-01
9.947428807252063354e-01
9.954770206944277833e-01
9.925180804026190184e-01
9.992162353082397752e-01
9.879373478115535123e-01
9.948944233754966060e-01
9.919237369474814825e-01
9.946931800963236814e-01
9.924634219960912773e-01
9.896737935227618577e-01
9.908697111942507130e-01
9.936462033350775824e-01
9.946360232871686025e-01
9.945785084086190553e-01
9.928572370839229277e-01
9.877919569084242513e-01
9.926871291483437831e-01
9.893339577654933770e-01
9.922550264009158960e-01
9.947826701491273571e-01
9.875300114866379930e-01
9.930687438862235705e-01
9.950295085400938655e-01
9.885348624632869230e-01
9.989503639683030567e-01
9.892935582222347479e-01
9.939573338748682874e-01
9.924710002045871171e-01
9.944223370903308989e-01
9.926399819853649609e-01
9.911841430587541302e-01
9.933971043503515563e-01
9.943719764702453334e-01
9.967864412628686388e-01
9.953811288043020733e-01
9.925015515587456427e-01
9.927383817052778392e-01
9.872932220733001696e-01
9.887061212539104416e-01
9.903629321188404111e-01
9.902007459834293313e-01
9.911511363631343441e-01
9.898396987447813933e-01
