0.000000000000000000e+00
0.000000000000000000e+00
0.000000000000000000e+00
0.000000000000000000e+00
0.000000000000000000e+00
0.000000000000000000e+00
0.000000000000000000e+00
0.000000000000000000e+00
0.000000000000000000e+00
0.000000000000000000e+00
0.000000000000000000e+00
0.000000000000000000e+00
0.000000000000000000e+00
0.000000000000000000e+00
0.000000000000000000e+00
0.000000000000000000e+00
0.000000000000000000e+00
0.000000000000000000e+00
0.000000000000000000e+00
0.000000000000000000e+00
0.000000000000000000e+00
0.000000000000000000e+00
0.000000000000000000e+00
0.000000000000000000e+00
0.000000000000000000e+00
3.799921186287850972e-02
7.740874093870296901e-01
2.815796520999689800e+00
3.304210246848289678e+00
2.111340981439278064e+00
1.085664737178060557e+00
4.718813955932891213e-01
2.891292638625584943e-01
2.258312957421610423e-01
2.001544481652265950e-01
2.257391654132325509e-01
2.501605639690946403e-01
2.910651732670363478e-01
2.744322523692354632e-01
2.663989137647344574e-01
3.190758491683327591e-01
3.907089022039961779e-01
4.890022688839337772e-01
6.549636651074965954e-01
8.808742412972949687e-01
1.054068572773597001e+00
1.208487075565801483e+00
1.370728822965135763e+00
1.489608923545459263e+00
1.614669802046495128e+00
1.665895793811804415e+00
1.666573090989276862e+00
1.639323618266738114e+00
1.578172252193294156e+00
1.422234675237519896e+00
1.252753353027780125e+00
1.112732716746940520e+00
1.007098807055677669e+00
9.346371419382338841e-01
8.977581789340711715e-01
8.586319335462895275e-01
8.761690044846592862e-01
8.814472582982304516e-01
8.862753588468509358e-01
9.238900165823186184e-01
9.190830612441676095e-01
9.902284852964124973e-01
9.743178091271462726e-01
9.945574890611955654e-01
1.026748858743826487e+00
1.023580347951356329e+00
1.058608936130938316e+00
1.073849221475750682e+00
1.072039567943116944e+00
1.051787491903399374e+00
1.075466081879758118e+00
1.063557773887818136e+00
1.048315135045568836e+00
1.049025703215347605e+00
1.017989204082613730e+00
1.008793050383820056e+00
9.795152246122432738e-01
9.939900224300488585e-01
9.636904918473055970e-01
9.847661145325273813e-01
9.727870475957264285e-01
9.593170984395432699e-01
9.764957665375872953e-01
9.880460621956995704e-01
9.808036378322843030e-01
9.773517966226239473e-01
9.819138355136260987e-01
9.916794449804026135e-01
9.969634341867967819e-01
9.990356403750377812e-01
9.962174623973069076e-01
9.950020227409738238e-01
9.902938491315117497e-01
9.964120059142231867e-01
9.878768618573564586e-01
9.876379866358653281e-01
9.853715515619229093e-01
9.918104938371841151e-01
9.854552685569450965e-01
9.858913167509135711e-01
9.844828779465567559e-01
9.927855724855617625e-01
1.001158698599269758e+00
9.861264798118895003e-01
1.002124742537108704e+00
9.912303277116706335e-01
9.916237240323310109e-01
9.943498296678145998e-01
9.953507201625905187e-01
9.916702583947019090e-01
9.980846486649036509e-01
9.979243109651613208e-01
1.000929281972459117e+00
1.006398551674239972e+00
1.000629855733862872e+00
1.005430105626545778e+00
9.967600196176243932e-01
9.992164248141859328e-01
9.997595807506060028e-01
1.010417167631028956e+00
1.000655109127602804e+00
9.926185113235729274e-01
9.986641901711511560e-01
1.000526404095527511e+00
9.976403955823260894e-01
1.003022134904780094e+00
9.956301065003123618e-01
9.972969685873456225e-01
9.802079053013800225e-01
9.877183789670362923e-01
9.837539302860224266e-01
9.942185221814777707e-01
9.947239686714853812e-01
9.970601418798651361e-01
1.001180988444149156e+00
1.002387599899954518e+00
1.002574102966650615e+00
9.868672853555403579e-01
1.000854842340884288e+00
1.005349106164243000e+00
9.984016394594680266e-01
1.000347559257209751e+00
1.003430590465352212e+00
9.945880516516818481e-01
9.977420628878886921e-01
9.962207158133710161e-01
9.981861587501129618e-01
9.954644422630493095e-01
9.886679564379040608e-01
9.899270430628539508e-01
9.938760033985916120e-01
9.967380285216155267e-01
1.003866523657247267e+00
9.904323232479388395e-01
9.971807357599392629e-01
9.874009140243613647e-01
1.003805007879857270e+00
9.970795931621110331e-01
9.945674876615905324e-01
9.946885967478700241e-01
9.797665385140422734e-01
9.928554784024099522e-01
9.892793406413035173e-01
9.959393060497427896e-01
9.910595317410423322e-01
9.911514972170402116e-01
9.904414538075130281e-01
9.917680663921386586e-01
9.980292549484723885e-01
9.954464027515969038e-01
9.929603080437551244e-01
9.919920030520178456e-01
9.873422128063141789e-01
9.925979926294782318e-01
9.847157996563191684e-01
9.888689149174416659e-01
9.958908607933225632e-01
9.927880431827067476e-01
9.906720600530939391e-01
9.918196555263772973e-01
9.969361555991517188e-01
9.849621835180500939e-01
9.920930547557570423e-01
9.891738016838673708e-01
9.898074370930476373e-01
9.943891881877293670e-01
9.900958349008688320e-01
9.928656899531446145e-01
9.979624928531078965e-01
9.943599331026072852e-01
9.885239641207069772e-01
9.837232015100830784e-01
9.986735214709422381e-01
9.930751550264885763e-01
9.910888634202321690e-01
9.974308877309451260e-01
9.866190481280127100e-01
9.923356586568126136e-01
9.937612946036215034e-01
9.863994861924054725e-01
9.878361697137162389e-01
9.929582883597681819e-01
9.941096907965033536e-01
9.977732951144776541e-01
9.900032051155474022e-01
9.982943602065327271e-01
9.973190519611326854e-01
9.958126831813988167e-01
9.940682938628049303e-01
9.890491556603711043e-01
9.987750443272385148e-01
9.965048149995391347e-01
9.919569490514245080e-01
9.919762177931586988e-01
9.915199589495570232e-01
1.000701275506717725e+00
9.943206905011244823e-01
9.954889017508712357e-01
9.878311115765622263e-01
9.886682105967914413e-01
9.989967518481798203e-01
9.933693319257735910e-01
9.883774480932766560e-01
9.964444189706682664e-01
9.943002144622610228e-01
9.940280486652770531e-01
9.965729149119830765e-01
9.975720730244511669e-01
9.917304925784568015e-01
1.000954802542214805e+00
1.000995379216387482e+00
9.919024708324752915e-01
9.926214695359460993e-01
9.975711557916036032e-01
9.992996023702864772e-01
9.958817141451088428e-01
9.958866506173644773e-01
9.960731382424136138e-01
9.938077607448304596e-01
1.000661662318472755e+00
9.976672899523284510e-01
9.978169481358409865e-01
9.941560025683087165e-01
9.934767383013122233e-01
9.966545934858344058e-01
9.973165536971977385e-01
9.986978407482794973e-01
9.982867593315903898e-01
9.985511499970964877e-01
1.002860058385715236e+00
9.990825802897738139e-01
9.992146966750582449e-01
9.951098456893295863e-01
9.985770968519129820e-01
1.002817724065003802e+00
1.000474377345598187e+00
9.989065723348991011e-01
9.961289310567283950e-01
9.967229986911479989e-01
9.993265503416438600e-01
1.000316545331654039e+00
9.968651348261188261e-01
1.004098928416128800e+00
1.005607472961301818e+00
1.000200036732621367e+00
9.997637294673485941e-01
9.992723157805606382e-01
9.983857136021261347e-01
1.001017712632350065e+00
9.992373105368633768e-01
1.000595325729896956e+00
1.005985338273536422e+00
1.001471691474950854e+00
1.003230139665614473e+00
1.001620371720265634e+00
