0.000000000000000000e+00
0.000000000000000000e+00
0.000000000000000000e+00
0.000000000000000000e+00
0.000000000000000000e+00
0.000000000000000000e+00
0.000000000000000000e+00
0.000000000000000000e+00
0.000000000000000000e+00
0.000000000000000000e+00
0.000000000000000000e+00
0.000000000000000000e+00
0.000000000000000000e+00
0.000000000000000000e+00
0.000000000000000000e+00
0.000000000000000000e+00
0.000000000000000000e+00
0.000000000000000000e+00
0.000000000000000000e+00
0.000000000000000000e+00
0.000000000000000000e+00
0.000000000000000000e+00
0.000000000000000000e+00
0.000000000000000000e+00
0.000000000000000000e+00
1.554313983565688514e-04
2.403521211122078977e-02
4.820672966525129111e-01
1.702636037777576217e+00
2.146767993125897611e+00
1.547742259394041753e+00
9.025076894846739695e-01
5.075482092329458572e-01
3.316169276712437886e-01
2.680051675326823313e-01
2.573706760495842460e-01
2.779824257246915620e-01
2.740648276113881177e-01
2.718786656663248480e-01
2.540767770637802347e-01
2.541331474071693020e-01
2.936216433022871830e-01
3.480705321949806863e-01
4.551637791911622433e-01
5.891386852165096943e-01
7.760595124759821495e-01
9.562998129594296737e-01
1.126568727078764098e+00
1.263434638544729927e+00
1.367311996439810606e+00
1.461457852251342393e+00
1.551180781927687269e+00
1.580373864820153296e+00
1.575844372723412157e+00
1.518683494019603675e+00
1.396686967431967963e+00
1.280906031524315480e+00
1.155021549204236164e+00
1.046846333530542239e+00
9.859156721669795065e-01
9.350358437099829390e-01
9.045820821837676773e-01
8.930237580784688989e-01
8.919166817004725578e-01
8.776197853227660772e-01
8.921874331813944847e-01
8.974885078747470990e-01
9.201225509241577338e-01
9.356765360973096080e-01
9.439758128809677684e-01
9.529766720070517172e-01
9.816911116460503850e-01
1.000412052289359810e+00
1.011246306456151656e+00
1.019958506524307307e+00
1.027289948101013151e+00
1.030593017092878982e+00
1.037137566152453116e+00
1.032862677907748106e+00
1.033623135509645019e+00
1.018943711735153190e+00
1.010177970469900988e+00
9.973917585400039476e-01
1.002133288759345708e+00
9.898658363697161455e-01
9.922336849810428072e-01
9.821911630646547042e-01
9.842809050595310305e-01
9.808507158095379763e-01
9.857945544542121574e-01
9.912071997951278357e-01
9.935049669983931908e-01
1.000244966922796630e+00
9.990015828951438470e-01
1.004106268835056381e+00
1.000799312460444179e+00
1.008919010122231175e+00
1.005268147981605908e+00
1.008005769066261381e+00
1.011727478998241780e+00
1.007186022923679536e+00
1.005628594975299883e+00
1.003564696517124988e+00
9.993731079220553593e-01
9.947038363544368211e-01
9.942087586203900429e-01
9.964977321710092317e-01
9.915585802732157505e-01
9.922469015165502615e-01
9.932084676108081656e-01
9.871928351106064037e-01
9.875416013138466065e-01
9.926178637030591556e-01
9.838587401591153414e-01
9.953222863948265609e-01
9.953622038503625591e-01
9.933251415851340749e-01
9.934093729208210988e-01
9.945370318962913903e-01
9.979017151519979922e-01
9.979899662230844459e-01
9.929758310852145886e-01
9.929898346093327666e-01
9.903216586288321466e-01
9.989577877623797564e-01
9.978689688946691394e-01
9.943650392553249340e-01
9.998639685906955954e-01
9.948733350085446903e-01
9.928041592834914164e-01
9.970975192619473404e-01
9.946165379322300382e-01
9.999096363169470703e-01
9.921094962849779098e-01
9.931186968003404836e-01
9.954105551469228930e-01
9.965957807545009484e-01
9.965346333217337538e-01
9.922716297607501179e-01
9.923756109216438359e-01
9.949364065734862539e-01
9.927318305759043060e-01
9.958869347526919658e-01
9.998544532885937919e-01
9.902607463715996650e-01
9.948253211983003608e-01
9.980666216955335068e-01
9.975606602537812062e-01
9.935995451729703332e-01
9.953985286098395724e-01
9.980126843140534332e-01
9.986568607208201609e-01
9.967382848678654206e-01
9.982682476507925839e-01
9.953685885555804136e-01
9.928662038607336537e-01
9.985303253625831266e-01
9.987185153880052679e-01
9.988989260970865258e-01
9.924880374148342677e-01
9.982524791924080043e-01
9.974116540275944631e-01
9.984872514156187817e-01
9.938657105997097396e-01
9.974854322739112877e-01
9.982808688549228426e-01
9.975304418255918071e-01
9.932103565153290736e-01
9.992005335005389455e-01
9.968533304635810444e-01
9.988317849746204402e-01
9.970913159832226480e-01
1.002131539508929414e+00
9.996995344490943181e-01
9.997702163612742776e-01
9.975492795304035099e-01
1.000288582427939943e+00
1.000111771447227849e+00
1.000164817901679548e+00
9.978142411634758346e-01
9.986932791008059640e-01
1.000462051504854344e+00
9.988180544721343423e-01
9.996840074942594523e-01
1.001194137574390020e+00
9.979635400364359477e-01
1.000487002753871035e+00
9.988660676575220609e-01
9.958263290149674818e-01
9.979939820101111358e-01
9.976631498300684298e-01
9.974997785224868352e-01
9.973132253491904242e-01
9.962916305647635529e-01
9.994306159145576185e-01
1.000890375106414654e+00
9.959936836218481471e-01
9.989344364065728676e-01
9.998055686309552659e-01
9.955118369650369781e-01
9.976581461031175380e-01
9.965910005297987651e-01
9.954247374128286641e-01
9.973233562572125788e-01
9.972350988025209251e-01
9.972138213710998178e-01
9.945813383541779462e-01
9.960921069167496533e-01
9.960005428019419460e-01
9.979242713679363774e-01
9.937532440814069723e-01
9.965377970947264519e-01
9.955123815671571563e-01
9.963584339917572752e-01
9.958800316777186579e-01
9.934478146109257946e-01
9.975069764027458818e-01
9.982893919401993887e-01
9.973812165903317428e-01
9.963432138250364334e-01
9.972289255007736886e-01
9.973143014792811289e-01
9.941706034094156541e-01
9.985141452567325437e-01
9.974703372728369599e-01
9.961890566465371188e-01
9.971218743271708096e-01
9.974295436916067459e-01
9.979588738230200651e-01
9.953647279333909248e-01
9.985825641730831093e-01
9.971697412386248960e-01
9.987810127769775059e-01
9.978271710861535970e-01
9.989285462424029038e-01
9.978610501665990951e-01
9.959752516659486909e-01
1.000348934163501902e+00
9.996066980013306180e-01
9.997988449210735151e-01
9.994219655706759742e-01
9.990187634776195313e-01
9.998206595939188590e-01
9.977048102229293391e-01
9.973435126138587847e-01
1.000978458148915173e+00
9.981269588227904555e-01
9.978135010613849998e-01
9.979310831679603089e-01
9.983622195180535952e-01
9.982746414936704005e-01
9.991317141183142514e-01
9.973311060514588045e-01
9.994947690598250389e-01
9.984209453196301043e-01
9.979480062529282325e-01
9.980174663176203387e-01
9.990146419102734487e-01
9.971377952886509854e-01
9.965630769148042800e-01
9.999672542719747481e-01
9.983605425250721144e-01
9.992034525225653718e-01
9.912887321661432161e-01
9.800261697796737170e-01
9.678350886315940649e-01
9.546889153323906418e-01
9.474076030729094988e-01
9.352585881142442270e-01
9.248305635212900055e-01
9.115013418436845871e-01
9.027737363502816859e-01
8.930985639878994409e-01
8.831553693474283317e-01
8.711826779983786739e-01
8.597184793668359859e-01
8.499029780652391786e-01
8.387874052453674345e-01
8.311273246740589205e-01
8.207111416394711201e-01
