0.000000000000000000e+00
0.000000000000000000e+00
0.000000000000000000e+00
0.000000000000000000e+00
0.000000000000000000e+00
0.000000000000000000e+00
0.000000000000000000e+00
0.000000000000000000e+00
0.000000000000000000e+00
0.000000000000000000e+00
0.000000000000000000e+00
0.000000000000000000e+00
0.000000000000000000e+00
0.000000000000000000e+00
0.000000000000000000e+00
0.000000000000000000e+00
0.000000000000000000e+00
0.000000000000000000e+00
0.000000000000000000e+00
0.000000000000000000e+00
1.574588324652006710e-05
3.125067397501093275e-02
9.728047367138498158e-01
3.276406854401423541e+00
3.299484525175644833e+00
1.866819432376104482e+00
8.661999294617100942e-01
3.980475107741948126e-01
2.103858180790564858e-01
2.254149648314091869e-01
8.081233763375313961e-01
1.690330330336719422e+00
1.902825426755039739e+00
1.479112340855361030e+00
1.014668539335117359e+00
7.227875014435387602e-01
6.017471244715959511e-01
5.902546056927556739e-01
6.385301237350953230e-01
7.226558079865991191e-01
8.175075429243867653e-01
9.174713032583383665e-01
1.006752675944148745e+00
1.085050151406143470e+00
1.150947299832923099e+00
1.193951736484160087e+00
1.220573568510738838e+00
1.219692743779279498e+00
1.205837622432731848e+00
1.172147832788561050e+00
1.128426880937203558e+00
1.088152993600185470e+00
1.049993835955583377e+00
1.013045083522816858e+00
9.827866553868338517e-01
9.595685981012892496e-01
9.452112596757842322e-01
9.353271334899683209e-01
9.287090961276553980e-01
9.238714288686112885e-01
9.248376085438205774e-01
9.270115404418477478e-01
9.358357406154375058e-01
9.508985816529033075e-01
9.624481391558996624e-01
9.760678607940515006e-01
9.881309567082476875e-01
9.971705943176518705e-01
1.003177529148413294e+00
1.011414020045880102e+00
1.016294078988611460e+00
1.017982859718598920e+00
1.021573472563305440e+00
1.022163724634336468e+00
1.020552587360480379e+00
1.018465581656240682e+00
1.015066105937792118e+00
1.011656091360482623e+00
1.009544592450794198e+00
1.005819504484428251e+00
1.004521121388521454e+00
1.001898123841736377e+00
1.001463469373730764e+00
9.994426553422983694e-01
9.991588577257769499e-01
9.984111194277066614e-01
9.972838511265554873e-01
9.996511829706334895e-01
9.979900545596693817e-01
9.971752290178541589e-01
9.955108962354418667e-01
9.966301558330755705e-01
9.945199122159625871e-01
9.972438685061429942e-01
9.959395905063520571e-01
9.977416469644800889e-01
9.963173553338766641e-01
9.974628173700871292e-01
9.973538513001908301e-01
9.980110727317330621e-01
9.997592635066774314e-01
9.982591444865507313e-01
1.000524498109386373e+00
1.000335988619358352e+00
1.000342942344236707e+00
1.001887198818775193e+00
1.001743779365505072e+00
1.002310829050203855e+00
1.002458626931813424e+00
1.001868076356420723e+00
1.001431105144073408e+00
1.001451203661948730e+00
1.001548187480158392e+00
1.001474988889067941e+00
1.000644740258597620e+00
1.000530442663532193e+00
1.000029262684717812e+00
9.990132715831023802e-01
9.987345591926256594e-01
1.000472019858442474e+00
9.991405966881783396e-01
9.990425699109889424e-01
9.985693454826575222e-01
9.991420277937148597e-01
9.983822097605227208e-01
9.994328768806706176e-01
9.997524275718654430e-01
9.977140414340548435e-01
9.987854707378760466e-01
9.995119610611308270e-01
9.999252558606922525e-01
9.999907305872457464e-01
9.993578798888321790e-01
1.001416538356387109e+00
1.000616843491023644e+00
1.000771566546801994e+00
1.000424337572559441e+00
9.997478107851094364e-01
9.998107267530663700e-01
1.000784305646303274e+00
1.001836507223728745e+00
1.001747268471007368e+00
1.001307625213085917e+00
1.000390784333333949e+00
1.000310822176120107e+00
1.000125411450619950e+00
1.000014962522502771e+00
9.991666774482402813e-01
9.987300743945732862e-01
9.995989099059990890e-01
9.993148359474351983e-01
9.994540340317175087e-01
9.988007165791294995e-01
9.994140609791165586e-01
9.989760250322055057e-01
9.993002930860872546e-01
1.000553755665988698e+00
1.000551379680956421e+00
1.000851940706463772e+00
1.000582174121058987e+00
1.000044598917475991e+00
1.000293650985762506e+00
1.001309770963907608e+00
1.000880646674584318e+00
1.001310978868764634e+00
1.000319431304014017e+00
1.000236516153576005e+00
1.000431277728839774e+00
9.994942865263261034e-01
1.000084257242267238e+00
9.999553187293908074e-01
9.999719980332737457e-01
1.000091458818142431e+00
9.999080162671117877e-01
9.998258784945217581e-01
9.989191277949205361e-01
9.988522860496544808e-01
9.993739108250445646e-01
9.996030728079009497e-01
9.998887680666161959e-01
1.000158995491047476e+00
9.997596407319198075e-01
9.997632227933980209e-01
9.995862664479140403e-01
1.000321693893944319e+00
1.000468887856919675e+00
1.001008480435581216e+00
9.999532676248835683e-01
9.999121709566309857e-01
9.997626145139076881e-01
1.000903742820629994e+00
1.000483231750468605e+00
9.998195186718513705e-01
1.000001291526640967e+00
1.000064369439261247e+00
1.000020669401147311e+00
1.000418858636304753e+00
9.998373950444974234e-01
1.000015549972015139e+00
9.998623560336808991e-01
9.997559737265361290e-01
1.000114781771515471e+00
9.994180324018138162e-01
9.996800855315455259e-01
9.994766437586074526e-01
1.000256352297918205e+00
1.000071570357266237e+00
9.993089416862382945e-01
1.000708012915438649e+00
1.000023119308761421e+00
9.994301655292296971e-01
1.000201597984410107e+00
1.000238301887551362e+00
1.000494551642807428e+00
9.997276935383292429e-01
1.000325904209978578e+00
1.000098896726264730e+00
9.999879413414216600e-01
9.999322170180185987e-01
9.996787072985429123e-01
9.997138600884524218e-01
9.999372283021237262e-01
1.000127432616664702e+00
1.000351317874257351e+00
1.000149003497809774e+00
1.000075833695061256e+00
1.000224660177803315e+00
1.000003071016480227e+00
1.000251930156593971e+00
9.997370788823879417e-01
1.000182213102578377e+00
1.000212241653541945e+00
1.000400037246727214e+00
1.000144671834575005e+00
1.000430653373336476e+00
9.999549198667934125e-01
1.000506243722831368e+00
1.000381458771261611e+00
1.000135503745528620e+00
9.998871520445737904e-01
9.995980412399562143e-01
1.000925359876353227e+00
1.000559151413631831e+00
1.000895212868385453e+00
1.000560136192650385e+00
1.000028400601097767e+00
1.000264442997191194e+00
1.000320758284888756e+00
1.000113017698794238e+00
9.999028299125032326e-01
1.000652405797827216e+00
1.000142483545848116e+00
9.999527393385320151e-01
1.001158105668836118e+00
9.997713388964817316e-01
1.000402783098238269e+00
1.000072538030277958e+00
1.000398990037489666e+00
1.000516938552413526e+00
1.000393916209413980e+00
1.000307369913809863e+00
9.999809225997778883e-01
9.995158176129328442e-01
1.000244994584369662e+00
9.996794815848927263e-01
9.998944332559327464e-01
1.000145016649187868e+00
1.000720939150814948e+00
9.999981251915807112e-01
9.999500190144023914e-01
1.000518324053996766e+00
9.997903304894737442e-01
1.000407972983497817e+00
9.996855818301950691e-01
9.978992535924479101e-01
9.871370489230422152e-01
9.762787196588862404e-01
9.653027698112057742e-01
9.551041989158861600e-01
9.441562577902183895e-01
