0.000000000000000000e+00
0.000000000000000000e+00
0.000000000000000000e+00
0.000000000000000000e+00
0.000000000000000000e+00
0.000000000000000000e+00
0.000000000000000000e+00
0.000000000000000000e+00
0.000000000000000000e+00
0.000000000000000000e+00
0.000000000000000000e+00
0.000000000000000000e+00
0.000000000000000000e+00
0.000000000000000000e+00
0.000000000000000000e+00
0.000000000000000000e+00
0.000000000000000000e+00
0.000000000000000000e+00
0.000000000000000000e+00
0.000000000000000000e+00
2.701477315800064749e-05
3.477788795700792468e-02
1.036590850184579971e+00
3.394988393654710279e+00
3.333797501232051097e+00
1.831966063387434174e+00
8.246242710393842934e-01
3.743465810026967988e-01
1.921625774339056070e-01
2.189933289786772652e-01
8.341502020257604011e-01
1.737781908240416673e+00
1.903106621670998200e+00
1.459975761528348182e+00
9.711709200455497237e-01
6.730957439206188830e-01
5.520813726893087914e-01
5.398421156951231925e-01
5.896793311188289755e-01
6.764658136352039719e-01
7.835163884028025771e-01
8.967297186587609437e-01
1.001563437384475730e+00
1.094048547090024082e+00
1.165433274624221749e+00
1.214438849438513657e+00
1.245493378564391795e+00
1.248465795236461728e+00
1.233082120175096774e+00
1.199086041544246584e+00
1.148373679174145678e+00
1.097339661291073964e+00
1.053550330841664495e+00
1.014875664355374685e+00
9.845811622319664558e-01
9.577082859575496432e-01
9.405201088565668943e-01
9.296526969534825158e-01
9.223235029595199252e-01
9.139505791543485191e-01
9.126275373541005154e-01
9.214772145688991944e-01
9.287978182064492438e-01
9.435365384375612452e-01
9.571183482638880857e-01
9.706494259920758205e-01
9.851712105800837227e-01
9.937498974188562206e-01
1.005951222901541930e+00
1.012904134232760267e+00
1.020831139158131284e+00
1.024545391328102628e+00
1.023651735264721196e+00
1.025476953636653921e+00
1.024601891476386362e+00
1.019255729766332275e+00
1.018427843742998995e+00
1.009670909949351492e+00
1.008845300146223867e+00
1.004288374156579788e+00
1.001795133361819579e+00
1.001369138107257806e+00
9.988624989609818927e-01
9.975853242408883048e-01
9.991958978096767696e-01
9.986443742738393414e-01
9.995386999070252632e-01
9.984941515548382274e-01
9.983069061834705105e-01
9.995641719007659631e-01
1.001990613176588552e+00
9.992485032286320124e-01
9.971571891526496145e-01
9.988631579090087032e-01
9.962139764605693060e-01
9.965811912174763476e-01
9.949597522951141304e-01
9.966994558779168623e-01
9.970109705561471802e-01
9.964273887807105767e-01
9.966599533837375846e-01
9.971506795770436193e-01
9.970608294531940752e-01
1.000096565993785713e+00
9.988432134315482491e-01
9.998396254297005070e-01
1.001440590386138085e+00
1.002979213684383586e+00
1.002540550806422237e+00
1.002659866629284302e+00
1.001075295209355343e+00
1.003290634069121001e+00
1.003895755511404531e+00
1.002543341854885917e+00
1.000362472090017496e+00
1.002448440073098856e+00
1.000506443056640382e+00
9.999778309533839948e-01
9.989549392586246634e-01
9.977084092097069368e-01
9.988749981649956977e-01
9.983443814262382698e-01
9.975374737787200408e-01
1.000680177003262727e+00
1.000074297428999337e+00
9.981472243302136338e-01
9.985280372965471551e-01
9.972374273097434072e-01
9.982672724376461248e-01
9.990564474641310255e-01
1.000159024895522109e+00
9.996397507135444949e-01
1.000746490751346585e+00
1.001629648617617940e+00
1.001380476430783206e+00
1.000480328454500967e+00
1.001247444340362724e+00
1.002218623632208372e+00
1.002524105506999552e+00
1.001570103171894210e+00
1.000330484137728737e+00
1.001836987558517800e+00
9.997962089111366302e-01
9.999481031272908771e-01
1.000786411177930546e+00
9.986945417340903353e-01
1.000249761695917838e+00
9.996314528277184808e-01
9.998010043649931955e-01
9.993482057363363147e-01
9.992407357335231222e-01
9.982346878251151523e-01
9.982993377623965436e-01
9.989040758661827946e-01
9.996079330331060220e-01
9.999293585247550631e-01
1.000544384993908631e+00
1.001054982925455583e+00
1.000944697974132325e+00
1.000983876950311879e+00
1.001163889914091332e+00
1.000998874193680610e+00
1.001493971674597194e+00
1.001034714027051020e+00
1.000148335369526187e+00
1.000058016546576667e+00
1.001523429040080293e+00
1.000393983721705959e+00
1.000498127753307376e+00
9.997424793878091354e-01
1.001358637678445129e+00
1.000426181309715501e+00
9.997952423822754620e-01
9.995683985695874574e-01
9.997464631143234692e-01
1.000221296719851161e+00
1.000052221638498606e+00
9.992046279818683763e-01
9.994881978242017295e-01
9.996438833379835964e-01
9.995869964760746296e-01
1.000255205655321999e+00
1.001008682793139037e+00
1.000844988452251005e+00
1.001251818341653221e+00
1.001069347314512692e+00
1.000487807114230687e+00
1.000867810062301189e+00
9.995398874289996849e-01
9.997664934731521624e-01
9.996263142107734145e-01
9.996587101619689442e-01
9.996079849044223753e-01
1.000306456053429605e+00
9.996989862958517437e-01
1.000446150657960276e+00
9.991424827522337182e-01
9.997427625085271163e-01
1.000789198424218984e+00
1.000180457938662837e+00
1.000161397504475191e+00
9.998934841006310581e-01
9.999390104859040562e-01
1.000293458112371914e+00
9.999822408150826902e-01
9.997652126139935369e-01
1.000025274534571684e+00
1.000238378830611952e+00
1.001587269837609373e+00
1.000038138418556599e+00
1.000655267074995081e+00
1.000590050823614963e+00
9.994351449078089367e-01
9.996474827158525756e-01
1.000461748898095360e+00
9.996735488037773454e-01
1.000357009696425381e+00
9.995039257924572818e-01
1.000206414675795630e+00
1.000004538098936635e+00
1.000627666721609188e+00
9.999304870901050135e-01
9.999907474769170745e-01
9.995454797958042148e-01
1.000196299267466227e+00
1.000584592097465642e+00
9.997690046711182887e-01
1.000163610178954832e+00
9.993536336108432838e-01
1.000325549075810505e+00
1.000658695488403138e+00
1.000646412594133450e+00
1.000284534659412916e+00
9.992823305627703823e-01
1.000097368198209935e+00
9.997006295827095546e-01
1.000117752186111098e+00
1.000080737182887480e+00
1.000869965830972541e+00
9.996380758434082470e-01
9.998791474147855629e-01
1.000012252897762188e+00
1.000172110498243727e+00
1.000319363432136788e+00
9.995784498766306925e-01
1.000132018718008498e+00
9.998190242471157729e-01
1.000228809948695119e+00
1.000032719648450197e+00
1.000587807333891632e+00
1.000650322151796390e+00
1.000592958824866763e+00
1.000220859816497221e+00
1.000531343370370863e+00
1.000311507908277608e+00
9.996240243845156970e-01
9.995619805085443899e-01
1.000093939331681669e+00
1.000333548305286646e+00
1.000724074580073175e+00
9.998950919924333158e-01
9.993017341976599965e-01
9.997672719041240663e-01
9.995784494607972137e-01
9.997951518720967767e-01
9.997788737774385703e-01
9.997436385660543046e-01
9.999058478696187802e-01
9.994905654031752684e-01
9.999858589168246770e-01
1.000569897325532143e+00
1.000274650077771499e+00
1.000347487929900581e+00
1.000658173023628805e+00
1.000700436464308618e+00
9.999730713107561897e-01
1.000604793921595181e+00
9.999228464314527942e-01
9.998082829355344758e-01
1.000385050256475727e+00
