0.000000000000000000e+00
0.000000000000000000e+00
0.000000000000000000e+00
0.000000000000000000e+00
0.000000000000000000e+00
0.000000000000000000e+00
0.000000000000000000e+00
0.000000000000000000e+00
0.000000000000000000e+00
0.000000000000000000e+00
0.000000000000000000e+00
0.000000000000000000e+00
0.000000000000000000e+00
0.000000000000000000e+00
0.000000000000000000e+00
0.000000000000000000e+00
0.000000000000000000e+00
0.000000000000000000e+00
0.000000000000000000e+00
0.000000000000000000e+00
0.000000000000000000e+00
3.487654847249421070e-02
1.042254779328846581e+00
3.382714313867247302e+00
3.324985195853736641e+00
1.839321553959455180e+00
8.356930837309545224e-01
3.740658066162953488e-01
1.913261593202170985e-01
2.258587395019960586e-01
8.419474172537702028e-01
1.737207690808959315e+00
1.904978386458424877e+00
1.453831622810836333e+00
9.699996420887239124e-01
6.709774973550246546e-01
5.527953886815338835e-01
5.384274838247788963e-01
5.878402274813481210e-01
6.800180679146473617e-01
7.889946182475843228e-01
8.996150120064043687e-01
1.001531433511250180e+00
1.091283326984160196e+00
1.166634189080198336e+00
1.218512146503146543e+00
1.249578161895253725e+00
1.253588898793446926e+00
1.236876646865012530e+00
1.196069639549890207e+00
1.151094556054561124e+00
1.100503821983844110e+00
1.051408336591095116e+00
1.018259914225149165e+00
9.868714198392958270e-01
9.642852426871119098e-01
9.404388946338990696e-01
9.310169987536569547e-01
9.204300151289612764e-01
9.166044466831025916e-01
9.140344945961981216e-01
9.186421641690308837e-01
9.279252477116706199e-01
9.420750378502629196e-01
9.563874112605783573e-01
9.710712993982788532e-01
9.839119901592849882e-01
9.968247325342051157e-01
1.004792006862925469e+00
1.017197152578983355e+00
1.021231757179874133e+00
1.026025859013732999e+00
1.026172128821049467e+00
1.025407265738135676e+00
1.023210691144148310e+00
1.021921352559987506e+00
1.015783761271142893e+00
1.010679334255062178e+00
1.007902868588516965e+00
1.003888977871136845e+00
1.002851494815187872e+00
9.990783841036021684e-01
1.001410359457572508e+00
9.994164563717177208e-01
9.976414147593022363e-01
9.989188527075119062e-01
9.973592319882348400e-01
9.996273628259546573e-01
9.993134334620119574e-01
9.999929195439403173e-01
1.000222439719497869e+00
9.983463342874433488e-01
9.996853711673797660e-01
9.965488111830053120e-01
9.984053462655217981e-01
9.987122215309532924e-01
9.975140977162566536e-01
9.964032167402203655e-01
9.958033886640565990e-01
9.955813976448111280e-01
9.990778003397694507e-01
9.964935855634788897e-01
9.968058165084204836e-01
9.995880769055961457e-01
9.995820265324534271e-01
9.997097957037730520e-01
9.994112506645159710e-01
1.001220571985335983e+00
1.002475397165764948e+00
1.003047856296128026e+00
1.002411579511010675e+00
1.001484131997360194e+00
1.002289223736458679e+00
1.003168855276590721e+00
1.002189881973003516e+00
1.000620999706154590e+00
9.999369568987342971e-01
1.001303303385531640e+00
1.000234064960891400e+00
9.998291646833398216e-01
9.993358525171199824e-01
9.983555746166514755e-01
9.984862255067133985e-01
9.984906840826814900e-01
9.977192913327852519e-01
9.977828437331625056e-01
9.978083985012056178e-01
9.980037761704305677e-01
9.981698914051572169e-01
9.988090856029837594e-01
9.990875048937872815e-01
9.996103584655610108e-01
1.001026901791462809e+00
1.000545767243178341e+00
1.001572625800952743e+00
1.000023514935914681e+00
9.996230869870134095e-01
1.001365152466217268e+00
9.999379662714374950e-01
1.001392462696054197e+00
1.000727303062471041e+00
1.000140784243221503e+00
1.000761628412241810e+00
1.001377274239705795e+00
9.997721961691701242e-01
1.001554686712442743e+00
9.984374703496169401e-01
9.978939116376456253e-01
9.992197881138573656e-01
9.986321279185697009e-01
9.989203255014202920e-01
9.989729213680782482e-01
9.998747368367313371e-01
9.978172493724797310e-01
9.999205590149128353e-01
9.989800466073128771e-01
9.997139606271328027e-01
1.002007216726882310e+00
1.001696618859070353e+00
9.998282139360057386e-01
1.000692761182436552e+00
9.994074176013739708e-01
1.000593891824477222e+00
1.001383133984720564e+00
9.999475666382110495e-01
1.000257801927327161e+00
1.000979998336441357e+00
9.997478735630416224e-01
1.000321742298222683e+00
1.000633865122352972e+00
1.000042150200037172e+00
1.000189536812699176e+00
9.994309536692668194e-01
9.994106244915769155e-01
1.000016871492429127e+00
9.987858593772483973e-01
9.988142987570931552e-01
9.995813403682555220e-01
1.000027984208373688e+00
1.000299747156983443e+00
9.994857002982255878e-01
9.997587529266728223e-01
9.996917065249197876e-01
9.999697267531076905e-01
1.000725409337493543e+00
9.999022590422769197e-01
9.996062501646871823e-01
1.000050349653297754e+00
1.000350169555380697e+00
9.994793345871991752e-01
1.000082613901369211e+00
1.000533974090597855e+00
9.998476434149349279e-01
9.995074830384990117e-01
1.000415452413186301e+00
9.989262792197730612e-01
1.000997197438435737e+00
1.000212375129886144e+00
1.000186769728674374e+00
1.000352214710526377e+00
9.998556041153933149e-01
1.000161924512102729e+00
9.993752818096776069e-01
9.999391099607878308e-01
9.992974848010742761e-01
1.000352349339412861e+00
1.000334706117702810e+00
1.000258275895044457e+00
1.000064931997961759e+00
9.999432693908434366e-01
1.000473261859087248e+00
9.997709320934230481e-01
9.997481268559056389e-01
9.992093058530971961e-01
9.992765103503321589e-01
9.996224423302084716e-01
9.998382020180841545e-01
1.001124400701852935e+00
1.000002196942146204e+00
1.000854377900164627e+00
9.996297803353905165e-01
1.000110499252899965e+00
9.993102568165138644e-01
1.000291484588243573e+00
1.000710484219699214e+00
9.997238891065073352e-01
9.997603993643046083e-01
9.998440807981958667e-01
1.000299701770691607e+00
1.000085507208835711e+00
9.995048090489834225e-01
9.995015171862635661e-01
9.997637953718010451e-01
9.998085218974813726e-01
1.000017666880792966e+00
9.999239073033193703e-01
9.999870132362802533e-01
9.997675993926059546e-01
1.000271094701610020e+00
9.997700206133107725e-01
1.000174421245848322e+00
9.996671558796295098e-01
9.996584838786580773e-01
1.000121449529505879e+00
9.997932949402111857e-01
9.995262163658708010e-01
9.995424595431697812e-01
9.992801856623015899e-01
1.000585141146459023e+00
1.000189182217535278e+00
1.001017357122555795e+00
1.000304244573381851e+00
1.000189743201130632e+00
1.000486256914163041e+00
9.997393373694263286e-01
1.000005988285958214e+00
1.000578280546485344e+00
9.998223230529318384e-01
9.999489100060646729e-01
1.000206073292935871e+00
9.998088478759961095e-01
9.997496069497917581e-01
1.000347131249483157e+00
1.000129472618792148e+00
9.992299530267143570e-01
9.996611752556583408e-01
9.997345130250794298e-01
1.000588298433140677e+00
9.996877746405238296e-01
1.000310998814946561e+00
1.000379362699978847e+00
9.998703939462140200e-01
1.000154407398881062e+00
9.995043030593079303e-01
1.000024177136803916e+00
1.000647071463135918e+00
1.000210706655934034e+00
1.001346018926899450e+00
9.998971243674106280e-01
1.000107921822075419e+00
