0.000000000000000000e+00
0.000000000000000000e+00
0.000000000000000000e+00
0.000000000000000000e+00
0.000000000000000000e+00
0.000000000000000000e+00
0.000000000000000000e+00
0.000000000000000000e+00
0.000000000000000000e+00
0.000000000000000000e+00
0.000000000000000000e+00
0.000000000000000000e+00
0.000000000000000000e+00
0.000000000000000000e+00
0.000000000000000000e+00
0.000000000000000000e+00
0.000000000000000000e+00
0.000000000000000000e+00
0.000000000000000000e+00
0.000000000000000000e+00
1.201100404939685404e-05
3.382979392738607455e-02
1.017615420444820007e+00
3.311316294144325934e+00
3.288572527475806417e+00
1.828194969453013741e+00
8.349856083314484145e-01
3.858894216415109102e-01
2.029559828178041647e-01
2.307266266287475998e-01
8.516638466933197371e-01
1.741251726278046030e+00
1.914512342388478672e+00
1.466702890952237714e+00
9.985081054872181339e-01
7.276670135445393317e-01
6.209506058697862318e-01
6.181807820874430925e-01
6.713570511175066535e-01
7.489200545426076827e-01
8.463008346007502292e-01
9.346298247993382047e-01
1.024871881511500993e+00
1.094595694404826070e+00
1.151647448030756582e+00
1.184560652877066467e+00
1.203869507021553931e+00
1.200972432473585094e+00
1.185441131170719364e+00
1.149984279123990483e+00
1.111542208035743329e+00
1.071441774722790452e+00
1.038773749262967394e+00
1.001243477203215271e+00
9.742430559129271472e-01
9.503910235227245318e-01
9.384560063928509832e-01
9.273203507762516340e-01
9.253426630649358442e-01
9.248210845927552493e-01
9.261190836393862202e-01
9.357313667528216472e-01
9.479116157966337441e-01
9.617374660171118528e-01
9.699743794982941258e-01
9.814977233204668083e-01
9.904925776240877111e-01
9.964842974818837185e-01
1.005146271445098938e+00
1.009233136755823157e+00
1.012031169077339809e+00
1.015863941490907196e+00
1.017780014817546652e+00
1.017680077519028004e+00
1.018425773625426523e+00
1.017103902035582097e+00
1.013896364952676654e+00
1.010628945523513567e+00
1.008024538772839040e+00
1.007621324528499729e+00
1.003198295223072467e+00
1.002056240446703272e+00
9.995996363608994351e-01
9.981593601980945918e-01
9.981769412742786951e-01
9.969572150673065014e-01
9.968836577313525682e-01
9.975381682029246244e-01
9.981755670306092787e-01
9.958632556653062018e-01
9.971424470653799110e-01
9.956340682891412497e-01
9.959506599041701991e-01
9.966566279654616167e-01
9.960905251614484701e-01
9.961957689286763395e-01
9.977319455499533696e-01
9.978184327877395177e-01
9.973975957504671586e-01
9.973855949002439214e-01
9.984726756707292816e-01
1.000807855682907199e+00
9.991429666113085251e-01
1.000089216819996629e+00
1.000716110685017091e+00
1.000960475047094178e+00
1.000826958708235015e+00
1.000225462361874706e+00
1.001121525381613475e+00
1.001768902773802372e+00
1.000969538173436924e+00
1.001676132505943118e+00
1.001313977991558080e+00
9.999527106206640426e-01
9.998380807851545704e-01
1.000961096084819868e+00
1.000538800016946395e+00
9.996289200388864815e-01
1.000523409631301819e+00
1.000874747807400933e+00
1.000604494027757640e+00
9.997061395781629001e-01
9.997475931542392225e-01
9.998942834531859836e-01
9.987050844286340379e-01
9.992265058602197714e-01
1.000225997887459917e+00
9.995318588633453905e-01
9.999332660219478752e-01
1.000893717332986155e+00
1.000004016802241935e+00
9.990301861357554492e-01
1.000374059862116249e+00
9.997037407736527603e-01
1.000077139602801646e+00
9.996322226087485108e-01
9.992837032473967929e-01
9.999087423131061136e-01
1.000018399068442587e+00
1.000895924664741754e+00
1.000836505922839237e+00
1.001133661031100575e+00
9.998744572194903091e-01
9.996417977134157695e-01
1.001831483793703903e+00
1.000775610039393637e+00
1.000076410241314218e+00
1.001001345524611619e+00
1.000553649805519640e+00
1.001527975284356220e+00
9.995038939027252045e-01
1.000647563660616690e+00
1.000251077043410097e+00
1.000492389485439837e+00
1.000181958488674416e+00
9.996975590625729602e-01
9.999530974886861046e-01
1.000041378965162764e+00
1.000152734825165535e+00
1.000341051074558063e+00
9.994349742930496161e-01
1.000349045993268238e+00
1.000450895720352618e+00
1.000614041514881203e+00
1.000094059503795263e+00
1.000135812872216645e+00
1.000766764051459923e+00
1.000670250277911233e+00
1.000465338734835230e+00
1.000150955049406765e+00
1.000420970853990399e+00
1.000987633871244897e+00
9.997739050741313305e-01
1.000299187826834579e+00
1.000276759086731193e+00
9.995943844297445757e-01
1.000816227409490944e+00
9.997109884072340469e-01
1.000312490706890323e+00
1.000201937601678859e+00
1.000829067442472908e+00
1.000381998051466770e+00
1.001010549842246800e+00
1.000173432597161183e+00
1.000212917963630987e+00
1.000861577141066938e+00
9.996491599369757841e-01
1.000579349767803494e+00
9.998327101446113918e-01
1.000667343746640903e+00
9.998753132888490436e-01
1.000060102126295147e+00
9.997896783957722633e-01
1.000327763749448762e+00
9.998292057418763923e-01
9.994686513638147973e-01
1.000081008150975226e+00
9.997034106687732180e-01
1.000273214387416454e+00
9.997130654229819946e-01
9.997735035341740462e-01
1.000167721330096793e+00
1.000529786844685409e+00
1.000015866220015148e+00
1.000597943294661452e+00
1.000347512449685450e+00
9.999723515311392807e-01
1.000409101591952288e+00
1.000527630924143541e+00
1.000107720601606243e+00
9.999671300168304633e-01
1.000084015263954074e+00
1.000556572712936410e+00
9.992100424080339049e-01
9.997415013022098451e-01
9.999712444850668014e-01
1.000100562799289383e+00
9.998016731139159896e-01
9.992806544557170101e-01
9.999967745912369255e-01
1.000215752280066761e+00
9.995721528881462703e-01
1.000138331810537018e+00
1.000007740858650296e+00
1.000106337377854704e+00
9.998931099090020425e-01
9.998447170546272966e-01
1.000088337870579380e+00
1.000172500965458511e+00
9.998593087394671564e-01
1.000769624291806492e+00
1.000405196455536938e+00
9.999665689692185389e-01
1.000207112241680019e+00
9.995192125839522657e-01
9.995981468164453210e-01
1.000045741132636890e+00
1.000118845159909897e+00
1.000080742818951984e+00
1.000727494542317464e+00
9.998797291154465361e-01
9.997877070685002865e-01
9.993136056884410756e-01
1.000536011901536737e+00
9.999636923883623574e-01
9.994744468424909822e-01
9.997951624001024662e-01
9.998463131715541463e-01
1.000291927214163934e+00
9.998226299741609369e-01
1.000400117795683386e+00
9.995625325296285668e-01
1.000442016105056453e+00
1.000142723252156474e+00
1.000246640840160017e+00
9.997448348285141728e-01
9.998358536880342928e-01
1.000117256863068294e+00
9.997453834276623930e-01
1.000068582171954157e+00
9.998827825516971579e-01
1.000224364416802292e+00
9.998070364060308579e-01
1.000313069256862031e+00
1.000141775824707313e+00
9.972961125558738038e-01
9.870898437521326008e-01
9.753712370177257673e-01
9.647224250438265480e-01
9.534441304335785627e-01
9.425287995009054010e-01
9.318032532793545375e-01
9.208966532941106342e-01
9.101967791555587439e-01
8.996258177246722054e-01
8.889194712795546183e-01
8.787816843017609569e-01
8.681421414998742314e-01
8.580884401366078995e-01
8.476176060324547290e-01
