0.000000000000000000e+00
0.000000000000000000e+00
0.000000000000000000e+00
0.000000000000000000e+00
0.000000000000000000e+00
0.000000000000000000e+00
0.000000000000000000e+00
0.000000000000000000e+00
0.000000000000000000e+00
0.000000000000000000e+00
0.000000000000000000e+00
0.000000000000000000e+00
0.000000000000000000e+00
0.000000000000000000e+00
0.000000000000000000e+00
0.000000000000000000e+00
0.000000000000000000e+00
0.000000000000000000e+00
0.000000000000000000e+00
0.000000000000000000e+00
2.402207996858268086e-05
3.358965702127506003e-02
1.006839833605437384e+00
3.299397759610811942e+00
3.260855490747552654e+00
1.824893333760018166e+00
8.323499701781555959e-01
3.844554183322691499e-01
1.995383476063461170e-01
2.311855811108023684e-01
8.444651630097573802e-01
1.736377883527493671e+00
1.905131326938066305e+00
1.460463578773168347e+00
9.917461125508471032e-01
7.228021462940795727e-01
6.226766053168678594e-01
6.210797063810423735e-01
6.756470549973683237e-01
7.558497503783268012e-01
8.494550478607747479e-01
9.388390072040183609e-01
1.025067800417469366e+00
1.093550467027501361e+00
1.149545098060672732e+00
1.184961682825294238e+00
1.208169161734358177e+00
1.202810809974393713e+00
1.181617955705661416e+00
1.146447970940975614e+00
1.110074690605438841e+00
1.072177816759869673e+00
1.033197648409908354e+00
1.001807367480445077e+00
9.739672218211146149e-01
9.522574003867553261e-01
9.359173610590090231e-01
9.288088577501902865e-01
9.246697880147332071e-01
9.253129816251747242e-01
9.293121391270174891e-01
9.339228491823721168e-01
9.449922802434189695e-01
9.594390948345885572e-01
9.717975588897891370e-01
9.821749363068540406e-01
9.911245756605792101e-01
9.980540600431908604e-01
1.004487579328329216e+00
1.010259402161442610e+00
1.014457788111992054e+00
1.016309399301224881e+00
1.018289236556438215e+00
1.019385835198747703e+00
1.016989817058728818e+00
1.014868845311738044e+00
1.015039849923746740e+00
1.010764776501474893e+00
1.006581535717204989e+00
1.004532209958261424e+00
1.000883560075086942e+00
1.000108137898425786e+00
9.994854295023312130e-01
9.984838452606042969e-01
9.984797208764546461e-01
9.981791367992792763e-01
9.985033207628267737e-01
9.975510437748893455e-01
9.983126280363948668e-01
9.972364333291772187e-01
9.970930351120210755e-01
9.969685036211463069e-01
9.964014854404172894e-01
9.958938534432294487e-01
9.963863494337742432e-01
9.971774412778960928e-01
9.961838520549363141e-01
9.985038581853226125e-01
9.957911272599687669e-01
9.973472732417493214e-01
9.994673631433890204e-01
9.995386846606698628e-01
9.989811330397143641e-01
9.996873688115198719e-01
9.994842596869568663e-01
1.000371984575090023e+00
1.000591371478675162e+00
1.000612028636712170e+00
1.000938396891167148e+00
1.000656514007276954e+00
1.000652091500311647e+00
1.001170705252729887e+00
1.000970726557571799e+00
1.000165762958666216e+00
1.000325898733351204e+00
1.000550824101516856e+00
1.000249044972656876e+00
9.995510964321212555e-01
9.990188936277740739e-01
1.001270169434538060e+00
1.000014320799185175e+00
9.992922389317621112e-01
9.997018013027595407e-01
9.997056214831563370e-01
1.000029484897080323e+00
9.995368949800880198e-01
9.994512976352211142e-01
9.996103164738409097e-01
1.000287564024543885e+00
9.992626345690920342e-01
9.995976113447504474e-01
1.000583181750680284e+00
9.998778346842248643e-01
1.000067625426383167e+00
9.988172971042297288e-01
9.997790254870544402e-01
1.000089009219349068e+00
9.994123796325575793e-01
1.000037182486390508e+00
1.000532081799532680e+00
1.000173264878896351e+00
9.995622288086942753e-01
9.998274752642226648e-01
1.001158228311639808e+00
1.000191523040800945e+00
1.000226052665492693e+00
1.001294378680260166e+00
9.986705749847302194e-01
1.001009484754475709e+00
1.000283851850263916e+00
1.000141688508499271e+00
1.000350529300928715e+00
9.995539650436298107e-01
9.993066271196909822e-01
9.995352145023108648e-01
9.995414511050438877e-01
9.999639221749301310e-01
9.998430874267255630e-01
9.994491438643270387e-01
9.996782433420323688e-01
9.991465346494193822e-01
9.994786712321418465e-01
9.997824278111455687e-01
9.993414818172722258e-01
9.989080423996480329e-01
1.000454548661338539e+00
9.997581118084869489e-01
9.993988626257981345e-01
9.996133876633851445e-01
1.000407694365167632e+00
1.000586171585795103e+00
9.998922373794273399e-01
1.000418234016391850e+00
9.999992856047977829e-01
9.998922790485987866e-01
1.000604469572242694e+00
9.998238307608940945e-01
9.998372055352200416e-01
1.000636031235945689e+00
9.997190308394184877e-01
9.996599461665803821e-01
1.000260699664984543e+00
9.998239291950472563e-01
9.998264781005431479e-01
1.000199744261779822e+00
1.000540029714657386e+00
9.998922280950645058e-01
9.998480887528653493e-01
9.995948660219043935e-01
1.000077187575894033e+00
1.000056097617058493e+00
9.998823348469770833e-01
9.998975761766588644e-01
1.000010382035861678e+00
1.000008090519819204e+00
9.998362184282831855e-01
9.998557072022687953e-01
1.000614879914674127e+00
9.998947625522890403e-01
1.000837910727081281e+00
9.998223339535499132e-01
9.995126873084665409e-01
9.999106622063210770e-01
1.000309495160455198e+00
1.000599729693145257e+00
9.999403289353980817e-01
9.999830389566009003e-01
9.999000349511711905e-01
9.999332281370417741e-01
1.000398744191109079e+00
9.998582344182260773e-01
9.994835270760303869e-01
1.000194303859218259e+00
1.000072187194992690e+00
1.000312007668617387e+00
1.000240581630097880e+00
1.000597515089854728e+00
1.000170721824296782e+00
1.000386698072269098e+00
1.000054255305989237e+00
1.000265991068110871e+00
1.000403509174085936e+00
1.000530988446822978e+00
1.000086837791866801e+00
9.996263060477537099e-01
1.000124455342954244e+00
9.997115095786122119e-01
9.998945790142869106e-01
1.000153156905157603e+00
9.998622042959729450e-01
9.998934592195615201e-01
9.997968963157579658e-01
1.000299995431791933e+00
9.997562835616734533e-01
9.999845561190410237e-01
1.000314278659663936e+00
9.995845988910585511e-01
1.000465177955809803e+00
1.000123497517289239e+00
1.000167360690053409e+00
9.999970650006282380e-01
9.998260165583356951e-01
9.999045957141960983e-01
1.000128079714722285e+00
1.000295629326470870e+00
1.000031888179232276e+00
1.000000639865249674e+00
1.000199005224525539e+00
1.000052022038665278e+00
9.996098082566547971e-01
1.000206959109201987e+00
9.997508591898147667e-01
1.000332801997261045e+00
1.000045783398333388e+00
9.994480284773781253e-01
9.996049055536784245e-01
9.994842479731682605e-01
9.997690860610226604e-01
9.999385418771520317e-01
1.000161765542072700e+00
1.000011357044961136e+00
9.999688056518758472e-01
1.000333308881021566e+00
1.000085779624219740e+00
9.999561305253176213e-01
9.969015240070117079e-01
9.869396082397590142e-01
9.747323889969536914e-01
9.643764208772475088e-01
9.533794178386765239e-01
9.422808789764307580e-01
9.320144595638782947e-01
9.209835792871982063e-01
9.101563067341351676e-01
8.996122277108582477e-01
8.889744129105882076e-01
8.787046074762939751e-01
8.681935820528036141e-01
8.584688629399912507e-01
8.478447835305452651e-01
