0.000000000000000000e+00
0.000000000000000000e+00
0.000000000000000000e+00
0.000000000000000000e+00
0.000000000000000000e+00
0.000000000000000000e+00
0.000000000000000000e+00
0.000000000000000000e+00
0.000000000000000000e+00
0.000000000000000000e+00
0.000000000000000000e+00
0.000000000000000000e+00
0.000000000000000000e+00
0.000000000000000000e+00
0.000000000000000000e+00
0.000000000000000000e+00
0.000000000000000000e+00
0.000000000000000000e+00
0.000000000000000000e+00
0.000000000000000000e+00
2.402765974559799883e-05
3.399066736077403783e-02
1.007123565845355451e+00
3.305247470229740525e+00
3.280160671565088393e+00
1.822739247388166728e+00
8.337728048285218962e-01
3.858333221988604067e-01
2.010144746364266599e-01
2.303457475844884750e-01
8.443356351897558509e-01
1.742623178168998255e+00
1.905798529173410527e+00
1.460136901465683312e+00
9.979497041812468439e-01
7.261834326658799244e-01
6.244320748503995322e-01
6.204411820509961872e-01
6.775379847876692452e-01
7.556466618241612920e-01
8.462598181746959769e-01
9.401037877941558207e-01
1.022423620701199187e+00
1.093017247199798536e+00
1.148590669875635628e+00
1.184827148264968155e+00
1.205266704563344060e+00
1.201378078097832480e+00
1.179713492356974314e+00
1.148575228109644408e+00
1.111271083905734258e+00
1.074252712038457958e+00
1.035626967732235837e+00
1.002770455354098811e+00
9.729472911923403577e-01
9.520589085826239861e-01
9.346905181868943036e-01
9.262555762408913873e-01
9.225841900192451872e-01
9.233013523271308420e-01
9.288175005435180820e-01
9.357792872618927449e-01
9.465187247893636080e-01
9.600702101562890167e-01
9.725864883874609790e-01
9.817204006905266844e-01
9.921986469834678246e-01
9.981650796685674898e-01
1.006209260911174574e+00
1.009369171103365215e+00
1.011894368564028701e+00
1.016411127796863045e+00
1.018714060943373578e+00
1.019524466695518106e+00
1.018094010223991708e+00
1.016176491212655630e+00
1.012185676581273119e+00
1.010307618264604468e+00
1.006931705424395584e+00
1.004720796880867129e+00
1.002789096511925715e+00
1.001077879499131518e+00
9.982196332111464843e-01
9.995725749497242907e-01
9.986628463277745782e-01
9.984199709754176810e-01
9.975683511780620849e-01
9.974331850185558235e-01
9.967566510179683981e-01
9.979433993514813528e-01
9.977167676082879799e-01
9.972790897693077916e-01
9.971192384232202555e-01
9.968841793808497220e-01
9.957153009694678092e-01
9.965475251666744416e-01
9.978739530561864246e-01
9.976909071643597082e-01
9.987065115555086026e-01
9.984888899829246212e-01
9.998160082835478857e-01
1.000103184413765556e+00
1.000498417252171368e+00
1.000368347717259798e+00
1.001338596744351328e+00
1.000373869263663895e+00
1.001620726421431185e+00
1.001411202635284825e+00
1.001839634296051829e+00
1.001643656909756652e+00
1.002585114971155100e+00
1.001707079723219040e+00
1.000566433100305241e+00
1.001768493783430136e+00
1.000574428926351178e+00
1.000617429742166609e+00
1.000250326419205749e+00
1.001046972147843661e+00
1.000402065685401132e+00
9.994885212887461012e-01
1.000672625871991128e+00
1.000958326536721232e+00
9.999885240171397793e-01
1.000036493340311861e+00
9.992130591484885693e-01
9.993272552030044720e-01
9.993041353016302031e-01
1.000330202536313218e+00
9.990354542092099166e-01
1.000191221268776687e+00
1.000036468462469408e+00
1.000304840526024863e+00
1.000010274032434587e+00
9.994085246428986435e-01
9.996854692285609412e-01
1.000981039732296685e+00
1.000643283653113169e+00
1.001035290997055460e+00
9.998977544333284007e-01
9.994919305268511467e-01
1.000610999134327939e+00
1.001101099094431124e+00
1.001514002689499083e+00
1.000409372592156343e+00
1.000098320595229184e+00
1.000893226987702445e+00
1.000479928134711205e+00
1.000044513238911525e+00
1.000790652548493975e+00
1.000848099266392843e+00
1.000165320484448506e+00
1.000127900721248908e+00
1.000118792516610178e+00
1.000331288061756529e+00
9.997267656027085669e-01
1.000201325280590581e+00
9.999689811750568369e-01
1.000028710575850965e+00
9.994754597907882232e-01
9.991198346816699827e-01
9.995205395654077618e-01
9.999137309401429086e-01
9.997427182261683365e-01
9.999850362153990257e-01
1.000446170984890415e+00
1.000333688312086799e+00
9.997396848002365610e-01
1.000430868239255977e+00
1.000339131758531286e+00
9.996861844890374549e-01
1.000328200885135965e+00
1.000333779872872420e+00
1.000605805927357927e+00
9.998569658180759268e-01
1.000678263112603661e+00
1.000055977907885696e+00
1.000910175124994028e+00
1.000737809431034631e+00
1.000017848250094321e+00
1.000237740510183437e+00
9.997974417918834567e-01
1.000234432759610659e+00
1.000420349837794154e+00
1.000295666158222962e+00
9.999603212389197582e-01
9.999619163884232442e-01
9.999775545996011372e-01
9.998153169155221676e-01
9.995976691633795541e-01
9.999909717804441600e-01
9.998326702138355948e-01
9.998306452830425517e-01
1.000253702426835423e+00
1.000175901265780487e+00
9.994331806454519462e-01
9.996884695408910781e-01
9.999278730579757024e-01
1.000232099345141679e+00
1.000122785833998496e+00
1.000160027948135300e+00
1.000148279386258610e+00
1.000269703024606827e+00
1.000557431782649553e+00
1.000203217137476397e+00
1.000577846112830738e+00
1.000463285882774445e+00
1.000546658280676349e+00
9.999015913849046422e-01
1.000475640951799861e+00
1.000098062863817860e+00
1.000109510606066898e+00
1.000102669516557796e+00
1.000218846672427109e+00
9.995797291869655821e-01
1.000062098553707868e+00
1.000252938240783429e+00
9.998897233917074523e-01
9.998998327376585893e-01
9.999547095187075740e-01
9.997633300436258308e-01
1.000518998437280427e+00
1.000784402821699892e+00
9.997767101370850229e-01
9.999925046629714043e-01
9.997397663209095509e-01
9.998461227396703288e-01
1.000051207793108965e+00
1.000221863737854822e+00
9.998998541188789391e-01
9.995450806637107277e-01
1.000674125548905113e+00
9.999890799297477262e-01
1.000252089315396775e+00
1.000661011745987317e+00
1.000367615924471876e+00
9.998163860105931944e-01
1.000137920773831901e+00
1.000061304288732744e+00
9.997237147011487357e-01
1.000366134604459001e+00
1.000289233308791381e+00
1.000175315475942517e+00
1.000300007229482535e+00
1.000314651229506691e+00
9.999097184613308098e-01
1.000091908481938408e+00
9.998374078453293734e-01
9.999181556174958629e-01
1.000432406133720420e+00
1.000311442224919078e+00
1.000321549734859872e+00
9.999212054361154012e-01
9.998106505634639651e-01
9.996227821753386200e-01
9.999566408494905412e-01
1.000009207477212225e+00
1.000220601058440018e+00
9.999427432946715877e-01
1.000013466336270529e+00
9.998657796024359445e-01
1.000123010306000149e+00
9.992161074529862796e-01
1.000832274806350286e+00
1.000250074019293889e+00
1.000329150476477968e+00
9.971998482851338608e-01
9.867627183515685907e-01
9.760769968916394035e-01
9.646863703665241596e-01
9.536573223790539844e-01
9.430472411060701887e-01
9.323065768629438255e-01
9.209404431327763429e-01
9.100475210504332946e-01
8.998474579287015773e-01
8.894803624873612868e-01
8.787305686923769787e-01
8.685998424433194476e-01
8.582086786407133738e-01
8.478560034432413017e-01
