0.000000000000000000e+00
0.000000000000000000e+00
0.000000000000000000e+00
0.000000000000000000e+00
0.000000000000000000e+00
0.000000000000000000e+00
0.000000000000000000e+00
0.000000000000000000e+00
0.000000000000000000e+00
0.000000000000000000e+00
0.000000000000000000e+00
0.000000000000000000e+00
0.000000000000000000e+00
0.000000000000000000e+00
0.000000000000000000e+00
0.000000000000000000e+00
0.000000000000000000e+00
0.000000000000000000e+00
0.000000000000000000e+00
0.000000000000000000e+00
0.000000000000000000e+00
0.000000000000000000e+00
0.000000000000000000e+00
0.000000000000000000e+00
0.000000000000000000e+00
3.485689111675809720e-02
8.938404188390550731e-01
3.007322026276131322e+00
3.520823646302317034e+00
2.190374549867788456e+00
1.069161036767992456e+00
5.139840032911944245e-01
2.779377489527707912e-01
2.078412721906705840e-01
1.953536343201670578e-01
2.124981636605889901e-01
2.504107417015403736e-01
2.685622865438423990e-01
2.946274821460852511e-01
2.919669082037835706e-01
3.187402450111014862e-01
3.963328644560111802e-01
5.083563598197758937e-01
6.732491353763815356e-01
8.743000803072370486e-01
1.069936030235236979e+00
1.230277332040141225e+00
1.356055099025834876e+00
1.445418839661624766e+00
1.521678185132967265e+00
1.583368815619833780e+00
1.618558698426438180e+00
1.578181511362375389e+00
1.505047529661917904e+00
1.354928818886424358e+00
1.196097322014703535e+00
1.069265575950228309e+00
9.899343927422767919e-01
9.125250871243631989e-01
8.678070708389431509e-01
8.558384539063593754e-01
8.716845045359580268e-01
8.770542157991194632e-01
8.906325977274937022e-01
9.068206787324659679e-01
9.190985667009029525e-01
9.477607865737458503e-01
9.770620059395640489e-01
9.863393622508106473e-01
1.009442208144157194e+00
1.017716048402554474e+00
1.022775270564685313e+00
1.031900035009560179e+00
1.041303494144783848e+00
1.054016629823651074e+00
1.045491068689963221e+00
1.043014495023614208e+00
1.044851814908710264e+00
1.031216977669523027e+00
1.026957598944634453e+00
9.955367399181260790e-01
9.939623459708707420e-01
9.763244829592981899e-01
9.775688106382784959e-01
9.677792197814820696e-01
9.628538437571481090e-01
9.729465792966656146e-01
9.768134385228214311e-01
9.839692238119219780e-01
1.000079844380835636e+00
1.005019329122954996e+00
1.002146710661660389e+00
1.013499046535785375e+00
1.008351225067822377e+00
1.011586204446234261e+00
1.014004256012576155e+00
1.023486631106247158e+00
1.016368899101211420e+00
1.007292829916695887e+00
1.005797466948074925e+00
9.959265812977357024e-01
9.903820233510516324e-01
9.949726547512202091e-01
9.913346304935666264e-01
1.001095549539261054e+00
9.916516650917087672e-01
9.896533298777803189e-01
9.856274491768094448e-01
9.893300873524680794e-01
9.832960667072486727e-01
9.934570883053432944e-01
9.881866768681387692e-01
9.901535160880154951e-01
9.928629057310639494e-01
9.949505191807241911e-01
9.926513864857865466e-01
9.919005689627590217e-01
9.977578932028245973e-01
1.003836863418880343e+00
9.913055680436566597e-01
9.989298948363632968e-01
9.912352894034727191e-01
9.973750164163361909e-01
9.969061595132205911e-01
1.000286406390705984e+00
1.003479184813246716e+00
9.913323845752580743e-01
9.915306644631511901e-01
9.875174532546905359e-01
9.882295528953004560e-01
9.961355677811835063e-01
9.945008106770391043e-01
9.904900891956537334e-01
9.967756857285563488e-01
9.951561238597754766e-01
9.892937346767241014e-01
9.955638407943053769e-01
9.919749348390205501e-01
9.985160965414153766e-01
9.947543691687800171e-01
9.982586576673178058e-01
9.935118862175024157e-01
9.970730258261687462e-01
9.936651155131128732e-01
9.950973312722745101e-01
9.983393684009503888e-01
9.981807404930855832e-01
9.965565873858908130e-01
1.000431438795977179e+00
9.954927478624708836e-01
9.979411717289029538e-01
9.940577172036522136e-01
9.936958447698948094e-01
9.951210643050288907e-01
9.968704404809828334e-01
1.005364992251749134e+00
1.000021989603571138e+00
9.944384122896352540e-01
1.003120085831922914e+00
9.969120125604958860e-01
9.989697926905166669e-01
9.992882488396280793e-01
9.948571209618928268e-01
1.002139604982847043e+00
9.960389521701346061e-01
9.950111765463297564e-01
9.951561179059024154e-01
1.002263812818361410e+00
9.972021670474093824e-01
9.988519140180774913e-01
9.969923399475707493e-01
9.968297739874271146e-01
9.970032908877261013e-01
9.997301227426430570e-01
9.947346041468204669e-01
1.002180747864629851e+00
9.967896453203627383e-01
9.919608779709480073e-01
1.003150745833649049e+00
9.973437743595223726e-01
1.001972851897735328e+00
9.997303769644082516e-01
9.953086805257803649e-01
1.001689680092686441e+00
9.963546598556104472e-01
9.986414138601239499e-01
9.999126981817709758e-01
9.947041806856762314e-01
9.992941059969320250e-01
9.990790383746819270e-01
1.002294290710140201e+00
9.987430785519673115e-01
1.000652837873513556e+00
1.000033517447412201e+00
9.990695576209539519e-01
1.000000525426706810e+00
9.999849535978799775e-01
9.988076729150312527e-01
9.994034651815317805e-01
9.982744088839043961e-01
1.000146739334432322e+00
9.978040449751671703e-01
9.983609696354770469e-01
9.974814876954271048e-01
9.997887339239909243e-01
9.966404211427031257e-01
9.981403910849343530e-01
9.972851927355312895e-01
9.961901793419626339e-01
9.989525294479133510e-01
9.980199358565813306e-01
9.956748557296120072e-01
9.976573599612643672e-01
9.971928833598044939e-01
9.975002543771700481e-01
1.000002779800208241e+00
9.959656898314490636e-01
9.980082051664604936e-01
9.979767188244266229e-01
9.995321372963854589e-01
9.960702236396860032e-01
1.001937744664347152e+00
9.990595167894378292e-01
9.947286839674809311e-01
1.000380936413665989e+00
1.001170084044935571e+00
1.002333935915003638e+00
9.994049631797927713e-01
9.991602519915252500e-01
1.001592587689683178e+00
9.992347274707688021e-01
9.958909092051044798e-01
1.000054976386266281e+00
9.993803034339526770e-01
1.002932682610351733e+00
9.990513542698971072e-01
1.001481605645225814e+00
9.975513470665784421e-01
9.967337360534160862e-01
9.951778796163091023e-01
9.976558134930937349e-01
9.984067824053330931e-01
9.986886762796788330e-01
9.977082334123092977e-01
9.991843485591330731e-01
9.975034356530141366e-01
9.984463967134067364e-01
9.990162848162205123e-01
9.979194243669902153e-01
9.964908520018816995e-01
9.986570060644526237e-01
9.974335497180560894e-01
9.962640580390478284e-01
1.000341912508277087e+00
1.000478033410152179e+00
9.962827604459359998e-01
9.973656082466111350e-01
9.970589232574023075e-01
9.964480737559882062e-01
9.956514104195614001e-01
9.949749794543488735e-01
9.924859242503114576e-01
9.992516914253455340e-01
9.959812327566489598e-01
9.956921817861885682e-01
9.964373354875444289e-01
9.955911668280212901e-01
9.983626858764781398e-01
9.982886790808055411e-01
9.954824913028783584e-01
9.951563911003309393e-01
9.955744161933806069e-01
9.977665438631008188e-01
9.950708556480967193e-01
9.927712257044669641e-01
9.772628788205830475e-01
9.661848954819027835e-01
9.546046996569654830e-01
9.452208823199280685e-01
9.326166829917637013e-01
