0.000000000000000000e+00
0.000000000000000000e+00
0.000000000000000000e+00
0.000000000000000000e+00
0.000000000000000000e+00
0.000000000000000000e+00
0.000000000000000000e+00
0.000000000000000000e+00
0.000000000000000000e+00
0.000000000000000000e+00
0.000000000000000000e+00
0.000000000000000000e+00
0.000000000000000000e+00
0.000000000000000000e+00
0.000000000000000000e+00
0.000000000000000000e+00
0.000000000000000000e+00
0.000000000000000000e+00
0.000000000000000000e+00
0.000000000000000000e+00
0.000000000000000000e+00
0.000000000000000000e+00
0.000000000000000000e+00
0.000000000000000000e+00
3.045417615759808509e-04
3.710882730034911064e-02
9.202068267845934235e-01
3.243016229272519979e+00
3.640626931059018467e+00
2.291809139964729347e+00
1.126240499068827505e+00
5.307927618393752933e-01
2.918071301485659630e-01
2.106279383396661709e-01
2.102684756502742613e-01
2.203492947465974516e-01
2.486477956537893330e-01
2.740448528460069366e-01
2.903353369589605770e-01
2.993731394336169305e-01
3.226679065174156147e-01
4.067687746616714950e-01
5.173057411127742755e-01
6.807447692386680016e-01
8.610789899688140459e-01
1.068259391934012648e+00
1.234354142781438179e+00
1.351549949200825829e+00
1.413984896032539185e+00
1.499123164947065101e+00
1.552102242512962471e+00
1.591949096702114819e+00
1.552113348022881922e+00
1.459631814638092440e+00
1.335715210761596161e+00
1.185929351523371533e+00
1.053720187125080532e+00
9.612080697748843772e-01
8.794266123301730520e-01
8.686542929683382930e-01
8.557602145476168598e-01
8.403867351048541767e-01
8.555983979870520617e-01
8.791000369983661411e-01
9.003926633625082276e-01
9.193885323058980097e-01
9.284508468782348700e-01
9.383420937239187465e-01
9.788630972229942495e-01
9.841295291746268159e-01
1.010885887038280417e+00
1.013562757675045223e+00
1.026838612171239840e+00
1.033234658193370681e+00
1.040204242636659560e+00
1.049395223466763616e+00
1.039228007022638289e+00
1.027223756093914586e+00
1.013175863321975179e+00
1.002079753379658600e+00
1.000077611860814786e+00
9.789621085956344837e-01
9.675956808471232184e-01
9.678698987291515232e-01
9.680650284262219962e-01
9.655353729553675102e-01
9.682877021805635920e-01
9.713313278489592584e-01
9.802467145105622226e-01
9.908057427325790423e-01
9.915314946036283272e-01
9.972298855447921939e-01
9.996095646412244129e-01
1.014019304703870583e+00
1.005959002573424632e+00
1.019882399688104568e+00
1.010457595590484869e+00
1.015107689272616076e+00
1.007169827143597152e+00
9.993259367448675823e-01
9.933671544729311131e-01
9.962323779676355295e-01
9.919932261931293516e-01
9.910420994853424981e-01
9.826460807437824574e-01
9.850656872966556676e-01
9.840783769900772748e-01
9.844759166854992749e-01
9.829523019930014316e-01
9.831496179954885006e-01
9.826996810772823387e-01
9.873281879009024875e-01
9.863649749964409352e-01
9.877800728790681051e-01
9.896787959470071394e-01
9.951464823693618733e-01
9.962537167362054413e-01
9.962655471552569475e-01
1.001941860629002479e+00
9.978538614791317984e-01
9.903885868910314860e-01
9.984022514694600448e-01
1.003306444216578885e+00
9.980324180049067184e-01
9.948382374442367171e-01
9.955073355454671091e-01
9.916209755923173219e-01
9.918610447863505097e-01
9.965131334815601205e-01
9.981129392566527869e-01
9.938249279480051435e-01
9.990034035064591089e-01
9.919475696110080509e-01
9.926224106486891685e-01
9.973212853704970238e-01
9.958091751908040301e-01
9.934982360516994015e-01
9.944367799989937140e-01
9.927285506597757214e-01
1.000380547727803160e+00
9.924703399476412224e-01
1.000050720087292344e+00
9.945994742367094688e-01
9.938281572240970085e-01
9.977373166229931423e-01
9.949080519892989916e-01
9.971057405852227218e-01
9.949760978576216441e-01
9.957066064478963252e-01
1.002259127919221005e+00
9.937305243060414739e-01
9.909387595463609033e-01
9.976703602807899252e-01
9.976096969565677597e-01
9.921975100032024431e-01
9.966935139359303086e-01
9.976796481568221964e-01
9.953691813281054790e-01
9.931465747420322732e-01
9.901754463507723703e-01
9.939362822756858673e-01
9.953974157159800606e-01
9.940125961957516632e-01
9.938591637477512952e-01
9.992436778751356830e-01
9.935992573809695472e-01
9.943160901373655491e-01
9.950297401052204949e-01
9.881933166756128317e-01
9.930683021341837335e-01
9.956921500564104299e-01
9.935565441028828548e-01
9.960729261783846100e-01
9.936856033110903486e-01
9.934969299038574064e-01
9.949575487961082043e-01
9.969728124920314016e-01
9.921657315497616203e-01
9.952817859021912961e-01
9.939488966224878652e-01
9.937066785314203621e-01
9.937202333386460085e-01
9.915165484735244394e-01
9.972180715588686573e-01
9.922165089003963656e-01
9.986558958063403990e-01
9.955127285676618198e-01
9.972627885525312541e-01
9.978855594586073519e-01
9.955020571906322280e-01
9.968112846749460632e-01
9.960447816196642545e-01
9.978059131196739262e-01
9.955077440456141513e-01
9.965530977439089888e-01
9.948223531024266153e-01
9.959066180083612219e-01
9.986100134819041463e-01
9.931302904685122002e-01
1.000029999014847792e+00
9.947365704933623931e-01
9.924345656357066447e-01
1.000040640354785015e+00
9.972779822227295643e-01
9.943465350228107846e-01
9.984425270753448656e-01
9.968819321618410667e-01
9.971690596617929225e-01
9.965174507916298996e-01
9.977447933136588398e-01
9.967088322048359705e-01
9.935674619664902618e-01
9.963035250652437780e-01
9.977937220055144163e-01
9.932405688655706610e-01
9.977676677543009243e-01
9.981006932097832296e-01
9.961516064872910636e-01
9.941350361989682582e-01
9.961398827552375712e-01
9.972854085517914857e-01
9.972294045544277674e-01
9.976880649373601750e-01
9.952913719421863092e-01
9.979834332505822525e-01
9.965582742746124101e-01
9.964272031899145121e-01
9.962140001388363197e-01
9.960503912030850282e-01
9.988022759294840069e-01
9.951786914085067881e-01
9.960219917556093483e-01
9.932390634366849991e-01
9.943569305242812018e-01
9.960579892009627789e-01
9.974075602556454756e-01
9.959072590972816164e-01
9.961308722593327225e-01
9.950847191044619455e-01
9.952133324522145497e-01
9.995188612287867480e-01
9.945123038113750091e-01
9.934683461577126229e-01
9.951275834827065792e-01
9.950077259244448635e-01
9.973290504928504774e-01
9.962311486950206074e-01
9.950646693450242442e-01
9.993618514164241962e-01
9.951938547765620813e-01
9.975897056314037004e-01
9.943606495078435303e-01
9.950053829748743972e-01
9.929773879444008244e-01
9.972083840126269028e-01
9.980184920587196196e-01
9.942756153306597788e-01
9.932435187755092043e-01
9.936258002838039838e-01
9.980017077093986666e-01
9.940640804270243214e-01
9.948816203688856108e-01
9.946522873038172730e-01
9.981421275188693265e-01
9.988931414694238731e-01
9.972598912072159205e-01
9.974197802645834443e-01
9.948130024250065873e-01
9.955978119283401817e-01
9.963335319237914822e-01
9.972385668807139947e-01
9.984281750545367373e-01
9.966140487454993035e-01
9.977619954573145877e-01
9.882636257311865347e-01
9.823259825567232095e-01
9.673609845798820661e-01
9.585283584771581156e-01
9.466294018147717315e-01
9.330995869246224705e-01
