0.000000000000000000e+00
0.000000000000000000e+00
0.000000000000000000e+00
0.000000000000000000e+00
0.000000000000000000e+00
0.000000000000000000e+00
0.000000000000000000e+00
0.000000000000000000e+00
0.000000000000000000e+00
0.000000000000000000e+00
0.000000000000000000e+00
0.000000000000000000e+00
0.000000000000000000e+00
0.000000000000000000e+00
0.000000000000000000e+00
0.000000000000000000e+00
0.000000000000000000e+00
0.000000000000000000e+00
0.000000000000000000e+00
0.000000000000000000e+00
0.000000000000000000e+00
0.000000000000000000e+00
0.000000000000000000e+00
0.000000000000000000e+00
0.000000000000000000e+00
1.012612844506494223e-03
1.687752153458901838e-02
3.543729913928129194e-01
1.279240413171761181e+00
1.719860670373007050e+00
1.286870198929159770e+00
7.027774644106362656e-01
4.077145501418241169e-01
2.470243019617296143e-01
2.052507537730424436e-01
2.137063033032428061e-01
2.150085894270689080e-01
2.327274251806559224e-01
2.052463995390292895e-01
2.068036217089855855e-01
2.031411249286486087e-01
2.546457714950710050e-01
3.004061102670063099e-01
4.266505180040587875e-01
5.586636707931390555e-01
7.637150202506597374e-01
9.361828188236915871e-01
1.051867337171572991e+00
1.236539468980486278e+00
1.357474396517764026e+00
1.412955837603870668e+00
1.526459204652331314e+00
1.578765922705210878e+00
1.537785209849937829e+00
1.473668961236112462e+00
1.353059287719079240e+00
1.242464752423991348e+00
1.117964088468140771e+00
1.005025694580578888e+00
9.369302119920209782e-01
8.878630179660093047e-01
8.550461986827879723e-01
8.838732792432325569e-01
8.702995137786079249e-01
8.857864324414440604e-01
8.716864190079312014e-01
8.903413128017431122e-01
9.372899021665551667e-01
9.370698546113482852e-01
9.329296263103283859e-01
9.566016566658459563e-01
9.720242159212570954e-01
9.829803854064327329e-01
9.956662777735268977e-01
1.017287855004876951e+00
1.027371435419499601e+00
1.046935903925370726e+00
1.023162810349487417e+00
1.021840235917282014e+00
1.029741601189003042e+00
1.004317190481190281e+00
9.744691968948956395e-01
9.951087114607377604e-01
9.821840633224269146e-01
9.773359959442647904e-01
9.728050301567545688e-01
9.636445077432462814e-01
9.820840375149163526e-01
9.823807249922197338e-01
9.877627244176485632e-01
9.697531229019417109e-01
9.959447460390417062e-01
9.945382437090209971e-01
9.760151159436474266e-01
1.005464911316656051e+00
1.017227466426606997e+00
1.011175642519966722e+00
1.016933288102679356e+00
1.018381053530799996e+00
1.015707517005598470e+00
1.013133804924727599e+00
9.979353150476408807e-01
9.937897599374415636e-01
9.987155626967100241e-01
1.006407503788079305e+00
1.006411496820798446e+00
9.886456998329733459e-01
9.793415800409136507e-01
9.805037533774856318e-01
9.816800007857784394e-01
9.920375444643688700e-01
9.983712676286840004e-01
9.922005441682881788e-01
9.786279151292056611e-01
9.949114162959094010e-01
9.992810238108705834e-01
9.891381425267414818e-01
1.000276883317949839e+00
9.962217464705817038e-01
1.002445304850125618e+00
9.880079168312635440e-01
9.969264113048929010e-01
9.917314356166844203e-01
1.005225376042051977e+00
1.001122962765797597e+00
9.918385833483780445e-01
1.005355367442535730e+00
9.926042052116513803e-01
9.832772846202078032e-01
9.729801949944577588e-01
9.796641298228858652e-01
9.942969020054395202e-01
9.827587514925779644e-01
9.979096650959680126e-01
9.819976087825449396e-01
9.929149224160319642e-01
9.829794126641796526e-01
9.745156138364340359e-01
9.691452939582634318e-01
9.970590446104469207e-01
9.799809292203029987e-01
9.910763914911111527e-01
9.827609533559834576e-01
9.867964704221591221e-01
9.855172833796701504e-01
9.890325382690438039e-01
9.831859884385550918e-01
9.817046871386172491e-01
9.863853651965813762e-01
9.918846289221223689e-01
9.997677825458286538e-01
9.856376248071161417e-01
9.863738510746474786e-01
9.892990836787531883e-01
9.866589258505628068e-01
9.836505900193684981e-01
9.828699864971895961e-01
9.876047266643708245e-01
1.000189550611338074e+00
9.921655374803973748e-01
9.995249011265134875e-01
9.978400490283813040e-01
9.992381588525692804e-01
9.886783522036671767e-01
9.887164237387445764e-01
9.935379991315680392e-01
9.933505537393523266e-01
9.963593430327778444e-01
9.920135670717125098e-01
9.944166178079225649e-01
9.861614732862525878e-01
9.954723319571792128e-01
1.003129511791860606e+00
9.908774882941457918e-01
9.951460461075845032e-01
1.001113380233519479e+00
9.964814777641066712e-01
9.914093728422129770e-01
9.951306934621830802e-01
9.928419246847424162e-01
1.000345798414746357e+00
9.952303250608401930e-01
9.994792501366747128e-01
9.941696919304879865e-01
1.000233476228804985e+00
9.867608231858097101e-01
1.002959741644263936e+00
1.007462689185043336e+00
9.973392777262524156e-01
9.917007269735574893e-01
1.002547712240711153e+00
1.002950807654986676e+00
1.000785698820583214e+00
9.966418015322773272e-01
9.985530322182416540e-01
9.976335379977711026e-01
9.923660599234920277e-01
9.987185560737987799e-01
9.997620664726868389e-01
9.955556257686974941e-01
1.000442044336726344e+00
1.002457844121330766e+00
9.937217077257710640e-01
9.988954236455902524e-01
1.004566284711889246e+00
9.974798490502774229e-01
9.932012430051976315e-01
9.986095712209688280e-01
9.975669675714025075e-01
9.941880834419483115e-01
9.988685167784848717e-01
9.973802941378557829e-01
9.907715653034400161e-01
9.982708071494239555e-01
9.936935397503801060e-01
9.968721045078572374e-01
9.998653812344568959e-01
9.952583489553818996e-01
9.926798469614716014e-01
1.007397118779624456e+00
9.997703552566664653e-01
9.928842207417001298e-01
9.921336481774516436e-01
9.987393653844094388e-01
1.001163918915873863e+00
9.900766378885412777e-01
9.969497455800937491e-01
1.001208325687252154e+00
9.936624057458005588e-01
9.975624021834477162e-01
1.000452646980523941e+00
9.941628050666728722e-01
9.971660043773354909e-01
9.943200606717876866e-01
9.929832268785259153e-01
9.901489444191933220e-01
1.001384903586069353e+00
9.967526078558541780e-01
9.963419854764622441e-01
9.969596756593794851e-01
9.923295301330463669e-01
9.939293686625735313e-01
9.984478935534245592e-01
9.905860316675946242e-01
9.953001692609158013e-01
9.911746145747647452e-01
9.992215538963459265e-01
9.930554464746841337e-01
9.935784647701523253e-01
9.920406524713164531e-01
9.888375420113419967e-01
9.949303307779556738e-01
9.872615600173593187e-01
9.975544389761475950e-01
9.928111982736937957e-01
9.900685441485772564e-01
9.943048769235941498e-01
9.937479637815828104e-01
9.928151109492733273e-01
9.975781594936951047e-01
9.995023431041152318e-01
9.940490177411721584e-01
9.884106975272806128e-01
9.956048893610729422e-01
9.928350727302970302e-01
9.973842718386144446e-01
9.964038293669950086e-01
1.001382917163504471e+00
9.928415713433520473e-01
9.966758442404765050e-01
9.961153662478506865e-01
9.938475881276247481e-01
9.921271815125723981e-01
1.001092986403038232e+00
9.942405854213446359e-01
9.945930533752943559e-01
1.000237675989020802e+00
9.990878121157132918e-01
9.966296093490747410e-01
9.953442527172861043e-01
