0.000000000000000000e+00
0.000000000000000000e+00
0.000000000000000000e+00
0.000000000000000000e+00
0.000000000000000000e+00
0.000000000000000000e+00
0.000000000000000000e+00
0.000000000000000000e+00
0.000000000000000000e+00
0.000000000000000000e+00
0.000000000000000000e+00
0.000000000000000000e+00
0.000000000000000000e+00
0.000000000000000000e+00
0.000000000000000000e+00
0.000000000000000000e+00
0.000000000000000000e+00
0.000000000000000000e+00
0.000000000000000000e+00
0.000000000000000000e+00
0.000000000000000000e+00
0.000000000000000000e+00
0.000000000000000000e+00
0.000000000000000000e+00
0.000000000000000000e+00
0.000000000000000000e+00
3.094903381370107606e-02
4.615715847336044342e-01
1.613597597001807715e+00
2.103194155126399956e+00
1.455663408235156053e+00
8.655585445597085981e-01
5.075745718065268752e-01
3.222010261878844872e-01
2.412650035303250950e-01
2.268196852086052928e-01
2.377982308858174743e-01
2.257538700562076728e-01
2.257325949172261370e-01
2.178255161138937801e-01
2.329015183066487082e-01
2.401700637856456211e-01
3.347504900117976856e-01
4.451940398522150621e-01
5.601188984069011001e-01
7.756572626788817981e-01
9.449211868466173003e-01
1.132381998407053336e+00
1.269577127326628530e+00
1.391379294239674547e+00
1.501859162151102156e+00
1.590872107488621623e+00
1.639578137175934813e+00
1.643754211106213337e+00
1.548729169906953640e+00
1.415801306821854677e+00
1.286691139550690144e+00
1.159651249432140485e+00
1.041433786630975966e+00
9.657913497508530121e-01
9.269308777927887100e-01
8.985998421866040475e-01
8.810355481581849668e-01
8.755577575098982823e-01
9.030833282496104619e-01
9.191674977283147419e-01
9.023068015628789018e-01
9.122005021069680142e-01
9.179074991251898741e-01
9.432289252386629741e-01
9.842475557013991017e-01
1.005224857974953645e+00
1.023174545212891084e+00
1.042708109715486442e+00
1.052642717531392602e+00
1.047244683381403085e+00
1.062364055540266028e+00
1.067695890522761815e+00
1.053921259099867891e+00
1.040080596327342954e+00
1.036355884621841472e+00
1.020203304724936810e+00
1.018460198714662424e+00
1.010650251423776957e+00
1.005874486991078731e+00
9.917637328091929438e-01
9.756559959858635001e-01
9.935734658451532697e-01
9.931964805809848640e-01
1.000071030037443798e+00
9.912815491897208897e-01
1.008125604825696353e+00
1.009309959274460322e+00
1.017295629350636554e+00
1.006205789977721254e+00
1.027710101319866842e+00
1.016989344663304706e+00
1.023465708687363307e+00
1.036938576667778333e+00
1.023385893877456487e+00
1.014403514623733349e+00
1.022773304355641955e+00
1.026111000248607352e+00
1.034724808393927331e+00
1.005727530728920627e+00
1.012258294667257807e+00
9.979839724500153553e-01
9.994524719877098118e-01
9.933678529903973153e-01
9.998628431166860508e-01
9.932301234238307686e-01
9.903821325222621486e-01
9.940875544424868648e-01
1.008553442144056511e+00
9.916167263873172377e-01
9.918510440829108044e-01
9.975123272918914319e-01
1.012475195117833904e+00
1.010422525006729355e+00
9.953352995912025936e-01
1.000249732776377076e+00
9.986215097171445843e-01
1.002575208299756326e+00
9.950421375036052618e-01
9.982444484675727647e-01
1.004689830282971874e+00
9.901854466229854657e-01
9.892602738843069288e-01
9.916345361245718637e-01
1.001083953499235735e+00
9.888946917817651450e-01
1.000080272634840783e+00
1.000724387221834100e+00
9.945845548229961253e-01
9.987838408969129667e-01
9.980157369860708227e-01
9.977638266834315539e-01
1.003824070099255561e+00
9.930893133429200548e-01
9.894629755725731224e-01
9.886083872094727498e-01
9.968574136992427448e-01
1.005232454952380561e+00
9.938940371724016565e-01
9.954534507750463224e-01
9.981830130228562803e-01
9.903722573873822155e-01
1.000361707701399538e+00
9.969702485892087962e-01
9.949648397629692331e-01
9.983625752876172932e-01
1.007696844983238194e+00
1.004834001642963770e+00
1.006460723213686848e+00
1.001117910540058498e+00
9.981715229785205201e-01
9.968320581961226390e-01
1.003093294988223860e+00
9.817712218801429858e-01
1.004607827599937497e+00
9.954524445776267161e-01
1.003795574708409299e+00
9.939736329145910654e-01
9.951823595608743078e-01
9.993309797626439561e-01
9.912589154244151324e-01
9.915053000200989564e-01
9.923090396101349464e-01
9.894048181098483719e-01
9.909705000297561739e-01
9.946746555677787871e-01
9.941942223829366432e-01
9.904704742979699716e-01
9.980133442911739428e-01
9.909987741016326179e-01
9.882703924270745954e-01
9.803174932425130494e-01
9.976518403366525511e-01
9.876626846339527921e-01
9.924503858924463850e-01
9.880750012537047322e-01
9.925733277892980766e-01
9.911392582962305076e-01
9.965630740626580941e-01
9.932006030847484457e-01
9.969350642904213355e-01
9.963663324702582980e-01
9.956218360311537285e-01
9.965053946823125841e-01
9.962143557057975274e-01
9.955477865697436313e-01
9.933499852628024929e-01
9.903618943531776742e-01
9.953866816977449128e-01
1.002084247147468243e+00
9.987525214294740161e-01
9.922806476055030522e-01
9.901099490071179066e-01
9.973273863657859950e-01
9.909951266888635812e-01
9.940787204569833113e-01
9.976851274363476296e-01
9.998066372798740664e-01
9.977347528109316022e-01
9.950254684861827847e-01
1.002834179920050639e+00
9.983042315256106525e-01
9.979300213134664199e-01
9.989413114690958162e-01
9.924891813446568012e-01
9.934576971554778257e-01
9.905645183114609731e-01
9.968275462119252639e-01
9.975689477917975001e-01
9.947744424287023879e-01
9.954494811097589491e-01
9.954934698289772399e-01
9.949097674143998482e-01
9.944191930061192508e-01
9.960426170538069224e-01
9.881260643614160344e-01
9.956836666653955392e-01
9.899869493613615568e-01
9.909847669706914886e-01
9.963690276339673968e-01
9.933288615875879302e-01
9.951181383856894103e-01
9.983775602592360743e-01
9.931147992302348237e-01
9.946337566830212307e-01
9.984817441910702751e-01
9.910418053293121865e-01
9.971937619520844232e-01
9.909178518924300905e-01
9.919952180698865529e-01
9.989569146609384998e-01
1.000442699249171730e+00
1.000256602646022008e+00
9.926621465396913147e-01
9.942081876802022489e-01
9.965597287099431378e-01
9.963875451478706458e-01
9.941009383332249927e-01
9.983059070874571450e-01
9.972743958998006031e-01
9.943577031841369651e-01
9.897101276021227356e-01
9.950837343868950136e-01
9.913577481614627152e-01
9.912358512219818785e-01
9.869065401148862104e-01
9.950171744619790148e-01
1.000871374532869895e+00
9.957990131007758983e-01
9.899515816374061528e-01
9.895228332939368654e-01
9.911730894843969741e-01
9.882877076087794865e-01
9.896854011751688995e-01
9.953849643986180107e-01
9.920477820321391693e-01
9.946756000159984179e-01
9.962500693245017747e-01
9.927820329375370845e-01
9.929155985400697215e-01
9.925891498569827665e-01
9.907557418793199178e-01
9.868231931373750987e-01
9.874260071856034715e-01
9.890175114718002813e-01
9.921789041693449551e-01
9.897088675709526662e-01
9.864677040266612851e-01
9.931009139918652862e-01
9.890166306152959885e-01
9.908926238278698007e-01
9.899500455929445275e-01
9.865147441988384447e-01
9.921729491375144150e-01
9.915362386963189056e-01
