0.000000000000000000e+00
0.000000000000000000e+00
0.000000000000000000e+00
0.000000000000000000e+00
0.000000000000000000e+00
0.000000000000000000e+00
0.000000000000000000e+00
0.000000000000000000e+00
0.000000000000000000e+00
0.000000000000000000e+00
0.000000000000000000e+00
0.000000000000000000e+00
0.000000000000000000e+00
0.000000000000000000e+00
0.000000000000000000e+00
0.000000000000000000e+00
0.000000000000000000e+00
0.000000000000000000e+00
0.000000000000000000e+00
0.000000000000000000e+00
0.000000000000000000e+00
0.000000000000000000e+00
0.000000000000000000e+00
0.000000000000000000e+00
0.000000000000000000e+00
0.000000000000000000e+00
2.156850385475376011e-02
4.780733871358653353e-01
1.632904015461639879e+00
2.012943034893010630e+00
1.473224605351231675e+00
8.083978943429290798e-01
4.950567463586260653e-01
2.963500342078861927e-01
2.346025489354296445e-01
2.315014784049664875e-01
2.086099517732835917e-01
2.407189684109214411e-01
2.199352237744377769e-01
2.038755800173654709e-01
2.148113067134811982e-01
2.458834122140035050e-01
3.051848896361887276e-01
4.218328970278470424e-01
5.564076706567423480e-01
7.437717819027745980e-01
9.128503049780668510e-01
1.075646821102251405e+00
1.223819613246261984e+00
1.336952809328867176e+00
1.437929999938099224e+00
1.517964998732751924e+00
1.554596862921820088e+00
1.543045762264013465e+00
1.510223266032752587e+00
1.394500082197313029e+00
1.265319488881961885e+00
1.123486695222133847e+00
1.033830074850203173e+00
9.874661687362477069e-01
9.014726483532832235e-01
8.910274468700829509e-01
8.612258449600709298e-01
8.784151900073453589e-01
8.889085784212558128e-01
8.819307041383743773e-01
9.029663352416765765e-01
9.002612980486017769e-01
9.305937635972172384e-01
9.445034555402013199e-01
9.384386199822367658e-01
9.671252413971873629e-01
9.882445037303456692e-01
1.003597219945286945e+00
1.018605714102449156e+00
1.017451916361447273e+00
1.027714096851733983e+00
1.033054035321516517e+00
1.025605917719824012e+00
1.011013028133983527e+00
1.014101953495817554e+00
9.780653260554806883e-01
9.818833851465904594e-01
9.854280085729254512e-01
9.821662833884984289e-01
9.693267381584803610e-01
9.765322151659525662e-01
9.787698021392368108e-01
9.606440507545637164e-01
9.760502600994733768e-01
9.824228654627509272e-01
9.883639175309717473e-01
9.861993228384596799e-01
9.900030191095101628e-01
1.000727047682230531e+00
9.899893675376454372e-01
1.023753794761751879e+00
1.001891640281389773e+00
1.011859913561844015e+00
1.003464867512495751e+00
9.968321216647952898e-01
9.914793281373901479e-01
9.977419218376458732e-01
9.916509427771739160e-01
9.883835883185351223e-01
9.839962145692435769e-01
9.888893662476264668e-01
9.931460387495425479e-01
9.860570449348242672e-01
9.848277461726142601e-01
9.875267054430736380e-01
9.853089185759738022e-01
9.908714467979659046e-01
9.882124450798108750e-01
9.983051462047440872e-01
9.864748186816322262e-01
9.883437297812610600e-01
9.942043620806199078e-01
9.947086669466947972e-01
9.996228832178210011e-01
9.943041247616953848e-01
1.011733331062239394e+00
9.894015517235581481e-01
9.846278568506716677e-01
9.856579973658790017e-01
1.008400336826283938e+00
9.916148757527467605e-01
9.966621753665388939e-01
9.936150931546127163e-01
9.893647161374319321e-01
9.977349586876151921e-01
9.948822117897393458e-01
9.946276292144318187e-01
9.818152325899514032e-01
9.933377419742361880e-01
9.940474189729330279e-01
9.962911195942771858e-01
9.867642469932322857e-01
9.858883343574266211e-01
9.964092430520586907e-01
9.795067869621045809e-01
9.955133910547664389e-01
9.924882657671318942e-01
9.913695099206472072e-01
1.000500994647304687e+00
9.988666129923929882e-01
9.815943273816570835e-01
9.965740807208774976e-01
9.952932870175250635e-01
9.999394847570114431e-01
9.978903836144326078e-01
9.952054752445506081e-01
9.974326339315083834e-01
1.001390273352606108e+00
9.884692889706231389e-01
9.905869452151929710e-01
9.963615491443884586e-01
9.922722612596814873e-01
9.901465508814029093e-01
9.865720883122862661e-01
9.992191927155048559e-01
9.889791943485108927e-01
9.992672895701077973e-01
9.886334245706013268e-01
9.932736581393383224e-01
9.914299078281046951e-01
9.929322633572293944e-01
9.924032293561646512e-01
9.901001849247651476e-01
9.943614998087756396e-01
9.982284572318271820e-01
9.983102577310264403e-01
9.931658971809431691e-01
9.903051669861553385e-01
1.000119389855605112e+00
1.001477739130044897e+00
9.959969036542772880e-01
9.973695869667008607e-01
1.002390497344329168e+00
9.936854378475642458e-01
1.002455937380059003e+00
9.942390897852492193e-01
1.001387896881853035e+00
1.001202511051988653e+00
9.995885724920655635e-01
9.954629233301753866e-01
1.002842958047141630e+00
9.987689059838719130e-01
1.002064813260956422e+00
9.927823691606367795e-01
9.951453440610722456e-01
9.954832690078428969e-01
9.971112667200071611e-01
1.006110798969154230e+00
1.001867846174230969e+00
9.964181163964070942e-01
1.003171919696408843e+00
9.988473868662028909e-01
9.920849984750181871e-01
9.960481072745259734e-01
1.005174851683195536e+00
9.885071072323708963e-01
9.995677672149543280e-01
9.997240522818616748e-01
9.931677347695246905e-01
9.976864996466021651e-01
9.957079281884414490e-01
9.928797427726193670e-01
1.001028725648338114e+00
9.970924503296284547e-01
9.889791519873829539e-01
9.956390555197889292e-01
9.955666823182064418e-01
1.000523588668828179e+00
1.000878834253024596e+00
9.953839392280081633e-01
9.929265172399173167e-01
9.946488426767733371e-01
9.938701385356306650e-01
9.953061692606165467e-01
9.899157711795608661e-01
9.919786382584997453e-01
9.952948889315557102e-01
9.935678343327379869e-01
9.955693743196338819e-01
9.984807738644425612e-01
9.914296155114669107e-01
9.953310816374653092e-01
9.979532957221488587e-01
9.993291849066613386e-01
9.952512820720694764e-01
1.000915067107838619e+00
1.001290977611577038e+00
9.968642912391405542e-01
9.891708751868895089e-01
9.963688164959887406e-01
9.943429115853514855e-01
1.003209773906099445e+00
9.977441615993946078e-01
9.963534209770696926e-01
9.965454260670899567e-01
9.985069339868861693e-01
9.912520017363990465e-01
9.943350301736040286e-01
1.002931374212964188e+00
9.959467779659648690e-01
9.953507498447429214e-01
9.963338480178929313e-01
9.974182339717755363e-01
9.987706652205129432e-01
1.001045871964862943e+00
9.998692911023689955e-01
9.929672646101636024e-01
9.922819279226031686e-01
9.933866835539224560e-01
9.896817142231839615e-01
9.959847816113674979e-01
9.996670926164910043e-01
9.957620814684858823e-01
1.001892888948249016e+00
9.917115585042407533e-01
9.924628485740765171e-01
9.988610596591053215e-01
9.936749011291207134e-01
9.952225534855367872e-01
9.936260675290133904e-01
9.882140923517045428e-01
9.919304898889999000e-01
9.895802637909156818e-01
9.963782097248586878e-01
9.936245119168377604e-01
9.945208265249134705e-01
9.993685473405207187e-01
9.909997312777371059e-01
9.982672273320465361e-01
9.983311683856637142e-01
9.985403671554103910e-01
9.955902974637349523e-01
9.941852450754272708e-01
9.994857329767700138e-01
