0.000000000000000000e+00
0.000000000000000000e+00
0.000000000000000000e+00
0.000000000000000000e+00
0.000000000000000000e+00
0.000000000000000000e+00
0.000000000000000000e+00
0.000000000000000000e+00
0.000000000000000000e+00
0.000000000000000000e+00
0.000000000000000000e+00
0.000000000000000000e+00
0.000000000000000000e+00
0.000000000000000000e+00
0.000000000000000000e+00
0.000000000000000000e+00
0.000000000000000000e+00
0.000000000000000000e+00
0.000000000000000000e+00
0.000000000000000000e+00
3.115055624127025300e-05
3.636381631116818863e-02
1.038641051262867432e+00
3.377216834916228816e+00
3.307007115903785266e+00
1.819643664612301537e+00
8.236487972217733100e-01
3.733152402054165653e-01
1.935432184770432273e-01
2.248456395638535055e-01
8.591753838143254551e-01
1.763726062501364433e+00
1.921408778503431947e+00
1.446776639835761324e+00
9.734633178765397243e-01
6.893732284690734513e-01
5.811934631327676515e-01
5.718440990295163839e-01
6.301498313232137827e-01
7.152370880370543249e-01
8.120463921626926984e-01
9.163225980716105390e-01
1.008022469127447973e+00
1.089436458563612931e+00
1.151545168688884679e+00
1.199672366040885452e+00
1.222493123339607690e+00
1.227916862054372560e+00
1.209574138972230095e+00
1.174364401663243518e+00
1.135214552412702416e+00
1.093201842909709454e+00
1.052098818478760300e+00
1.015984332131123269e+00
9.834384994810816405e-01
9.587379975875944815e-01
9.435504965433022528e-01
9.316064373353298844e-01
9.248618504014900488e-01
9.181274912177369574e-01
9.186482262435869961e-01
9.223159145317840757e-01
9.330199400915403229e-01
9.456644984574547053e-01
9.607600250485941462e-01
9.729327628170901798e-01
9.847807453329536775e-01
9.965220665629263008e-01
1.001886340649938978e+00
1.012297169124336316e+00
1.017055558394376558e+00
1.018276100155529384e+00
1.023186591495339082e+00
1.024348723600882138e+00
1.024549394867544594e+00
1.023883955357739017e+00
1.020242759860300108e+00
1.016058222830529267e+00
1.014329663624203626e+00
1.010732499040827514e+00
1.006704919134736587e+00
1.004761482323620170e+00
1.000744087134301408e+00
9.995987951533967797e-01
9.977484794841793292e-01
9.974982741122284668e-01
9.958160443489062486e-01
9.954666272216553535e-01
9.973176974094811742e-01
9.948266698024154087e-01
9.956299399244539217e-01
9.961966104761071916e-01
9.976829736847949714e-01
9.987201779798280388e-01
9.990826728208688223e-01
9.977904778601335289e-01
9.961774086437765741e-01
9.965641120329420399e-01
9.954720789957676175e-01
9.962511875583672794e-01
9.953815196480464422e-01
9.955529522828657774e-01
9.982725086577950435e-01
1.000564702654388238e+00
1.001628738369970906e+00
1.003034558798070242e+00
1.003483935448884479e+00
1.003272306569181760e+00
1.002594877519686456e+00
1.003298640861675750e+00
1.001693881387404339e+00
1.002242545855895894e+00
1.002210023029815655e+00
1.002197862770599190e+00
1.001787051198701706e+00
1.002084740299967303e+00
1.001862374749706408e+00
1.001218344692609508e+00
1.000388932186356383e+00
9.988147411720518232e-01
9.990646897499321222e-01
9.979276044923118816e-01
9.962318985062385002e-01
9.964993229473586567e-01
9.962976672919748866e-01
9.965773386677224677e-01
9.973152641825124842e-01
9.975470845172276224e-01
9.986274504018320952e-01
1.001213554576163789e+00
1.001434134303978762e+00
1.000602020957227278e+00
1.002175571487446515e+00
1.002844537460138685e+00
1.004081343916830127e+00
1.003828965032654619e+00
1.002940691297106834e+00
1.004155244345068310e+00
1.002353854739545636e+00
1.001888793440765646e+00
1.001913099113854511e+00
9.997423661694974095e-01
9.993658844382784512e-01
9.992820458643256742e-01
9.975164059318651910e-01
9.975431933278122720e-01
9.970004388276872964e-01
9.970793765287381261e-01
9.975158378385631242e-01
9.971118203486813991e-01
9.983129161685942998e-01
9.986812908050871629e-01
9.999749243788136344e-01
1.000149092522968353e+00
1.000931890758203213e+00
1.000704612404662797e+00
1.002150603503869197e+00
1.002315697092208691e+00
1.001726599907518667e+00
1.002152972765153693e+00
1.002097058186844913e+00
1.001948610478593071e+00
1.001785921989848616e+00
1.000779573313149928e+00
1.000850507271805467e+00
1.000643012473585669e+00
9.996895684780217062e-01
9.997097792570648345e-01
9.994292000720028657e-01
1.000096693479083809e+00
9.993918616475048200e-01
9.987447061170381390e-01
9.988547731838162136e-01
9.995266601216031832e-01
9.998292698818832536e-01
9.987001626244935704e-01
1.000130524234719598e+00
9.996459073056908062e-01
9.997210307802020246e-01
1.000122150218390349e+00
1.000511510207734434e+00
1.001460392232035534e+00
1.000745921993058785e+00
1.000380437713392023e+00
9.999677122379398986e-01
1.000084099742977628e+00
1.000417185788541996e+00
9.998227897900868744e-01
1.000049898087155054e+00
1.001088164332867514e+00
9.993280452538235714e-01
1.000031629254679810e+00
1.000360170173185459e+00
9.999654870686791597e-01
1.000652788201211951e+00
1.000093025973114225e+00
1.000689328976916981e+00
1.000115069021992431e+00
1.000300255056471022e+00
9.998305940646738943e-01
1.000737348596175691e+00
1.000962403899641862e+00
9.997022826340481449e-01
9.991419405730300740e-01
1.000409342705812943e+00
1.000226013475169484e+00
1.000569049700010371e+00
9.998255293081339534e-01
1.000359648443000848e+00
1.000091771893141468e+00
1.000019333048608239e+00
9.993299805335412733e-01
9.994764132016548119e-01
9.993878242581736293e-01
1.000109896893347061e+00
9.995533269315033387e-01
1.000551868005955525e+00
1.000113798945283294e+00
1.000323753752476286e+00
1.000855119543079930e+00
1.000009400702143614e+00
9.999955969844782633e-01
1.000280048480634898e+00
1.000101428626216649e+00
1.000232983612625581e+00
1.000443639439198007e+00
1.000658806178363891e+00
1.000232720952494159e+00
1.000383253504787184e+00
1.000500396513937407e+00
1.000173932734180537e+00
9.998326181608527818e-01
9.993179740139462863e-01
9.998884329455828279e-01
9.995768409356969864e-01
9.995226198878814916e-01
9.998472218071623452e-01
9.997692692256063829e-01
1.000035204473367134e+00
9.998470824752675457e-01
1.000114210335501408e+00
9.998639926878428730e-01
1.000089087782269903e+00
1.000376692498670561e+00
1.001069676258214969e+00
9.999404542915424354e-01
1.000407349489208508e+00
1.000240586104398810e+00
1.000694622451187454e+00
9.997354348519010836e-01
9.999746780331398854e-01
1.000135765948051869e+00
9.996363555301481796e-01
1.000331104898314338e+00
9.997014186119116408e-01
1.000045074952841784e+00
9.997272919282159664e-01
9.999414374506873093e-01
9.996476728391773259e-01
9.998175502858770436e-01
1.000487999429770403e+00
9.997739433513834761e-01
9.996009387005806435e-01
9.996586040960838693e-01
9.996849512774529378e-01
9.997349209149452021e-01
1.000064239164875524e+00
1.000015410072391919e+00
9.998355839784105470e-01
1.000004419877321471e+00
9.997549406565758856e-01
1.000160282705185644e+00
1.000237670366377341e+00
9.971942663951285368e-01
9.867123767418520819e-01
9.763583640908825023e-01
9.653338984239994147e-01
9.553204949170365223e-01
9.440832660129256926e-01
9.333858790213496182e-01
