0.000000000000000000e+00
0.000000000000000000e+00
0.000000000000000000e+00
0.000000000000000000e+00
0.000000000000000000e+00
0.000000000000000000e+00
0.000000000000000000e+00
0.000000000000000000e+00
0.000000000000000000e+00
0.000000000000000000e+00
0.000000000000000000e+00
0.000000000000000000e+00
0.000000000000000000e+00
0.000000000000000000e+00
0.000000000000000000e+00
0.000000000000000000e+00
0.000000000000000000e+00
0.000000000000000000e+00
0.000000000000000000e+00
0.000000000000000000e+00
1.556740849550253218e-05
3.548209718591301826e-02
1.045521317927624150e+00
3.378365579666204876e+00
3.310862392716410252e+00
1.820605814352408869e+00
8.193009467479467345e-01
3.712059601820292265e-01
1.899736404714619797e-01
2.282807107054061202e-01
8.544367707518932820e-01
1.766725407989192531e+00
1.913636353487334851e+00
1.448266966836113667e+00
9.739719524902050729e-01
6.905097910610931145e-01
5.811650177671348061e-01
5.744352997974860875e-01
6.289309171408276056e-01
7.127159719242323055e-01
8.160321142468363043e-01
9.137396559226264037e-01
1.011074100979010071e+00
1.087865924995988554e+00
1.152955792498485676e+00
1.199995432085653402e+00
1.220534866374501703e+00
1.227519744615964692e+00
1.208064493705289344e+00
1.176708536389171389e+00
1.133876378018588982e+00
1.089765478859761938e+00
1.050847912776116999e+00
1.012601971336293927e+00
9.832059577469260958e-01
9.569960062044843285e-01
9.415733340343371838e-01
9.313435337518473078e-01
9.209089754687397322e-01
9.144549935361386828e-01
9.177192699788241370e-01
9.231370342297843257e-01
9.316607156000703549e-01
9.438625179307049695e-01
9.614683663623071475e-01
9.747853660068571680e-01
9.847625774604444882e-01
9.956408569961033850e-01
1.000530867756632691e+00
1.009444824677069308e+00
1.014810464431506798e+00
1.021079217057790700e+00
1.022888711050968347e+00
1.023610712256617816e+00
1.024820436828236980e+00
1.022357606118327489e+00
1.019688134525357226e+00
1.016870685892755866e+00
1.012619387751559463e+00
1.009893619348175120e+00
1.004361556224416585e+00
1.001794951151219193e+00
1.000638383103847673e+00
9.988534792615268998e-01
9.973304961432728488e-01
9.947744190459303359e-01
9.934099242681234676e-01
9.956003696623364485e-01
9.947594242339847792e-01
9.944106093794259360e-01
9.959393956222891697e-01
9.968179365862809282e-01
9.972668273871333477e-01
9.960831285222232490e-01
9.984283960464456209e-01
9.977541161963292549e-01
9.976963615251894790e-01
9.959476979753193460e-01
9.955969930425404568e-01
9.942871461551058276e-01
9.959559638495149025e-01
9.961747814829038372e-01
9.973776127094852173e-01
9.981655555452061401e-01
1.001107671483418171e+00
1.002802310051828183e+00
1.003229597676839280e+00
1.002936955922563600e+00
1.002481279457379637e+00
1.001206906500428540e+00
1.002893526957996384e+00
1.002147212065074511e+00
1.003129049945640894e+00
1.002366037710919366e+00
1.001370724237711896e+00
1.001357205324765465e+00
1.001803095642302743e+00
1.001953738215109579e+00
1.001094097884606349e+00
9.987472158141813550e-01
9.982056923062505582e-01
9.993298340914992250e-01
9.958288298646976733e-01
9.961747276806108831e-01
9.958947463248246645e-01
9.966313401618527301e-01
9.972427559885223003e-01
9.980473476440402392e-01
1.000632518693782780e+00
1.000131377107961628e+00
1.000657266339131768e+00
1.002830048678930330e+00
1.002273005945491846e+00
1.003502074528217491e+00
1.002625607580808431e+00
1.003829270666163120e+00
1.003727025477390900e+00
1.003820931486532064e+00
1.002466877674876633e+00
1.002883923145571732e+00
1.002010491409550230e+00
1.001024230095163059e+00
1.000794699624341533e+00
9.989045680960144669e-01
9.984511293258528930e-01
9.982662510483297780e-01
9.975759763798039970e-01
9.970134993245668431e-01
9.979708475750351804e-01
9.974222083576372855e-01
9.982874877122296375e-01
9.987531469833119679e-01
9.996857609306369907e-01
9.991758116168902859e-01
1.000953576221989438e+00
1.001803995329046959e+00
1.001490632995485353e+00
1.002510135876771624e+00
1.002949433540753832e+00
1.001859333514937278e+00
1.001120045710602202e+00
1.002938853233559469e+00
1.001844988545203874e+00
1.000279545469363374e+00
1.001169391011667908e+00
9.999130983350177360e-01
9.997582677936305284e-01
1.000065736942282291e+00
1.000370636574282157e+00
1.000839027160738137e+00
9.997697160489869006e-01
9.999242101637388913e-01
9.999599962879365256e-01
9.997228878164285959e-01
9.994231570089590067e-01
9.992129738940270789e-01
9.996714050949622177e-01
1.000034297955096463e+00
1.000292241073828858e+00
1.000986030890123724e+00
1.000945727819453346e+00
1.000889436841137625e+00
1.000411205063026721e+00
1.000661429874570851e+00
1.000084706301367143e+00
1.000872267980857488e+00
1.000616811640795190e+00
1.000710022586509984e+00
1.000047908004648489e+00
1.000516387832306453e+00
1.000300398639612398e+00
1.000234722605586546e+00
1.001230302160015961e+00
1.000487841780152376e+00
9.996149668019492784e-01
1.000332969170504516e+00
1.000454354978870475e+00
1.000302574458431515e+00
1.000692607763646436e+00
9.999472075689257444e-01
1.000427852802403761e+00
1.000098232362362172e+00
1.000491784370943771e+00
1.000054130495265259e+00
9.998079577698523179e-01
9.994287136098443103e-01
1.000005800814917523e+00
1.000139500661001657e+00
1.000315098282368087e+00
1.000107373440267011e+00
9.999867650898668359e-01
1.000049575380383304e+00
1.000144441777232274e+00
1.000173702231994977e+00
1.000533830361969745e+00
1.000101384652139158e+00
1.001404938039904602e+00
1.000594297587354742e+00
1.000401785069862104e+00
9.996326042417826852e-01
1.000476767950244428e+00
1.000255485741026407e+00
1.000389521325961928e+00
1.000847900743806473e+00
1.000707562683208263e+00
1.000150733377800139e+00
1.000545163894600575e+00
1.000365426596350638e+00
1.000334228955867655e+00
1.000392431934331583e+00
9.998546748671123252e-01
1.000402753328418326e+00
1.000258871882078848e+00
1.000163923374433272e+00
1.000076573298736671e+00
9.999460230801786587e-01
1.000172310256319141e+00
9.996887056970849006e-01
1.000210014058679153e+00
1.000101991622840414e+00
1.000152593526951961e+00
9.999022723304413773e-01
9.997313256358548728e-01
1.000209270928170247e+00
1.000290005294629747e+00
1.000294654152158458e+00
1.000471775728825063e+00
1.000322292304002492e+00
1.000622822679317903e+00
1.000555395883588217e+00
9.998151096710362618e-01
1.000283207661962992e+00
1.000460577402713769e+00
1.000079930326222888e+00
1.000104228082030033e+00
1.000101816828406820e+00
1.000193760193878623e+00
9.999104876542965759e-01
1.000069534241265545e+00
1.000242884293096601e+00
9.999722678456990366e-01
1.000270667279658410e+00
9.994844620144995861e-01
9.999698442646812735e-01
9.996283305400480712e-01
1.000320802483054106e+00
9.998269577476226466e-01
9.998660440967257479e-01
1.000091926205807669e+00
1.000096201563321463e+00
9.997886063042473737e-01
1.000281925820451168e+00
1.000247174146904117e+00
9.964464461851190169e-01
9.864411764600191646e-01
9.757384866440544924e-01
9.651245720438024200e-01
9.549108832408619296e-01
9.435421379047574941e-01
9.333350084535375624e-01
