0.000000000000000000e+00
0.000000000000000000e+00
0.000000000000000000e+00
0.000000000000000000e+00
0.000000000000000000e+00
0.000000000000000000e+00
0.000000000000000000e+00
0.000000000000000000e+00
0.000000000000000000e+00
0.000000000000000000e+00
0.000000000000000000e+00
0.000000000000000000e+00
0.000000000000000000e+00
0.000000000000000000e+00
0.000000000000000000e+00
0.000000000000000000e+00
0.000000000000000000e+00
0.000000000000000000e+00
0.000000000000000000e+00
0.000000000000000000e+00
0.000000000000000000e+00
3.398311326498398149e-02
1.044721719631347190e+00
3.399336975063058208e+00
3.333070220982266463e+00
1.822857115965113906e+00
8.247957937345117285e-01
3.713055275164075519e-01
1.927270382921892344e-01
2.224493459190525768e-01
8.376746874848609581e-01
1.743165797791038640e+00
1.911655808397468626e+00
1.456036014810403900e+00
9.617807734357127769e-01
6.727854316481760577e-01
5.490627166866154374e-01
5.385733849072185109e-01
5.925504182455603175e-01
6.783007041424522487e-01
7.855413268247115610e-01
9.015246326353163475e-01
1.002027162265043181e+00
1.093468474094880127e+00
1.170493346792801592e+00
1.218304469229849474e+00
1.250036662343420479e+00
1.260135773995284314e+00
1.233812410161493345e+00
1.195014197610215545e+00
1.147564571984068360e+00
1.098151837672177944e+00
1.052105101490069972e+00
1.014329500783956339e+00
9.827804844288462460e-01
9.568018743576399698e-01
9.405854687305571504e-01
9.262417109445379992e-01
9.207488755985616669e-01
9.183719904041394155e-01
9.139346308019734577e-01
9.174555862976162546e-01
9.320779057230252906e-01
9.396966697422282078e-01
9.618022142231507088e-01
9.721818376667676898e-01
9.859792831302344185e-01
9.972419004502803830e-01
1.008039096182808514e+00
1.017147911413407879e+00
1.023726579280413551e+00
1.025186419529101833e+00
1.028290495245625102e+00
1.023304222620748272e+00
1.024441772679000717e+00
1.019928933930068782e+00
1.011947990045421131e+00
1.009627706630480848e+00
1.005155228791923427e+00
1.002226149550651257e+00
9.994277601674635969e-01
9.997342193318572434e-01
9.974088437790954442e-01
9.956895179176783461e-01
9.995487456153636652e-01
9.989109400208058265e-01
9.979244455413072146e-01
9.979786311767083751e-01
1.003145153756301866e+00
9.971422983886687463e-01
9.978439551487946479e-01
9.992321685675217280e-01
9.982628210964600290e-01
9.980001653137700046e-01
9.968596821218069781e-01
9.969529246926461807e-01
9.988899226697455225e-01
9.962419414705769860e-01
9.958883592393492634e-01
9.971147898749004312e-01
9.974588364275709385e-01
9.980082335788956760e-01
9.984091331937464675e-01
9.966262041845340702e-01
9.990008697555404771e-01
9.993645506903323650e-01
1.002866794807125039e+00
1.001652474820142968e+00
1.001674938723997821e+00
1.001495400234681199e+00
1.002187281337849845e+00
1.001115236704305023e+00
1.003159556411404196e+00
1.002210315297504595e+00
1.002340331360001446e+00
1.002374371125995145e+00
1.000776324329209155e+00
9.994558766847895237e-01
1.000338116186920256e+00
9.985999366769221508e-01
9.989486337675406169e-01
9.985318837856805851e-01
9.997216116309729506e-01
9.985715787139167743e-01
9.982007915236850160e-01
9.994575977606762196e-01
9.993069836301560205e-01
9.991597108473615485e-01
1.000678572066413974e+00
9.982210854061969174e-01
1.000340594934418625e+00
9.997432247742937816e-01
9.999201938955382118e-01
1.001540116025084526e+00
1.001471721195442033e+00
1.000156501101176376e+00
1.000829370834593224e+00
9.998038282962539158e-01
1.001464452116167303e+00
9.998937099103735182e-01
1.001249430359886894e+00
1.000410863765995195e+00
9.990719533688660059e-01
9.986517588545841262e-01
1.000330833638515937e+00
9.999479191766080799e-01
9.998781388778226198e-01
1.002257626375527622e+00
9.997096017074952323e-01
9.997590593085132760e-01
1.001292824075226129e+00
1.000179769069057256e+00
9.993687434082524357e-01
9.997016604092837655e-01
9.987552982757905706e-01
1.000386219131337739e+00
9.990075699666778331e-01
1.001418635716332162e+00
9.992244341310022593e-01
9.997799031309272388e-01
9.999216177605863010e-01
1.001464079927979256e+00
1.000102566464961873e+00
9.997328644661338526e-01
9.997982138607235392e-01
1.001006315857116746e+00
9.993017502897216797e-01
1.000211325620572245e+00
1.000911743961047984e+00
1.000380135552505489e+00
1.000523664386486766e+00
1.000368716776484312e+00
9.998316967912654896e-01
1.000223293750053921e+00
9.997571715146127413e-01
1.002068665502729328e+00
9.994456559943641905e-01
1.000275554557053637e+00
9.984809124054344620e-01
1.000518893537485132e+00
9.993412662681427916e-01
9.995271811040387089e-01
9.998700496973822460e-01
9.992820594111985200e-01
1.000239286896072777e+00
9.999392240294758816e-01
1.000573139246928145e+00
9.999139146423963176e-01
1.000371634541437293e+00
1.000327456879781307e+00
1.000218742371913327e+00
9.998762049794742701e-01
9.999077076321691848e-01
1.000592102713467213e+00
9.995960818360553057e-01
1.000014082761300660e+00
1.000395652139148162e+00
1.000894442936798523e+00
9.997904958645443818e-01
9.997435612709907327e-01
1.000213295562385474e+00
1.000091186926126419e+00
1.000115522066100882e+00
1.000564567004739391e+00
1.000363195490875379e+00
1.000239403419370232e+00
1.000195765894456912e+00
9.999360577480695955e-01
1.000841587306004143e+00
9.990923042033347246e-01
1.000675796045665367e+00
9.996849591854777284e-01
1.000202045591664479e+00
9.991894171013897541e-01
9.997721352513804227e-01
1.000188014541674830e+00
1.000583380099253628e+00
1.000242865999182218e+00
9.998288206640678633e-01
1.000240239120797625e+00
9.993336262237411116e-01
1.000346682467850190e+00
1.000548746861198435e+00
1.000480407058626620e+00
1.000834755942813903e+00
9.996669672722454658e-01
9.999369386111721658e-01
1.000399724897918174e+00
9.998972758769283375e-01
1.000040903390136737e+00
1.000047115157142619e+00
1.000355278441809048e+00
1.000460168827606244e+00
9.996499855081365515e-01
9.998235068387054669e-01
9.994762554483366257e-01
9.994704003677611359e-01
9.995800569257015100e-01
1.000237313267248629e+00
9.996689526057853659e-01
1.000410050610074375e+00
9.991845969648512904e-01
1.000646782257982315e+00
1.000120531038701355e+00
9.995623628066487854e-01
1.000057690562566659e+00
9.999648477767071331e-01
1.000016479450581697e+00
9.995952113460627730e-01
1.000099361319039426e+00
1.000199360446774266e+00
1.000484011241332905e+00
1.000510410206834289e+00
1.000232126717400583e+00
9.993534181378622705e-01
9.996662307751970067e-01
1.000370294573816654e+00
1.000151095809139967e+00
1.000137404836307198e+00
9.999012247251251040e-01
1.000796657419758651e+00
9.998483083703644247e-01
1.000495767921491419e+00
1.000446540201406220e+00
9.999220847000853674e-01
9.999984155549296316e-01
9.999553895429316164e-01
9.995376832493145791e-01
9.996014495316236648e-01
9.996498860115826668e-01
9.999817376656343626e-01
9.999462233416023249e-01
1.000342806788146133e+00
1.000392335699979762e+00
9.996411493001232662e-01
1.000571217383308120e+00
1.000495090982386204e+00
1.000178389598531448e+00
9.999827979777095033e-01
1.000275700507475163e+00
