0.000000000000000000e+00
0.000000000000000000e+00
0.000000000000000000e+00
0.000000000000000000e+00
0.000000000000000000e+00
0.000000000000000000e+00
0.000000000000000000e+00
0.000000000000000000e+00
0.000000000000000000e+00
0.000000000000000000e+00
0.000000000000000000e+00
0.000000000000000000e+00
0.000000000000000000e+00
0.000000000000000000e+00
0.000000000000000000e+00
0.000000000000000000e+00
0.000000000000000000e+00
0.000000000000000000e+00
0.000000000000000000e+00
0.000000000000000000e+00
2.701839056640997774e-05
3.485623671630902476e-02
1.038770726019091040e+00
3.406916243573044678e+00
3.339105677903333902e+00
1.827129657749065217e+00
8.121544320199820532e-01
3.722494899914869926e-01
1.895040756196202936e-01
2.201317938745985803e-01
8.366789169332876641e-01
1.739983054650172223e+00
1.906543778185521010e+00
1.455627892666126799e+00
9.714536172871772735e-01
6.712214997781174031e-01
5.499390744964317568e-01
5.382104898617624533e-01
5.889385235555779641e-01
6.828522116892876692e-01
7.908009001392259929e-01
8.999752586690774603e-01
1.002615478817421302e+00
1.092970751145271313e+00
1.165772843979714590e+00
1.221129165759221369e+00
1.250649624452417008e+00
1.257043561510294838e+00
1.231789222847318843e+00
1.195849318913511761e+00
1.146341010497545332e+00
1.099597522057762511e+00
1.053122814427799536e+00
1.012995996087138195e+00
9.867661605508365463e-01
9.570770364005430908e-01
9.415567693825783735e-01
9.319342622472290838e-01
9.191617733894228426e-01
9.156961153337890291e-01
9.135657393136132898e-01
9.212823321236760510e-01
9.262998393804776631e-01
9.439332585152514499e-01
9.606778249809087011e-01
9.737308622436675609e-01
9.865948540213319573e-01
9.988206379679754887e-01
1.006250503221812531e+00
1.014234139817909552e+00
1.020700499705118558e+00
1.027537130383388009e+00
1.029358783141920641e+00
1.024714532700911507e+00
1.025029641752146059e+00
1.021219145056856625e+00
1.014749099976544722e+00
1.009461985513996352e+00
1.005233718910140794e+00
1.001887489107888829e+00
9.994933151439432395e-01
9.972544972330124047e-01
9.957092014009925052e-01
9.977286786934653762e-01
9.996143952112919173e-01
9.999261469439338912e-01
1.000159758674270982e+00
1.002419199894915680e+00
9.990756757274059652e-01
9.998993402836271471e-01
9.998355051362949331e-01
1.000459336178102676e+00
9.998497271894939420e-01
9.984837856603573369e-01
9.966157036134511982e-01
9.963473012984642718e-01
9.963747150396206065e-01
9.951902765754244706e-01
9.986017667531738029e-01
9.960033217760854152e-01
9.977480194441886718e-01
9.970152305746903254e-01
9.970808418646964766e-01
9.996696619287498420e-01
9.991724761846534353e-01
9.994806843033809951e-01
9.993578778784568684e-01
1.000573166044863349e+00
1.001700452235597449e+00
1.003333060049743874e+00
1.002878858691383268e+00
1.002779146757219131e+00
1.002214911763813943e+00
1.003488635326306611e+00
1.001718693858634213e+00
1.001724554465102557e+00
1.001403537087018680e+00
1.000319021443337730e+00
1.002565518275551737e+00
9.984989007455528087e-01
1.000442389294851520e+00
9.988534851728820829e-01
9.982878374412107458e-01
9.973682118136403263e-01
9.999525080976224833e-01
9.988382503671424661e-01
9.997255735322809755e-01
9.990839378122527981e-01
9.992737286491127913e-01
1.000058385671573014e+00
9.994420464874634868e-01
9.996455411570343008e-01
9.999748723633939962e-01
9.998540261900338288e-01
1.000161074725114618e+00
9.989664882328372908e-01
1.000053377927726306e+00
1.000350145394342416e+00
1.001653654533874560e+00
1.000590740849358617e+00
1.000663489054057109e+00
1.001862235361423936e+00
1.000383095429401292e+00
9.996937430064063435e-01
9.998222952432009869e-01
1.000245560775323117e+00
1.000684255481959273e+00
1.000147931745270835e+00
1.000599734574099342e+00
9.997665724548621125e-01
1.000648579799933824e+00
1.000614236780100530e+00
1.000045475536219586e+00
9.992238807871904882e-01
1.000008215187886407e+00
9.993277537113351983e-01
9.994250218719202827e-01
9.997038747134966430e-01
9.996619822182540860e-01
1.000661686075617895e+00
9.993436131109471043e-01
1.000728408994200569e+00
1.000772225310795349e+00
9.991631291453769714e-01
1.000352346920350799e+00
9.992673143124677360e-01
1.000818963904094305e+00
9.995366274375822035e-01
1.000029710054081367e+00
1.000060553516201045e+00
9.994311909611069966e-01
9.995245657107213466e-01
9.998802676166849146e-01
1.000350019493306819e+00
9.989516657256947152e-01
1.000416070142694291e+00
9.998613151980282332e-01
1.000484684786026923e+00
9.999157334348781623e-01
9.985536090090629813e-01
9.996598451531734097e-01
9.997027558173032791e-01
9.997136834775153247e-01
9.995604410204895762e-01
1.000053389727610709e+00
9.994594726048882105e-01
1.000226048861074357e+00
9.990077353263568938e-01
1.000171373975702549e+00
9.999620362519691108e-01
9.999169523942119664e-01
1.000568939914229238e+00
1.000822457656607378e+00
1.001561748465362944e+00
1.000358804180007555e+00
9.999492903172877423e-01
9.989245030396818326e-01
9.995423916199229764e-01
9.999850371571190610e-01
9.995516661843444339e-01
9.988613367664810339e-01
9.992075553694030887e-01
1.000115003638725630e+00
9.998040650361398329e-01
9.998614199696670424e-01
9.994714975902644349e-01
1.000281958682770700e+00
1.000248082516456138e+00
1.000533004579910568e+00
9.993626707638886275e-01
1.000571917399270205e+00
1.000096438578589986e+00
1.000074485191504881e+00
9.995949779100140598e-01
9.999389009448054200e-01
1.000260550954286787e+00
1.000217173840312723e+00
1.000191120603769246e+00
1.000489970811491824e+00
9.993516335867557165e-01
9.998822274565475343e-01
1.000509741546217857e+00
9.997413244267857602e-01
1.000305222008754047e+00
1.000111659831786071e+00
1.000045885975918036e+00
9.995562151986225885e-01
9.997796894992634353e-01
1.000534329866689554e+00
1.000074833006581621e+00
1.000627457997053771e+00
1.000788244629943868e+00
9.987385927509512262e-01
1.001378694905034505e+00
9.996982520002948291e-01
1.000227861565455845e+00
9.997333011942975967e-01
9.999351958737648927e-01
9.991110767747365395e-01
1.000394806426613270e+00
9.994188924267647378e-01
1.000238847757714211e+00
1.000695756280027160e+00
1.000107968150284243e+00
1.000249735697340103e+00
9.998628897588780484e-01
9.998471171068853414e-01
1.000391111125492172e+00
9.997346296432674251e-01
9.999681458690629077e-01
1.000638622912770392e+00
1.000351691024454093e+00
1.000542005785654887e+00
9.999465807097939196e-01
9.996730885496615260e-01
1.000466453092989871e+00
1.000520580171506912e+00
1.000440582398538281e+00
1.000009471466113853e+00
9.992137702856245252e-01
1.000554810514431736e+00
9.998278193031999717e-01
1.000158914699016410e+00
1.000157522964136847e+00
9.998231894591642632e-01
1.000448119055387775e+00
1.000967572227059899e+00
1.000102430670138931e+00
1.000218764003158567e+00
9.998931911934553218e-01
9.989714301254618567e-01
9.994871094767633357e-01
9.996647420885150792e-01
1.000708966861187710e+00
1.000002164520547687e+00
9.991924530289008066e-01
1.000278285431717817e+00
1.000274565739790011e+00
1.000724194978122261e+00
9.996085240797324412e-01
