0.000000000000000000e+00
0.000000000000000000e+00
0.000000000000000000e+00
0.000000000000000000e+00
0.000000000000000000e+00
0.000000000000000000e+00
0.000000000000000000e+00
0.000000000000000000e+00
0.000000000000000000e+00
0.000000000000000000e+00
0.000000000000000000e+00
0.000000000000000000e+00
0.000000000000000000e+00
0.000000000000000000e+00
0.000000000000000000e+00
0.000000000000000000e+00
0.000000000000000000e+00
0.000000000000000000e+00
0.000000000000000000e+00
0.000000000000000000e+00
2.702596633329504259e-05
3.435002269481349929e-02
1.045142049611676782e+00
3.401639676890266362e+00
3.333419002284036647e+00
1.827379954562302178e+00
8.256452724554631528e-01
3.725190830475795800e-01
1.899487716820643657e-01
2.202065696550643270e-01
8.403446902898156212e-01
1.744111295933567840e+00
1.904723211720987353e+00
1.456612977055498970e+00
9.669733562980190600e-01
6.719505108107782787e-01
5.499397995976564868e-01
5.331674502897687518e-01
5.916096339748383448e-01
6.795345061695344802e-01
7.899145760278016848e-01
9.013488665663305088e-01
1.001248903952191904e+00
1.091974534228074445e+00
1.164814772769148687e+00
1.219260301670655355e+00
1.251168411245965562e+00
1.253927133719999309e+00
1.234882429072419185e+00
1.193120185022132906e+00
1.151081088351128212e+00
1.098663774664563553e+00
1.054065160319278105e+00
1.013343533209843272e+00
9.810269707139164241e-01
9.635852951788245191e-01
9.433971902787040564e-01
9.306322790782816101e-01
9.199041246670019989e-01
9.161197231804749652e-01
9.130491204653423676e-01
9.179185354131790264e-01
9.291564792840624198e-01
9.435387045153124097e-01
9.560404300825884327e-01
9.750656545241778161e-01
9.831005480947366815e-01
9.978466135644091795e-01
1.006740850678752963e+00
1.016973789437985110e+00
1.017098986956382234e+00
1.025140995360753537e+00
1.026055516821104741e+00
1.024787371971271677e+00
1.025607685471557895e+00
1.018964602809831366e+00
1.013014893329820421e+00
1.008984719841036437e+00
1.006044647721999974e+00
1.005283236254212564e+00
1.001736907067227511e+00
1.000007112266134035e+00
1.000793503252618954e+00
9.979074191669915495e-01
9.964327724991525193e-01
9.979563952460852594e-01
9.988764179496302242e-01
9.991467431450611336e-01
9.987190896305554455e-01
9.995642246664159236e-01
9.996123744360764229e-01
1.001169976141808027e+00
1.000391627347466228e+00
9.983544379376114719e-01
9.962553017733556393e-01
9.978622647453274652e-01
9.976543918173629288e-01
9.955565547556414208e-01
9.956818522187096399e-01
9.948724057382649644e-01
9.968412152072464449e-01
9.971282858063990062e-01
9.983584049466668331e-01
9.999637481533676375e-01
9.985944280237734061e-01
1.001708287260371533e+00
1.000415293644663972e+00
1.000771147448267673e+00
1.002699257536929567e+00
1.002495481329036098e+00
1.002740469885913255e+00
1.000689164883561633e+00
1.003084730117794088e+00
1.001381152884338599e+00
1.001050767054562529e+00
1.000763024609611973e+00
1.001648333010076941e+00
1.000983753614921090e+00
9.998898223169678801e-01
9.992824203036524411e-01
9.995947643913739578e-01
9.984602264488501300e-01
1.000542784231762683e+00
9.990101032525886549e-01
9.997557816059797764e-01
9.986437356546237210e-01
9.980103855886478526e-01
9.989084567788270030e-01
9.977858468245879298e-01
9.995774181457747209e-01
9.993427372229054528e-01
9.991302881728821861e-01
9.986984437904706802e-01
9.997564013899672419e-01
9.998104181302169824e-01
9.995045978635743733e-01
1.000718499147959850e+00
1.001228484619282932e+00
1.000228362447712849e+00
9.996034006092160418e-01
9.991681762607813599e-01
9.998498725966057377e-01
1.000392273645047014e+00
9.995625136352642714e-01
1.001518252647643603e+00
9.996696155127848815e-01
9.993610752249609819e-01
1.000530706202561237e+00
1.000633546353305814e+00
9.992936497659082873e-01
1.000937179176787373e+00
1.000903710812943492e+00
1.000970167143814482e+00
9.990836459348776399e-01
9.990241416184219014e-01
9.994031255019650839e-01
9.989107383261919271e-01
9.992194179739052329e-01
9.996976489277912270e-01
9.994370063239856883e-01
1.000134923380199048e+00
1.000122681134361535e+00
9.995006855200062601e-01
9.990536079920302459e-01
9.997080203823662803e-01
9.995802664440902596e-01
9.992855133236402398e-01
1.000277257941321052e+00
1.001212348132600738e+00
9.999044441471212075e-01
1.000129552039036085e+00
1.001353219948652340e+00
9.995204077943972143e-01
9.994304532008954078e-01
1.000684847929111054e+00
9.992493128274181347e-01
9.999086535018296695e-01
9.988538866218122925e-01
1.000308053563958799e+00
1.000248811357790757e+00
1.000742441579758113e+00
9.997858155720686923e-01
1.000688081160436838e+00
1.000523203010894147e+00
9.990753423793901078e-01
1.000846973077224700e+00
9.993480545639690238e-01
1.000360627371816635e+00
1.000267664113116073e+00
9.993199679200619467e-01
1.000012322142593613e+00
1.000575967291180701e+00
9.992677186444184345e-01
1.000209086600512887e+00
1.000257634420872455e+00
1.000801226505827479e+00
1.000146636621848772e+00
1.000081562034258686e+00
9.996354781352400076e-01
1.000312299680087724e+00
9.990074663173080793e-01
1.000485438639328706e+00
1.000343347539954131e+00
1.001182475412301542e+00
1.000500605446596580e+00
9.993425950021573856e-01
1.000328265179641463e+00
9.995700201085591097e-01
1.000824260864747961e+00
9.992908830665855335e-01
1.000017980922612182e+00
1.000479963550084950e+00
9.999886152026929986e-01
9.993708411272297365e-01
9.997568345845490034e-01
9.995063035160964837e-01
9.992885005007761112e-01
1.000098637243802324e+00
1.000664616903138793e+00
1.000263732689367746e+00
1.001385720784748967e+00
9.992519227285672212e-01
9.997862149460537973e-01
1.000336681038411557e+00
1.000923562314234072e+00
9.999686299887696750e-01
1.000745456996786187e+00
9.999937352046216477e-01
1.000213940241785782e+00
9.997110121063904620e-01
9.992090750063863380e-01
1.000296867441950788e+00
1.000226781839785417e+00
1.000131202133334396e+00
1.000296487306929771e+00
9.994839659052138225e-01
1.000610736416349678e+00
1.000520280266460338e+00
1.000285916868830283e+00
9.999843318690795346e-01
1.000136508074901398e+00
1.000375171893252979e+00
1.000185485814500064e+00
1.000768892365837548e+00
9.995777802599564721e-01
1.000674388506806789e+00
9.997677628651061577e-01
9.996913313207156371e-01
9.994395235948142497e-01
1.000154366304983000e+00
9.997133305915252288e-01
1.000920435419802912e+00
1.000237595524318124e+00
1.000148294242196201e+00
9.992537686496822946e-01
9.999999201170818308e-01
9.992787477174986943e-01
9.998192455412112656e-01
1.000206906235256987e+00
1.000452968561438727e+00
1.000351736421160931e+00
1.000101685181376210e+00
1.000033631185831995e+00
1.000441723166488162e+00
1.000477973080615035e+00
1.000242108813139685e+00
9.999294612546311134e-01
1.000162818151638655e+00
1.000486927504872448e+00
1.000453366883220285e+00
1.000222487022232043e+00
1.000395054572593478e+00
9.999112319409833027e-01
1.000174950593703649e+00
1.000137224204394881e+00
9.996152539728320185e-01
9.999504363485552938e-01
1.000604749678544625e+00
9.999099894839498237e-01
1.000076684231495427e+00
