0.000000000000000000e+00
0.000000000000000000e+00
0.000000000000000000e+00
0.000000000000000000e+00
0.000000000000000000e+00
0.000000000000000000e+00
0.000000000000000000e+00
0.000000000000000000e+00
0.000000000000000000e+00
0.000000000000000000e+00
0.000000000000000000e+00
0.000000000000000000e+00
0.000000000000000000e+00
0.000000000000000000e+00
0.000000000000000000e+00
0.000000000000000000e+00
0.000000000000000000e+00
0.000000000000000000e+00
0.000000000000000000e+00
0.000000000000000000e+00
0.000000000000000000e+00
0.000000000000000000e+00
0.000000000000000000e+00
0.000000000000000000e+00
0.000000000000000000e+00
0.000000000000000000e+00
2.579076236017293147e-02
5.164524699447213818e-01
1.781509454112024882e+00
2.235878990476272588e+00
1.653769755899080485e+00
9.309404763257133064e-01
5.118452677908633675e-01
3.404597465198712647e-01
2.779938378925954079e-01
2.676917832558256549e-01
2.723661564823255388e-01
2.873207753244740315e-01
2.769588148683618800e-01
2.669393408989838568e-01
2.596585468443495248e-01
2.803750729542101583e-01
3.522645172242688805e-01
4.410167293663925792e-01
5.719570961370359363e-01
7.477382193185172499e-01
9.135091864585997978e-01
1.061665347422958927e+00
1.210542618020272521e+00
1.304525990443822669e+00
1.408243027548961912e+00
1.490595868822115699e+00
1.535902913282994664e+00
1.533035570509856615e+00
1.482177732929768954e+00
1.396856476875644848e+00
1.278551784095014465e+00
1.171760229446027202e+00
1.061843568252733405e+00
9.989230973852374351e-01
9.434812566601055162e-01
9.221721800322705276e-01
8.889881883215648983e-01
8.901210323881583175e-01
8.780564263764975008e-01
8.984550399163516721e-01
9.147305406607756373e-01
9.200746965942612210e-01
9.292526042241855411e-01
9.574031797517834619e-01
9.739258329079072407e-01
9.816847348980668464e-01
1.001712371465804274e+00
1.008396543967088332e+00
1.020232894173665805e+00
1.028392944303577750e+00
1.030958491525168608e+00
1.034799370802077956e+00
1.034937322609422283e+00
1.028700866894163735e+00
1.015046829763497138e+00
1.007136557097678464e+00
9.948864399684408388e-01
9.822565380764041176e-01
9.817867376124119749e-01
9.740364477030502011e-01
9.763710978775027582e-01
9.823599069232101799e-01
9.788086114844068986e-01
9.803559263610492902e-01
9.852971582181373478e-01
9.956698244854198521e-01
9.901750713487044164e-01
9.934663212246396258e-01
1.001321305320747479e+00
1.013603341449985651e+00
1.007250543050054459e+00
1.007042465404322629e+00
1.012585901846599468e+00
1.011499074237799611e+00
1.009103996579442164e+00
1.011695795670639608e+00
1.006408163130515065e+00
1.006348872055534693e+00
9.985584933809418251e-01
1.000346882302406870e+00
9.968779087135732908e-01
9.920952168312041630e-01
9.930466736457594923e-01
9.926395552917950393e-01
9.911407237768541378e-01
9.886188287158703680e-01
9.884884555624900981e-01
9.888197245325044404e-01
9.951212702269308652e-01
9.997839670316638339e-01
9.981308117533937985e-01
9.972868855787682119e-01
9.993411030535784834e-01
9.969529643667468521e-01
1.004482896769774314e+00
1.005064782043317617e+00
1.003354531639532254e+00
1.001398516180565856e+00
1.002638173883065198e+00
1.002784443548102367e+00
1.002580383013954801e+00
1.003043037845290586e+00
1.004317113817879914e+00
1.003248889587358361e+00
1.003550623234549244e+00
1.003362937342384464e+00
9.975982267388526781e-01
9.979589627491242121e-01
9.975194409310114141e-01
1.000787736067340727e+00
9.967426330409320245e-01
1.005863942962205826e+00
1.003285723381095229e+00
9.976646865381961771e-01
9.970979970203075471e-01
9.998266014015897429e-01
1.004743429606018479e+00
1.002878659627537861e+00
9.994912819534084170e-01
1.000313180752753661e+00
9.975667032758660513e-01
9.989726504462074219e-01
1.000185801586141343e+00
1.003311618341118594e+00
1.004077733325803301e+00
9.976473432399607377e-01
1.001459528492541384e+00
9.992434844081953260e-01
9.952766488903124209e-01
1.001168309891052433e+00
9.985032893115719510e-01
9.951240912673043892e-01
9.966615136530302399e-01
1.001592853921580151e+00
9.978222638578934101e-01
9.967717693755629993e-01
9.958486935171799725e-01
9.958919521483551307e-01
9.976360126603133205e-01
9.968768254597286660e-01
9.992110972091237109e-01
1.001283487180079979e+00
9.979016012380864664e-01
9.996707006397865802e-01
9.962626211911981278e-01
9.972395203544160980e-01
9.956919210867737347e-01
1.001592772703758127e+00
9.969358984077920649e-01
1.001034416382732495e+00
9.983082084389403033e-01
1.000161372982731001e+00
1.001214551003863917e+00
9.978695744800268885e-01
9.983773441508826396e-01
9.988185560749449632e-01
1.000340470121767078e+00
9.994526617220360620e-01
9.981454003178064083e-01
9.998616489037692734e-01
1.002339454682002140e+00
9.994020256822130355e-01
9.962776776157803438e-01
1.003274072733726818e+00
9.951238452260829925e-01
9.997541737751934887e-01
1.001062563010613360e+00
1.000274957738227055e+00
1.002992689223284328e+00
9.969098650270159512e-01
9.993813966377360636e-01
1.000404079447488659e+00
1.000615264060222387e+00
1.001745526472287873e+00
9.990097988336261725e-01
9.980106023170113305e-01
9.988106891469386017e-01
1.001470174693750659e+00
1.002138839170808593e+00
1.000876225277538500e+00
1.000950258021134465e+00
1.002061927970675947e+00
9.997398446029808206e-01
1.000660061808728463e+00
1.001978831357859479e+00
1.002193709828876900e+00
1.001733996909434543e+00
9.994863181628721449e-01
1.003521796760660667e+00
1.000753872897292007e+00
9.975991537564442568e-01
1.000656255422109897e+00
9.981027538783980857e-01
9.991348017601416887e-01
1.001245409339325265e+00
9.978587058443095792e-01
1.001157299937652345e+00
9.975567231029243143e-01
1.000786137541907150e+00
1.002024852855714521e+00
1.000416919107558478e+00
9.987786841494195045e-01
1.001784406085212353e+00
1.000030291962735518e+00
9.983531610524655209e-01
9.992822281510036486e-01
1.001778911481651324e+00
1.001215953991420937e+00
9.996430514297628411e-01
9.983227072584974771e-01
1.001150531985991909e+00
9.993553643280540522e-01
1.001231571441893342e+00
1.002035611957669659e+00
9.989279334766898444e-01
1.001837161422376665e+00
1.000346755968216872e+00
9.997924712927257485e-01
9.985412551760423083e-01
1.000502643059717700e+00
1.000657135965590916e+00
9.990860159619655567e-01
9.994547982308753520e-01
9.992515060896329793e-01
9.993809988667464728e-01
9.997631805175209996e-01
1.000102753487974505e+00
9.986593784219141012e-01
1.000320246158466153e+00
1.000424520335631007e+00
9.983372651764356176e-01
9.953600022908608569e-01
9.994560130855161262e-01
1.000320958928669457e+00
9.990132186908619039e-01
9.993135116536233653e-01
9.988211058615334981e-01
9.900954245652726637e-01
9.814697461724507521e-01
9.691399932915621962e-01
9.551434291072887772e-01
9.478535306218403012e-01
9.360034868958284626e-01
9.225133892453690754e-01
9.159973369731351234e-01
9.021016259846252883e-01
8.926218408778197055e-01
8.842194063411136229e-01
8.722147962858107784e-01
8.620046350595730322e-01
8.495891331862657214e-01
8.398894088117878631e-01
8.296903953980345747e-01
8.191554796158133644e-01
