0.000000000000000000e+00
0.000000000000000000e+00
0.000000000000000000e+00
0.000000000000000000e+00
0.000000000000000000e+00
0.000000000000000000e+00
0.000000000000000000e+00
0.000000000000000000e+00
0.000000000000000000e+00
0.000000000000000000e+00
0.000000000000000000e+00
0.000000000000000000e+00
0.000000000000000000e+00
0.000000000000000000e+00
0.000000000000000000e+00
0.000000000000000000e+00
0.000000000000000000e+00
0.000000000000000000e+00
0.000000000000000000e+00
0.000000000000000000e+00
0.000000000000000000e+00
0.000000000000000000e+00
0.000000000000000000e+00
0.000000000000000000e+00
0.000000000000000000e+00
0.000000000000000000e+00
3.125937083574752834e-02
5.487165383605588920e-01
1.879031056732622496e+00
2.389903303088791731e+00
1.754017739664710751e+00
9.836607499827438872e-01
5.421956285379470053e-01
3.596797812478569334e-01
2.765758920123735365e-01
2.688400293539803809e-01
2.707146293173346985e-01
2.715776401225941106e-01
2.729423704817404706e-01
2.634470827597129583e-01
2.689794822394644402e-01
2.905964070377488606e-01
3.568398226631618320e-01
4.512433790382276433e-01
5.772531584456792597e-01
7.381017114397240286e-01
9.110726701323719201e-01
1.068259406607257933e+00
1.201860121024841188e+00
1.304294974330823198e+00
1.412273211960135333e+00
1.486584767779503879e+00
1.542005757129163213e+00
1.528014560962838164e+00
1.482379376680248884e+00
1.394922663055426781e+00
1.282056320741278288e+00
1.164569492591269295e+00
1.056478130110202418e+00
9.983430817023446480e-01
9.342459265776883459e-01
9.222471326026628891e-01
9.053525708755636447e-01
8.877523832280791449e-01
8.878924262563366865e-01
8.974185889224921553e-01
9.108792263629358343e-01
9.266107690330879221e-01
9.475583187085769854e-01
9.510035756706297638e-01
9.755748587641104308e-01
9.867637649379872311e-01
1.005603098573702114e+00
1.009777935634738943e+00
1.028897150660039284e+00
1.032970443718753684e+00
1.041997610923973694e+00
1.035762528273022731e+00
1.026216888483496348e+00
1.021778983358124337e+00
1.021923000273826432e+00
1.002295940882240943e+00
9.963436840380508475e-01
9.869561524858410095e-01
9.860875609625218141e-01
9.763934302200076853e-01
9.711102880558087902e-01
9.726934635729089784e-01
9.779067700177787037e-01
9.834983251477713573e-01
9.850421202329598946e-01
9.864713657380161926e-01
9.969447287899657617e-01
9.993693777826672120e-01
1.004273166121985028e+00
1.011372857661052560e+00
1.010386528984192012e+00
1.007470840300707771e+00
1.020737553931840624e+00
1.012851473418586279e+00
1.008753184686569382e+00
1.009441967738489154e+00
1.007093709442101082e+00
1.006271111546621411e+00
9.998232003821954095e-01
1.000883455591050630e+00
9.988908769000811594e-01
9.989182355363791510e-01
9.948246634630647511e-01
9.935292716661215939e-01
9.873626717945491738e-01
9.937916370433180768e-01
9.950209761433862488e-01
9.955716826381394435e-01
9.924518712554496469e-01
9.942817161620799427e-01
9.901997930427877126e-01
9.955178726022874125e-01
9.958687668623315004e-01
9.970424984108724464e-01
9.967899630542688127e-01
1.007178439850554552e+00
1.005289092026099285e+00
1.000851162667895977e+00
1.004204318209026114e+00
1.003307447157691934e+00
9.987104985608380447e-01
1.001414776379640381e+00
1.001766987101406103e+00
1.001338189614939589e+00
9.954102308851885406e-01
1.004610372900627047e+00
1.000640219292300737e+00
9.983694541873678885e-01
9.998726339705653610e-01
9.984959269417341687e-01
9.994450628758726474e-01
1.001191039287051332e+00
9.978547947665153961e-01
9.980335364616385041e-01
1.003460397728731524e+00
1.001750294656803097e+00
9.997655827706373177e-01
1.003995888707633455e+00
1.001913718599940939e+00
9.957603156224352769e-01
1.000464996676220686e+00
1.003521420698592070e+00
9.953800325440720353e-01
1.000875128316552676e+00
1.001831351323670516e+00
9.994800787858266755e-01
1.004361014662402463e+00
1.000082587856476968e+00
9.978493400017949266e-01
9.995786500921713946e-01
9.997819549060821265e-01
9.968700278371401824e-01
9.966387430875878195e-01
9.993437241936748983e-01
9.936079783098111795e-01
1.002867140543323599e+00
1.000453061867201843e+00
9.996580079461063750e-01
1.000957286441644722e+00
9.988813746002606075e-01
9.973967901400171421e-01
1.000926683104170101e+00
9.980782113968155178e-01
9.969724506699553235e-01
9.973458814587159438e-01
1.001977778279796949e+00
9.960077394207891288e-01
1.002549987873367909e+00
9.966813025534129178e-01
1.000529851945809012e+00
1.000892872527834099e+00
9.976020836509533751e-01
9.978621060201130488e-01
9.976298604632658495e-01
9.983925788714685945e-01
9.971697122079932196e-01
9.994178480437203582e-01
9.969274952833291348e-01
1.000240535137972175e+00
9.968451658995330922e-01
9.973541045534812799e-01
1.000120087546013448e+00
9.950845319332916050e-01
9.993824100359242069e-01
9.970432715512712596e-01
9.974956751389264520e-01
9.983063108563294819e-01
9.987422164953643211e-01
9.994644438928713681e-01
9.964158916612890771e-01
9.986434959021254221e-01
1.000117514758012360e+00
9.971377222681945263e-01
1.003310766102712526e+00
1.000422082545708857e+00
9.988687731064997966e-01
9.987478171806353222e-01
9.969124695789638446e-01
9.994815013760884881e-01
9.964627906558422010e-01
9.977874661938337386e-01
9.988145290916199404e-01
9.973155791904020351e-01
9.999279675810053281e-01
9.954518456119200165e-01
9.988972487825877877e-01
9.967840751859059489e-01
1.001073322047653757e+00
9.983978280308752895e-01
9.991006406543517793e-01
1.001051723595602239e+00
9.989311062258687812e-01
9.986954801242999835e-01
1.000364750935226699e+00
9.991677951605795194e-01
1.000368408983600910e+00
9.994217060670265163e-01
9.999653110789207267e-01
9.964661451800465031e-01
9.993067829105461986e-01
9.986817513495951371e-01
9.997137462511348494e-01
9.978180874302438053e-01
9.971842626150088096e-01
1.000578421798845596e+00
1.001314552146642667e+00
9.990768918768094808e-01
1.000659966033313086e+00
9.976295589347000670e-01
9.967041842521510153e-01
1.000035379638744226e+00
9.992221103798445414e-01
9.997063683040479098e-01
9.971594262827250255e-01
9.989590964897152592e-01
9.994718037315053483e-01
1.000602485353331961e+00
9.998704633224009264e-01
1.000421285676720951e+00
1.000758830889522333e+00
9.986234090847515565e-01
9.987915730467604725e-01
9.978584912819205011e-01
1.001211084005992680e+00
9.984146172435824917e-01
9.986588245450548351e-01
9.989228532324917476e-01
9.955949970333068944e-01
1.000206787601152003e+00
9.992548452902887401e-01
1.001202877596690799e+00
9.994322794026765377e-01
1.000351157423701176e+00
9.991881965707599678e-01
9.988584000803624185e-01
9.982541579218752181e-01
9.977492888927833592e-01
9.914100424706812076e-01
9.792301089741450859e-01
9.700557810147715232e-01
9.589897719474528293e-01
9.446780224907455059e-01
9.364270665589603526e-01
9.246304548191430772e-01
9.130310716238158042e-01
9.034052839498905030e-01
8.922052633614161454e-01
8.822914244185972032e-01
8.713534119599953831e-01
8.617087545907795576e-01
8.510832155994010328e-01
8.401371265755285256e-01
8.315977438547357270e-01
8.211240063964325708e-01
