0.000000000000000000e+00
0.000000000000000000e+00
0.000000000000000000e+00
0.000000000000000000e+00
0.000000000000000000e+00
0.000000000000000000e+00
0.000000000000000000e+00
0.000000000000000000e+00
0.000000000000000000e+00
0.000000000000000000e+00
0.000000000000000000e+00
0.000000000000000000e+00
0.000000000000000000e+00
0.000000000000000000e+00
0.000000000000000000e+00
0.000000000000000000e+00
0.000000000000000000e+00
0.000000000000000000e+00
0.000000000000000000e+00
0.000000000000000000e+00
0.000000000000000000e+00
0.000000000000000000e+00
0.000000000000000000e+00
0.000000000000000000e+00
0.000000000000000000e+00
1.556139005380275872e-04
3.342931806929748395e-02
5.329441955666025521e-01
1.866963633080806595e+00
2.365791224020652450e+00
1.717731196777428471e+00
9.857661160558697233e-01
5.459848021936200002e-01
3.551797218888788077e-01
2.881292743449082594e-01
2.819218048688162392e-01
2.787644115948397783e-01
2.890666117519120615e-01
2.835309812858116119e-01
2.730534902860274893e-01
2.650430323416848588e-01
2.963755754872073322e-01
3.497103719229949781e-01
4.497092152053357439e-01
5.731698756311880416e-01
7.416280276421621798e-01
9.083271439617282006e-01
1.077612361828006682e+00
1.198489686071050109e+00
1.316092937165556975e+00
1.408930340593587571e+00
1.472569565455793317e+00
1.540776398406602521e+00
1.541727292725252996e+00
1.497742735709406858e+00
1.402927234700738657e+00
1.276606521592040133e+00
1.168316865425098605e+00
1.069216973279088378e+00
9.920422196767020306e-01
9.412757957085071681e-01
9.260853402875641738e-01
8.990463920270578280e-01
8.896773246198667051e-01
8.991064760758853414e-01
8.906117968218044689e-01
9.114035157478957982e-01
9.174695332367630574e-01
9.387383140823601924e-01
9.519137926537438732e-01
9.770436365751336005e-01
9.892909538425596061e-01
1.007573011062909751e+00
1.025303305190863767e+00
1.030893148255865643e+00
1.046160434323860189e+00
1.039015002146728595e+00
1.046189618811653954e+00
1.035037828806340876e+00
1.022475417766282924e+00
1.014269862622931839e+00
1.005297924325035952e+00
9.941783544989644117e-01
9.901877565236488765e-01
9.970018723419964424e-01
9.764950346206827669e-01
9.777198980267569617e-01
9.769387043422401717e-01
9.834207214661019325e-01
9.770720661172855870e-01
9.869925938743132621e-01
9.870923438827120533e-01
9.940364528571010716e-01
1.000766220891673441e+00
1.003324594575010220e+00
1.006790011182090883e+00
1.012271868960269883e+00
1.008641321105926192e+00
1.011483827768637322e+00
1.005503585148548984e+00
1.008849386824484995e+00
1.009374909963563161e+00
1.005982789291816060e+00
1.008814319837553208e+00
1.004860591151630844e+00
1.003776488963564528e+00
9.984598782310032394e-01
9.985353183002236843e-01
9.946418138724681945e-01
9.926706639909995689e-01
9.980184153822287962e-01
9.948943859732460870e-01
9.909278880345901985e-01
9.918067166595525563e-01
9.974789327671672590e-01
9.995459570554889872e-01
9.944902377642738101e-01
1.001904071686624986e+00
9.931653303985615855e-01
1.005125343197875942e+00
9.997466161286511221e-01
9.988031078040775501e-01
1.002179241785838615e+00
1.000515134009148266e+00
1.002083522232909640e+00
9.979924828163938555e-01
9.996356219581270519e-01
9.996473503118724624e-01
9.993327060080210433e-01
9.955118751473707173e-01
9.961466809708382497e-01
9.931987729027949019e-01
1.001854091928260804e+00
9.970191128987500040e-01
9.975063041523827279e-01
9.934836924371642786e-01
9.933533951710750154e-01
9.986446206163552830e-01
9.965983291231687025e-01
9.981823498301434228e-01
9.982448647380752771e-01
9.994219008826650263e-01
9.964863486277680815e-01
9.994156852641359334e-01
1.001083378741219443e+00
9.968459757829326584e-01
9.967501260901072691e-01
9.995775677516443025e-01
9.999437305527512088e-01
9.981519631327392394e-01
9.989917798048183473e-01
1.005203826238460385e+00
1.000041157774297584e+00
9.991842465267266604e-01
9.993227209081826379e-01
9.997312812304423035e-01
9.986057214222510137e-01
9.989301563738473000e-01
1.000549529778362867e+00
1.000655912331797293e+00
1.001281777782595306e+00
9.990331099675799909e-01
1.000662207807242465e+00
9.984216239249464886e-01
1.001085860640865910e+00
1.002310518483239266e+00
9.989114983519997715e-01
9.975110603668299047e-01
1.001370810578126491e+00
9.979643086712671751e-01
9.994400276950502482e-01
9.944833285979294279e-01
9.961073352967029226e-01
1.000088247700857913e+00
9.993939562245344188e-01
9.986159199019120081e-01
9.977822707089345489e-01
9.955756834705736802e-01
9.975543994135416259e-01
9.978091097350728633e-01
9.993093331665305890e-01
9.990927946113228320e-01
9.971638081824115707e-01
1.000681155814593382e+00
9.979609987441709906e-01
1.001018136297609606e+00
9.972375706499368997e-01
9.986038515079808109e-01
9.993703776408496831e-01
1.001505061921166284e+00
1.000194463319410643e+00
1.000258352709274323e+00
9.983615521883341115e-01
9.989754788993880918e-01
9.961324213082811685e-01
1.002156810209474669e+00
9.984664562926327536e-01
1.000308652417775779e+00
1.001330498750543363e+00
1.001180421065124282e+00
1.001272872536500547e+00
1.004329448358131982e+00
1.001030493853030112e+00
1.001288882711253159e+00
9.992182410141290383e-01
9.979653136910082711e-01
1.002190480402480599e+00
9.997535567717996674e-01
9.995887211599937539e-01
1.001184371294258968e+00
9.983329718707604217e-01
9.999833112442363392e-01
9.975907666516500294e-01
1.001421091617637815e+00
1.001095402628734865e+00
9.994638645648686870e-01
1.000218572557699748e+00
1.001793520654050473e+00
1.001101726870993414e+00
1.002571434522186777e+00
1.000694757524021261e+00
1.002323757767851209e+00
1.000343732270495112e+00
9.971863305782643350e-01
9.994159095766481649e-01
1.000046453818879133e+00
1.000529708522455596e+00
1.000830609163168683e+00
1.001251031391362956e+00
1.001588622064424561e+00
9.988317640291282107e-01
1.001721246304956958e+00
9.981226597635260989e-01
1.002961173100016978e+00
1.000972698869376565e+00
9.995375502513357269e-01
1.000684046707819963e+00
1.001930677527660851e+00
1.002293255209902423e+00
9.990418492602820555e-01
1.000797181351032572e+00
1.000898024623160909e+00
9.978634211391347320e-01
1.000704460982680510e+00
9.994157722868037830e-01
1.000918918258675294e+00
1.001208916954430483e+00
9.982955702649146668e-01
1.000955756955776099e+00
1.002399159530262596e+00
1.001536433270671100e+00
1.001442958572746678e+00
9.985888050727507181e-01
9.973782244006647035e-01
9.975966275943576322e-01
1.000249603349529171e+00
9.958721736121465273e-01
9.992041378095261051e-01
1.000290680538155730e+00
9.976241969701367118e-01
9.996899733780683084e-01
9.991790225875567533e-01
9.973928259576135824e-01
9.939993366219637139e-01
9.797778387509132880e-01
9.686879419081568798e-01
9.575755548044265764e-01
9.469212492154728267e-01
9.338004484210287170e-01
9.265992323817756615e-01
9.124653727377456391e-01
9.021071123480092213e-01
8.916948488544319540e-01
8.811885571128786898e-01
8.703969537114260024e-01
8.598329929024681739e-01
8.499054077607671731e-01
8.388653458894863579e-01
8.273660455812991144e-01
8.194124328512615296e-01
