0.000000000000000000e+00
0.000000000000000000e+00
0.000000000000000000e+00
0.000000000000000000e+00
0.000000000000000000e+00
0.000000000000000000e+00
0.000000000000000000e+00
0.000000000000000000e+00
0.000000000000000000e+00
0.000000000000000000e+00
0.000000000000000000e+00
0.000000000000000000e+00
0.000000000000000000e+00
0.000000000000000000e+00
0.000000000000000000e+00
0.000000000000000000e+00
0.000000000000000000e+00
0.000000000000000000e+00
0.000000000000000000e+00
0.000000000000000000e+00
1.307259497955160193e-05
3.502515678246112540e-02
1.046077395441680435e+00
3.440263844589480868e+00
3.411956237029852179e+00
1.906250109329039599e+00
8.740452061660329841e-01
4.013178469777733959e-01
2.065945355214358903e-01
1.256129374980578528e-01
1.889844410062703761e-01
7.078999059783233072e-01
1.494959136658276622e+00
1.759785718280033384e+00
1.477201470844927922e+00
1.100066705323782479e+00
8.348258413437296133e-01
7.288870731191964270e-01
7.150778140139246730e-01
7.649880679157617935e-01
8.447444919039213129e-01
9.265260000705864973e-01
1.008388157847831312e+00
1.074406505989067728e+00
1.128976887067141943e+00
1.165776857621871665e+00
1.187244657658715674e+00
1.191448142970318980e+00
1.183440695037525581e+00
1.150645465246965982e+00
1.112839862789415823e+00
1.077181312551230175e+00
1.048407359677964612e+00
1.021714225243850915e+00
9.969205923506653244e-01
9.761383410737523025e-01
9.586904993839501232e-01
9.457213286871634095e-01
9.355506030016972341e-01
9.324670235118140971e-01
9.340865413619686697e-01
9.340541592813967897e-01
9.416528287395635743e-01
9.514060876339458517e-01
9.621274419988387061e-01
9.709240773562761717e-01
9.799242496016937753e-01
9.861579411431732334e-01
9.948941750032825881e-01
1.001283819347271953e+00
1.003500868843137939e+00
1.007614460589585814e+00
1.010049712809345968e+00
1.014192580149763989e+00
1.015460514388526247e+00
1.014760386366207801e+00
1.014101116606380470e+00
1.014048995721056556e+00
1.010481666223800312e+00
1.010728948164029140e+00
1.006537207134932776e+00
1.006611959599853501e+00
1.002375525108109677e+00
1.001501315719997232e+00
1.000791573098827270e+00
9.986538811527482240e-01
9.980412312648792028e-01
9.993000753392373703e-01
9.972693634647531447e-01
9.974245270496686633e-01
9.968399317501739354e-01
9.963842242112425085e-01
9.951098466294161504e-01
9.950737855798411635e-01
9.956751236505768654e-01
9.965593699593821020e-01
9.959350888745701624e-01
9.968513109085361812e-01
9.970073034142962198e-01
9.977348414409821231e-01
9.988636652650284553e-01
1.000150474300729453e+00
1.000156312177973961e+00
1.001126687305929908e+00
1.001160951912639652e+00
1.000692820565891372e+00
1.001585663590675024e+00
9.998936107868914291e-01
1.000711225021211348e+00
1.000950115662518680e+00
1.000887546637262426e+00
1.000262535982678003e+00
1.000578189335028068e+00
1.000521765334841051e+00
1.001905125144990416e+00
9.994635019667131859e-01
9.997919040134994884e-01
1.001068215765256841e+00
9.992882216929210859e-01
1.000481268849015226e+00
1.000079469055884962e+00
9.993607110307776153e-01
9.998170991262318452e-01
9.995989374047836717e-01
1.000133823321665005e+00
9.997851823625562018e-01
9.991885132692630567e-01
1.000512682750443583e+00
9.996876931639411268e-01
9.995814246927321456e-01
9.992741976205491428e-01
9.998806816240962680e-01
9.990872629084224243e-01
1.000304921851828288e+00
9.997128852992337444e-01
1.000144176773443583e+00
9.996255377779592610e-01
1.000031897150218452e+00
9.997790723746726727e-01
1.000843411493606450e+00
9.994000709671300164e-01
1.000543383103200457e+00
9.991561425771326999e-01
1.000389981725693822e+00
9.998169070635912759e-01
1.000000259553313953e+00
9.996729304015096185e-01
1.000206280720721042e+00
9.999484211258098387e-01
9.998677322822721036e-01
1.000044212828792078e+00
9.993383514879191631e-01
1.000000826956221056e+00
1.000788699627408240e+00
9.999863033580598248e-01
1.000150549311830561e+00
9.989567890820462148e-01
9.992928284833845209e-01
9.994557050304031520e-01
9.992025685414153147e-01
9.993184863614082980e-01
1.000334971674879503e+00
1.000309113414658668e+00
1.000112333487187977e+00
9.995836279800779378e-01
9.982496456660925332e-01
9.995468925570462071e-01
9.999259685052787061e-01
9.991419824125263860e-01
9.998863943241533825e-01
9.997016325528808034e-01
9.996976311827160400e-01
9.998998209241312107e-01
1.000087983900041610e+00
1.000525838635028197e+00
1.000105079290263488e+00
9.995391921690360837e-01
1.000421447482437776e+00
1.000168144701708783e+00
9.995996587506539299e-01
1.000122950052426685e+00
9.999646383124869420e-01
1.000283680267674002e+00
9.997054485170515647e-01
1.000339954098125705e+00
9.996367163372575915e-01
1.000259795346985614e+00
9.999290408352800030e-01
1.000025052246305002e+00
9.998076591444611250e-01
1.000340528699195541e+00
9.997198059438898721e-01
9.991297232789903005e-01
9.994386682304708946e-01
9.995298998715049787e-01
9.998575979747139630e-01
9.997074151336675651e-01
1.000696113323840120e+00
1.000129832368422678e+00
1.000265006575462801e+00
1.000045174986780694e+00
1.000010285310451996e+00
9.991533236018366182e-01
1.000120148139803655e+00
1.000768308960190645e+00
1.000184244421564284e+00
9.998911785632207394e-01
1.000545130146233141e+00
1.000075207233848795e+00
9.997041645691312484e-01
9.999332835067775704e-01
1.000608908140611764e+00
1.000082318372542023e+00
9.998347296527911876e-01
9.999793392599800601e-01
1.000243266280501198e+00
9.996676517149405417e-01
1.000140779075118669e+00
9.999571850358016656e-01
1.000580273969603029e+00
1.000120926637086738e+00
1.000181436269670376e+00
1.001003370503548817e+00
9.996958444430780188e-01
1.000024857410588330e+00
1.000028635720781711e+00
1.000314895083705968e+00
9.999019016013608319e-01
9.998806569299278912e-01
1.000399564297563382e+00
9.998379372797622233e-01
1.000184760707200748e+00
9.997236136694437336e-01
1.000093122321914496e+00
1.000147787799502641e+00
1.000419093462201481e+00
9.998280785459020548e-01
1.000684136250950873e+00
1.000100270585681628e+00
1.000012261847147643e+00
9.997425495893665914e-01
1.000315149653688618e+00
1.000377308632668383e+00
1.000659282834838404e+00
1.000432561652903951e+00
9.999846834478944846e-01
1.000237203319508161e+00
1.000288123817891783e+00
9.999169794175691850e-01
1.000372763792392705e+00
9.998379144040941968e-01
1.000435055160268538e+00
1.000201759226692522e+00
1.000402649328262283e+00
1.000225410700077200e+00
1.000241155830857487e+00
9.997748369049996864e-01
9.997945622730313175e-01
1.000346846875738605e+00
1.000379105308208727e+00
1.000234740320443683e+00
9.998952977269000009e-01
9.998464175947066046e-01
9.929283693898965923e-01
9.822872178996028270e-01
9.701935301816503321e-01
9.593804206040593696e-01
9.481816425405678039e-01
9.371613012981334645e-01
9.261875560747865332e-01
9.152411399387617719e-01
9.049566954916125061e-01
8.937327068973057731e-01
8.831955357460301581e-01
8.731516640884454672e-01
8.626048439636004872e-01
8.522693851852810587e-01
8.420308088080986630e-01
8.316001417167434573e-01
8.213895690180887943e-01
