0.000000000000000000e+00
0.000000000000000000e+00
0.000000000000000000e+00
0.000000000000000000e+00
0.000000000000000000e+00
0.000000000000000000e+00
0.000000000000000000e+00
0.000000000000000000e+00
0.000000000000000000e+00
0.000000000000000000e+00
0.000000000000000000e+00
0.000000000000000000e+00
0.000000000000000000e+00
0.000000000000000000e+00
0.000000000000000000e+00
0.000000000000000000e+00
0.000000000000000000e+00
0.000000000000000000e+00
0.000000000000000000e+00
0.000000000000000000e+00
0.000000000000000000e+00
0.000000000000000000e+00
0.000000000000000000e+00
0.000000000000000000e+00
0.000000000000000000e+00
0.000000000000000000e+00
2.258819229585987826e-02
4.265010417526046704e-01
1.451690688048841160e+00
1.855459013339419760e+00
1.386930653868378105e+00
8.639645274057713431e-01
4.518036431425010990e-01
2.832935783772426719e-01
2.343459060561114971e-01
2.229035693394077200e-01
2.297109050589551671e-01
2.307845529468077472e-01
2.296544524510817364e-01
2.067359247461352523e-01
2.284885617921718903e-01
2.598274178304160187e-01
3.106871629998065321e-01
4.076493291815564413e-01
5.507559047731268587e-01
7.148704321214829349e-01
8.950801884414926191e-01
1.050266265235181073e+00
1.201298049162389470e+00
1.298117384581557898e+00
1.444460304022296526e+00
1.489596584859302908e+00
1.543708471169450647e+00
1.575220506204517701e+00
1.511715065134802805e+00
1.391207215705838829e+00
1.257708715197202398e+00
1.162363348401768803e+00
9.993500362001512816e-01
9.621205786315349950e-01
9.047541930325004866e-01
9.120969682608456308e-01
8.782366842260602713e-01
8.735802557829435155e-01
8.892844409295752595e-01
8.814433947069710840e-01
9.043101714235477484e-01
9.216730356291152892e-01
9.393344508301576523e-01
9.436993730885574472e-01
9.793586867540922114e-01
9.790501941909978134e-01
9.899555674360841495e-01
1.029030231324011613e+00
1.050181936154805262e+00
1.060234624274713822e+00
1.066808391776010723e+00
1.036154241797667908e+00
1.036633525724221849e+00
1.018353832003292769e+00
1.019425551983705880e+00
9.968516295595853949e-01
9.850691688311152827e-01
9.933762394061055323e-01
9.966654522975468833e-01
9.910302007706914829e-01
9.847692175880021770e-01
9.573815766631851298e-01
9.735089579976324847e-01
9.985005238463836585e-01
9.891466637963618469e-01
9.765659870460989822e-01
9.966649726328884462e-01
9.957995573492207653e-01
1.008144890541085026e+00
1.000333532449080742e+00
1.016478086284666293e+00
9.917708951492808511e-01
9.819552827862130240e-01
9.898917259064353713e-01
9.805000078787773354e-01
9.959867835781397449e-01
9.987314268258070671e-01
9.808214829680380609e-01
1.000576904063695594e+00
9.818174377565240807e-01
9.862532867471868192e-01
9.745106251605624159e-01
9.934085545360935576e-01
9.839472493992109658e-01
9.822973398920485932e-01
9.918731247122318795e-01
9.842416811513036157e-01
9.899111961698580098e-01
1.000729109491764746e+00
9.873405187080627199e-01
9.820060158101607817e-01
9.968659110009394642e-01
9.956464342060772355e-01
1.000438102898427495e+00
1.004296903837430088e+00
1.007804095553012314e+00
9.939722599919472712e-01
1.008581355682547143e+00
9.937237638636902126e-01
1.001075365076431245e+00
9.889044902713816088e-01
1.000249567174075871e+00
9.897461094251309710e-01
1.000612897076047725e+00
9.916245597594997019e-01
9.892530717615223290e-01
9.925629344066875248e-01
9.862422952177027913e-01
9.914727145218770188e-01
9.856411115745264961e-01
9.908357238042434512e-01
9.927687037174929285e-01
9.971961526676379473e-01
9.943638083264768612e-01
9.942231210076143411e-01
9.884737245301337127e-01
9.830801961448639714e-01
9.983809204529654480e-01
9.928413089744648756e-01
9.920739408993921593e-01
9.885246220692295305e-01
9.908135284931904874e-01
9.993659827634400195e-01
9.997938273746649340e-01
9.941394568431011214e-01
9.876539761837397347e-01
9.943272050136540141e-01
9.921306859136531653e-01
9.986582259587106769e-01
9.990588743968689123e-01
1.005845075435717773e+00
9.905549029565097197e-01
9.983817952900114756e-01
9.983480841959817553e-01
9.931569545242618924e-01
9.952910382534574385e-01
9.990748437407543925e-01
9.917129790488899976e-01
9.924924135730133212e-01
1.001072233180381188e+00
1.004749163004846180e+00
1.005510619894351088e+00
1.008674407203324686e+00
9.933566349742171120e-01
1.005477648414112579e+00
1.005652552347938489e+00
1.004845042178287962e+00
1.007832111712418932e+00
1.010033664690633382e+00
9.989853616749555520e-01
1.000810794527819514e+00
1.004420036168652164e+00
1.003446144273314022e+00
1.004462588184450667e+00
1.002554528534918443e+00
9.973566751761900884e-01
1.002671404961788193e+00
1.008341393759761839e+00
9.978871421112984752e-01
1.008749181100835557e+00
9.941786420265106283e-01
1.003758391296820651e+00
1.005284658277863397e+00
9.992678650574930987e-01
9.968917600840055959e-01
1.006803701217789504e+00
1.002257202663746849e+00
1.003453006932333302e+00
1.001041701426772956e+00
1.004386311777850205e+00
9.938814360168554130e-01
9.983823578702374357e-01
1.000343376410841367e+00
9.979300479277830593e-01
1.012122514813132312e+00
9.980966271808410228e-01
9.968712740551187723e-01
9.937701672877166104e-01
1.001366851025722760e+00
1.003728796789685962e+00
9.988054589654122850e-01
9.974305247786610096e-01
1.002148562616567151e+00
1.003945056560567428e+00
9.939666055012276180e-01
1.006371215284808551e+00
1.001093745922989386e+00
1.000743313210852969e+00
9.993789459871067482e-01
9.948226287465156137e-01
9.969358434507294975e-01
1.001273794350604041e+00
9.980833871502186039e-01
9.885709350966290776e-01
9.967821899013012965e-01
9.944309625518492624e-01
9.909467037208682383e-01
9.973037211528572588e-01
9.919275426997700151e-01
9.926649624017246376e-01
9.980407714571998268e-01
9.933730405182146228e-01
9.935341653133027418e-01
9.906050914132817908e-01
9.881745537284950531e-01
9.992795665781027958e-01
9.903719477175434438e-01
9.842593008910698327e-01
9.887687901569751636e-01
9.933332163156580741e-01
9.879643432314814122e-01
9.927052705095597007e-01
9.909174322000309232e-01
9.965116382465839528e-01
9.971559762740099808e-01
9.926665792986680836e-01
9.900718668866169692e-01
9.955242480954344941e-01
9.885033103603095839e-01
9.846673170712345602e-01
9.857128314267122882e-01
9.933673933178245319e-01
9.880432596591611771e-01
9.898550772107942430e-01
9.913221093506919823e-01
9.940095174697752833e-01
9.918852163623232965e-01
9.881587778362560526e-01
9.910427596142190598e-01
9.928388208762346512e-01
9.951394359918918076e-01
9.957394938056354228e-01
9.925414724638819131e-01
9.991398972430600711e-01
9.909284611195222636e-01
9.906430388686769950e-01
9.921558657194946562e-01
9.868102034918853072e-01
9.920330176480283146e-01
9.919354426382718248e-01
9.887027921597725255e-01
9.893150871069952279e-01
9.882129120403653211e-01
9.902124105500073048e-01
9.942331973256696154e-01
9.919086448002554235e-01
9.916655029136813848e-01
9.961094404045798267e-01
9.976113225616212166e-01
9.943971500071950853e-01
9.921024933020744507e-01
9.946392054163866181e-01
9.876796542010207736e-01
9.925048322262096656e-01
