0.000000000000000000e+00
0.000000000000000000e+00
0.000000000000000000e+00
0.000000000000000000e+00
0.000000000000000000e+00
0.000000000000000000e+00
0.000000000000000000e+00
0.000000000000000000e+00
0.000000000000000000e+00
0.000000000000000000e+00
0.000000000000000000e+00
0.000000000000000000e+00
0.000000000000000000e+00
0.000000000000000000e+00
0.000000000000000000e+00
0.000000000000000000e+00
0.000000000000000000e+00
0.000000000000000000e+00
0.000000000000000000e+00
0.000000000000000000e+00
0.000000000000000000e+00
0.000000000000000000e+00
0.000000000000000000e+00
0.000000000000000000e+00
0.000000000000000000e+00
0.000000000000000000e+00
2.823142330164296609e-02
4.378035560037813467e-01
1.525533670921267237e+00
1.982027565683978976e+00
1.491885568885460644e+00
8.498609892734590998e-01
4.723900780151904510e-01
3.032774832366032514e-01
2.454191648677332416e-01
2.029459282638586548e-01
2.247191629567381610e-01
2.190042011993184323e-01
2.149096730990388837e-01
2.045900669161807572e-01
2.147582709602889328e-01
2.467451165762813980e-01
3.154018014937330361e-01
3.995610861233435673e-01
5.383328348210395520e-01
7.026427477128350807e-01
8.702010920739488009e-01
1.056568559067805335e+00
1.173038907671555720e+00
1.276902936182483073e+00
1.376107538189962787e+00
1.470456939795615314e+00
1.526714789552984231e+00
1.533906346414577238e+00
1.493487386053646171e+00
1.397670628547427629e+00
1.287351919942991918e+00
1.153410704483532889e+00
1.041894970932599085e+00
9.403349904653730551e-01
8.983120974422313942e-01
8.740548506230781944e-01
8.825170065832272925e-01
8.683810309277331108e-01
8.874167115247041382e-01
8.674596682374816625e-01
8.862536136192822322e-01
9.279309535233154493e-01
9.230093748648329210e-01
9.281101353607505988e-01
9.538281059062483358e-01
9.771079003721121481e-01
9.917078304842482650e-01
9.801992441110880527e-01
1.014435297559323601e+00
1.028785961326221576e+00
1.021264595795804864e+00
1.047458188738500606e+00
1.059016523763815831e+00
1.011837279473884799e+00
1.023979276308630171e+00
1.002289008907622403e+00
9.822170592564440916e-01
9.927679813448377910e-01
9.555254106394137636e-01
9.647676660666175685e-01
9.914376475772700426e-01
9.744307214425075303e-01
9.688205781467459365e-01
9.628864325563856186e-01
9.872376259825761391e-01
9.851175902379476490e-01
1.000392456295362331e+00
9.802423367176572588e-01
9.992754871926807780e-01
9.931689386686520793e-01
9.961841935690277650e-01
1.011381954274092498e+00
1.000896308467812856e+00
9.890903217753159726e-01
9.964647990460585580e-01
9.975842779322213749e-01
9.950735805131490919e-01
9.942624362034314656e-01
9.839794404325263866e-01
9.878603192508988995e-01
1.005990364504894430e+00
9.930806434950498751e-01
9.913654103269307072e-01
9.982010262969532866e-01
9.900673294268200753e-01
9.909947658353251976e-01
9.766932121751872309e-01
9.936765571356224180e-01
9.928302472255873257e-01
9.893374195676152283e-01
9.839672220153120596e-01
9.942897034224108532e-01
9.846864494860524397e-01
9.877603083264659967e-01
9.867734573498901929e-01
1.002205752741237799e+00
9.913714599411441730e-01
9.961384424344256194e-01
1.005315331537123047e+00
9.995972201822840297e-01
9.937270467857272083e-01
9.955201374105199230e-01
9.987783493791895228e-01
1.006428627531093190e+00
1.004219832460663264e+00
9.970692890777554940e-01
1.004701408311930111e+00
9.993109824350546733e-01
1.000216666212877747e+00
1.003866669873108020e+00
9.876156972634567710e-01
1.000744766234635152e+00
9.922031761831132668e-01
9.959275262401485751e-01
9.961310638064949652e-01
1.007650704034081413e+00
1.004038349962590893e+00
1.000396374970689228e+00
1.006634488662085936e+00
1.001243260181513328e+00
1.004589067888251419e+00
1.000400764310102053e+00
1.003067159711055201e+00
9.968493912112130761e-01
1.002642239895788823e+00
9.929916441267283567e-01
1.005048960917173329e+00
1.001673892746060002e+00
1.000433712069635384e+00
1.003379146038742897e+00
9.904894794962137983e-01
1.005634463506998699e+00
9.909067757723259984e-01
1.005877093354417884e+00
1.004029479841593853e+00
1.004633684917892289e+00
1.002143516332122175e+00
9.950402648690194196e-01
1.010554324326799591e+00
1.006004202012293014e+00
1.009166969664502700e+00
9.956926727698525159e-01
9.971548934153187105e-01
1.004034493272868644e+00
1.006069256279504831e+00
9.952922263323031871e-01
1.002421427785955776e+00
9.944563536056517661e-01
9.951810299129528747e-01
9.932711004585300651e-01
9.994873988811254772e-01
9.948443058399349948e-01
1.002148867178831670e+00
9.956088603137143167e-01
9.898618785387671704e-01
1.001254549864212251e+00
9.985472231424092904e-01
9.877720694241508559e-01
9.918303428491866969e-01
9.916719872032890848e-01
9.931511535510296751e-01
9.940536410429031688e-01
9.991407049850663524e-01
9.903904101675711225e-01
1.000363019680892362e+00
9.957999952618855621e-01
9.891729257266884678e-01
9.913493518150251482e-01
9.968531297401049818e-01
9.940133107136591706e-01
9.956641839525094406e-01
9.894533769486716368e-01
9.911167130178829554e-01
9.969150154765026306e-01
9.885574292453059853e-01
9.956827619036762167e-01
9.909985972370162211e-01
9.868848624612298615e-01
1.000204217471490242e+00
9.939210494283639008e-01
1.002281783857232655e+00
9.984316085797119156e-01
9.996869578313126725e-01
9.936899251078425976e-01
1.000111831580429378e+00
9.932773190856719614e-01
9.915764373929110143e-01
9.943586650062690158e-01
9.961266814295665073e-01
9.917848557847279700e-01
9.898212624154102413e-01
9.964440913740900685e-01
9.927847701918625090e-01
9.969011850687861109e-01
9.925285534341292681e-01
9.979876388276848198e-01
9.890104365246726870e-01
9.954091488343459471e-01
9.922524213392190928e-01
9.913739853068205266e-01
9.970298028709785321e-01
9.918595870402933112e-01
9.922226123134391118e-01
9.980002199765080073e-01
9.952062703127958487e-01
9.973069291103574541e-01
9.931846888691199249e-01
9.981031026462752198e-01
9.957263322330315303e-01
9.887419162304200704e-01
9.972249646891835351e-01
9.950902844914210066e-01
9.925379758921489826e-01
1.003474723181285500e+00
9.942216106161814171e-01
9.931783264470176453e-01
9.948045418882109914e-01
1.002233895613046544e+00
9.958435056010386255e-01
1.000884619408892950e+00
1.000318290856960557e+00
9.997284180191496894e-01
1.000496297223413489e+00
1.000699524271868146e+00
9.995721052391693950e-01
9.975218697791331524e-01
9.922176170603452805e-01
1.001128099922254044e+00
1.002592583523973735e+00
9.974732277882266684e-01
9.918003318098316257e-01
9.922357616247703405e-01
1.001981625513992835e+00
9.986907532155380185e-01
9.960343763292898167e-01
9.975260515624138069e-01
9.977192088151185523e-01
9.964814071763902215e-01
9.978978761194914338e-01
9.992272673660983484e-01
9.993267884384293698e-01
9.982146256605896051e-01
9.995665863672194007e-01
9.957113855798899182e-01
9.967634487164159784e-01
9.983737682681461667e-01
1.003200182302518728e+00
9.966993034928439688e-01
1.001046422994393392e+00
1.005199783426993898e+00
1.001106118037215831e+00
9.977232873195720497e-01
9.993480799761372824e-01
9.957801971483652981e-01
