0.000000000000000000e+00
0.000000000000000000e+00
0.000000000000000000e+00
0.000000000000000000e+00
0.000000000000000000e+00
0.000000000000000000e+00
0.000000000000000000e+00
0.000000000000000000e+00
0.000000000000000000e+00
0.000000000000000000e+00
0.000000000000000000e+00
0.000000000000000000e+00
0.000000000000000000e+00
0.000000000000000000e+00
0.000000000000000000e+00
0.000000000000000000e+00
0.000000000000000000e+00
0.000000000000000000e+00
0.000000000000000000e+00
0.000000000000000000e+00
0.000000000000000000e+00
0.000000000000000000e+00
0.000000000000000000e+00
0.000000000000000000e+00
0.000000000000000000e+00
1.550155208652365948e-04
2.827694895795547503e-02
4.954396823856635490e-01
1.678472331621307712e+00
2.089356535297070661e+00
1.502422983714424287e+00
8.602699315499930943e-01
4.826159574921863871e-01
3.218368664955474912e-01
2.579719547293884974e-01
2.577212155234699931e-01
2.608190572006703345e-01
2.765573060404669659e-01
2.589096610631675399e-01
2.560451077191475133e-01
2.520395307451750999e-01
2.735790687252239728e-01
3.373711081531548528e-01
4.318912752531601784e-01
5.588501427694384516e-01
7.421360805062428012e-01
9.053471727762767429e-01
1.065739041874083526e+00
1.202838096892977271e+00
1.311443528717520790e+00
1.391574777571949140e+00
1.472380361237340729e+00
1.540703577933451696e+00
1.557177376816553105e+00
1.479324049477102943e+00
1.385357920613257132e+00
1.270718632571180784e+00
1.154921132097789460e+00
1.056003330954713659e+00
9.873448086518080702e-01
9.374910889952606796e-01
9.087711689329971421e-01
8.905568181186177545e-01
8.788059951978546280e-01
8.849144909900341638e-01
8.905942681001458583e-01
8.979370480792162601e-01
9.156452779114088170e-01
9.307672066300289870e-01
9.468133395063388358e-01
9.577297818768008009e-01
9.773428245042442564e-01
9.983860032547605678e-01
1.010780027401369852e+00
1.019536701676882817e+00
1.022896075868306331e+00
1.024012290281620219e+00
1.030367347275386702e+00
1.032824652079758820e+00
1.016964672755355847e+00
1.007553949841218932e+00
1.000187719977800649e+00
9.907702001085303412e-01
9.779651803938567145e-01
9.730068311696705718e-01
9.738157586439023516e-01
9.706323460260971592e-01
9.630565301809288492e-01
9.747481524662626740e-01
9.727612252897344103e-01
9.806248710847907946e-01
9.824538191848413149e-01
9.891418899541256637e-01
9.916480776077669645e-01
1.003248204355482676e+00
1.005781420208135657e+00
1.007578305420123055e+00
1.009757616693556015e+00
1.010929716490731156e+00
1.003541264359544272e+00
1.009421615183829335e+00
1.011687709472805397e+00
1.003659285524767020e+00
1.000690834143044494e+00
1.002215194238071261e+00
1.000731800284879291e+00
9.977224127958538302e-01
9.982984621607697839e-01
9.963576304840691122e-01
9.946381190133433137e-01
9.944532098615190829e-01
9.929824086280526485e-01
9.917612785714342571e-01
9.947542479599643661e-01
9.922669292724263235e-01
9.936997970252214873e-01
9.926790595464901612e-01
9.962186017319527576e-01
9.992103884489157428e-01
9.970741588001724720e-01
9.998665772615072944e-01
1.002317232407562209e+00
1.000770839958385894e+00
9.982872787644029300e-01
9.997911188293238105e-01
9.999410422185179836e-01
1.000340266416864132e+00
1.000367680016079674e+00
1.003017749899193678e+00
1.003429890470080021e+00
9.998399397279117418e-01
1.002776462630075027e+00
9.995291276321401908e-01
9.964943549983026339e-01
9.942055987358469071e-01
9.971143694702415683e-01
9.956963673048778718e-01
9.956576961855755359e-01
9.949208800056087432e-01
9.947636337122442995e-01
9.976696807446782111e-01
9.950350300227391864e-01
1.000726876888815342e+00
9.986519195734465670e-01
9.984940327398451609e-01
9.998508876901305298e-01
1.000545548753635217e+00
9.970405847660898102e-01
9.961260715653139641e-01
9.977283040059488073e-01
1.001034346174897394e+00
9.975611702391525837e-01
9.959486156525136913e-01
9.966427779920951080e-01
1.000767657001402133e+00
9.942985655123702804e-01
1.001396705104698581e+00
9.978037473197284291e-01
9.958955712540425997e-01
1.001151204510557724e+00
1.002022020330724184e+00
9.943296044117572174e-01
9.969250733426903155e-01
9.961549509266234281e-01
1.000619020611879462e+00
9.945291785170500276e-01
9.994304962492094324e-01
9.975237029346000206e-01
9.960893629967666474e-01
9.980321862535257438e-01
9.972475378951810576e-01
9.962700242611742807e-01
9.973046887150289752e-01
1.000562848753361989e+00
9.963555464329574285e-01
9.972667318009336146e-01
9.976863795094885745e-01
9.947327258196049238e-01
1.001454478362362455e+00
9.948014246216754231e-01
9.985052386147696968e-01
1.000670563520195566e+00
9.980240083328431044e-01
1.000758251135769550e+00
9.991610509609563096e-01
9.969638607743019909e-01
9.946433948673810699e-01
1.001017966917600255e+00
9.966595895721356291e-01
9.961267932959354532e-01
9.994625436794366546e-01
9.973467266332882719e-01
9.978633165769539293e-01
9.974764885389201252e-01
9.967389199567464608e-01
9.968631104539005250e-01
9.987104642382246267e-01
9.978422873089918266e-01
9.992531718488224524e-01
9.987997013151576065e-01
9.957399320805432330e-01
1.002160848554418893e+00
9.972427121911638936e-01
9.964941211438909097e-01
9.980228289154718935e-01
9.968134239772902250e-01
9.970719362106434946e-01
9.969042946587004517e-01
1.000849076924115622e+00
1.000083903349804570e+00
9.978089815696173925e-01
9.941796212718927439e-01
9.968399946433491587e-01
1.002840651608594591e+00
9.984597559272474498e-01
9.986597155690355443e-01
1.000076070310528920e+00
9.998997370976007160e-01
9.969312765167862578e-01
9.975172623125366789e-01
9.979291378677666025e-01
9.972777753837986925e-01
1.000209322432821235e+00
9.962519840710243324e-01
1.001771552094468554e+00
1.000116416219779980e+00
9.994570250579236648e-01
1.000593303412357526e+00
9.981500855484969348e-01
9.997680054338891065e-01
1.002081740795519593e+00
1.001964528229030149e+00
9.978223960478037613e-01
1.000186151271635682e+00
1.000055050406644108e+00
9.991258195632131134e-01
9.995036238153720554e-01
9.984300384128400596e-01
9.991959525622507998e-01
9.997487374898247348e-01
9.999292035308983140e-01
1.001856230553989979e+00
9.987903840025084135e-01
9.992844106062099829e-01
9.996082276364530728e-01
9.994687494065317424e-01
9.995340957080457445e-01
1.001085859074284601e+00
1.000974238946379824e+00
1.003145562841433636e+00
1.000524011487168075e+00
1.001010791897879448e+00
9.975571204223780963e-01
9.990006825285434600e-01
9.994307533660382603e-01
9.996371680331652687e-01
1.000488661343869268e+00
1.000365589240241215e+00
9.992051007687281494e-01
1.000917019897712645e+00
9.992864720296097403e-01
1.000296213426765446e+00
9.981674472859031200e-01
9.887890731045940740e-01
9.793605917842995723e-01
9.645011075634004616e-01
9.552276377055384238e-01
9.435265955612498479e-01
9.320009847528845093e-01
9.201449320153555211e-01
9.103358170647691816e-01
9.006568094465314811e-01
8.900282177147426088e-01
8.779820622093807980e-01
8.678701338787691011e-01
8.566236142163159428e-01
8.490952333888508452e-01
8.372066998429251727e-01
8.279863331885414235e-01
8.167467470182149247e-01
