0.000000000000000000e+00
0.000000000000000000e+00
0.000000000000000000e+00
0.000000000000000000e+00
0.000000000000000000e+00
0.000000000000000000e+00
0.000000000000000000e+00
0.000000000000000000e+00
0.000000000000000000e+00
0.000000000000000000e+00
0.000000000000000000e+00
0.000000000000000000e+00
0.000000000000000000e+00
0.000000000000000000e+00
0.000000000000000000e+00
0.000000000000000000e+00
0.000000000000000000e+00
0.000000000000000000e+00
0.000000000000000000e+00
0.000000000000000000e+00
0.000000000000000000e+00
0.000000000000000000e+00
0.000000000000000000e+00
0.000000000000000000e+00
0.000000000000000000e+00
0.000000000000000000e+00
2.554948828161161811e-02
5.032990118878301056e-01
1.675353822840029760e+00
2.068950609125105089e+00
1.499483089298152994e+00
8.416708029730300966e-01
4.793665931473234942e-01
3.154563900539218979e-01
2.715200932494086783e-01
2.545192664124514281e-01
2.733769429189060740e-01
2.675225555645736053e-01
2.672041967271462370e-01
2.510678405632401078e-01
2.508694435525932742e-01
2.773224866619070084e-01
3.359168206419223535e-01
4.387061224056432174e-01
5.665316424137114559e-01
7.324391138697075032e-01
9.081358578423522898e-01
1.070956329999647627e+00
1.208697805015902738e+00
1.324925527194639185e+00
1.426228035340592504e+00
1.506231755295055930e+00
1.556232951855927027e+00
1.572659171864397631e+00
1.506800688072401195e+00
1.407664686426538081e+00
1.286085500310216512e+00
1.155336968354286453e+00
1.077791306534558791e+00
9.949667024522428349e-01
9.438442614804788411e-01
9.130270295815565706e-01
9.064970947617884134e-01
8.928230144375863819e-01
9.002203352635640421e-01
9.062583745053597317e-01
9.178292504316203360e-01
9.313455714857299395e-01
9.516194829843249714e-01
9.533158386276988638e-01
9.762791697264529001e-01
9.937396892410450544e-01
1.008176898786591114e+00
1.022955805333563228e+00
1.034602300179552126e+00
1.028032728018179576e+00
1.034699751694793779e+00
1.038380318915855582e+00
1.032880233782244250e+00
1.020846814815907111e+00
1.017111593172355333e+00
1.000921884754376601e+00
9.920345554990104286e-01
9.766112247068995389e-01
9.774307588047194129e-01
9.691454299942099393e-01
9.709195421129832582e-01
9.712504366404121070e-01
9.785230139044212017e-01
9.796359725847406663e-01
9.781907482562571809e-01
9.841061151383019290e-01
9.893445680504252548e-01
1.000194941355565748e+00
1.006952571268819652e+00
1.006733492872302849e+00
1.009311640199233917e+00
1.014265531896843209e+00
1.012135767727868174e+00
1.014528906121559437e+00
1.014981354692311655e+00
1.013194813864570776e+00
1.007727751735344901e+00
1.012378869705178319e+00
1.004245788720592447e+00
1.004490125873181539e+00
1.001588032671161699e+00
9.961953002222697640e-01
9.978809885543225011e-01
9.990762889819937431e-01
9.928420565642378515e-01
9.999383676185543690e-01
9.912420410184973329e-01
1.000754715620702617e+00
1.000100694612378049e+00
1.001806467276272095e+00
1.000483607179942558e+00
1.004781421619157511e+00
1.004506116593953058e+00
1.004046330848820778e+00
1.001106812190439621e+00
1.006821609156117292e+00
1.006041613103551224e+00
1.005237614619280961e+00
1.005836573454087279e+00
1.001429249551587519e+00
1.002359213964734375e+00
1.006497495995221536e+00
1.003520997004655912e+00
1.004027486803189317e+00
1.002458645378314861e+00
9.998345862252757676e-01
1.003975488061619847e+00
9.990981014349383793e-01
1.000097557892776212e+00
1.001327262022724041e+00
9.987329737536029262e-01
9.987195130379552532e-01
9.987478293304488108e-01
9.957177309437660329e-01
1.000167654047649624e+00
1.001042343419968006e+00
9.958372139791744626e-01
1.003053271170318617e+00
1.002400052885887627e+00
1.000046180581201760e+00
9.995401953270811601e-01
1.000093935040213378e+00
1.002489174667247518e+00
1.001309135713735810e+00
1.003468245109172097e+00
1.002589532249705373e+00
1.000308531070990048e+00
1.004723901917461415e+00
1.002721946788180274e+00
1.003636254545601014e+00
1.000234686285085717e+00
1.001569606183861261e+00
1.001082643336064670e+00
1.001526013185509267e+00
1.000224014657337124e+00
1.000353540760410720e+00
9.992978146679618590e-01
1.001440076134903823e+00
9.983035409617228018e-01
1.001854987664607011e+00
9.996863961368842588e-01
1.001308535629645169e+00
9.987498841800439564e-01
9.994578754801660692e-01
1.001895417154685441e+00
1.001415553675639725e+00
9.993788214981677021e-01
9.984367686345979598e-01
1.000034116875684997e+00
9.956796132194862814e-01
9.986930960488473730e-01
1.001436209483120843e+00
9.997490738917039765e-01
9.955397504011214149e-01
1.003319661977373434e+00
9.992350207894695746e-01
9.989407380622735699e-01
9.983835100463889223e-01
9.980588017542807444e-01
9.991955313696734287e-01
1.000114761928942775e+00
9.975616986586305357e-01
9.998957315764476217e-01
9.977820602521737525e-01
1.002239207622990680e+00
1.000240100516692765e+00
9.986917015475075265e-01
9.984335568034131692e-01
9.980698369811036308e-01
9.985865613835767096e-01
9.997401065125695041e-01
9.989183186332498687e-01
9.980692949456592133e-01
9.979999261274070665e-01
9.999509530310394245e-01
9.978634131795803830e-01
9.997383152497183456e-01
9.966355541702395238e-01
9.962439133740669250e-01
9.968302191266779078e-01
9.983509234497485174e-01
9.976861775586051140e-01
9.973773417335114466e-01
9.996448919063766203e-01
9.961591013259052385e-01
9.992791480502764001e-01
9.960089778333243160e-01
9.983481296623577528e-01
9.972298215052473047e-01
9.957131836374002454e-01
9.959564716624801362e-01
9.972200308857286366e-01
9.972554107704202364e-01
9.975056926308401017e-01
9.983571068173044960e-01
1.001248343188301027e+00
9.986461129042302209e-01
9.957157412709147781e-01
9.956674180727329571e-01
9.966692576608727761e-01
9.982213112309856751e-01
9.994871785860809377e-01
9.954953642490953492e-01
9.967783975348393222e-01
1.000484065716886084e+00
9.983244904890212768e-01
9.970631438097089516e-01
9.971739030022342964e-01
9.970353225185846213e-01
9.950265562118048024e-01
9.956136480122272925e-01
9.981631832420139183e-01
9.970898299371404594e-01
9.964034129929002503e-01
9.964809396840382805e-01
9.962030978157069283e-01
9.987878042442857041e-01
9.962128139280985728e-01
9.990960881452248810e-01
9.979588608535320260e-01
9.979682997382655074e-01
9.960518899992254482e-01
9.945603880878387537e-01
9.974825439166326024e-01
9.968982442714234837e-01
9.966119982994248172e-01
9.944153036891064668e-01
9.969769052699662959e-01
9.990648765616012561e-01
9.988508260610493572e-01
9.982573020766366545e-01
9.977060229416400139e-01
9.963322803006712247e-01
9.986319535783104717e-01
9.988550887348538465e-01
9.970257195886877977e-01
9.962575321895676961e-01
9.857959045741779835e-01
9.766018512268571650e-01
9.616517094795523635e-01
9.523058841439259181e-01
9.425257846638376291e-01
9.308804823706043896e-01
9.210799763491258618e-01
9.096451882745539841e-01
8.986788778317142956e-01
8.887558003664511874e-01
8.776192446369592837e-01
8.668142748752093452e-01
8.588282672300164844e-01
8.483790757191370657e-01
8.373113220645530541e-01
8.248343815794477729e-01
8.162253584291653263e-01
