0.000000000000000000e+00
0.000000000000000000e+00
0.000000000000000000e+00
0.000000000000000000e+00
0.000000000000000000e+00
0.000000000000000000e+00
0.000000000000000000e+00
0.000000000000000000e+00
0.000000000000000000e+00
0.000000000000000000e+00
0.000000000000000000e+00
0.000000000000000000e+00
0.000000000000000000e+00
0.000000000000000000e+00
0.000000000000000000e+00
0.000000000000000000e+00
0.000000000000000000e+00
0.000000000000000000e+00
0.000000000000000000e+00
0.000000000000000000e+00
3.906355701763577370e-05
3.660396693419950415e-02
1.080078058364064564e+00
3.515205162373552739e+00
3.438826490169432759e+00
1.904619708563983105e+00
8.662205673930285510e-01
3.985528262843146541e-01
2.020291983482167542e-01
1.220941161142006792e-01
1.908415724177185413e-01
7.320925464191987420e-01
1.527432389010286107e+00
1.786504554416094237e+00
1.488409733055332085e+00
1.091263315402589473e+00
8.257505827112322505e-01
7.166218840420898184e-01
7.102275815127246927e-01
7.593804523891500846e-01
8.395272535338889064e-01
9.225137792628722577e-01
1.005198274217273813e+00
1.076096135534454712e+00
1.133939571073325547e+00
1.172969779163048232e+00
1.194608922219488889e+00
1.194859773552776394e+00
1.179747723794047687e+00
1.152839413103265320e+00
1.119256219214940451e+00
1.078688110610656059e+00
1.049925809505418250e+00
1.023790275716659259e+00
9.987233988156227760e-01
9.760327292837803759e-01
9.588089083274147217e-01
9.453642969930592388e-01
9.334547311514443946e-01
9.302316233733608497e-01
9.304281968600541797e-01
9.317527540800323305e-01
9.387076989037295149e-01
9.487477906117063320e-01
9.602448022041144560e-01
9.716970849696601187e-01
9.793107417247762791e-01
9.879748875831798616e-01
9.931606110039825630e-01
9.989835412719565433e-01
1.004993313067900518e+00
1.008659052018145985e+00
1.010641523436999201e+00
1.012406793282398132e+00
1.016165984555663204e+00
1.017101122385865031e+00
1.016107950118416925e+00
1.015493996211730643e+00
1.012098106897345362e+00
1.011420127572981720e+00
1.007434428141093186e+00
1.005196192871258942e+00
1.002402068007966163e+00
1.002536606924443241e+00
1.002257588965504542e+00
1.000668213227776882e+00
9.999164273019021110e-01
9.986093193564105075e-01
9.978799329817387154e-01
9.972122502470027738e-01
9.968518575443821028e-01
9.949114552685530688e-01
9.955941972713143739e-01
9.957783836495691654e-01
9.944985444443772415e-01
9.962932473850418802e-01
9.954397424768093305e-01
9.959008294059030764e-01
9.973461887752140820e-01
9.982847656633042632e-01
9.997507998079824265e-01
1.000416974992856201e+00
1.001448227432136573e+00
1.001243410686562196e+00
1.001170733137561664e+00
1.001215643413560175e+00
1.001406857968145880e+00
1.002380850892523156e+00
1.001216357656805833e+00
1.000053863619142280e+00
1.001416462340479985e+00
1.000673679789573223e+00
1.000635701790992593e+00
1.001182074654137777e+00
1.001350010212485486e+00
1.000350583303742047e+00
9.999827604684030646e-01
1.000628736093772897e+00
9.999245808243140132e-01
9.986693788201940203e-01
9.998884269748896658e-01
9.989132188825369241e-01
9.995150030377277783e-01
1.000286359183409912e+00
9.997109837305203639e-01
9.994931718943051990e-01
1.001063704256014208e+00
1.000254702012953967e+00
9.999854984637901456e-01
1.000822680492616135e+00
1.000159405315331762e+00
1.000688961089879925e+00
1.000493581838370671e+00
1.000879690331805572e+00
1.000632556901189796e+00
9.995396586975776598e-01
1.000369538077403142e+00
1.000648606148137887e+00
9.995742914249110544e-01
1.000313805067498230e+00
9.998916597183554744e-01
1.000098066705451316e+00
9.999981806517161953e-01
9.998340158528814525e-01
1.000411141798573045e+00
9.992142548150241277e-01
1.000296201468001467e+00
1.000209494628641949e+00
9.999695342582302082e-01
1.000909315367503272e+00
1.000425045446516448e+00
1.000634544699274375e+00
1.000574239520952480e+00
1.000163066164212244e+00
1.001493941631605322e+00
1.000076280154144737e+00
1.000445811052091738e+00
9.999020362126228578e-01
1.000593679330373353e+00
1.000362510283674622e+00
1.000433646092521611e+00
1.000100306164632302e+00
9.998207124947638968e-01
9.997547185958929328e-01
9.999636942872910383e-01
1.000467589923637046e+00
9.991874757345862168e-01
9.996920657026642232e-01
9.993144153875529456e-01
1.000597608613031708e+00
9.996918858665420071e-01
9.999115162403985346e-01
1.000238104763336855e+00
1.000768377048035784e+00
9.996918308206026449e-01
1.000560292183577449e+00
1.000484998131953462e+00
9.995792544291202120e-01
1.000822129118590365e+00
1.000579931909810538e+00
1.000709936387952581e+00
1.000398829778105014e+00
1.000184295599295448e+00
1.001859023382863478e+00
1.000157008399105152e+00
9.999946715855619894e-01
1.000449883823285591e+00
1.000701352232012509e+00
1.000080560491533044e+00
1.000315573310438744e+00
1.000149158941143535e+00
1.000285211322785139e+00
9.998698758444223289e-01
9.998462956259155376e-01
1.000281544036105918e+00
9.998678241433880398e-01
9.996484644985997869e-01
1.000358860410877293e+00
9.999761081113517358e-01
9.999673396464306974e-01
9.999438384251232437e-01
9.999375872161364587e-01
9.994068476528772393e-01
1.000948021512277464e+00
1.000179166930051267e+00
1.000424389713788775e+00
1.000157103181621876e+00
9.998883900196778862e-01
1.000543139694925143e+00
1.000305583511434504e+00
9.999148324926824261e-01
1.000905732654516100e+00
9.999458823202873603e-01
9.998099841017029643e-01
1.000304290954493469e+00
1.000340364869254151e+00
1.000646552277786094e+00
1.000029155787238722e+00
9.999127579115734132e-01
1.000515739717297459e+00
1.000169532089182356e+00
9.998905623222474892e-01
1.000323818014496879e+00
1.000012162205693889e+00
9.999336484615131138e-01
9.994544013418993345e-01
1.000190114392961016e+00
1.000028763886770866e+00
1.000485872891877737e+00
1.000101316743573943e+00
1.000224161891036356e+00
1.000102842602205833e+00
9.998801197061434332e-01
1.000071574789933582e+00
1.000114361323856338e+00
1.000408366157399698e+00
1.000741541335449680e+00
1.000513776985663128e+00
9.994855121689313338e-01
9.997812997550213909e-01
1.000517891137447046e+00
1.000298707477822235e+00
9.999532778431712288e-01
1.000441793519223133e+00
9.999794915497403069e-01
9.998127468368109838e-01
9.998496624205233108e-01
1.000708095194441594e+00
9.999571905135595795e-01
1.000179626219203088e+00
9.995977314917018353e-01
1.000483964574104601e+00
9.996980791412090062e-01
9.997762582111405782e-01
1.000047406140489592e+00
1.000145382118116766e+00
1.000300977903663124e+00
9.999705313227276182e-01
9.998216889034063914e-01
9.999908969392096170e-01
1.000157921374028813e+00
1.001060353720170326e+00
9.980867370240372738e-01
9.887511382870577403e-01
9.775297934426144808e-01
9.664503167836232533e-01
9.556525156075534877e-01
9.442662767578519079e-01
9.330817719310405822e-01
9.223885352430409856e-01
9.118391067175853903e-01
9.009697020637595921e-01
8.901720713051105571e-01
8.796082520240433578e-01
8.689245209025034944e-01
8.591441667973073182e-01
8.481812257403160693e-01
8.381682480820841219e-01
8.281445973914718373e-01
8.182930374202674884e-01
