0.000000000000000000e+00
0.000000000000000000e+00
0.000000000000000000e+00
0.000000000000000000e+00
0.000000000000000000e+00
0.000000000000000000e+00
0.000000000000000000e+00
0.000000000000000000e+00
0.000000000000000000e+00
0.000000000000000000e+00
0.000000000000000000e+00
0.000000000000000000e+00
0.000000000000000000e+00
0.000000000000000000e+00
0.000000000000000000e+00
0.000000000000000000e+00
0.000000000000000000e+00
0.000000000000000000e+00
0.000000000000000000e+00
0.000000000000000000e+00
0.000000000000000000e+00
3.571367798650379455e-02
1.087192766072649697e+00
3.508437274588377619e+00
3.453243575097502571e+00
1.909708203726164566e+00
8.631540690374371882e-01
3.965720989404151187e-01
2.032012740081865498e-01
1.232240191256304407e-01
1.915404499873292199e-01
7.310777446227035847e-01
1.526033647268729698e+00
1.787934080609930865e+00
1.487439923792118091e+00
1.094941242771793721e+00
8.263806061275122961e-01
7.164021117692755958e-01
7.075581153862129380e-01
7.557233157728765471e-01
8.394203111308887744e-01
9.224640147821503433e-01
1.003430501850077539e+00
1.075279915369011130e+00
1.133235455666598668e+00
1.168496881865785264e+00
1.193890135801563890e+00
1.199714815048948502e+00
1.183753228379626155e+00
1.154134895158297480e+00
1.118195422366969005e+00
1.081928921545869171e+00
1.052138062903022142e+00
1.023996237149674249e+00
9.966546911134086528e-01
9.786832108326235513e-01
9.559941214060794223e-01
9.454773505696665303e-01
9.358094064806570245e-01
9.299939392832702323e-01
9.307419458506684951e-01
9.322250144424142348e-01
9.395408160808152997e-01
9.460843576876708516e-01
9.593299440934929256e-01
9.698390661053722939e-01
9.774239477554819144e-01
9.872353408213248027e-01
9.933779410982140901e-01
9.979527743059366518e-01
1.003257008879817391e+00
1.006611371848618930e+00
1.012591934134097871e+00
1.015058261193688249e+00
1.015763878069799953e+00
1.015714005743532322e+00
1.015615431040720607e+00
1.013247566772868868e+00
1.012608617315026160e+00
1.010229370970589402e+00
1.007796125563120926e+00
1.007047121704360393e+00
1.004199640473063981e+00
1.001612266411718188e+00
1.001058394702565302e+00
1.000518157746608017e+00
1.000231226514485705e+00
9.991392713927425007e-01
9.974838848356961662e-01
9.972417323495680330e-01
9.957365806028324329e-01
9.953859665006198343e-01
9.952926720921879689e-01
9.954217597952164098e-01
9.960612766562463305e-01
9.955572837660947583e-01
9.958871425933084609e-01
9.969306160328176292e-01
9.958571338721964317e-01
9.979760763797955736e-01
9.997464818858496916e-01
1.000379495250731443e+00
1.000798489622011456e+00
1.001130099369044846e+00
1.001715856430364537e+00
1.000998841231079295e+00
1.001523349552358777e+00
1.001187266554364852e+00
1.001961614283731761e+00
1.001733903199248266e+00
1.000163487219366987e+00
1.001053977121091787e+00
1.000698467835507532e+00
9.997233268202732059e-01
1.000944473514979727e+00
9.998807195024228545e-01
9.996924312998280993e-01
9.986555035905595457e-01
9.993346218681117277e-01
9.994050120406017257e-01
9.990985246503614192e-01
9.987825168831245826e-01
9.991504238489646861e-01
9.998834726234672177e-01
1.000144586608526120e+00
1.000330362847513976e+00
9.999044954104359118e-01
9.997160256314221449e-01
1.000676720107420037e+00
1.000273555578816476e+00
9.994634092768414080e-01
1.000208802707551525e+00
1.001169303704738223e+00
1.000517736942956759e+00
1.000250418984769185e+00
1.000660619864872869e+00
9.994299424368899842e-01
9.992078596303528570e-01
9.995368022522224116e-01
9.997479464667824445e-01
9.998150092062203509e-01
9.994093162391293195e-01
1.000220126220523031e+00
9.995829415728185730e-01
9.998469298424950136e-01
9.994353384301736254e-01
9.996366263317645329e-01
9.997792625810580924e-01
1.000581601898153927e+00
9.999621679919908912e-01
9.995040667133564538e-01
1.001063642772924922e+00
1.000527605635261219e+00
1.000510882826195935e+00
1.000683468387695507e+00
1.000526116316633463e+00
1.001020938740770694e+00
1.000350351255815173e+00
1.000220027706063108e+00
9.999191129791614729e-01
1.000072658947821935e+00
9.996821055648732468e-01
9.996247652451165644e-01
9.995431482317645999e-01
1.000389425701752488e+00
9.993753901314038623e-01
1.000408060689107259e+00
9.989234246526976779e-01
9.991518718092791129e-01
9.995259648311051182e-01
9.993573624732630112e-01
1.000621391170067653e+00
1.000206361867858051e+00
9.997795565368395865e-01
1.000095886332549089e+00
1.000438625911268309e+00
9.998144816730379913e-01
1.000776467915199364e+00
1.000555749794588944e+00
1.000184125244573119e+00
9.998725863105959455e-01
1.000629395624865525e+00
1.000368484086047394e+00
1.000420230792929521e+00
1.000335378725541569e+00
9.999015502887168561e-01
9.998657048501004008e-01
1.000046468245959108e+00
9.997432404624690960e-01
1.000167339300549241e+00
1.000035741431104963e+00
9.994524492709695451e-01
1.000171468675730146e+00
9.999690127249537541e-01
9.994266785854252211e-01
9.994250811258500455e-01
1.000595302046336510e+00
1.000147673503914758e+00
9.998778401556145390e-01
9.998803680703204355e-01
1.000237428249087790e+00
9.996586400232003733e-01
1.000005138348018408e+00
1.000141275099622806e+00
1.000181314076221240e+00
9.996355122400821802e-01
1.000647621678051102e+00
1.000226509692822674e+00
9.998075094237293126e-01
1.000107361588342902e+00
9.997458116667010675e-01
1.000006300853777841e+00
1.000020542721741013e+00
1.000303464556690614e+00
9.995120730981585933e-01
9.997422688309328676e-01
1.000625958466061949e+00
1.000071496249917535e+00
1.000571448550429343e+00
1.000685183119505162e+00
1.000915253657300052e+00
9.998469538119544309e-01
1.000480332511701320e+00
1.000450299827374101e+00
9.996382946008492976e-01
1.000274018543284793e+00
9.999837848315420441e-01
1.000676963018277910e+00
1.000087210103709712e+00
1.000975588163597996e+00
1.000300373055918790e+00
1.000780304983750035e+00
9.994469073586530472e-01
9.999672765770657445e-01
1.000267521674431004e+00
9.992791414826692753e-01
1.000070352615331615e+00
1.000024450050922997e+00
9.996849973695259850e-01
9.999335929061957673e-01
9.999096377619156595e-01
1.000371505744028777e+00
1.000023080298499067e+00
1.000029260145678611e+00
9.999143097813095737e-01
1.000267875563355835e+00
1.000122045310064545e+00
9.998298899752661173e-01
1.000392349408108172e+00
1.000802944299069130e+00
1.000392298597667651e+00
1.000410126348333595e+00
1.000125069348249740e+00
1.000235394150642776e+00
9.999869029343511073e-01
1.000248994026406990e+00
1.000632276987396985e+00
1.000302920775322013e+00
1.000286408667903970e+00
9.994918885847877688e-01
1.000074680942609096e+00
1.000136376830953022e+00
9.980296028953694609e-01
9.893086296574484795e-01
9.773752505744878194e-01
9.664642367153257752e-01
9.548144242701466222e-01
9.438455699827269507e-01
9.332733560220755065e-01
9.224859491687201762e-01
9.114823195310459703e-01
9.005965730626596111e-01
8.898552989135442015e-01
8.792739266876580251e-01
8.685500415274097774e-01
8.585395163803559715e-01
8.489534006550633061e-01
8.380391999671369385e-01
8.279113925390395590e-01
8.181060360225548278e-01
