0.000000000000000000e+00
0.000000000000000000e+00
0.000000000000000000e+00
0.000000000000000000e+00
0.000000000000000000e+00
0.000000000000000000e+00
0.000000000000000000e+00
0.000000000000000000e+00
0.000000000000000000e+00
0.000000000000000000e+00
0.000000000000000000e+00
0.000000000000000000e+00
0.000000000000000000e+00
0.000000000000000000e+00
0.000000000000000000e+00
0.000000000000000000e+00
0.000000000000000000e+00
0.000000000000000000e+00
0.000000000000000000e+00
0.000000000000000000e+00
0.000000000000000000e+00
3.766650344046613280e-02
1.080740406158899214e+00
3.498505243433718714e+00
3.442827175119619110e+00
1.903824589381026167e+00
8.710472694027033835e-01
3.964525567912010606e-01
2.010164892917660762e-01
1.213049549841209163e-01
1.920974870480894603e-01
7.279547823728051981e-01
1.526594277638499531e+00
1.781665798079355323e+00
1.485508570719209276e+00
1.091578552129370383e+00
8.266808330626429502e-01
7.179947430032983524e-01
7.074295027426577009e-01
7.597181979355340786e-01
8.352218244140676706e-01
9.202976579396303647e-01
1.007980726050933917e+00
1.075836563602332152e+00
1.128637149921540184e+00
1.170872809072225573e+00
1.193519405897821128e+00
1.197719360626006369e+00
1.182834688822516300e+00
1.151086383505288246e+00
1.119459452680952039e+00
1.082048660150335184e+00
1.048975035983271020e+00
1.021980821691249375e+00
9.962380888551712887e-01
9.772828196180656235e-01
9.582719601651484842e-01
9.436741531094380298e-01
9.354279202338430244e-01
9.295444796123033537e-01
9.307599873247137667e-01
9.325417241185033346e-01
9.409524736859525840e-01
9.507551144844424984e-01
9.599470390377442541e-01
9.700633012764935392e-01
9.793117989379889199e-01
9.863214684262898713e-01
9.945931035809963960e-01
9.981982318822599787e-01
1.003943443768385846e+00
1.008519083904091174e+00
1.011434929342025280e+00
1.014356709874591811e+00
1.015177407886227456e+00
1.016355253608350218e+00
1.015734865735567150e+00
1.015153159750953549e+00
1.013365381978831525e+00
1.010406784287743998e+00
1.009430002542029969e+00
1.006657645344205543e+00
1.006099034914992307e+00
1.003043967990455254e+00
1.002733577552856081e+00
1.001384517010375230e+00
9.986579115333390488e-01
1.000083990154209568e+00
9.992660562959190251e-01
9.985816368430078249e-01
9.965336190341993472e-01
9.950849912799286656e-01
9.942764407099877744e-01
9.938040269599166532e-01
9.951375426216699793e-01
9.954559897076441510e-01
9.959288342687560025e-01
9.973529943230748929e-01
9.970582233733679134e-01
9.976161597819019899e-01
9.985145997753646085e-01
1.000842252327748039e+00
1.000691045404606738e+00
1.001655028166643202e+00
1.000635907041428574e+00
1.001039458616123534e+00
1.000001206267670417e+00
1.001093487239254953e+00
1.001879542828983949e+00
1.001976254140873657e+00
1.001302394835510867e+00
1.001000041709674049e+00
1.001091528036552214e+00
1.000029100857838138e+00
1.000955839864314356e+00
1.000164509108512512e+00
1.000553941000394298e+00
9.999501529254732901e-01
9.987619154795640553e-01
9.992008458138299520e-01
1.000235660980996144e+00
9.991430616259733277e-01
9.996766936611352072e-01
1.000420445435341366e+00
9.998632707318070301e-01
1.000334008154316168e+00
1.000618679186626725e+00
1.000406767952139342e+00
1.000375602212647541e+00
9.999736481909483610e-01
1.000697906785779745e+00
1.000555034894406781e+00
1.000435640200160625e+00
9.991684351749464676e-01
1.000107548302574756e+00
1.000042476002176661e+00
9.995711574606999106e-01
1.000290844323459050e+00
9.994072066580584890e-01
9.996391836945902609e-01
1.000891745579843173e+00
9.999421211946649679e-01
1.000765347460268018e+00
1.000536583058220463e+00
1.000182948564718677e+00
1.000235246490497110e+00
1.001033947639371702e+00
1.000849422223720309e+00
1.000071288056049168e+00
1.000377765544048225e+00
9.999109019901958328e-01
9.991056019220379003e-01
9.999730551875647411e-01
1.000696693995947184e+00
1.000642536709710040e+00
1.000280992556696225e+00
1.001226388502046483e+00
1.000606379839552584e+00
1.000194428580936101e+00
1.000166935462879048e+00
9.999816229837199533e-01
1.000573883214870730e+00
9.991416625673791296e-01
9.999502514349799531e-01
1.000049448807591057e+00
9.995637163454914598e-01
1.000170566567255115e+00
9.990210649997429693e-01
9.996967006875265849e-01
1.000404692836803555e+00
1.000578151774347946e+00
9.999980462508251122e-01
1.000087454669099873e+00
9.999526391923682089e-01
1.000193657992795471e+00
9.999558446374466891e-01
1.000785283195607223e+00
9.998079693167798432e-01
1.000383636359108097e+00
1.000730039459159393e+00
1.000136399385463726e+00
1.000151595108653035e+00
1.000643711326484775e+00
1.000173909368839098e+00
9.996995125157297490e-01
1.000567153990737923e+00
9.997537552327012689e-01
1.000093013444918411e+00
1.000006391973529585e+00
1.000421620915628251e+00
1.000424368909593520e+00
1.000158264389579665e+00
9.999041497685711155e-01
9.994865223443171187e-01
9.995252746922079767e-01
9.997887211155238596e-01
1.000328546914103889e+00
1.000000420918115029e+00
1.000426687289885708e+00
9.999877619072173873e-01
1.000558713445212966e+00
1.000456939516169763e+00
1.000108037748215661e+00
9.998679110123296354e-01
1.000417849406445736e+00
1.000583369290385605e+00
9.998824384020863487e-01
1.000366263467554750e+00
9.997699325150064542e-01
1.000415850759579062e+00
1.000169272021002254e+00
1.000024591448562372e+00
1.000111923446544093e+00
1.000424726285670474e+00
1.000358626428662356e+00
1.000993793416592892e+00
1.000337787859649774e+00
9.997890996324341195e-01
1.000238894172174486e+00
1.000534783108986803e+00
1.000039509407966820e+00
1.000435932093202362e+00
1.000666047454416452e+00
9.999458768810797205e-01
1.000829275904339122e+00
1.000083087318098585e+00
9.997497340524265086e-01
1.000238552645269730e+00
1.000421266947504328e+00
1.000260182092136185e+00
1.000388647736613734e+00
1.000262243707325416e+00
1.000638434743485128e+00
1.000709268480805436e+00
1.000115248203128138e+00
1.000213739186484485e+00
9.995876730080613948e-01
1.000651898198708034e+00
1.000607870391795551e+00
1.000454540814072590e+00
1.000787610631191704e+00
1.000304596164697024e+00
9.999285262057084900e-01
1.000477665029344765e+00
1.000291307350219094e+00
1.000647980269291359e+00
9.994301303512647117e-01
9.999592597496511637e-01
1.000292996324340766e+00
9.997779242262689881e-01
9.997905086096862126e-01
1.000061864461626815e+00
9.999070358177345463e-01
1.000407848021298340e+00
1.000056950572310921e+00
1.000199444840800478e+00
9.999282965932396738e-01
1.000379101339161192e+00
9.999701063281054569e-01
9.999052379518914568e-01
9.998498330541965018e-01
9.997461366065171218e-01
9.983168113244216268e-01
9.884608363335862791e-01
9.772208109567154244e-01
9.657114565509533621e-01
9.547921239411857330e-01
9.440994900433168358e-01
9.330642401466527902e-01
9.221093976821275184e-01
9.114330474027462214e-01
9.004146444754755896e-01
8.892877247791105555e-01
8.787000093503032350e-01
8.686767266994408487e-01
8.586496592706721609e-01
8.481128489484568433e-01
8.379396694752305752e-01
8.273291465290931734e-01
8.178147822699294300e-01
