0.000000000000000000e+00
0.000000000000000000e+00
0.000000000000000000e+00
0.000000000000000000e+00
0.000000000000000000e+00
0.000000000000000000e+00
0.000000000000000000e+00
0.000000000000000000e+00
0.000000000000000000e+00
0.000000000000000000e+00
0.000000000000000000e+00
0.000000000000000000e+00
0.000000000000000000e+00
0.000000000000000000e+00
0.000000000000000000e+00
0.000000000000000000e+00
0.000000000000000000e+00
0.000000000000000000e+00
0.000000000000000000e+00
0.000000000000000000e+00
0.000000000000000000e+00
0.000000000000000000e+00
0.000000000000000000e+00
0.000000000000000000e+00
0.000000000000000000e+00
0.000000000000000000e+00
2.714382290130766193e-02
4.719595514265660374e-01
1.590179613197473918e+00
1.968363428558430384e+00
1.409684637402137897e+00
8.671620130174200192e-01
4.679864245363046238e-01
3.227358853275601458e-01
2.639837585147133958e-01
2.425405109829834038e-01
2.708800892853960307e-01
2.472778852978016473e-01
2.332694182297302687e-01
2.388813066839430843e-01
2.220216618374594442e-01
2.877876918573845644e-01
3.217144217761050973e-01
4.627273539806167069e-01
5.772692577367934952e-01
7.318932173254809603e-01
9.637274990789541640e-01
1.117034736562327435e+00
1.270699447056215403e+00
1.407947039461204586e+00
1.441928427415408276e+00
1.552038790223588371e+00
1.642062975588529650e+00
1.603291240655071226e+00
1.530843539892058569e+00
1.436267944179222988e+00
1.300415874144061013e+00
1.141258151855198300e+00
1.080289824918288399e+00
9.668502075766776116e-01
9.128872811634418660e-01
8.989102467348436543e-01
9.092504719807441571e-01
8.937191218861267883e-01
9.033527296596877143e-01
9.052425226326873409e-01
9.356067259156882754e-01
9.458895823159830796e-01
9.490180539037831320e-01
9.752532005694215522e-01
9.747660679980826304e-01
1.009791292287422371e+00
1.027030531660886759e+00
1.029332341655504246e+00
1.046655836530814732e+00
1.054747835214001173e+00
1.054201199659240862e+00
1.046542816537203269e+00
1.033698151387273612e+00
1.043434972247650583e+00
1.028224223260411962e+00
1.010565548312413187e+00
9.914353388114461874e-01
9.837622712179953099e-01
9.686195853751188301e-01
9.715495877195809982e-01
9.712711419710874372e-01
9.579548205321345433e-01
9.584147817004894376e-01
9.772507076815839522e-01
9.828993098149064744e-01
9.967122209543990419e-01
9.998615870913458714e-01
1.001075904465786648e+00
9.871403917799115302e-01
1.006579409006786774e+00
9.939391570300425416e-01
1.002704079349254318e+00
9.978962897556741263e-01
1.001045488299030950e+00
1.006672468916079310e+00
1.001484800865154012e+00
9.869151157905503569e-01
1.008320218704962024e+00
9.915810171616301627e-01
9.845661946817882981e-01
9.789625823028750284e-01
9.912190321556386685e-01
9.880560723260245481e-01
9.872529155335724171e-01
1.005376687156355864e+00
9.774264476353291542e-01
9.965384092760521950e-01
9.865045157511416196e-01
9.917141761188682514e-01
1.000785932751515617e+00
9.984957532742889663e-01
9.949991529817838742e-01
1.012396212878667434e+00
1.002668350580061096e+00
9.955120495564215855e-01
1.006935715091043848e+00
1.000505862595720163e+00
1.005447183124343891e+00
9.958070995607983811e-01
1.005209094470915776e+00
9.874070218565950130e-01
9.896962802310738105e-01
9.936175728342279134e-01
1.005179859747483251e+00
9.895663379230178469e-01
9.816718901123304697e-01
9.903585835777996005e-01
9.834386155255532280e-01
1.004768797369371525e+00
9.853716348467634889e-01
9.886343519008269354e-01
9.903304283675038455e-01
9.967498632217081100e-01
1.002437507646710468e+00
9.917202306015873159e-01
1.005756210182888299e+00
9.962851560267901307e-01
1.000763359032469380e+00
1.010079617553609976e+00
1.007014669715539767e+00
1.003150503697166851e+00
1.005576454857685764e+00
9.986690300792187003e-01
1.002794208734846482e+00
9.941265042332251278e-01
9.910133808952144019e-01
9.944263434165877547e-01
1.005562731354367800e+00
1.002886215215812005e+00
9.967972738128348942e-01
9.919771769784996307e-01
1.005725166881316524e+00
1.006917814782758436e+00
9.912256528003564604e-01
1.001192295371927887e+00
9.977846009439379493e-01
1.001614662420100998e+00
9.943243119227231919e-01
1.004036346852531736e+00
1.004738749349022964e+00
1.004128696655906872e+00
1.000963513577710406e+00
9.942232180382916118e-01
1.000061858961981631e+00
1.003974676351811590e+00
1.002932378198305052e+00
9.970444305028010046e-01
1.007356143912704338e+00
1.001237800660226718e+00
1.002692770809835210e+00
9.996701585069676099e-01
1.003482569425162341e+00
9.957198738085457634e-01
1.002485146123830440e+00
1.001077463916778099e+00
9.959316690453928755e-01
1.002066154364379402e+00
9.946181335723095485e-01
1.001184944930606280e+00
9.959543824393395361e-01
9.933226192370819829e-01
1.002464042074941997e+00
1.005951908333982736e+00
9.983293921358563638e-01
1.000156319670198357e+00
1.000405436884317600e+00
9.979326648198098004e-01
9.877045187176035634e-01
9.975839654205993501e-01
9.984152586848537014e-01
9.922429658820659526e-01
1.002683573316972332e+00
9.929543944531734612e-01
9.897638326922542085e-01
9.877998117319057858e-01
9.940452965437476252e-01
9.926352077617447422e-01
9.924845224498173302e-01
9.936049232251540353e-01
9.952340820840632762e-01
1.002021559710188470e+00
9.954428579060599080e-01
9.886967644921883513e-01
9.950367957484110848e-01
9.983061030950949322e-01
9.928525654226187935e-01
9.946950729776027345e-01
9.976142703738200002e-01
1.010111111810924500e+00
9.958724287688934806e-01
1.001426636603720111e+00
9.962780611298081013e-01
9.925394397393697554e-01
9.979236006348416455e-01
9.998046759211187684e-01
9.927296190474053095e-01
9.946932157669121644e-01
9.949384595119799002e-01
1.005054884002265281e+00
9.932814177159160485e-01
9.960616496390064523e-01
9.944321079878231107e-01
9.939901021156972716e-01
9.914299621925286576e-01
9.975144759523362215e-01
9.952957096124723790e-01
9.856011666109181224e-01
9.916390324568893355e-01
9.890584173274745705e-01
9.979143586868590710e-01
9.910373854225766888e-01
9.945454999952713093e-01
9.897840758429052865e-01
9.940600339807468266e-01
9.938516287528195159e-01
9.928079380727254932e-01
9.887592070746985540e-01
9.963805389935216361e-01
9.916182414598769812e-01
9.922079050847477655e-01
9.903983334231214464e-01
9.943718406562166434e-01
9.975906243770236159e-01
9.916407578761868846e-01
9.943404685799297482e-01
9.987703524635433983e-01
9.970174884013892624e-01
9.941782941162347065e-01
9.992907291412913562e-01
9.933687473405886648e-01
9.930455742838283362e-01
9.896840128095102385e-01
9.949356052554699792e-01
9.945718046511803356e-01
9.972858949669874962e-01
9.959508597094117732e-01
9.926634678624428609e-01
9.963363080721715503e-01
9.934256931292846371e-01
9.852535405695782567e-01
9.979194353102565085e-01
9.957263702875494005e-01
9.986371994566950461e-01
9.988170648324897760e-01
9.910448079908883434e-01
9.912714520618440828e-01
9.975859936341402445e-01
9.986252825829108337e-01
9.954885937964743636e-01
1.000331862653673687e+00
9.948652254675164341e-01
9.946598276961484686e-01
9.932806134216106697e-01
9.971224895668704402e-01
