0.000000000000000000e+00
0.000000000000000000e+00
0.000000000000000000e+00
0.000000000000000000e+00
0.000000000000000000e+00
0.000000000000000000e+00
0.000000000000000000e+00
0.000000000000000000e+00
0.000000000000000000e+00
0.000000000000000000e+00
0.000000000000000000e+00
0.000000000000000000e+00
0.000000000000000000e+00
0.000000000000000000e+00
0.000000000000000000e+00
0.000000000000000000e+00
0.000000000000000000e+00
0.000000000000000000e+00
0.000000000000000000e+00
0.000000000000000000e+00
0.000000000000000000e+00
0.000000000000000000e+00
0.000000000000000000e+00
0.000000000000000000e+00
0.000000000000000000e+00
0.000000000000000000e+00
2.434375912669889050e-02
3.860372043654977658e-01
1.327604524081374970e+00
1.684911256724560324e+00
1.225658308900144489e+00
7.355713906868471819e-01
4.258069684281821088e-01
2.566321391405620989e-01
2.535731486013795277e-01
2.222706866956179750e-01
2.211179640127599877e-01
2.426823687606637636e-01
2.147131879600817916e-01
2.044005813726320619e-01
2.112698217914263654e-01
2.447372926051133435e-01
3.156302631018872984e-01
4.170071044736759491e-01
5.691555086982614808e-01
7.365780996387878421e-01
9.412325089100893605e-01
1.149748458371082194e+00
1.285090344927039441e+00
1.373248589998504077e+00
1.494482756033439053e+00
1.603617508970011984e+00
1.649038689458150131e+00
1.588650164170776868e+00
1.548609830394114928e+00
1.443993602237541696e+00
1.307224697647039635e+00
1.164899486283821561e+00
1.067959412184467327e+00
9.703224016173289668e-01
9.117470486142981168e-01
9.310190386940867535e-01
8.895137124417078489e-01
9.075456025227921497e-01
9.039626743519109109e-01
9.308270679649355284e-01
9.562828498878196415e-01
9.438880828899268716e-01
9.755334594758844347e-01
9.680828104776731946e-01
9.957226880033566152e-01
1.017065751765209303e+00
1.023111068284541902e+00
1.038187906509662639e+00
1.053157203935843667e+00
1.044593143851743289e+00
1.033307258488407321e+00
1.055313514109115003e+00
1.051748570429946739e+00
1.028375900832580347e+00
1.044185993837781545e+00
1.013171343928203072e+00
9.955259330307685284e-01
9.955887252615450711e-01
9.937083501273336061e-01
9.876076015977229838e-01
9.910100524421627810e-01
9.909043870623343020e-01
1.000790004511270093e+00
9.861063123956644860e-01
9.837008657194487027e-01
1.005047958478014980e+00
1.010562269244138500e+00
1.012985470683156253e+00
1.010583281342029904e+00
9.976056885872792712e-01
1.016223855712435231e+00
1.021569003583634228e+00
1.024857291711512186e+00
1.023622415020960075e+00
1.011687612486360965e+00
1.021917035412380992e+00
1.022599690759320890e+00
1.012576970815342259e+00
9.956370001982982609e-01
1.003497047978540335e+00
1.008153339017026306e+00
1.003434296266496828e+00
1.007034625614135370e+00
1.004191849268821324e+00
1.000533606879321802e+00
1.004561662932377031e+00
1.000655590929332872e+00
9.947886238610308407e-01
9.966514135752532200e-01
9.946540212315834184e-01
1.010836447530592208e+00
1.013279311702520280e+00
9.937129845107322001e-01
9.951662252171912248e-01
1.002085623196534492e+00
9.922514334154851623e-01
9.975447848041892884e-01
9.911153800624608046e-01
1.003003831227398335e+00
1.006078936009714209e+00
1.001617934304754431e+00
9.956410702618126995e-01
1.002742013151260103e+00
1.005310853903050861e+00
1.002785082751363799e+00
1.001423440951192401e+00
1.006524803656980716e+00
1.003683105934995989e+00
9.833943887949975204e-01
9.899901033963744990e-01
1.002861588234591927e+00
9.942699130924623763e-01
9.997823307973100482e-01
1.002696006854538524e+00
1.007133366690645904e+00
9.909756224430467109e-01
9.947957967502667476e-01
1.006868932655022197e+00
9.974014095027805560e-01
9.904755477268735175e-01
9.909452551490107730e-01
1.005601321312906027e+00
9.976817969252095297e-01
9.983540447430272469e-01
1.001475800795802673e+00
1.007494673771678562e+00
9.946084523841056679e-01
9.915168461867608363e-01
9.991903086169853232e-01
1.008407708445144602e+00
1.006288043768905238e+00
1.006476548201605814e+00
9.976127528076571549e-01
1.003464330168977403e+00
9.967442960746114577e-01
1.010186015435147411e+00
1.000197290269762895e+00
1.006234026475567367e+00
9.989195784648632337e-01
1.002304716840318743e+00
1.003032109758510426e+00
1.001546956690457124e+00
1.005316460058410355e+00
1.001531614480140497e+00
1.006925323033599495e+00
1.002386782937520593e+00
1.001147755068967360e+00
9.963680331672054580e-01
1.000159815710772948e+00
9.938810114172454968e-01
9.914884251799781500e-01
1.001805329989524651e+00
9.998619725295802008e-01
1.002729639992835375e+00
9.970031016327333129e-01
9.938203208585419945e-01
1.000477010414574819e+00
9.984765169692713105e-01
1.002766303626876798e+00
9.978263221101110192e-01
9.927004742595344489e-01
9.905758425451274274e-01
1.001541425670304353e+00
9.940761237330300037e-01
1.000916584807993059e+00
9.993860783321433239e-01
9.942467173218876297e-01
9.917315603882634889e-01
9.995077093881268304e-01
9.917547188924535906e-01
9.891766812529170227e-01
9.918155580729172138e-01
9.953803225383244246e-01
9.949269172940977679e-01
1.000487761662929520e+00
9.935264621331949542e-01
9.967266658335358631e-01
9.943318465320354349e-01
9.933620940711833658e-01
9.962586007625543472e-01
1.000049806957647336e+00
9.878705326588412827e-01
9.939346586027835162e-01
9.904611698654715024e-01
9.898155671560393554e-01
1.000540586030197687e+00
9.964311342611986699e-01
9.928894775334786704e-01
9.917025205005741695e-01
9.976832457383215669e-01
9.932926180233924152e-01
9.905692140647976984e-01
9.913747916160478013e-01
9.908370038722841278e-01
9.884577394165852127e-01
9.836032455544296838e-01
9.870337390562278213e-01
9.881401494985798672e-01
9.910296717270457023e-01
9.903585678651315449e-01
9.801196782067806978e-01
9.956958643870940096e-01
9.882428885158432985e-01
9.886562691910564249e-01
9.844222306524786914e-01
9.835454065793837186e-01
9.855081402457969153e-01
9.858949287610316858e-01
9.893682747899746888e-01
9.869748659986047334e-01
9.891965264758505461e-01
9.831761135164976961e-01
9.958054701591592117e-01
9.891212176712940174e-01
9.880924538380078115e-01
9.863883144808500703e-01
9.898412801953192508e-01
9.879984746449850253e-01
9.899937795204173385e-01
9.869552750848542555e-01
9.912832856263891212e-01
9.884153394928462122e-01
9.850192121335310524e-01
9.944986520658100071e-01
9.918135618819581278e-01
9.886261602720921582e-01
9.929170597086781624e-01
9.898866709331248792e-01
9.893411920219393751e-01
9.925133304692642655e-01
9.878613984343885823e-01
9.873679298369514301e-01
9.866878493195851973e-01
9.928837370411167651e-01
9.880361529078328653e-01
9.906396649931823450e-01
9.940838934866750298e-01
9.907789333623998607e-01
9.936266947290992579e-01
9.954346390743106232e-01
9.890498798240732192e-01
9.884502749728014681e-01
9.935073909800944403e-01
9.965887540188440585e-01
9.900371048563829657e-01
9.977226833706308584e-01
9.987341561559863745e-01
9.936491264193110240e-01
9.942590471232441995e-01
9.908063990050804959e-01
9.922214026494048378e-01
9.956324271002156001e-01
9.925609272188918863e-01
9.923878327706298075e-01
