0.000000000000000000e+00
0.000000000000000000e+00
0.000000000000000000e+00
0.000000000000000000e+00
0.000000000000000000e+00
0.000000000000000000e+00
0.000000000000000000e+00
0.000000000000000000e+00
0.000000000000000000e+00
0.000000000000000000e+00
0.000000000000000000e+00
0.000000000000000000e+00
0.000000000000000000e+00
0.000000000000000000e+00
0.000000000000000000e+00
0.000000000000000000e+00
0.000000000000000000e+00
0.000000000000000000e+00
0.000000000000000000e+00
0.000000000000000000e+00
0.000000000000000000e+00
0.000000000000000000e+00
0.000000000000000000e+00
0.000000000000000000e+00
0.000000000000000000e+00
0.000000000000000000e+00
2.714218379699753075e-02
4.171765953954283401e-01
1.620023994347124852e+00
1.942565211987087315e+00
1.427263636223816912e+00
8.426000001812559148e-01
4.772924046612571081e-01
2.946031619717872085e-01
2.479530080989298946e-01
2.347024334866074646e-01
2.091916596048857546e-01
2.365123797702327613e-01
2.252732124115960632e-01
2.165389433034193845e-01
2.216075233216651119e-01
2.751755646100949027e-01
3.369791283675427906e-01
4.168463030878598596e-01
5.842050063353969591e-01
7.804272415606254842e-01
9.645812731106729876e-01
1.107644570397580797e+00
1.295492951035294160e+00
1.380230541423039137e+00
1.525867148387398009e+00
1.638439532971783130e+00
1.628131747984540079e+00
1.624092662074066329e+00
1.548676476729637486e+00
1.486543545450658366e+00
1.330400531169644296e+00
1.160871660658718163e+00
1.076190910588456173e+00
9.864729073117440850e-01
9.099587371314142858e-01
9.065027813294600501e-01
9.123927654557612010e-01
9.026311473618535697e-01
9.445366590584616251e-01
9.166788543124178013e-01
9.475901291662645054e-01
9.316939689722816276e-01
9.661915588529100818e-01
9.587278299705497275e-01
9.766909178043393647e-01
1.004201370584520525e+00
1.020715608076976588e+00
1.010410137423821464e+00
1.050264008278081862e+00
1.040846128759955080e+00
1.033358043560455242e+00
1.053812120251944817e+00
1.049742942807653456e+00
1.035051579671703692e+00
1.015583951306722632e+00
1.004071955395770432e+00
9.952385218779769005e-01
9.982217440480801729e-01
9.909315756510389539e-01
9.699622330405479609e-01
9.784163738583400161e-01
9.684572590695609273e-01
9.628888782755975484e-01
9.777660411380729721e-01
9.767403263165345129e-01
9.807921883590668966e-01
9.875860274717288556e-01
9.871051089195073125e-01
9.902458485804369603e-01
1.014590942056496914e+00
9.931025857688036140e-01
1.005201928011300039e+00
1.015112408779908826e+00
9.972668562803028713e-01
9.965240581368502992e-01
1.014440574257009064e+00
1.003560587531583614e+00
1.002613843003144378e+00
1.002957964391254064e+00
9.767699507775574608e-01
9.938556270390417335e-01
9.914434654150551252e-01
9.978238884697953059e-01
9.945942900237737527e-01
9.852892851462182744e-01
9.934938484340176679e-01
9.872333498892852388e-01
9.960888597410458845e-01
9.881946494734829001e-01
1.009594939852954010e+00
9.788686730441741313e-01
9.817505940880402182e-01
9.947341631250816718e-01
1.003666472291440126e+00
9.953160940765860554e-01
1.003757838296987170e+00
1.009337660079293153e+00
1.000473223896531039e+00
9.951956208408941906e-01
9.977612176852744819e-01
9.838557022769354177e-01
1.004800100211548530e+00
9.926418766623893442e-01
1.005119160237784470e+00
9.916295016021916542e-01
1.000010914996589007e+00
9.922831075475914142e-01
9.918623046003351984e-01
9.992212746377809873e-01
9.927231452747775631e-01
9.887862721791230713e-01
9.923218862118761141e-01
9.963811854795662226e-01
1.002376901663987407e+00
9.951567968531611630e-01
9.988338595483163829e-01
9.970342439893692399e-01
1.004373814869945036e+00
1.011781543390586791e+00
1.002265234851527520e+00
9.969949789285467157e-01
1.007026325780801868e+00
1.006954951308212776e+00
9.864987588878468827e-01
1.004862407901742083e+00
9.996598374099260331e-01
9.948467226812902631e-01
9.929199233638891231e-01
9.982543021654910476e-01
9.947253845251784465e-01
9.925076377364566715e-01
1.000788569934824013e+00
9.973065185238029207e-01
9.839826278997910736e-01
9.977123693588997311e-01
9.882228764726198600e-01
9.969239427744404081e-01
9.908216617010157101e-01
9.855625493920079361e-01
9.870146775262131911e-01
9.942751501015668625e-01
9.931243906956260803e-01
9.860136886089343466e-01
9.971185786667221551e-01
9.961580077687529622e-01
9.932392920165302730e-01
9.942228108058333014e-01
9.922496067863785241e-01
9.932115856007250887e-01
9.868603711240229170e-01
9.989766924681465765e-01
9.976843866429115915e-01
9.889753657606902282e-01
9.904897764160175422e-01
9.910701572853014563e-01
9.885084481770158860e-01
9.890784107268685288e-01
9.995165405527649538e-01
9.893834845311620940e-01
9.910420421480101716e-01
9.904655485610586174e-01
9.984582735866267544e-01
9.889267918136073199e-01
1.000374154860981912e+00
9.947886474511536958e-01
9.899665401242871976e-01
9.898188437667124751e-01
9.966159165732563219e-01
9.833795872456092546e-01
9.853870532808991500e-01
9.938002530662737311e-01
9.953259405470905596e-01
9.919100942985001890e-01
9.910253111546959426e-01
9.984995005452808048e-01
9.942766388140421574e-01
9.951079611836550765e-01
9.845673049065889471e-01
9.906055523372561122e-01
9.919829878780002108e-01
9.844646725344532445e-01
9.847567857440638894e-01
9.881229157864953594e-01
9.910676874908400658e-01
9.907392641108468956e-01
9.915581713519161511e-01
9.929609141510566950e-01
9.920884261261764259e-01
9.924345034348950323e-01
9.967747376599213061e-01
9.968222859942604819e-01
9.997472897333654629e-01
9.853060477623537539e-01
9.923650365299495624e-01
9.900909663004583416e-01
9.932590999286864397e-01
9.897601999303295983e-01
9.975102158327349144e-01
9.954210589326635272e-01
9.913727787352477616e-01
9.920422845033627368e-01
9.920605058986583513e-01
9.953023704319038378e-01
9.988207503977746260e-01
9.963778246173310427e-01
9.946345077101328425e-01
9.997691310197324155e-01
9.901564036843588656e-01
9.922142208598020430e-01
9.895218571758971349e-01
9.904838945831960784e-01
9.934365458464791132e-01
9.987264955512619169e-01
9.940457775203261903e-01
9.920867980040927181e-01
9.961179264375972231e-01
9.912368462885093878e-01
9.955110441756315209e-01
9.912064535294378143e-01
9.954417100395059892e-01
9.943736676309444800e-01
9.960609307766395970e-01
9.924846863388153695e-01
9.953400599997349607e-01
9.979467865633649959e-01
9.952078151081323876e-01
9.929465319554834357e-01
9.940568856475775483e-01
9.950591033725826318e-01
1.001807438012543905e+00
9.956531472111941339e-01
9.953147584871184783e-01
9.994300242139466661e-01
9.914563212624707411e-01
9.951623394878225115e-01
9.959387228195463182e-01
9.969343665988918968e-01
9.939471193640355695e-01
9.929709783810439783e-01
9.945751655911762024e-01
9.969150528400522182e-01
9.970625262274444012e-01
9.935892480458723419e-01
1.000150531188509495e+00
9.958001825246217686e-01
9.970704425717986652e-01
1.001544677153526353e+00
9.984770571521009996e-01
9.993366545838622272e-01
9.916974239842525352e-01
1.001674982667311475e+00
9.933363429412362944e-01
9.922036077933533704e-01
9.862075780271207792e-01
