0.000000000000000000e+00
0.000000000000000000e+00
0.000000000000000000e+00
0.000000000000000000e+00
0.000000000000000000e+00
0.000000000000000000e+00
0.000000000000000000e+00
0.000000000000000000e+00
0.000000000000000000e+00
0.000000000000000000e+00
0.000000000000000000e+00
0.000000000000000000e+00
0.000000000000000000e+00
0.000000000000000000e+00
0.000000000000000000e+00
0.000000000000000000e+00
0.000000000000000000e+00
0.000000000000000000e+00
0.000000000000000000e+00
0.000000000000000000e+00
0.000000000000000000e+00
0.000000000000000000e+00
0.000000000000000000e+00
0.000000000000000000e+00
0.000000000000000000e+00
0.000000000000000000e+00
2.340236217593213985e-02
3.763912515429508332e-01
1.332171395600409758e+00
1.785767952737146835e+00
1.265672460880959305e+00
7.658876876338821527e-01
4.493650503727228407e-01
3.116405570262960611e-01
2.303201996101226501e-01
2.660407684517713811e-01
2.452493195867073705e-01
2.449669866592111278e-01
2.665589188580059221e-01
2.245809944992608054e-01
2.092197882608452242e-01
2.614797653981167924e-01
3.221129768171191454e-01
4.280340620371085314e-01
5.849670969765707884e-01
7.322894590722732744e-01
9.352506030734739628e-01
1.114240937268506482e+00
1.261612837902642781e+00
1.393877870614439241e+00
1.498539701822496406e+00
1.575753868239744060e+00
1.618864012106258077e+00
1.638146752820753393e+00
1.570406627452736403e+00
1.457979419257478648e+00
1.306734097332465261e+00
1.180951258236343948e+00
1.055624188545501996e+00
1.026193237053967255e+00
9.198108175124597441e-01
8.882298841797477973e-01
9.012695484073983687e-01
8.928369377716908195e-01
9.179884434032783425e-01
9.059528086423001003e-01
9.345179863054066116e-01
9.050117499431984402e-01
9.523426044429191828e-01
9.693691899919727462e-01
9.902147941120728047e-01
9.990974181242647800e-01
1.022513004545347437e+00
1.034067494200183068e+00
1.019760988555946657e+00
1.052900530863322803e+00
1.042518766389968876e+00
1.033738962497462666e+00
1.038290199426525229e+00
1.023470909731866385e+00
9.965797663997761902e-01
1.005032401938392272e+00
1.002746860582334643e+00
9.889598518598260446e-01
9.759055995139364059e-01
9.592430369477745744e-01
9.646975570672484679e-01
9.821874464321790343e-01
9.559156446563936704e-01
9.778481560237956005e-01
9.912729568326956731e-01
9.778157977346727536e-01
9.866761264887001781e-01
9.905046504064449753e-01
9.901176207195826473e-01
9.993347454765362237e-01
9.880449686756046512e-01
9.940977110571138642e-01
9.953607870659485490e-01
9.795707567604954313e-01
1.002224233259935593e+00
9.906160634602142467e-01
9.956567436104769575e-01
9.858430925075448714e-01
9.848844141123788143e-01
9.735080513878530128e-01
9.766913028013697318e-01
9.789801534270297090e-01
9.848673180376343872e-01
9.780924478713979298e-01
9.862085457123004328e-01
9.710798864084974058e-01
9.694256250778142681e-01
9.835484305331753108e-01
9.885611588964658969e-01
9.879813593240591718e-01
9.788392523035067683e-01
9.931536879898833492e-01
9.850691884626074923e-01
9.838080779540901988e-01
9.754702688197502969e-01
9.843751493855936729e-01
9.833954323021811827e-01
9.882269652468844701e-01
9.782268843584431828e-01
9.947981218845481921e-01
9.775706393858278886e-01
9.810669485955942903e-01
9.789526455035856278e-01
9.881560972845163660e-01
9.751187150139606352e-01
9.919666653509460197e-01
9.961571084470910442e-01
9.906639218765654897e-01
9.818718412292734010e-01
9.817534616784187040e-01
9.794604676864944182e-01
9.909584889920735051e-01
9.972682227388115495e-01
9.804503353071012395e-01
9.941248522273367083e-01
9.907269362135426860e-01
9.951942679988650120e-01
9.895369123982435955e-01
9.897217990759652473e-01
9.947007607682045727e-01
1.002124917442836383e+00
9.968606026614793558e-01
1.002264471713178340e+00
9.880470280351681955e-01
9.911855627629613252e-01
9.999996194603681943e-01
9.856281552363101994e-01
9.953188510050235971e-01
9.981464745636182689e-01
9.982366862389746576e-01
9.914663984545930564e-01
1.005011636800461128e+00
1.010454289086984536e+00
1.006243563960548482e+00
9.914738898018048419e-01
9.966818795136918041e-01
9.971661081049841835e-01
9.893893880781842176e-01
9.946689046359044051e-01
1.009383367086773342e+00
9.996595466670469277e-01
1.000602381844657884e+00
9.980350351199407388e-01
1.003533256107490335e+00
9.968454843729137593e-01
1.002861349118182810e+00
1.003956701914742622e+00
1.002200845415584629e+00
9.983226590650510213e-01
1.005831647986090260e+00
1.000790572950905011e+00
1.000230774850818793e+00
1.002161587690167943e+00
9.975120854449166519e-01
1.002234396840833375e+00
9.995711849985579045e-01
9.995287495073846840e-01
1.000602052943649012e+00
9.939338839111959700e-01
9.972077836209439772e-01
1.001689480859036863e+00
9.974851353153698641e-01
1.001563821954891464e+00
9.957271068591221352e-01
9.965499094746169684e-01
9.952960226445930481e-01
9.941011755993708343e-01
1.001699729473761735e+00
9.988381548297863288e-01
1.001894105455943373e+00
9.914471695591600131e-01
9.957796667797788048e-01
9.936451078938171033e-01
9.938182177883826407e-01
1.004358520941500243e+00
9.932614837396400720e-01
1.000662098245411746e+00
9.913846412691880161e-01
9.952523660586237719e-01
9.972092485948875762e-01
1.001111677083908802e+00
1.000252880320684268e+00
9.946558969008530982e-01
1.003082841762601873e+00
9.913656311629043261e-01
9.960898852020445560e-01
1.002984216757570657e+00
9.965387508330777466e-01
1.002560636103854597e+00
9.967014539387698546e-01
9.876480225725030593e-01
9.968854442392404147e-01
9.977413184581482852e-01
9.926544258724322445e-01
9.882965174890339100e-01
9.998982588572876695e-01
9.914269801060353604e-01
9.964931494960217462e-01
9.927184239837854030e-01
1.001352559980865697e+00
9.955280074883851027e-01
1.000166340491768890e+00
9.918303546407201132e-01
9.946820910889315748e-01
9.957036204960896253e-01
9.975372629171727068e-01
9.918976504124812354e-01
9.956042726483551597e-01
9.932416410557523001e-01
9.958878273461596597e-01
9.909676060920490359e-01
9.947339209094471224e-01
9.936237518240511601e-01
9.897884017167203341e-01
9.919237686357010864e-01
9.952593276803201050e-01
9.959423242444883639e-01
9.879607124030533871e-01
9.887334316797875555e-01
9.941035138879369404e-01
9.896932435920732241e-01
9.910442525196554442e-01
9.982514736983219006e-01
9.935110645479715563e-01
9.955474698022152014e-01
9.926515879873974990e-01
9.925564756621769735e-01
9.975180436414647911e-01
9.950638390937818212e-01
9.936769823961696391e-01
9.897547527716250571e-01
9.922890936456826294e-01
9.969216994973629786e-01
9.893187099073715851e-01
9.951356915778393208e-01
9.951253075813247806e-01
9.927892416783559160e-01
9.988485311636271513e-01
9.961637748226939149e-01
9.940800120383513905e-01
9.972213299362918670e-01
9.932331977727693051e-01
9.995835080281184615e-01
9.959553699538538085e-01
9.955091070987753810e-01
9.961586385648907305e-01
9.943641219197183467e-01
9.982228597659954517e-01
9.959969400899123526e-01
1.002050543964741802e+00
9.930028584809302838e-01
9.938361519849832071e-01
9.953030311282143883e-01
9.950920405342889019e-01
