0.000000000000000000e+00
0.000000000000000000e+00
0.000000000000000000e+00
0.000000000000000000e+00
0.000000000000000000e+00
0.000000000000000000e+00
0.000000000000000000e+00
0.000000000000000000e+00
0.000000000000000000e+00
0.000000000000000000e+00
0.000000000000000000e+00
0.000000000000000000e+00
0.000000000000000000e+00
0.000000000000000000e+00
0.000000000000000000e+00
0.000000000000000000e+00
0.000000000000000000e+00
0.000000000000000000e+00
0.000000000000000000e+00
0.000000000000000000e+00
0.000000000000000000e+00
0.000000000000000000e+00
0.000000000000000000e+00
0.000000000000000000e+00
0.000000000000000000e+00
0.000000000000000000e+00
2.153422082970522788e-02
3.547262979447872722e-01
1.396371699276353295e+00
1.775526141404902170e+00
1.282873981908926764e+00
6.924767329081236156e-01
4.506945390622245640e-01
2.648270942963050212e-01
2.375450884519662575e-01
2.285250173376483784e-01
2.166693951958065523e-01
2.225690989776326900e-01
2.231353577215854089e-01
2.128231123080241982e-01
2.076556103280046417e-01
2.527476551839281105e-01
3.407394626756267142e-01
4.197746267865510861e-01
5.983591883418883928e-01
7.435437139949261365e-01
9.150514067817755448e-01
1.127856496384837426e+00
1.235852630775346350e+00
1.384210471782398200e+00
1.497532212295950016e+00
1.558695454944234449e+00
1.598174255046984626e+00
1.621454510201978616e+00
1.566052711505995676e+00
1.449927820983438753e+00
1.286793132209143264e+00
1.151738458617049821e+00
1.058128333793626696e+00
9.697361850537360439e-01
9.429787698907310389e-01
9.261233150440023598e-01
8.970623088526674671e-01
8.990385600143701028e-01
9.078872141220996062e-01
9.280405165540409618e-01
9.360318638570781502e-01
9.183151113792152875e-01
9.707396385625332025e-01
9.895631907040715047e-01
9.864319268953903874e-01
9.934970745262775571e-01
1.013572767579321576e+00
1.042782359217164112e+00
1.039619568806205097e+00
1.056097674343517978e+00
1.053164369383658761e+00
1.066886923336989312e+00
1.055665391324525748e+00
1.037604822607617550e+00
1.032992900122383650e+00
1.011557166683877851e+00
1.006993102460000955e+00
9.817894827800099922e-01
9.796806470836978420e-01
9.938747457848366995e-01
9.679548624683372848e-01
9.803107599564585550e-01
9.991649862819903527e-01
9.763901850981331343e-01
1.003743144821983346e+00
9.973209070698093592e-01
9.970829215429503067e-01
1.009043949816378793e+00
1.014971164432293405e+00
1.004209176502640855e+00
1.011391814043230752e+00
1.029285875666438477e+00
1.008425123486385466e+00
1.018543972517061968e+00
1.030147081664101627e+00
1.009950665975081430e+00
1.008862309546007419e+00
1.015738802807589103e+00
1.011203230939060616e+00
1.006716523767270166e+00
9.971660542279240369e-01
9.991936522180477898e-01
1.006222588701026321e+00
1.003448852959701654e+00
9.954953428900682466e-01
9.872888252093815487e-01
1.002288295380775685e+00
1.014411132107196245e+00
9.992298567258195430e-01
9.939835820351853313e-01
1.013810149071429745e+00
1.008867273901513650e+00
1.009511151668709417e+00
1.004714465555288427e+00
1.004138879766400372e+00
1.008213218516915921e+00
1.018723822742974017e+00
1.010357368688085122e+00
9.905438800449781755e-01
1.018198086365508459e+00
1.011368056480965727e+00
1.017050184722100292e+00
1.016212190725171549e+00
1.001947938259604376e+00
1.007118381727961864e+00
1.017745077926374586e+00
1.009341356010632351e+00
1.005018325747376817e+00
1.004120600529405882e+00
1.015353387616713343e+00
1.014583997295661399e+00
1.014030456431563199e+00
1.011030773178393627e+00
1.003747380852149540e+00
1.008102684541219984e+00
1.005101013841586344e+00
1.006650556079350389e+00
1.007285955057984017e+00
9.936555041881139916e-01
9.992673814038601776e-01
1.007338025002242565e+00
1.007263833425855459e+00
1.009460317388862993e+00
1.003649558653520124e+00
1.005074854258087846e+00
1.001219028413836254e+00
1.011996257468384064e+00
9.993572482963596348e-01
1.002135656987756862e+00
1.002585216189350925e+00
9.959484526801252180e-01
1.000906225773868341e+00
1.004440785910794887e+00
9.919838582851844277e-01
1.004602378187633649e+00
1.006273228873606262e+00
9.945146985252599769e-01
1.013952551521055900e+00
9.984523501157704928e-01
1.005107688375991959e+00
9.971433742898304642e-01
9.950482939050708797e-01
9.932895622716687578e-01
1.003103889225007928e+00
1.001443803159385748e+00
9.971253209221717650e-01
1.000454919456837510e+00
9.958140292921262571e-01
9.903042420865973972e-01
9.945986016763733728e-01
9.988045552746589451e-01
9.965159162718123520e-01
9.912054508744472248e-01
9.916790618801659685e-01
9.953788453552298021e-01
9.953077866354416159e-01
9.907927361453754411e-01
9.953806533822666669e-01
9.902958322888367748e-01
9.945287663805895129e-01
9.981156438096164818e-01
9.925850931052084825e-01
9.857070483851164688e-01
9.882783108215278389e-01
9.917542766712069691e-01
9.905341335934940705e-01
9.923715642103099199e-01
9.965139999795749048e-01
9.945413569646639473e-01
9.908820758274387019e-01
9.950225380494002181e-01
9.984113060517161298e-01
9.936650260561218362e-01
9.902380711175767791e-01
9.856053378897560169e-01
9.963472493896765592e-01
9.931690248741421589e-01
9.885857734843803701e-01
9.873260080132664207e-01
9.914796747649468056e-01
9.915077131666729660e-01
9.999369271235848400e-01
9.901083282835395627e-01
9.906862790467352298e-01
9.902905004946443990e-01
9.931165925090340574e-01
9.931540898026998132e-01
9.897582998060038273e-01
9.921445573774028137e-01
9.972852658414047555e-01
9.920003499829413984e-01
9.952102261260491467e-01
9.905876658812691193e-01
9.938101037065825150e-01
9.928237883764375882e-01
9.929961123254057442e-01
9.966341974455569241e-01
9.923758069948095395e-01
9.970017675257688561e-01
9.945576482300925170e-01
9.966251831055763510e-01
9.948022192251866347e-01
9.922435639427247267e-01
1.000437251328291532e+00
9.911010362283824149e-01
9.890620887069089262e-01
9.933371107754178642e-01
9.957069602146912946e-01
9.969679872645432761e-01
9.960632138542090397e-01
9.960210577295534051e-01
9.962033344402694279e-01
9.956948167664662064e-01
9.883924487709205842e-01
9.915190287755533127e-01
9.956155555017387471e-01
9.923165143693427614e-01
9.897434397280823193e-01
9.920542574126423041e-01
9.940393809210148479e-01
9.864919851612286017e-01
9.919605438291950739e-01
9.963412807849544306e-01
9.926943141936774850e-01
9.964471931813652095e-01
9.966951943435962136e-01
9.885555602329307856e-01
9.940423316467004167e-01
9.936670512564457214e-01
9.964223293046113872e-01
9.970270300496316684e-01
9.877550160477012176e-01
9.982112976980029861e-01
9.920534013148770702e-01
9.922703519143512008e-01
9.894272617874511067e-01
9.960105281272353395e-01
9.904557264131688132e-01
9.894613221250428969e-01
9.884738430470275672e-01
9.964088214521449327e-01
9.953589419565671559e-01
9.889170995943146192e-01
9.965499508225383885e-01
9.932158884622243056e-01
9.876391811191829184e-01
9.913453247730876772e-01
9.895405550316771492e-01
9.871954689269197836e-01
9.945715695353791741e-01
9.936797857891005448e-01
9.870549113810855868e-01
9.956427692173154265e-01
9.951781032479359856e-01
