0.000000000000000000e+00
0.000000000000000000e+00
0.000000000000000000e+00
0.000000000000000000e+00
0.000000000000000000e+00
0.000000000000000000e+00
0.000000000000000000e+00
0.000000000000000000e+00
0.000000000000000000e+00
0.000000000000000000e+00
0.000000000000000000e+00
0.000000000000000000e+00
0.000000000000000000e+00
0.000000000000000000e+00
0.000000000000000000e+00
0.000000000000000000e+00
0.000000000000000000e+00
0.000000000000000000e+00
0.000000000000000000e+00
0.000000000000000000e+00
0.000000000000000000e+00
3.566314447675061894e-02
1.061801280948910353e+00
3.460401316836509533e+00
3.415110121032641999e+00
1.862146139566541958e+00
8.380449396456088884e-01
3.782771891480971038e-01
1.887312428227836125e-01
1.162159887397127833e-01
1.808427443029068382e-01
7.048112323681774427e-01
1.476840411663598474e+00
1.728237931029103835e+00
1.436635398469986891e+00
1.040334670182435861e+00
7.686077796159315190e-01
6.533405029019521137e-01
6.402519825061324665e-01
6.936654580164617334e-01
7.839886018697220793e-01
8.848111189444715086e-01
9.779628026203418534e-01
1.061447671928497760e+00
1.134074687561068773e+00
1.185407885848555942e+00
1.217095315422406676e+00
1.230272048560206555e+00
1.217012775116322443e+00
1.186795589845957233e+00
1.149599107457699665e+00
1.103266727030886463e+00
1.060719012843435838e+00
1.032326118461757369e+00
1.006210244489988526e+00
9.863246512302967783e-01
9.647524578722628252e-01
9.512679570113022898e-01
9.417808798222688793e-01
9.300297324083250938e-01
9.263230647749088886e-01
9.272709112586098312e-01
9.300794015095297240e-01
9.367574503355143856e-01
9.495193630167987342e-01
9.610475338122663747e-01
9.720516547207602720e-01
9.833973062069258919e-01
9.913484420558480448e-01
1.001708878936960812e+00
1.011651854329685962e+00
1.016387292217431293e+00
1.021365416903756040e+00
1.023162712065609714e+00
1.019186795225417219e+00
1.020511823463792211e+00
1.019148740268153164e+00
1.018384803411110484e+00
1.014683174968715074e+00
1.009294198409501186e+00
1.007006205177514380e+00
1.002173008111964414e+00
1.001902646203111757e+00
1.000582956730316830e+00
1.001084379240372968e+00
9.968790608081489202e-01
1.000389142855228730e+00
9.968657603039309256e-01
9.991612532111804335e-01
9.975478573636471502e-01
9.993773763514254282e-01
9.963099728462390114e-01
9.963057674602046054e-01
9.976206245702406994e-01
9.975410432811050443e-01
9.984165071211917875e-01
9.970229185403703953e-01
9.977587363069210236e-01
9.974195021815900342e-01
9.980018323547993342e-01
9.976339420860252938e-01
9.982064410852709013e-01
9.976567631618865617e-01
9.964540444337526282e-01
9.991854618954862932e-01
1.000462865246475985e+00
9.992006981916567998e-01
9.988100674354654096e-01
1.000108951969713944e+00
1.001805475839526505e+00
1.002633946407551768e+00
1.003462643296512358e+00
1.002167668689738722e+00
1.000531350661796548e+00
1.002577833153786013e+00
1.000405913809457426e+00
9.999977189099648056e-01
9.995372058122850012e-01
1.001433489308672709e+00
1.000427818439800554e+00
1.001000187935018548e+00
9.990749298807235501e-01
1.001133432526281286e+00
9.985200550375978867e-01
9.993944190488927015e-01
9.994132051401695138e-01
9.993825544263256200e-01
1.000209946303625586e+00
9.985853970548688174e-01
9.987813123304942753e-01
1.000936487322447777e+00
9.979930970723770445e-01
9.998134103697144948e-01
9.991157972999432646e-01
1.000102765265796556e+00
1.001579430245631563e+00
1.000300041018265862e+00
1.000753965453581973e+00
1.001226082532962192e+00
1.001209623319798236e+00
1.000247053063233915e+00
1.000529115722895268e+00
1.001746793117257672e+00
1.001717505743513925e+00
1.001580018422486784e+00
1.001278910141538026e+00
9.995211529038940945e-01
9.989677676941307594e-01
1.000383204159035255e+00
1.000462130070024047e+00
1.000591783298484971e+00
9.997615710004562617e-01
9.988077162212465332e-01
9.992354670699292729e-01
9.995883578839408479e-01
9.997803864491244807e-01
9.994688622287368762e-01
1.000483772004791660e+00
1.000062439702261274e+00
1.000100949071946577e+00
1.000138840767724302e+00
9.999877907994177972e-01
1.000314769594574660e+00
9.996151667748516267e-01
9.998374289895928246e-01
1.000372360495339619e+00
1.001676549441510078e+00
9.991796375229551330e-01
9.993568636296464858e-01
1.000234812997309986e+00
9.997107263325049065e-01
1.000155986284434695e+00
1.000169642075039667e+00
9.999797241524818192e-01
9.999750175409785058e-01
1.001301659647162889e+00
1.000081871392630495e+00
9.996573830032209340e-01
1.000602067462279088e+00
1.001370755692790659e+00
9.999057883851468764e-01
9.994085477735511480e-01
9.994613971167571886e-01
9.994589284296025999e-01
1.000521274640361113e+00
9.992422663049630449e-01
9.990985396070365399e-01
1.000507243994425588e+00
1.000440551701177627e+00
1.000217095213493890e+00
9.997134355968237962e-01
9.994786698458908436e-01
1.000811448182771457e+00
9.999948813662121738e-01
9.999296190645508009e-01
1.000265151290141930e+00
9.995379293139521337e-01
9.994854478187621405e-01
1.000034272935590662e+00
1.000514064848328610e+00
1.000427683150670211e+00
9.994904253782540549e-01
9.992171759097839834e-01
1.000210823752695655e+00
1.001310259677336667e+00
1.000504733173914307e+00
9.999634908904240227e-01
9.999593905625996371e-01
1.000021161661255542e+00
9.994019650640647567e-01
9.999169541331288658e-01
9.997374598865006456e-01
1.000748675127100418e+00
1.000079304983030992e+00
1.000076452682678418e+00
1.000034919983080917e+00
1.000347745041991088e+00
9.997137866573722054e-01
1.001025149228414568e+00
9.990191767559517544e-01
9.998788931354118947e-01
9.998942271332884602e-01
9.998140576468941276e-01
9.996250583780327270e-01
9.997734787624639186e-01
1.000521863893721664e+00
9.998072323613299561e-01
9.997909219090481692e-01
9.997058914549721287e-01
9.996698242544707069e-01
1.000410342131215158e+00
1.000269479761013658e+00
1.000818511561325730e+00
1.000187548428378870e+00
9.993108819102962670e-01
1.000450623642706205e+00
1.000779040777181050e+00
9.998100420928740517e-01
1.000183705603269635e+00
1.000791110366321623e+00
1.000074019033698747e+00
1.000085844191679785e+00
1.000401118720110283e+00
9.993368130425441809e-01
9.994301232115639921e-01
9.992821184482055807e-01
9.998077397699068891e-01
1.000937563146403697e+00
9.991597278240101909e-01
1.000412556378363238e+00
1.000964953432633031e+00
1.000043166166526554e+00
1.000637562504110178e+00
9.998881375003934036e-01
9.995593326694188763e-01
9.999557358881494551e-01
9.998665389479952648e-01
1.000184101165636052e+00
1.000211358260547190e+00
1.000007180869463275e+00
1.000644019194222523e+00
9.994586034279595577e-01
1.000549332196386532e+00
1.000979026977811603e+00
1.000585323354064693e+00
1.000106747477965241e+00
1.000596085464656504e+00
1.000160703628061531e+00
9.999245815914298285e-01
9.998438646225895621e-01
1.000308755528243054e+00
1.000207362654242038e+00
1.000700608454061724e+00
1.000513929021664028e+00
1.000599879460620345e+00
1.000091369441459266e+00
9.998992626426540520e-01
1.000613019555132377e+00
9.998225452395593793e-01
9.994541532101580694e-01
