0.000000000000000000e+00
0.000000000000000000e+00
0.000000000000000000e+00
0.000000000000000000e+00
0.000000000000000000e+00
0.000000000000000000e+00
0.000000000000000000e+00
0.000000000000000000e+00
0.000000000000000000e+00
0.000000000000000000e+00
0.000000000000000000e+00
0.000000000000000000e+00
0.000000000000000000e+00
0.000000000000000000e+00
0.000000000000000000e+00
0.000000000000000000e+00
0.000000000000000000e+00
0.000000000000000000e+00
0.000000000000000000e+00
0.000000000000000000e+00
0.000000000000000000e+00
3.796154416489545824e-02
1.057584696906675781e+00
3.457254145122108380e+00
3.397140791980697738e+00
1.866675413892687319e+00
8.385533518801040476e-01
3.735143613236276972e-01
1.870302741280882863e-01
1.183784164366940422e-01
1.805503252454966068e-01
7.057489620789825224e-01
1.478042717109131932e+00
1.725072399322411965e+00
1.435609885548434494e+00
1.032663351486544867e+00
7.738813602332008657e-01
6.559749479348767620e-01
6.393868713164173601e-01
6.938244001481137513e-01
7.847302507739429833e-01
8.840405185237656394e-01
9.771127946093592920e-01
1.066036195046898172e+00
1.129509338651580430e+00
1.186226281500857072e+00
1.222089907000164732e+00
1.230248190655091944e+00
1.217243005664413014e+00
1.190329600902552576e+00
1.147727383586305550e+00
1.099350124877637613e+00
1.064498671369172422e+00
1.029554603840050930e+00
1.002321192166182762e+00
9.826980551712972689e-01
9.640989427526303057e-01
9.506775868963486253e-01
9.380687741790955103e-01
9.338654145475556723e-01
9.294514887411811088e-01
9.245438462487485243e-01
9.261366091808148626e-01
9.368598829448008258e-01
9.476395738034585348e-01
9.612948088434938310e-01
9.715419819028088266e-01
9.817765862608461847e-01
9.943946764272413308e-01
1.001310587586587530e+00
1.011794112828929615e+00
1.014970409794230921e+00
1.018986549554930177e+00
1.020756108712161936e+00
1.020178081388503299e+00
1.019322749055149080e+00
1.018012412032728520e+00
1.017399039295012519e+00
1.012898826239171379e+00
1.009149477862518518e+00
1.007117806118560388e+00
1.004815313825548673e+00
1.003498486003943979e+00
1.002250673684880411e+00
9.991727246288023556e-01
1.000912010177727129e+00
9.981674602417691666e-01
9.982590801808106651e-01
9.983669153675136521e-01
9.988987779435326564e-01
1.000151390806275797e+00
9.992295613183781455e-01
9.993818274146575309e-01
9.974458342306783409e-01
9.973806553834503319e-01
9.970749693093248212e-01
9.971516778075083520e-01
9.960598505674481684e-01
9.959616531039501286e-01
9.962682591302631785e-01
9.979398911833969876e-01
9.973686255501350573e-01
9.989829496900750616e-01
9.977680024564772321e-01
9.987660629022370173e-01
1.000300693396322549e+00
1.002175850130344381e+00
1.000504518563686940e+00
9.989631976819511872e-01
1.000361204930462655e+00
1.001614884662652916e+00
1.002318818648885168e+00
1.003027409777643486e+00
1.002563651812135692e+00
1.001745695673164516e+00
1.000468052773364702e+00
1.001999452068008667e+00
9.986775221480868048e-01
1.001308535931716426e+00
9.996773599724212422e-01
1.000347768589805009e+00
1.000047340171491328e+00
9.996420763032799472e-01
9.986976288105812172e-01
1.000315318455945901e+00
9.994203745099581315e-01
9.986343809835662721e-01
9.998213298752954836e-01
9.997180251905830595e-01
9.987954746560430141e-01
9.985136250174336814e-01
1.000662730639513276e+00
9.992918030804424090e-01
9.992587729515660655e-01
9.996409092250142514e-01
9.995527999947964037e-01
9.981791411442964002e-01
1.001042317010042870e+00
1.001229698616617814e+00
9.997175567568484800e-01
9.999971618403762363e-01
1.000197050719205727e+00
1.000754742516631657e+00
1.000477267367241074e+00
1.000369081153157147e+00
1.000064210858989444e+00
9.996301417441921799e-01
9.999842102078092543e-01
1.000380354404191818e+00
9.999932054636779810e-01
1.001096420140074050e+00
1.000174015765481483e+00
1.000076202629003319e+00
9.995522880894427420e-01
1.000018097382074700e+00
9.985708330307504488e-01
9.998277180369102846e-01
9.986465382118185907e-01
9.995167648102429858e-01
1.000240276871282141e+00
9.988427269336933589e-01
1.000761542294991813e+00
1.000197651189201231e+00
1.000699562194520720e+00
1.000358398840919261e+00
1.000084079978253326e+00
1.000262513200116832e+00
9.990967643479834459e-01
1.000522082793586343e+00
1.000227336057602834e+00
1.000459500554342185e+00
9.987353856031260246e-01
1.001208283475413019e+00
1.000165645934411041e+00
1.000342708212185405e+00
1.000206601877798640e+00
1.001074336717762137e+00
1.001183374357726530e+00
1.000578877817355661e+00
1.000884062278984521e+00
9.995633037191408166e-01
9.991374686620775325e-01
9.994030181623955178e-01
1.000722468562109002e+00
9.998134965277696296e-01
1.000115000031706503e+00
9.993664608816087425e-01
1.000241392851852762e+00
9.999946888002065881e-01
9.997479920865081082e-01
9.996005548679653963e-01
1.000437740218387717e+00
1.000151669116236874e+00
9.992036458403883437e-01
9.995380899622412496e-01
1.001569178280301342e+00
1.000076367707456670e+00
9.997167396009906115e-01
1.000020804586707834e+00
1.000996709665283202e+00
1.000167607628853705e+00
9.998784261281858932e-01
1.000143099312504891e+00
1.000632441530488581e+00
1.000210258855303458e+00
1.000332647184508872e+00
1.001033731997943432e+00
1.000417284209172530e+00
1.000625327408312559e+00
1.000335585326986854e+00
1.000079723939555132e+00
9.997985500348713916e-01
9.998714252514145917e-01
1.000322092484597025e+00
1.000068190266224066e+00
1.000773306125284146e+00
1.000544425265207593e+00
1.000209438129857187e+00
1.000244893265138657e+00
1.001100476685543583e+00
1.000296509922347532e+00
1.000781808950125695e+00
9.999181609441868401e-01
1.000127625456945779e+00
1.000432477972408529e+00
1.000285768231758077e+00
1.000104494493232243e+00
1.000505238689387566e+00
1.000085956716896263e+00
1.000656699833087471e+00
9.998033070173218961e-01
9.999389256527114744e-01
1.000346714687414540e+00
1.000711086612599221e+00
9.999956029111302103e-01
1.000661624341991018e+00
1.000575593789997830e+00
1.000465463974113067e+00
1.000153339965278221e+00
9.998485533451564322e-01
1.000636340324308149e+00
1.000461708247710968e+00
1.000201775949269623e+00
9.999502676594568262e-01
1.000641535660573123e+00
1.000714406000423384e+00
1.000212072774058436e+00
9.998605934444645404e-01
9.995380540069015440e-01
1.000246413200547524e+00
1.000439276218653140e+00
1.001025333676323292e+00
1.000310245884200810e+00
1.000469321050104554e+00
9.997304833035317584e-01
9.999694647937201752e-01
1.000221403894306249e+00
1.000957477758988023e+00
1.000196015666073412e+00
9.992166208447516018e-01
1.000574275815427239e+00
9.997884464874398081e-01
9.997392234095388019e-01
9.995252762575358441e-01
1.001298012686771655e+00
1.000526744674407276e+00
1.000325090915431980e+00
9.999830219901491013e-01
1.000492378683136119e+00
1.000945237221575912e+00
1.000468442891637055e+00
9.996737344207785592e-01
9.996240197231597291e-01
9.994908465917153872e-01
1.000248655191794400e+00
1.000121833911163716e+00
9.996126062941371737e-01
1.000104078474710390e+00
9.996232450576100215e-01
9.995761879533199279e-01
