0.000000000000000000e+00
0.000000000000000000e+00
0.000000000000000000e+00
0.000000000000000000e+00
0.000000000000000000e+00
0.000000000000000000e+00
0.000000000000000000e+00
0.000000000000000000e+00
0.000000000000000000e+00
0.000000000000000000e+00
0.000000000000000000e+00
0.000000000000000000e+00
0.000000000000000000e+00
0.000000000000000000e+00
0.000000000000000000e+00
0.000000000000000000e+00
0.000000000000000000e+00
0.000000000000000000e+00
0.000000000000000000e+00
0.000000000000000000e+00
0.000000000000000000e+00
3.922652789752700125e-02
1.082780797665970018e+00
3.492735815752655348e+00
3.411597125906183248e+00
1.864269676403381482e+00
8.270151031153035737e-01
3.718308338563288129e-01
1.857252729793878177e-01
1.125887414223542687e-01
1.797676728405836200e-01
7.059745997357399494e-01
1.488379393980608256e+00
1.743069299075289846e+00
1.440756144346188483e+00
1.037968283060195063e+00
7.714092500198440616e-01
6.470170032565540907e-01
6.385287549282182562e-01
6.915562526240355279e-01
7.812274232241087635e-01
8.764278647707041126e-01
9.796577072152631294e-01
1.063519724406406297e+00
1.135109967557673238e+00
1.191643037585510267e+00
1.223270923381951647e+00
1.230229559824900232e+00
1.219170079485289326e+00
1.194757541850727689e+00
1.146110614419390661e+00
1.105491715307095113e+00
1.064870263441211717e+00
1.033023532668319255e+00
1.006682783868728226e+00
9.799088294708172553e-01
9.632286649237479237e-01
9.497215478565590452e-01
9.363908754583113447e-01
9.299951812093493198e-01
9.224988099874289471e-01
9.250343782421148742e-01
9.274969298534541107e-01
9.359625864720575450e-01
9.459893838707866820e-01
9.594144245152266270e-01
9.737502939819048242e-01
9.828103124127138823e-01
9.933630507348916172e-01
1.005235028319776402e+00
1.008645691801830502e+00
1.018556951201618155e+00
1.023920066315702426e+00
1.024545316152992491e+00
1.021809819514212014e+00
1.024215314012692613e+00
1.018279158449309385e+00
1.016704531146025881e+00
1.013840550500625159e+00
1.008761548473155578e+00
1.007461424297711128e+00
1.005235282366950811e+00
1.002290256129628965e+00
9.998096351904781631e-01
9.998954371724974033e-01
9.981242664721972080e-01
9.985262392806770748e-01
9.964550894495221023e-01
9.964016019093415721e-01
9.975933379942752977e-01
9.955138901280208286e-01
9.968501631673124530e-01
9.977967187700320650e-01
9.971839822540671250e-01
9.948011350085725901e-01
9.970528640046349977e-01
9.949163510558726164e-01
9.968747382814588942e-01
9.952945555878904837e-01
9.964057944177064918e-01
9.974539768342447488e-01
9.960043128510753796e-01
9.991322883924936837e-01
9.969921376181407613e-01
9.984652347710042397e-01
9.971229206639581344e-01
1.000964713983987009e+00
1.000140928845959731e+00
1.001848390219779228e+00
9.982151227713609298e-01
1.000499479907243749e+00
1.001439754460091924e+00
9.994330666112334338e-01
1.000928305943952434e+00
1.001563960957782884e+00
9.999135030184419515e-01
1.000930629091024926e+00
1.000893565102261906e+00
1.003198784883664985e+00
1.000609685500754242e+00
1.000928742456516973e+00
1.001042474187010312e+00
9.997041410094554825e-01
9.994427164668114871e-01
1.000049804014835120e+00
9.998324569283947305e-01
9.995671989839535199e-01
9.989834573982324661e-01
9.981985934666370852e-01
9.988382285055323884e-01
9.968215899265210345e-01
9.993930501232032304e-01
9.978963216942121628e-01
9.983327724957573590e-01
9.994411744606755965e-01
9.988051202602136192e-01
9.975990796023369578e-01
9.994860186870995200e-01
1.000515279991529782e+00
9.990555287031148701e-01
9.998460909183889411e-01
9.998274299089398021e-01
1.000132608186370176e+00
1.000901528658822315e+00
9.991528735664576555e-01
1.001382687290478302e+00
1.000702676183772510e+00
1.000889150063980937e+00
1.001313539839523203e+00
1.000643007563096321e+00
1.001160560627203377e+00
9.986862781254459698e-01
1.000089679106177076e+00
1.000557984031675396e+00
1.000265310306343913e+00
9.984051711135898399e-01
1.000115019182858944e+00
1.000661912219486194e+00
9.988503763301546101e-01
9.989199415737030074e-01
1.000345818989034852e+00
9.996197245726206049e-01
1.000332474054064891e+00
9.995081474893802165e-01
9.997044580444458539e-01
1.000261878662735526e+00
9.989854724528903773e-01
9.995968237624087704e-01
1.000029584637950109e+00
9.996586906711968368e-01
1.000358997625134805e+00
1.000204792170211743e+00
9.998545246287590116e-01
9.993271694296126384e-01
9.994831979688990620e-01
1.000605923054492585e+00
9.995246384400244821e-01
1.000519628828967500e+00
9.995613045499098792e-01
9.995678399629539523e-01
1.000413019157982530e+00
1.001278054142862306e+00
1.000810271816650499e+00
1.001106875375764593e+00
1.000201476039900728e+00
1.000044315939829342e+00
9.997632805537050027e-01
1.000398443838522944e+00
9.998788317038909135e-01
1.000750791192713818e+00
1.000840035041876463e+00
9.999682920890563542e-01
9.988026452216988149e-01
9.992572375357792192e-01
1.000306408241342426e+00
9.998818878515610686e-01
9.998201338381267345e-01
1.000679493613127358e+00
1.000190600167967903e+00
1.000534191314961019e+00
1.000059289231703286e+00
1.001467244270452861e+00
1.000391746487305777e+00
1.000311380671816019e+00
9.998387758174966944e-01
1.000339823652151239e+00
1.000120962395587121e+00
9.990058846781215696e-01
9.997985470741418412e-01
1.000374794019777802e+00
9.999202252580126071e-01
1.000103367783713448e+00
1.000367941953873796e+00
1.000267316183977018e+00
1.000576839606503787e+00
9.998219042034339754e-01
9.996345941959561276e-01
1.000196693426613548e+00
1.000141185894997786e+00
9.999855023667669762e-01
1.000190294650609379e+00
1.000002205514451958e+00
1.001029015063747529e+00
9.998896615264669663e-01
1.001189585219838252e+00
1.000029273004967356e+00
1.000621830650191058e+00
1.000410821594607924e+00
1.000381778923117970e+00
1.000999187629545428e+00
9.998267910528484403e-01
1.000180257368131098e+00
1.000955063068410977e+00
1.000317304902379689e+00
1.000414921969572601e+00
9.991269077708336832e-01
1.000102394592638833e+00
9.997699747538915105e-01
1.000117572355991191e+00
9.997222567100706447e-01
1.000696899282815133e+00
9.997385722643750139e-01
9.997612107241098389e-01
1.001143627919490076e+00
9.995653260870707157e-01
9.995735043983297041e-01
9.996148463076689472e-01
1.000754800209739726e+00
1.000535607331850985e+00
1.000372147896738673e+00
1.001052102134155630e+00
9.997089614122884882e-01
9.997378429814205436e-01
9.993404617288584868e-01
1.000249587982769306e+00
9.996967374615215451e-01
1.000457725644401163e+00
1.000902176914247432e+00
9.998140097370801227e-01
1.000412015543661770e+00
1.000290100566430196e+00
1.000488692831063009e+00
9.999449681892252917e-01
1.000106672812141273e+00
9.999791363878869355e-01
1.001025277173930972e+00
9.998666673725196130e-01
9.996924771445010460e-01
9.988756370357089187e-01
1.000653727657982550e+00
1.000141581481717168e+00
1.000182932697399441e+00
1.001040637396144906e+00
9.999859132884983959e-01
9.992992793162110976e-01
9.999187629956439727e-01
1.000253099741508889e+00
1.000131417643714604e+00
1.000180462729073794e+00
1.000377959303902164e+00
