0.000000000000000000e+00
0.000000000000000000e+00
0.000000000000000000e+00
0.000000000000000000e+00
0.000000000000000000e+00
0.000000000000000000e+00
0.000000000000000000e+00
0.000000000000000000e+00
0.000000000000000000e+00
0.000000000000000000e+00
0.000000000000000000e+00
0.000000000000000000e+00
0.000000000000000000e+00
0.000000000000000000e+00
0.000000000000000000e+00
0.000000000000000000e+00
0.000000000000000000e+00
0.000000000000000000e+00
0.000000000000000000e+00
0.000000000000000000e+00
0.000000000000000000e+00
3.748681071075294496e-02
1.078185824206246757e+00
3.502849435115624299e+00
3.403148228110054685e+00
1.865301922973865212e+00
8.315690698842773676e-01
3.730223010417180185e-01
1.861343964035025444e-01
1.126983020706976424e-01
1.814475176592765249e-01
7.014852439961355435e-01
1.496017003106607124e+00
1.741964634599707962e+00
1.433034339087425391e+00
1.039205474278106278e+00
7.729598677139417617e-01
6.449859592735687208e-01
6.378949237704186759e-01
6.892108837696834245e-01
7.828702532882617637e-01
8.800609409743568312e-01
9.745301334783071923e-01
1.063840035226630620e+00
1.141080163051753305e+00
1.190308855772383767e+00
1.221151557527679232e+00
1.236215694771193974e+00
1.222080772834173379e+00
1.195268337000703784e+00
1.148591383251131637e+00
1.111186679383874720e+00
1.068139953585123925e+00
1.032762385267121719e+00
1.004965534714223230e+00
9.802193546043455052e-01
9.638248921488955512e-01
9.462076210075966998e-01
9.359482940738553802e-01
9.317863408205731002e-01
9.238726600484333806e-01
9.249472644429136414e-01
9.289573446726194783e-01
9.373835068500574463e-01
9.462692409576173302e-01
9.638195002248909349e-01
9.710447874796233059e-01
9.834016538120462503e-01
9.960225686189382310e-01
1.003951617814101915e+00
1.012532718956599798e+00
1.018395422910504555e+00
1.021735344840329018e+00
1.021769457171636919e+00
1.023012990695602031e+00
1.022321713917484054e+00
1.022256719933974045e+00
1.018307324296440664e+00
1.012569343433514790e+00
1.011924706745542801e+00
1.007005047644753626e+00
1.003450851178064429e+00
1.002447016335864527e+00
9.978571513987546382e-01
1.001084019401482283e+00
9.989115373773415074e-01
9.990884584528905155e-01
1.001575283334174671e+00
9.971988026803917382e-01
9.985000051864786341e-01
9.942182518678226444e-01
9.978761948317976804e-01
9.982491762703602500e-01
9.963075726975176849e-01
9.987176489594586926e-01
9.960340725536228623e-01
9.985187861089390715e-01
9.979123976097483695e-01
9.960858122948138549e-01
9.983237422480978340e-01
9.962665179093627144e-01
9.982082717672603467e-01
9.979369602470999912e-01
9.981247262327818115e-01
9.978040741015438142e-01
9.994015576943121593e-01
9.998131871983472196e-01
1.001426805099922213e+00
1.000067906772668769e+00
1.001175428982386650e+00
1.001223716545655007e+00
1.002518503550207107e+00
1.003586807943815717e+00
1.002586744741395197e+00
1.002473601705632600e+00
1.002844571141890295e+00
1.001404232163044750e+00
1.002034482047347685e+00
1.002330741230613276e+00
1.000185340180256954e+00
1.001746680524094435e+00
1.000257977819394517e+00
1.002741837284599091e+00
1.001596170449651435e+00
1.001230151999470408e+00
1.000671203987673064e+00
1.000352189395144586e+00
1.000957055145346386e+00
9.997476511420997358e-01
9.983904814207543721e-01
9.971970013570088387e-01
9.972350192945402814e-01
1.000039670294465166e+00
9.983400245658917704e-01
9.981307102783866236e-01
9.993761738075339629e-01
9.995676385801417485e-01
9.993111909553651362e-01
9.998120756644781615e-01
9.999837834841490691e-01
9.999144822036708513e-01
9.998240574349624987e-01
1.000438743059345770e+00
1.001348866877509236e+00
1.001119920114527329e+00
1.000008010991089824e+00
1.000335120898864449e+00
1.001836044721168717e+00
1.000914709432729977e+00
1.000666685099678377e+00
1.001234165560581646e+00
1.000305796095363853e+00
1.002070668551802601e+00
1.001139638210371441e+00
1.000125876688918725e+00
9.995797821582075304e-01
1.000890770434980537e+00
1.000362053240451132e+00
1.000024542272123673e+00
1.001000264924767125e+00
9.980692594566791254e-01
9.991557209969824660e-01
9.992837804342068475e-01
1.000046021713674405e+00
9.998258247542567423e-01
9.991941071467770330e-01
1.000123597922083718e+00
9.996892608757100840e-01
1.001059780378237951e+00
9.996741877864623316e-01
1.001064191716114937e+00
1.000352031344664772e+00
1.000530902768510533e+00
1.000716227426472038e+00
1.000655216262550384e+00
9.998615142527310651e-01
9.994016426053213831e-01
1.000672211359951103e+00
1.000007806919716247e+00
9.996180597817150293e-01
9.996976935425474498e-01
9.992627538709588642e-01
1.000901368368385391e+00
9.994136805335583906e-01
9.996651922861704564e-01
9.997906354480647906e-01
1.001065055210268229e+00
1.001060551121311759e+00
9.994642538355602568e-01
1.000779474443020067e+00
1.000352777539096794e+00
1.001746279585455923e+00
9.993855120662705760e-01
1.001178586692838879e+00
9.996169340880691756e-01
9.995381450786918753e-01
1.000869724552191142e+00
1.000118090240517565e+00
1.000169342567039710e+00
1.000652033194558310e+00
1.000315517975859825e+00
1.001141483009296396e+00
9.993419511699414004e-01
1.000184667348415601e+00
1.000362585249976233e+00
1.000217386544730802e+00
9.996651949811465876e-01
1.000407566375883794e+00
9.999658247012896961e-01
9.996157516955449518e-01
1.000267097060604238e+00
9.995417602251137623e-01
1.000548905254099674e+00
1.000078372225693180e+00
9.999670131066501488e-01
9.998070045270706085e-01
1.000323825056513627e+00
1.000230717462696761e+00
9.990281701768661815e-01
9.999534796786999635e-01
1.000689066993418086e+00
1.000386352977121085e+00
9.999487544592959853e-01
1.000481899828843613e+00
1.000238233817604572e+00
1.000982723236112149e+00
1.000032076424375749e+00
9.993394337847555375e-01
1.000423486148666941e+00
1.000494122573460931e+00
1.000216371169276863e+00
1.000841152616810170e+00
1.000085615152326080e+00
1.000083505533642558e+00
9.998069049748814496e-01
1.000269834283034953e+00
9.998361756818059387e-01
1.000177828619025044e+00
9.998114136255439321e-01
9.996565079789659913e-01
1.000014480234124203e+00
9.989452110885820302e-01
1.000258935520905501e+00
9.996764099318298236e-01
1.000008156935358272e+00
1.000198482013179291e+00
1.000209122352591296e+00
1.000140970462588319e+00
1.000163553524988647e+00
1.000081805719078343e+00
9.995877102343425635e-01
9.988119162507630433e-01
9.999219392061929890e-01
1.001047644920107116e+00
9.996864376772939265e-01
1.000649078246595103e+00
1.000717270614770671e+00
1.000401488801122341e+00
1.000663811820025728e+00
1.000645557771229655e+00
1.000263197548983740e+00
1.001155618760893651e+00
9.999172078611725523e-01
9.996845646457485079e-01
9.991784395063700863e-01
9.989363669879257612e-01
1.000493743767407073e+00
1.000515966405500556e+00
9.998929248555871174e-01
1.000030961839326160e+00
9.994735019591247660e-01
9.993264252375586576e-01
9.997789479039418392e-01
1.000099773347250975e+00
9.995206919519531441e-01
9.998711616281817927e-01
9.997525058797913644e-01
9.999214531610410850e-01
1.000185592850634020e+00
1.000375685699872452e+00
