0.000000000000000000e+00
0.000000000000000000e+00
0.000000000000000000e+00
0.000000000000000000e+00
0.000000000000000000e+00
0.000000000000000000e+00
0.000000000000000000e+00
0.000000000000000000e+00
0.000000000000000000e+00
0.000000000000000000e+00
0.000000000000000000e+00
0.000000000000000000e+00
0.000000000000000000e+00
0.000000000000000000e+00
0.000000000000000000e+00
0.000000000000000000e+00
0.000000000000000000e+00
0.000000000000000000e+00
0.000000000000000000e+00
0.000000000000000000e+00
2.814307030628928846e-05
3.725387698015273502e-02
1.077104833829626296e+00
3.502665537662403406e+00
3.400345513073728565e+00
1.864042009890081841e+00
8.237454906840404600e-01
3.730427970087072942e-01
1.872861970910074392e-01
1.149329793048971399e-01
1.799215424348491466e-01
7.065138372958746915e-01
1.486011446240198763e+00
1.735232607005811722e+00
1.438418567102442758e+00
1.038427905844684807e+00
7.677199126042778543e-01
6.484899494280872423e-01
6.408982100543932914e-01
6.921187944713959039e-01
7.848989530259784519e-01
8.808365259679963311e-01
9.779189073589770187e-01
1.064721113563654287e+00
1.136113024429130647e+00
1.191498709173046455e+00
1.225140717861296302e+00
1.234796451249883020e+00
1.229587722437529340e+00
1.195400908098794179e+00
1.154391508007803324e+00
1.107035958580871782e+00
1.070184404666347788e+00
1.038541276571271821e+00
1.004814690037622471e+00
9.814863457017100057e-01
9.646163090612961399e-01
9.512568744341250992e-01
9.374892858492762659e-01
9.314897783908324680e-01
9.245505252893909676e-01
9.274901234072299161e-01
9.268625878667836604e-01
9.389540795179085464e-01
9.462249524044934468e-01
9.621079073042856367e-01
9.731052478158972452e-01
9.872705288211702790e-01
9.944444377586384443e-01
1.004539275881536797e+00
1.009814411723601646e+00
1.021023608617723566e+00
1.021795743486807906e+00
1.023963408772741390e+00
1.028850635735723218e+00
1.023735151123916554e+00
1.020720861452227624e+00
1.021449408453162677e+00
1.013104217583020938e+00
1.011828688372967910e+00
1.009527661903638851e+00
1.007272857783868325e+00
1.002031875032233010e+00
1.001184811166290656e+00
1.000035640857828367e+00
9.985834809845232085e-01
9.987599800603167433e-01
9.993567005509554901e-01
9.974377782974949147e-01
9.988575344682419921e-01
9.969339145839927196e-01
9.994473208409863085e-01
9.976987169124457155e-01
9.978661547688371103e-01
9.981448593940555059e-01
9.981879412771452742e-01
9.971917207927699645e-01
9.971124979721501802e-01
9.979916351202232638e-01
9.973843587296312707e-01
9.982748132816201547e-01
9.972545660461340500e-01
9.967504606120085597e-01
9.990909407181152169e-01
1.000354856867187836e+00
1.000602945953847689e+00
9.991968962074757599e-01
1.000627033587168091e+00
1.002973435966300508e+00
1.001609634587720343e+00
1.000104537314670639e+00
1.002175351596996444e+00
1.002624973070666003e+00
1.002175959181710985e+00
1.002792378510803495e+00
1.003385381391488806e+00
1.001000344302078071e+00
1.002156279134624350e+00
1.001398785995706975e+00
1.001302374630079095e+00
1.001110324583283306e+00
1.001829038434481012e+00
1.003257295042834008e+00
1.002179808425522900e+00
9.996023452584007485e-01
1.002192564917167461e+00
1.001120353041190514e+00
9.999117766132140650e-01
9.992147475409818291e-01
9.988586642339774002e-01
9.983599883777400930e-01
9.974256945163966215e-01
1.000714048999925554e+00
9.996233382369454912e-01
9.981750889512787106e-01
9.997022615940894807e-01
9.994638128490382911e-01
9.989162911275826229e-01
1.000909866255586422e+00
9.990369931326195108e-01
9.998664177950944421e-01
9.987323015649304248e-01
9.997853190737875373e-01
1.001233121332925746e+00
1.001885206509040005e+00
1.001573822713064832e+00
1.001874232998249958e+00
1.000663484924553037e+00
1.000208672762010309e+00
1.001407174186930815e+00
1.000911504410061381e+00
1.001287880095390159e+00
1.000934554348861916e+00
1.000380906799158032e+00
1.000928719221930718e+00
1.000528990744848246e+00
9.999712576364726546e-01
1.000026044092055422e+00
9.996542221272258777e-01
9.988987457784810342e-01
9.994776780194473131e-01
9.997670679921001335e-01
9.992062693819154795e-01
9.995415111982670631e-01
9.995294247064304693e-01
1.000178848747556248e+00
9.991929210468328826e-01
9.984121493181314921e-01
1.000846371238855115e+00
9.993904983992533131e-01
1.000530599504694251e+00
9.995773244029869664e-01
1.000075199842764828e+00
1.000756153581894292e+00
1.000248288980357003e+00
1.000974384342611989e+00
1.000876723060079021e+00
1.000415091850493932e+00
1.000300435803499699e+00
1.000427653693332752e+00
9.998269333610850795e-01
9.998957927663281176e-01
1.000715741907540535e+00
9.992339734598527645e-01
1.000599730037271540e+00
9.990429118612671466e-01
1.000752666667461321e+00
9.992567519871277115e-01
9.995968645895779714e-01
1.000084661509038630e+00
1.000166517926946108e+00
1.000051485951612529e+00
1.000486604562596638e+00
9.987400187836650289e-01
1.000245937294452325e+00
1.000712173874520383e+00
1.000134008604878000e+00
9.991331824488118851e-01
9.997346186790275757e-01
1.000565986650558514e+00
1.000318807786293895e+00
1.000532146108292775e+00
1.000482479458434604e+00
1.000406889983382674e+00
9.998365891293258256e-01
9.998529655157722962e-01
9.993233456222435640e-01
9.998520469207277106e-01
9.998468206685611204e-01
1.000572359890333995e+00
1.001023571920107935e+00
9.995196093956068006e-01
9.994422066170969288e-01
9.999229214456413217e-01
9.992302722926577063e-01
9.992343696756949001e-01
9.992295737181059456e-01
1.000433175713834055e+00
1.000261201515411535e+00
9.998897610830567162e-01
1.000698466039350087e+00
1.000024703571773754e+00
1.000192372374646865e+00
1.000637182069259223e+00
9.998927639348265117e-01
9.996960709376474519e-01
9.997813769248585780e-01
9.997815289724916177e-01
9.998290230616203589e-01
1.000121390361967455e+00
9.998754392364262999e-01
1.000112473579115813e+00
9.998322577690685886e-01
9.997694390719573665e-01
1.000647321013296898e+00
1.000774232526804530e+00
9.994261054249140575e-01
9.993666664185363313e-01
9.998572526074374078e-01
9.992812934588140017e-01
1.000435915303131917e+00
1.000250842457347522e+00
9.995532147197091488e-01
9.996953706764571956e-01
1.000596855989525302e+00
1.000242053302444312e+00
9.997078185026099240e-01
1.000276364376653904e+00
9.997245154807465894e-01
1.000978023727244537e+00
9.998992087050402322e-01
1.000107902679458816e+00
9.995638837785353337e-01
1.000185732802460592e+00
1.000138690640445915e+00
9.995815333530896352e-01
1.000084502260676800e+00
1.000413755602622468e+00
1.000925028515650128e+00
1.000494565799417757e+00
1.000980615645411742e+00
1.000483035017004640e+00
1.000012896022598241e+00
1.000466637569589645e+00
1.000387822759180256e+00
9.999203295604518482e-01
1.000704019736051720e+00
1.000218603600037781e+00
1.000637934744239788e+00
1.000248238658959510e+00
9.997506116540537668e-01
9.997603453615817592e-01
9.998868626487183997e-01
1.000359917609487947e+00
1.000413349482817349e+00
1.000124351847746729e+00
1.000407674522358903e+00
9.996814844580657056e-01
1.000145240722327022e+00
1.000233798052932332e+00
