0.000000000000000000e+00
0.000000000000000000e+00
0.000000000000000000e+00
0.000000000000000000e+00
0.000000000000000000e+00
0.000000000000000000e+00
0.000000000000000000e+00
0.000000000000000000e+00
0.000000000000000000e+00
0.000000000000000000e+00
0.000000000000000000e+00
0.000000000000000000e+00
0.000000000000000000e+00
0.000000000000000000e+00
0.000000000000000000e+00
0.000000000000000000e+00
0.000000000000000000e+00
0.000000000000000000e+00
0.000000000000000000e+00
0.000000000000000000e+00
0.000000000000000000e+00
3.866194469624793101e-02
1.074650946017608577e+00
3.482071074638650732e+00
3.403688068045175541e+00
1.855149788723415405e+00
8.289169046906000871e-01
3.672165908419470215e-01
1.868241297536648304e-01
1.125839499342832645e-01
1.787936390194960756e-01
7.086744904755860608e-01
1.477341178735152250e+00
1.733287511077467702e+00
1.435974205010063676e+00
1.038740707708221134e+00
7.674785623685810299e-01
6.480661714007537322e-01
6.398981633317920581e-01
6.910112774944303649e-01
7.803576099838287483e-01
8.844128879440947832e-01
9.788563287835498894e-01
1.065324876044104085e+00
1.136973212194454241e+00
1.195660635421288864e+00
1.219301762687944990e+00
1.234717551665716284e+00
1.218786285365789812e+00
1.191317580443002955e+00
1.146159247375244883e+00
1.103544658212339158e+00
1.064717649497276097e+00
1.027912642230842222e+00
1.006385054129526946e+00
9.856200497180463982e-01
9.620945010839848655e-01
9.482642830365768383e-01
9.400772656415647965e-01
9.280844111801184182e-01
9.241530503612985781e-01
9.248198641671148135e-01
9.276300735435494271e-01
9.373221366497608287e-01
9.468021613891232091e-01
9.592219430141911696e-01
9.710365337340518543e-01
9.855439572696143014e-01
9.951762861633294266e-01
1.004009357806573854e+00
1.011204178095529427e+00
1.019753884954071710e+00
1.022420375421791094e+00
1.024957180585000183e+00
1.023490598432697407e+00
1.021092028355220060e+00
1.018680524056591263e+00
1.017135922168751705e+00
1.013256053775352328e+00
1.010006342471496454e+00
1.008745673321763014e+00
1.001988557999796692e+00
1.000446985752001750e+00
1.001918458040608417e+00
1.000028499271305771e+00
9.969360899141311849e-01
9.977817716499903788e-01
9.982513392251511908e-01
9.985854826047686483e-01
9.988312749628885934e-01
9.975643887566706391e-01
9.949511186389767836e-01
9.984911642541449694e-01
9.959588884736199077e-01
9.977234039129437848e-01
9.975539047114718727e-01
9.971542490084777111e-01
9.967738268613000052e-01
9.955119019323680485e-01
9.978844733324193639e-01
9.956804635919794810e-01
9.985523916924935461e-01
9.988758353373583532e-01
9.999722001660805715e-01
1.000278391964660285e+00
9.988267252586807698e-01
1.001446729661928936e+00
9.997615823249439426e-01
9.998773996851904045e-01
1.000988411113077792e+00
1.000021897207620469e+00
1.001466597331617692e+00
1.003381649829988564e+00
1.002232840587118812e+00
1.002225146758455310e+00
1.001516782119606264e+00
1.003145490076943425e+00
1.000820980491221812e+00
1.001970788662655210e+00
1.001180940868201974e+00
1.000822598876680347e+00
1.001539978790295216e+00
1.001848382266120385e+00
1.002825235099241263e+00
1.000313284163305561e+00
9.998544992788165331e-01
9.994196865180368095e-01
9.994510602978300406e-01
9.995760515398166568e-01
9.991625262209491432e-01
9.986025620718657070e-01
9.991329740929161263e-01
9.980539768155936020e-01
1.000051236420129941e+00
9.990115172727364046e-01
1.000410754875537656e+00
9.992676871921702952e-01
9.993427452001951705e-01
1.000403630377540098e+00
9.982847606454247069e-01
9.992905679624763948e-01
1.000467874911794119e+00
1.000663287136968949e+00
1.000195417678857446e+00
1.001050213870548600e+00
1.002462116463173514e+00
1.000125439257185889e+00
1.000878091523652369e+00
1.001821312340221093e+00
1.000654409938335876e+00
1.001663731932827650e+00
1.000939385010806815e+00
9.998563678918447328e-01
1.002082333985929941e+00
9.997276546724719326e-01
1.000384664825831216e+00
9.996850933991047183e-01
9.999016176650019627e-01
9.993084181223629292e-01
9.996967576259214727e-01
9.996405890737974920e-01
1.000525562540114599e+00
9.996353920692006012e-01
9.996173969767914169e-01
1.000664323093223063e+00
9.993464524111320690e-01
9.995599976686544430e-01
1.000080913930911475e+00
1.000303264725253216e+00
1.000304594022243032e+00
9.998476364599999666e-01
1.000210088138241193e+00
9.998187317853848288e-01
9.997526839342443239e-01
1.000447634501183236e+00
9.991080696673858563e-01
1.000420813132936404e+00
9.996724146034213776e-01
1.000928500704550528e+00
1.001249807946427151e+00
1.000097760651200929e+00
1.000585464320548068e+00
1.000977946027511445e+00
1.001298951703792461e+00
9.995667348192822654e-01
1.000799679093806072e+00
1.000100972953397394e+00
1.000630107976635319e+00
1.000810094694836172e+00
9.996006789181022256e-01
1.000588818247940326e+00
9.995428349043377070e-01
1.000117211392636207e+00
1.001143872081249331e+00
9.996994059639982000e-01
1.000500766356769322e+00
1.000351724285106103e+00
1.000908946625469031e+00
9.998291915283699094e-01
1.001458786623300679e+00
1.000333951452252013e+00
9.998705333539351647e-01
1.000305611118968319e+00
1.000472769019785213e+00
1.000020541182854217e+00
9.994115004650154788e-01
9.992098063742370639e-01
1.000795401257056350e+00
1.000030567939529380e+00
9.996309060824667414e-01
1.000425235461305240e+00
1.000780125375035023e+00
1.000228700993574193e+00
1.000097320983328597e+00
1.000669497510260131e+00
9.999943459790850975e-01
1.000008986882172435e+00
1.000320671769262315e+00
9.994756970079190506e-01
1.000383426442688295e+00
1.001267432833221616e+00
1.000317946533131108e+00
1.000779479972098374e+00
1.000208259520666942e+00
1.000878932515684827e+00
1.000331716460140852e+00
1.000148968932502713e+00
1.000176251541784911e+00
9.999603811331225778e-01
1.000011249278652592e+00
9.995575784888995896e-01
9.998900272663275857e-01
9.993096765943175752e-01
1.000043660746025243e+00
1.000894667010834072e+00
1.000242182841563521e+00
1.000411769714137700e+00
9.997649675687035886e-01
1.001027712463671282e+00
1.001196983386665407e+00
1.000733667386631831e+00
9.997658006566422229e-01
9.996540897962374883e-01
1.000321117062942688e+00
1.001072633996135774e+00
1.000286241500891959e+00
1.000300439742846548e+00
9.996848212720237381e-01
1.000085180614929570e+00
1.000331665004806636e+00
1.000607008826087441e+00
9.994339452391667322e-01
1.000485907314073497e+00
1.000483438519592649e+00
1.000362812709050253e+00
1.000039635400696625e+00
1.000267709517681070e+00
9.991266838310337572e-01
1.000686540784900824e+00
9.994136166395723997e-01
1.000362933609696636e+00
1.000246133773308177e+00
1.000390666060250400e+00
1.000315758657039256e+00
9.995458086728066238e-01
1.000074431847431722e+00
9.997799763183448096e-01
1.000661693438200439e+00
1.000342766713530951e+00
9.995091251498557927e-01
9.998817285552050738e-01
1.000087086477647214e+00
1.000421176954692903e+00
1.000284794516132392e+00
9.992019600130780388e-01
1.000475485311471235e+00
9.998784739460150339e-01
9.999412257169554286e-01
1.000142778217568251e+00
1.000633247514984170e+00
