0.000000000000000000e+00
0.000000000000000000e+00
0.000000000000000000e+00
0.000000000000000000e+00
0.000000000000000000e+00
0.000000000000000000e+00
0.000000000000000000e+00
0.000000000000000000e+00
0.000000000000000000e+00
0.000000000000000000e+00
0.000000000000000000e+00
0.000000000000000000e+00
0.000000000000000000e+00
0.000000000000000000e+00
0.000000000000000000e+00
0.000000000000000000e+00
0.000000000000000000e+00
0.000000000000000000e+00
0.000000000000000000e+00
0.000000000000000000e+00
0.000000000000000000e+00
0.000000000000000000e+00
0.000000000000000000e+00
0.000000000000000000e+00
0.000000000000000000e+00
0.000000000000000000e+00
2.630308044014329633e-02
4.342528697232166945e-01
1.453768637150388843e+00
1.800172136333471729e+00
1.313481267316781498e+00
7.597391557010034768e-01
4.338952409983535818e-01
3.032092706389206693e-01
2.458635755383563881e-01
2.464028814664717126e-01
2.603803732522796954e-01
2.621659898556055746e-01
2.653849539156467041e-01
2.450148548964855566e-01
2.444459461277269374e-01
2.763888350424487106e-01
3.241448664203083752e-01
4.102222211984252187e-01
5.464534343186593368e-01
7.015335954889138081e-01
8.733982536951684361e-01
1.043679546542983783e+00
1.203949016442397379e+00
1.312454052768075030e+00
1.429500416811609442e+00
1.528343304868887920e+00
1.565425059129555763e+00
1.571313843303715485e+00
1.512806767487160142e+00
1.414782922117926223e+00
1.293511580925303939e+00
1.172101334305820419e+00
1.064643086395424376e+00
9.636859053822042220e-01
9.357582051723255523e-01
8.961152655188876492e-01
9.014205923313999280e-01
8.885407688987790875e-01
9.020548925448681477e-01
8.969311386714315937e-01
9.096458211807436633e-01
9.196824966309434801e-01
9.302001204501332277e-01
9.657424718804105135e-01
9.730474542013781702e-01
1.007221776101048905e+00
1.004563059496728528e+00
1.020896615434607080e+00
1.043880085325390672e+00
1.049364785674185230e+00
1.056799585381259954e+00
1.052366533449983876e+00
1.042292651620468913e+00
1.029620390141665398e+00
1.029495243877484478e+00
1.005177304732936427e+00
1.002613552379588491e+00
9.993815249416274638e-01
9.832208818036154430e-01
9.802800652961783934e-01
9.838128423677969803e-01
9.828398413835661707e-01
9.867490131239592399e-01
9.873987754780649828e-01
9.861407975141464055e-01
9.883249409266031682e-01
9.892301146147078894e-01
1.004106373215788217e+00
1.013757962996427509e+00
1.011806709734272225e+00
1.009363203444054280e+00
1.011961381978506047e+00
1.013404739613543271e+00
1.008654177264464824e+00
1.012805060517093292e+00
1.008103535509953019e+00
1.008833336986464158e+00
1.008257691967005654e+00
1.006789126855289984e+00
9.972280221835001512e-01
1.001356640499576622e+00
9.965275241627141734e-01
9.875263833572437422e-01
9.969152628094707369e-01
9.960416014771331650e-01
9.834485423250147740e-01
9.949434532051473212e-01
9.968102960057542150e-01
9.969920153489084669e-01
1.006930190515097134e+00
1.011309741192246037e+00
1.016944289328173268e+00
1.016526184686344925e+00
1.017423014317381247e+00
1.015739599546662042e+00
1.026197703574413866e+00
1.017299936801403737e+00
1.020717560481351649e+00
1.022150747307057461e+00
1.012111967863469353e+00
1.011411968836841480e+00
1.010788755191502908e+00
1.006776706144431932e+00
1.006536052544167337e+00
1.013172540456991566e+00
1.008482322032661527e+00
1.004593077526786393e+00
1.004645602414214078e+00
1.010304128448567429e+00
1.009416795280618784e+00
1.008885260057118094e+00
1.004086499400028476e+00
1.008221242958946773e+00
1.009236822476510254e+00
1.007176052094159502e+00
1.003304923589540154e+00
1.010761987721860544e+00
1.004608954006835031e+00
1.006631137869280268e+00
1.007639584434330660e+00
1.005998923122754185e+00
1.007670663601477834e+00
1.009126926105683442e+00
1.001405705149288394e+00
1.009974476271386257e+00
1.008817812522824875e+00
1.009243389262384216e+00
1.006708516913603635e+00
9.997228364682279045e-01
1.005032719061903945e+00
1.008307526338930504e+00
1.012092556617243844e+00
1.003897906351720826e+00
1.004443000755931736e+00
1.006859285191972209e+00
1.008221855110532639e+00
1.006241900418205049e+00
1.003638315665380309e+00
1.008497019201291423e+00
1.006087141660029216e+00
1.006124316332179358e+00
1.003822452556667022e+00
1.006017667770397139e+00
9.979929088669083903e-01
1.001311180573697612e+00
1.002719164317422917e+00
1.006752396220959911e+00
1.002209034327219861e+00
1.001324301723482524e+00
1.003494532062647160e+00
1.005782392855066432e+00
1.005578906736846800e+00
1.002289709509195159e+00
1.008758136974957864e+00
1.004756138348056993e+00
1.003047598519786199e+00
1.002956680836154746e+00
1.002346161488500309e+00
1.001312884437836503e+00
1.000673057711924052e+00
1.003081008018844145e+00
1.000740086154488839e+00
1.002830616057504898e+00
9.990326528714623677e-01
1.002364202050001429e+00
1.000762414543047374e+00
1.001700572127913746e+00
1.002576317308124798e+00
1.002671783540425965e+00
1.001842821137310269e+00
1.005722825615684046e+00
1.002862572906839889e+00
1.002782343118084452e+00
9.962724112142291588e-01
9.977268228924672799e-01
9.981359140879400016e-01
9.982084954632310936e-01
9.978511005087782326e-01
1.000391645330602985e+00
1.005059674367233313e+00
1.000479270768187767e+00
1.002945150921592310e+00
1.000522593808152561e+00
1.003620940307998755e+00
9.980840454984780674e-01
1.001118469203402306e+00
1.001179378961553068e+00
1.000969121879416335e+00
9.980397172452498689e-01
1.001025503335934541e+00
9.980723283882853014e-01
1.001272280377662582e+00
9.964661324123128550e-01
1.001537621506226827e+00
9.994571644636556229e-01
9.962635877030114884e-01
9.939942730677062688e-01
9.967941169063158080e-01
9.979344252722269770e-01
9.967361656786926094e-01
9.967899126656172282e-01
9.969281874025228696e-01
9.997148621251243927e-01
9.949094072636759378e-01
9.992300463468913874e-01
9.977895344113477671e-01
9.979915517990846086e-01
9.954821470741536116e-01
9.983719020810859490e-01
9.985085176037854504e-01
9.954607426260221326e-01
9.926804504334318935e-01
9.921850614822980141e-01
9.966772991750921795e-01
9.975473974709341274e-01
9.943278877393011417e-01
9.934983914777772984e-01
9.935410189026694372e-01
9.968318673421512344e-01
9.973937879621223024e-01
9.923932656804261843e-01
9.947897987743047343e-01
9.941745247419496723e-01
9.943430770682518682e-01
9.943192117679916509e-01
9.973877986815388175e-01
9.958107966430643776e-01
9.938614412838935319e-01
9.941936422660920813e-01
9.926641883550455514e-01
9.947755721417110841e-01
9.931173158560405723e-01
9.965679031443819280e-01
9.938457646367720999e-01
9.946061728785706713e-01
9.982293128730435061e-01
9.985343924916744163e-01
9.946582786983174662e-01
9.954984467963794437e-01
9.961129301201513409e-01
9.940973008390067145e-01
9.943612244703839975e-01
1.001091559868374059e+00
9.990040654303901091e-01
9.929415770353140491e-01
9.923386259160544842e-01
9.844481365463986222e-01
9.762589594822116412e-01
9.642452323247481250e-01
9.537172663462073485e-01
9.433796914081377105e-01
9.342847621378802536e-01
9.216806302898530312e-01
9.124287881076830198e-01
