0.000000000000000000e+00
0.000000000000000000e+00
0.000000000000000000e+00
0.000000000000000000e+00
0.000000000000000000e+00
0.000000000000000000e+00
0.000000000000000000e+00
0.000000000000000000e+00
0.000000000000000000e+00
0.000000000000000000e+00
0.000000000000000000e+00
0.000000000000000000e+00
0.000000000000000000e+00
0.000000000000000000e+00
0.000000000000000000e+00
0.000000000000000000e+00
0.000000000000000000e+00
0.000000000000000000e+00
0.000000000000000000e+00
0.000000000000000000e+00
0.000000000000000000e+00
0.000000000000000000e+00
0.000000000000000000e+00
0.000000000000000000e+00
0.000000000000000000e+00
0.000000000000000000e+00
2.491757205972559494e-02
4.082665052435665576e-01
1.439100724346923821e+00
1.821985190475594596e+00
1.334322443256937829e+00
7.696980628060250407e-01
4.187809433413635096e-01
2.962652694585668489e-01
2.577774348688208761e-01
2.553401268502999977e-01
2.647468999925864375e-01
2.780547344744984106e-01
2.656352141716757376e-01
2.464991324845757781e-01
2.566446909483341976e-01
2.731021730939681147e-01
3.198241466936498356e-01
4.188350614926415472e-01
5.586041147440004018e-01
7.262969660327865951e-01
8.954801700436165746e-01
1.058110110014282679e+00
1.182980574818329966e+00
1.313187797594010942e+00
1.401910934595041791e+00
1.505180190490531311e+00
1.550891702701177932e+00
1.567777600357243672e+00
1.502852782004981735e+00
1.400388821475804457e+00
1.256174876909178506e+00
1.164520082731468342e+00
1.065844553860265220e+00
9.850623522117757380e-01
9.340687305260680917e-01
9.145819843011728789e-01
8.901794644883986862e-01
8.899469478265772393e-01
8.919181797989611526e-01
9.046857577741274081e-01
9.181784835018844682e-01
9.204941143953958571e-01
9.416365487809045254e-01
9.615520997267303915e-01
9.911557104721775424e-01
9.974388220394897475e-01
1.003777407406889033e+00
1.027040982584826123e+00
1.036405339452224572e+00
1.043961386137572944e+00
1.048245575542633645e+00
1.039951681525987492e+00
1.033630768211071249e+00
1.028404367077227599e+00
1.016485699179699997e+00
1.003433584836869397e+00
9.915116978149352001e-01
9.880968276767542191e-01
9.914547587655676564e-01
9.662441838320350307e-01
9.852752950492243977e-01
9.746679455915649992e-01
9.779899416594322048e-01
9.665745320468658308e-01
9.756259284931740883e-01
9.820090842919041441e-01
9.786629920831027007e-01
9.904705810942021627e-01
9.911320892049406694e-01
9.952799086963641795e-01
1.001967143520322567e+00
1.004510652358157952e+00
1.011454608581536130e+00
9.998091777720173878e-01
9.994559228275295970e-01
1.002848281625336790e+00
9.911308947730660401e-01
9.986093760677074993e-01
9.935666718492658367e-01
9.875914216292361880e-01
9.889846944876826695e-01
9.922923776616824343e-01
9.867380877765566938e-01
9.832311809185686480e-01
9.817274199939253210e-01
9.809950646289689047e-01
9.857720103977515302e-01
9.899120679770169184e-01
9.946624838005034830e-01
9.896699838205341715e-01
9.895727345079713411e-01
9.993632740939021319e-01
1.000084571190773985e+00
1.008566713555048455e+00
1.003440063196019860e+00
1.008750729748203456e+00
1.007353797464833889e+00
1.008916621091374033e+00
1.006586181635799715e+00
1.002312712574420894e+00
1.001499005918401686e+00
9.939009619533386575e-01
9.949194852456756388e-01
9.954982681029005409e-01
9.946751592079717819e-01
9.989457216462476197e-01
9.987768314256376678e-01
9.957950951229880276e-01
9.964351266022989373e-01
9.963230084037605350e-01
9.955019108208126299e-01
9.987337383902193944e-01
9.994068745746832461e-01
9.929936507598633444e-01
9.992006096505894330e-01
9.918480389133579322e-01
9.969938012270938010e-01
9.984253446880593241e-01
9.940598657011334716e-01
9.957450189027949872e-01
9.978262270104720777e-01
9.961131112455210435e-01
9.991522798103783520e-01
1.000376956523450378e+00
9.919002932495913916e-01
9.968349584318025869e-01
9.920487022628226015e-01
9.944653640608549505e-01
9.978036763188105063e-01
9.945167072101591677e-01
9.954874097252713883e-01
9.963298392465781417e-01
9.996879781556836653e-01
9.961959074217130450e-01
9.957474381328561552e-01
9.959940851823849695e-01
9.959898963011224460e-01
9.949074900090155715e-01
9.965945331085532821e-01
9.953782943546110040e-01
9.942876286471267200e-01
1.001066806887511262e+00
9.998148737257654961e-01
1.001128423249388888e+00
1.000195315198676216e+00
9.964325374960785187e-01
9.980741442150604659e-01
9.952774115909596153e-01
1.000901902689752765e+00
9.983666516592395457e-01
9.969604587358178449e-01
1.001447373865234303e+00
1.003031288721906611e+00
9.995751875973990508e-01
1.001212917921697310e+00
1.001886268426087856e+00
9.983396508646781298e-01
9.949261199670628164e-01
9.950179669614652722e-01
9.958750429856895181e-01
9.969696379534906949e-01
1.000766378071385132e+00
9.945871615109779240e-01
9.997560295414132936e-01
9.955779539731139938e-01
9.954568767009155383e-01
9.942403432559735466e-01
9.985577465290610411e-01
9.955174120394725268e-01
9.928582659551621337e-01
9.950763362843290105e-01
9.942674680809241439e-01
9.967998696647755175e-01
9.988212686956102759e-01
9.981989091647718304e-01
9.975157277053241511e-01
9.930369686216407032e-01
1.002712361645526684e+00
9.958266035479439449e-01
9.989267244329048667e-01
9.991340696267904109e-01
9.990155406809628769e-01
9.930340125344990776e-01
9.969208188106143398e-01
9.970731181054888204e-01
1.000025225330305245e+00
9.999064989867334496e-01
1.000407327446067640e+00
9.964939246666214556e-01
9.996525752898804962e-01
9.983545696306950212e-01
1.000844375214701598e+00
9.939932728405828088e-01
9.972785305208211604e-01
9.993236264469873564e-01
9.965590256265989266e-01
9.964863071357125124e-01
1.000945014263918464e+00
9.983712042473597004e-01
9.978799869838423930e-01
9.939131550847132290e-01
9.989340806700193198e-01
9.957141938792546387e-01
9.960306769250960590e-01
9.965164694578840798e-01
9.991083007372713043e-01
9.967733915304278769e-01
9.948019536179903977e-01
9.979020713506819851e-01
9.943293191158549815e-01
9.963922717597685219e-01
9.976096555015770972e-01
9.977426781699924030e-01
9.964522053995670259e-01
9.975288266613220323e-01
9.966697460530783426e-01
9.960653289737412264e-01
9.977164556419071406e-01
9.976516609794289225e-01
9.954190103222505526e-01
9.949625680255594906e-01
9.979823011337894956e-01
9.984337023616512985e-01
9.954285253367127773e-01
9.980636988871263160e-01
9.959589574362542885e-01
9.997028091403968864e-01
9.945302487221173715e-01
9.968292371210448755e-01
9.979120632630633647e-01
9.982975235118214385e-01
9.965530377113976934e-01
9.990948741776610742e-01
9.951864973873727482e-01
9.984234473702492396e-01
9.978909295432633053e-01
9.981643592754035899e-01
9.953858992266512162e-01
9.966287706022350923e-01
9.960261521765823023e-01
9.987063580805214391e-01
9.972425766886066079e-01
9.963149976690964804e-01
9.958663131906488886e-01
1.001379026109310955e+00
9.977645033469708657e-01
9.845813344977808468e-01
9.766979730036611240e-01
9.650632063355791823e-01
9.547702933644889312e-01
9.421641844519542675e-01
9.347421515159619609e-01
9.218692673274909710e-01
9.139404007520659512e-01
