0.000000000000000000e+00
0.000000000000000000e+00
0.000000000000000000e+00
0.000000000000000000e+00
0.000000000000000000e+00
0.000000000000000000e+00
0.000000000000000000e+00
0.000000000000000000e+00
0.000000000000000000e+00
0.000000000000000000e+00
0.000000000000000000e+00
0.000000000000000000e+00
0.000000000000000000e+00
0.000000000000000000e+00
0.000000000000000000e+00
0.000000000000000000e+00
0.000000000000000000e+00
0.000000000000000000e+00
0.000000000000000000e+00
0.000000000000000000e+00
0.000000000000000000e+00
0.000000000000000000e+00
0.000000000000000000e+00
0.000000000000000000e+00
0.000000000000000000e+00
3.028215982966365322e-02
7.848603328806686985e-01
2.777642512204155256e+00
3.159013811280765971e+00
2.035214467166538199e+00
9.994136657069928598e-01
4.909963240605343948e-01
2.596237844074070211e-01
2.045514781616400990e-01
2.058874077238445344e-01
2.406050776188953799e-01
2.568917997654451280e-01
2.874594029973549514e-01
2.898201613796741460e-01
3.147144375881726353e-01
3.288251134079948068e-01
3.815635333408510244e-01
5.123131703448323693e-01
6.727938253324885487e-01
8.419693887848813674e-01
1.044934678133748074e+00
1.211889989304355097e+00
1.337095931343762256e+00
1.445389051763977806e+00
1.525330673397269576e+00
1.605948264987514973e+00
1.635692501006960953e+00
1.610493654868677238e+00
1.518226316548867416e+00
1.374143059970563963e+00
1.222778726941584626e+00
1.088026536333681182e+00
9.775509895176631714e-01
9.097809996898934548e-01
8.733771633277670476e-01
8.614867773336561951e-01
8.712548627273452029e-01
8.799158378770617350e-01
9.001304208200338053e-01
9.077608129016802030e-01
9.511441754766514212e-01
9.583437145483214570e-01
9.717781825202499446e-01
9.818930284264218988e-01
1.010163465248499204e+00
1.010584590528286641e+00
1.022883361969008087e+00
1.040900594202265328e+00
1.032787218438163457e+00
1.036951692828446570e+00
1.037046602669055906e+00
1.039619922668860497e+00
1.015513175529746848e+00
1.013679164549298850e+00
1.006780396228536434e+00
9.900284592806052331e-01
9.787264521346886736e-01
9.668821946400493195e-01
9.704572181253279251e-01
9.636299085347579396e-01
9.628284602825306626e-01
9.652877903111999336e-01
9.689286103656367111e-01
9.780927024940230252e-01
9.823116795500471676e-01
9.892844528444998398e-01
9.987748590443668029e-01
1.000907327036413941e+00
1.008650317017626197e+00
1.011754175718631688e+00
1.014309043419394873e+00
1.011993401581541274e+00
1.005214403502603604e+00
9.972367402174213691e-01
1.001604082077908853e+00
1.000457174283301942e+00
9.988433406300086803e-01
9.880183207236448162e-01
9.892962145131205531e-01
9.908394283847343775e-01
9.850704017482766472e-01
9.774843624268387821e-01
9.832177928908295561e-01
9.889876983495049512e-01
9.835991020297621956e-01
9.822909943561217716e-01
9.904729662309464944e-01
9.873798414219491226e-01
9.880044831337952971e-01
9.916736782970156927e-01
9.891917017633988785e-01
9.992563126587737932e-01
9.922515604375199416e-01
1.000603486651191698e+00
9.939988144221736377e-01
9.932413433221056742e-01
9.915596798374470833e-01
1.001184444340901036e+00
9.959300338546288600e-01
9.970066295362094433e-01
9.942277095577607415e-01
9.904326438048736136e-01
9.863029975889784362e-01
9.972243096562702913e-01
9.907849791252788529e-01
9.898270019307205958e-01
9.902890282758923801e-01
9.883476351527584747e-01
9.896746207880489088e-01
9.904217160687547317e-01
9.924698037522232674e-01
9.968468157922326656e-01
9.958587326850805166e-01
9.960873757777635173e-01
9.904557780311141757e-01
1.001389471465991887e+00
9.996689331827396385e-01
9.935253831568410243e-01
9.953382536735488895e-01
9.962744066541312504e-01
9.950612036762023216e-01
9.958180860415435376e-01
9.969174240350650029e-01
1.002672206246310704e+00
9.952989789496387019e-01
9.976694741808083133e-01
9.960940367983822652e-01
1.002574052416616235e+00
9.989966037777946450e-01
9.945079282932747233e-01
9.969221785654990287e-01
9.994269894821263822e-01
1.001890888109358668e+00
9.977598329769767904e-01
9.968802022880562941e-01
9.982661985073766342e-01
9.978253139492520019e-01
1.002049088460500004e+00
9.958992310765528710e-01
9.998025846128354432e-01
1.001983880311914543e+00
9.981991042176142637e-01
9.966323615109550227e-01
9.978768138657524434e-01
9.981347611907227524e-01
9.970172449665233305e-01
9.979156633365198203e-01
9.926180102963609864e-01
1.001107077709339377e+00
9.963160817443740269e-01
9.970769822517580039e-01
9.959357833278968952e-01
9.968252916656870077e-01
1.000233513069953561e+00
9.949005407927801192e-01
9.990792056374349084e-01
1.000144371391840759e+00
9.984990785235068333e-01
1.000498961148716726e+00
1.003730260266903818e+00
1.000838536713862581e+00
9.982669434171792533e-01
9.985861096682754345e-01
9.997845952871281527e-01
1.000681519798027219e+00
9.972215790712547490e-01
9.969143675821479089e-01
9.960165747866818187e-01
9.962232044594421243e-01
1.000209592713493079e+00
9.991951163276038272e-01
9.998955729464633624e-01
1.001037303726368233e+00
1.000794633458147453e+00
1.000843201097147084e+00
9.968381056593939027e-01
9.977842341300743323e-01
9.999637923968435205e-01
9.958889761554019504e-01
9.994339171224797536e-01
1.002487154814531767e+00
9.981512742176258390e-01
9.985721536806982934e-01
9.987283460304202665e-01
9.993076170455219565e-01
9.959439370313698525e-01
9.957615820052266864e-01
9.953891623231643226e-01
9.957139675343916752e-01
9.971942983867095878e-01
9.979713212966416780e-01
9.995793882809325126e-01
9.965867098696417070e-01
9.951392999822742391e-01
9.964956109156013486e-01
9.964043480602275960e-01
9.951166046372961205e-01
9.976643544544916420e-01
9.948299963221794995e-01
9.998177671371425435e-01
9.940430853200388217e-01
9.968358932801973937e-01
9.963555689917246161e-01
9.922760682369882179e-01
9.977513330249329071e-01
9.998924145910733641e-01
9.965994610312585156e-01
9.990202591834476120e-01
9.965237139390548116e-01
1.001957824206495262e+00
9.955294239167005177e-01
9.999875653326130154e-01
1.001253115682557482e+00
9.974173085731734556e-01
1.000988184188069674e+00
9.996648546971687033e-01
9.962443796356721393e-01
9.972982953322644395e-01
9.984342505214091057e-01
9.967030721412081240e-01
9.975815979431552627e-01
9.957317067564613877e-01
9.980467853895471642e-01
9.993710461270032264e-01
9.976959377996847955e-01
1.000433485739496753e+00
1.000853838250486350e+00
9.998034257166469319e-01
1.000362909059607341e+00
9.954294400492894601e-01
9.997450332064351519e-01
9.968112759507100629e-01
9.986435168568724707e-01
9.954321298552067931e-01
9.978661112591680205e-01
9.984948331685988832e-01
1.001262125559842175e+00
9.988775719018878618e-01
1.001562192191130629e+00
9.996804159900071207e-01
1.001574102491897156e+00
1.000219955480717182e+00
1.002170800733064526e+00
1.001591301988685956e+00
9.998088752457537920e-01
9.990959224170099517e-01
1.001417715777807027e+00
1.000060180916980013e+00
9.995830268921799266e-01
9.869040911530603255e-01
9.805004749861883084e-01
9.652228955412262001e-01
9.561884399980610239e-01
9.423807953427626449e-01
9.361744645102292317e-01
