0.000000000000000000e+00
0.000000000000000000e+00
0.000000000000000000e+00
0.000000000000000000e+00
0.000000000000000000e+00
0.000000000000000000e+00
0.000000000000000000e+00
0.000000000000000000e+00
0.000000000000000000e+00
0.000000000000000000e+00
0.000000000000000000e+00
0.000000000000000000e+00
0.000000000000000000e+00
0.000000000000000000e+00
0.000000000000000000e+00
0.000000000000000000e+00
0.000000000000000000e+00
0.000000000000000000e+00
0.000000000000000000e+00
0.000000000000000000e+00
0.000000000000000000e+00
0.000000000000000000e+00
0.000000000000000000e+00
0.000000000000000000e+00
3.037914416919740442e-04
2.888483525035787439e-02
7.971906510273670809e-01
2.754697631859814422e+00
3.190501999441081704e+00
2.053771197464063558e+00
1.015060381184137217e+00
4.776586602217871014e-01
2.669166633301537916e-01
2.206714967396706528e-01
2.255318616205514992e-01
2.536670420840035356e-01
2.592599886302865975e-01
2.862086272348172145e-01
2.947879139148357752e-01
3.072843756012765826e-01
3.230963177157913369e-01
3.943313586153956996e-01
5.119914110471919244e-01
6.660588903450339604e-01
8.636541403564363950e-01
1.049418558674624080e+00
1.219590620572859718e+00
1.342725636244907150e+00
1.457250150589642912e+00
1.544852167223083272e+00
1.604417775764164666e+00
1.647368878844093665e+00
1.622066117142670683e+00
1.523439367170073000e+00
1.394502211861412322e+00
1.221079902337385947e+00
1.098141362403841415e+00
9.823411165846395177e-01
9.229295933662324813e-01
8.781017908424469942e-01
8.605286485351684167e-01
8.662351538428053610e-01
8.772555428722494941e-01
8.920881949423543622e-01
9.053636852530765333e-01
9.424123263228223468e-01
9.628686956209431269e-01
9.882248396470845186e-01
9.960034925951017915e-01
1.001943383040628133e+00
1.028689349365695005e+00
1.036781548308659762e+00
1.040685632715671050e+00
1.045173351405948692e+00
1.050524170845125616e+00
1.044347400909241275e+00
1.045613956036703263e+00
1.035382088209554352e+00
1.026478682470480353e+00
1.012193326948635397e+00
9.993053862149055000e-01
9.920075358943113430e-01
9.793896039034412082e-01
9.792968801278719715e-01
9.769637708728429182e-01
9.600388220208526668e-01
9.649549332087080655e-01
9.758011631228068472e-01
9.657685794044752470e-01
9.835846137220685126e-01
1.006276946209184731e+00
1.009695797468421530e+00
1.012577628366705840e+00
1.007080437964278596e+00
1.012916953976580547e+00
1.006692868873275026e+00
1.022593909199676743e+00
1.015370676355499713e+00
1.008731189193242450e+00
1.015912081572158066e+00
1.015116775401099458e+00
1.012156319292843554e+00
1.009493016747244676e+00
1.003432130022015700e+00
9.986972012762076467e-01
1.003940449934809243e+00
1.000730541439610377e+00
9.924181010643435830e-01
9.941500218514613962e-01
9.938411551739481098e-01
9.855401383473583188e-01
9.990225804387738995e-01
1.005752080883802080e+00
1.003862984596017194e+00
1.000429456055765831e+00
1.000847570246075735e+00
1.004186655331486877e+00
1.004074569505081227e+00
1.008127719457323934e+00
1.007657130123672529e+00
1.009778853145748778e+00
1.000984210193512691e+00
1.006120996179142635e+00
1.008572951549144836e+00
1.011261971062791032e+00
9.987524145037504075e-01
9.967798468378131771e-01
9.961540819302355798e-01
9.949321349611413012e-01
1.005777116744662525e+00
9.934445723060781885e-01
9.988216214173012419e-01
9.995900380133636576e-01
9.944483096621328233e-01
9.957521812666779715e-01
9.963040675965859627e-01
9.924843325361258906e-01
9.919957559256616930e-01
9.941552864612160922e-01
9.963968289857810801e-01
1.001439054710266729e+00
9.961765639514715831e-01
9.956155745510540944e-01
1.000413008672442761e+00
9.950016090323439144e-01
9.917058185699724193e-01
9.993256570585064003e-01
9.963477906752133961e-01
9.925860968328105161e-01
9.953360067241368014e-01
9.926600372272338380e-01
9.993604579544138611e-01
9.888621487232944762e-01
9.959212336919603947e-01
9.915729418453592681e-01
9.897356759930668879e-01
1.000629526812293557e+00
9.963829963629556863e-01
9.947036270704341376e-01
9.928819682627896270e-01
9.951481657001763903e-01
9.908878719219118558e-01
9.981348243609271531e-01
9.951855324370002531e-01
9.961144090509433946e-01
9.987685872125596775e-01
9.929251000341196010e-01
9.966685056816447785e-01
9.956536105144173643e-01
9.933622950395299966e-01
9.965119665028826512e-01
9.971516197781699065e-01
9.933225662514341137e-01
9.948332855300412447e-01
9.969667838072636679e-01
9.928016878554538627e-01
9.928989007853487037e-01
9.989241891610082247e-01
9.957459040553535701e-01
9.961693765643633292e-01
9.963060544664404938e-01
9.971157496145065524e-01
9.955542739211510339e-01
9.975936577410075001e-01
9.939579935832223434e-01
9.944798988736461842e-01
1.000943666274437316e+00
1.000017028231756200e+00
9.951457580662105284e-01
9.982364387783824178e-01
9.951952696235270013e-01
1.001654317691742957e+00
9.986468018859252505e-01
9.956424074068266350e-01
9.981859513872785028e-01
9.995651447751114915e-01
1.000598933906901689e+00
9.999306613964915602e-01
9.956644925763027398e-01
9.990423514163607743e-01
9.997515738068745161e-01
1.002368428165270053e+00
9.996302999738969630e-01
1.000487696130517579e+00
9.980720741166378973e-01
1.000471185454351541e+00
9.988244102795127422e-01
1.000477256003130977e+00
9.965305936329398317e-01
1.000070227688699021e+00
1.002466692651102553e+00
1.004747906838025617e+00
1.002006516491186217e+00
9.989422139015111668e-01
9.983489801334112235e-01
9.995959505263215528e-01
9.992803862495013290e-01
9.961334184426874350e-01
9.996306327586824692e-01
9.981542579826503392e-01
9.968866727900475011e-01
9.977999869239214670e-01
1.000377124190307221e+00
1.000005933505997202e+00
9.969057976535588006e-01
9.957912155755161976e-01
9.964409903165226678e-01
1.000599194656687896e+00
9.948731651983020452e-01
9.976792232765886448e-01
9.972652489370731343e-01
9.975929233120877093e-01
9.956918423821001785e-01
9.961582451217972922e-01
9.983871807337871829e-01
9.988489686045408655e-01
9.989021884492790271e-01
9.966768382255662972e-01
9.974713228984508628e-01
1.000356940129677019e+00
9.982674175255360494e-01
9.969043009433310454e-01
9.981961120423957778e-01
9.988248693926927713e-01
9.974240929926275756e-01
9.984101831241442015e-01
9.994720419442991721e-01
9.976707381406491049e-01
1.000074547019922377e+00
9.998040154344821628e-01
9.982250462549147052e-01
1.000627878141384874e+00
1.000475593290391929e+00
1.004609916055963392e+00
9.994859417214777553e-01
9.978070834579036985e-01
9.971456458430461023e-01
9.945951978226501566e-01
9.983127220819818515e-01
9.969914184115494793e-01
9.956420399699374979e-01
9.972486503663416935e-01
9.957134023913246645e-01
9.973990690103686774e-01
9.998066507056773133e-01
9.981098919890877275e-01
9.975606501565896789e-01
9.987886284929237135e-01
9.970287134500116499e-01
1.000717399779559313e+00
1.001120413600808945e+00
9.979857149999044053e-01
1.001134065935169071e+00
9.956861467512519992e-01
9.860069539427913643e-01
9.786463893956670601e-01
9.660979207041056060e-01
9.568247741945946627e-01
9.437098312015553825e-01
9.369524280706328367e-01
