0.000000000000000000e+00
0.000000000000000000e+00
0.000000000000000000e+00
0.000000000000000000e+00
0.000000000000000000e+00
0.000000000000000000e+00
0.000000000000000000e+00
0.000000000000000000e+00
0.000000000000000000e+00
0.000000000000000000e+00
0.000000000000000000e+00
0.000000000000000000e+00
0.000000000000000000e+00
0.000000000000000000e+00
0.000000000000000000e+00
0.000000000000000000e+00
0.000000000000000000e+00
0.000000000000000000e+00
0.000000000000000000e+00
0.000000000000000000e+00
0.000000000000000000e+00
0.000000000000000000e+00
0.000000000000000000e+00
0.000000000000000000e+00
0.000000000000000000e+00
0.000000000000000000e+00
1.502296438521889821e-02
4.376928093804375863e-01
1.430377155850291793e+00
1.913175017908175235e+00
1.339683345211175380e+00
8.193782517688958933e-01
4.869367515093854237e-01
3.055346135101951743e-01
2.570563407532986955e-01
2.563832174066321135e-01
2.628213026109810779e-01
2.560255501003240175e-01
2.687014436647229831e-01
2.366734690425049137e-01
2.355832677854929891e-01
2.772045122265243133e-01
3.351380364338945039e-01
4.035430348476519158e-01
5.321295948023326838e-01
7.367400753168263927e-01
9.149082576592475480e-01
1.072609750996629252e+00
1.234042484363102377e+00
1.347508021867760863e+00
1.474379221196244094e+00
1.528816374465301164e+00
1.587167148811521322e+00
1.581379128530628675e+00
1.515666493284791416e+00
1.456617506692329256e+00
1.287147905885311028e+00
1.137857690416376633e+00
1.035124606599255426e+00
9.527532081703805611e-01
9.278238417051575260e-01
8.808104888306566016e-01
8.921844056488540398e-01
9.228530677561574969e-01
8.874855179278292594e-01
9.127000904574160689e-01
9.105090387317241740e-01
9.272955402896961852e-01
9.455316328788372360e-01
9.578365705133725649e-01
9.908267652518079061e-01
1.008194499660430843e+00
9.817036001581839200e-01
1.019623977760412803e+00
1.051247518809073078e+00
1.039202261839919705e+00
1.038015433517804231e+00
1.060807394771485779e+00
1.042406936742747980e+00
1.033250755361250439e+00
1.028295435941848135e+00
1.015824776494210546e+00
1.006171988071859591e+00
9.779605429281492679e-01
9.888450687118918170e-01
9.720740250708331809e-01
9.823379513585571710e-01
9.958434424265998341e-01
9.876106984582234682e-01
9.891271490607685957e-01
9.983872906570174788e-01
9.986594751126786074e-01
9.934457541683744397e-01
1.006555225163126011e+00
1.003752368681659402e+00
1.009305248827818913e+00
9.974889810728518880e-01
9.980128681790537692e-01
9.938241005215494583e-01
1.012780995413819163e+00
1.026807698152518489e+00
9.882401758321989194e-01
1.000999792356594753e+00
9.980020948944082759e-01
9.957202944979760550e-01
1.007860929142046391e+00
9.929183542095407766e-01
9.927347838489332110e-01
9.947419583196033255e-01
9.836410022803937503e-01
9.830384975117814061e-01
9.868079074614621859e-01
9.841402756294358456e-01
9.832046862096659456e-01
9.979456049928486783e-01
9.914669207928930028e-01
9.972095399894129741e-01
9.904818209115833216e-01
9.942166457258436729e-01
9.981500453974743170e-01
9.990915579969391613e-01
1.001385780615099197e+00
1.002197850068750729e+00
9.861201933144638776e-01
9.964220561938276211e-01
9.991958581924108573e-01
9.878290077995365293e-01
1.002128973768360520e+00
9.970957153929613792e-01
1.007472771452013749e+00
1.002159482616633790e+00
1.003716866889649229e+00
9.962111280141046077e-01
1.005763294596874191e+00
9.973519926113800782e-01
9.886115998932697435e-01
9.970785431859386927e-01
9.962663119563750502e-01
9.967142282919974061e-01
9.969114111902097619e-01
9.867129703677547381e-01
9.979456217407121077e-01
9.886649507499425393e-01
1.005804694931851762e+00
1.007217502340074677e+00
1.000273112075552584e+00
9.983706629318644943e-01
1.004853999730468184e+00
1.005839603272326688e+00
1.000011381570209412e+00
1.007350107250176707e+00
1.003835532375451089e+00
1.000496343469620353e+00
9.938841673498250984e-01
1.004597519093552549e+00
1.007999612680120727e+00
1.002832530463066751e+00
9.884904254322265382e-01
9.989199539376580894e-01
9.958171148931096450e-01
1.012962825940071587e+00
9.994965092568579568e-01
9.940505340607320717e-01
1.001786229395768224e+00
1.002827390049550127e+00
1.003433252019079402e+00
9.977912870066973916e-01
1.003282666189395655e+00
9.985633024198794505e-01
9.986823037676871850e-01
1.001451959873858266e+00
1.000614086206390807e+00
1.010809034355349745e+00
9.957074885102297213e-01
9.990328155308203506e-01
9.963728899068509115e-01
9.994455770429160335e-01
1.000334770766889703e+00
9.974366477356437777e-01
9.952571696742752438e-01
1.001403754791995615e+00
9.973857739116792631e-01
1.010007183677520404e+00
9.979126542898029140e-01
9.960552264603262929e-01
1.001941231765861584e+00
9.944484510550608558e-01
1.001801499334715961e+00
9.916645003977013761e-01
1.003758247715841989e+00
1.003950731189350298e+00
9.989595643268909253e-01
1.004517152524934565e+00
1.001435276951470721e+00
9.992176637241159121e-01
9.986665217090294755e-01
1.003147165366165883e+00
9.989992168697140462e-01
9.996033352574239528e-01
9.898062117590651354e-01
9.998062935086823311e-01
9.936266215405674673e-01
9.939686549406937521e-01
9.994153360110056283e-01
9.989999950622726610e-01
9.970463043566663019e-01
9.951299047102803996e-01
9.971861732794120581e-01
9.923462828412071834e-01
9.981005827497718697e-01
1.006305432157527546e+00
1.000821888443421237e+00
9.953237334124186431e-01
9.918519638493202839e-01
1.004124330289748457e+00
9.921005792572832327e-01
9.964771421443433530e-01
9.952251976495596342e-01
1.001413177192111537e+00
9.994951733867191157e-01
9.962686274435273992e-01
1.001271908218199336e+00
9.986324752201115595e-01
9.980859219513473768e-01
9.974963729598198547e-01
9.949846216874178584e-01
1.001077638824940053e+00
9.971762495091338607e-01
9.983187985633847905e-01
1.003873340402400061e+00
9.978255741598811568e-01
1.005109242432307370e+00
1.007192670763630060e+00
1.003325464067237327e+00
9.962975710610467717e-01
9.915998980147856523e-01
9.959063302726296474e-01
9.973227725833281321e-01
9.963386757988486053e-01
9.980723838220109112e-01
9.961971119478375547e-01
1.000039907954730189e+00
9.966647715531925522e-01
9.962363016123135795e-01
9.968073793333461774e-01
9.992946339967716529e-01
1.001556859268218025e+00
9.880540980671616014e-01
9.987846395212472972e-01
9.934215797836263295e-01
9.966139635705675293e-01
1.003863239328270485e+00
1.005029633306967929e+00
1.001467047367945451e+00
1.001441856218158621e+00
1.003053165215691322e+00
1.000669860428381464e+00
9.953792373988030739e-01
9.993083386732015683e-01
9.972620006006430726e-01
9.981231606486704599e-01
9.930883970169378516e-01
1.007193732358952376e+00
1.004378833238585456e+00
9.966101319064498698e-01
9.945241175501103870e-01
9.984208582986547897e-01
9.997065255496608849e-01
9.992348437556279883e-01
9.941120872140999376e-01
1.001213479344479573e+00
1.004730232377732957e+00
1.000513359406732583e+00
1.001223974971818587e+00
9.992021661555239298e-01
1.002274625199240266e+00
9.964612371770419363e-01
1.003002683362792968e+00
1.005207591638724418e+00
9.973691382913060233e-01
