0.000000000000000000e+00
0.000000000000000000e+00
0.000000000000000000e+00
0.000000000000000000e+00
0.000000000000000000e+00
0.000000000000000000e+00
0.000000000000000000e+00
0.000000000000000000e+00
0.000000000000000000e+00
0.000000000000000000e+00
0.000000000000000000e+00
0.000000000000000000e+00
0.000000000000000000e+00
0.000000000000000000e+00
0.000000000000000000e+00
0.000000000000000000e+00
0.000000000000000000e+00
0.000000000000000000e+00
0.000000000000000000e+00
0.000000000000000000e+00
0.000000000000000000e+00
0.000000000000000000e+00
0.000000000000000000e+00
0.000000000000000000e+00
0.000000000000000000e+00
2.989774630871315422e-04
2.214731961966753468e-02
4.411421032652340646e-01
1.497157556697228609e+00
1.909648180991431854e+00
1.402147420104050246e+00
8.231321575609849006e-01
4.566676492989298897e-01
3.097562799238469111e-01
2.616787059181616137e-01
2.445222092873707842e-01
2.448801203778993574e-01
2.537010502337738727e-01
2.364962828785334426e-01
2.386304493430743134e-01
2.416905013523320545e-01
2.505039409022197239e-01
3.148490891608701214e-01
4.087347914851769404e-01
5.366681192762222663e-01
7.051125694519920772e-01
8.887601235230315755e-01
1.034075988446736538e+00
1.195787710924963054e+00
1.287778171637667723e+00
1.407830439537177014e+00
1.487915320310838396e+00
1.535469899446527231e+00
1.547147475751793566e+00
1.501694613882877505e+00
1.379139877829556937e+00
1.271430772823691768e+00
1.148027100019066715e+00
1.047244728439953310e+00
9.763123554181520891e-01
9.207199793608704663e-01
9.010975481921569274e-01
8.736385267546274980e-01
8.938834963291493185e-01
8.783926005871247611e-01
8.891198347483366682e-01
9.034259264614860063e-01
9.221758511037758677e-01
9.353930353145591958e-01
9.563690717856239143e-01
9.895569747902873692e-01
9.695254506795617511e-01
1.000559183812196551e+00
1.016527875668640446e+00
1.037940348818725766e+00
1.035595814893523592e+00
1.036373931815602223e+00
1.039065701117882989e+00
1.020207976179861253e+00
1.014700338877222441e+00
1.023641670952542437e+00
1.004442656495881270e+00
9.912100469023386040e-01
9.837294189089426100e-01
9.774940796063682491e-01
9.759607308623843291e-01
9.686496331930364301e-01
9.859223822735538878e-01
9.877483873638229772e-01
9.811156145030416331e-01
9.800407624203097967e-01
9.822617975597709439e-01
9.969518990747539000e-01
9.990936279161573008e-01
1.007388319040630531e+00
1.011238288656507667e+00
1.003814151502695484e+00
1.015563122079039760e+00
1.017973189729087125e+00
1.005430828442709146e+00
1.014917257421348307e+00
1.006832004601117658e+00
1.002439277457168210e+00
1.006104525771003955e+00
1.007060707217380058e+00
9.929514311546199234e-01
1.004202800296639664e+00
1.001910388538225671e+00
1.008334666478387875e+00
9.877477973028255809e-01
9.962571572476365267e-01
9.998777519336439212e-01
9.941334200949428768e-01
9.984874451212923940e-01
1.004154916069831760e+00
1.004988175380292725e+00
1.003983180153475763e+00
1.012485377762482930e+00
1.015421805741456573e+00
1.009840281526173333e+00
1.014922097298681436e+00
1.016012600796129428e+00
1.016997160035557624e+00
1.013100014916721969e+00
1.016434197544932028e+00
1.003609074267344248e+00
1.009918293658953248e+00
1.001590078895944869e+00
1.000710136172907161e+00
9.985900156128977301e-01
1.000413053102744865e+00
1.002717505029440126e+00
9.988028532749625432e-01
1.005234857365554513e+00
1.005067531656423929e+00
9.995536012817199945e-01
1.003891572669270094e+00
1.005416756292234259e+00
1.003985668572480616e+00
9.991650188141870670e-01
1.002653094055280691e+00
1.001398405920674861e+00
9.967287784296784414e-01
9.966521389449433110e-01
9.997040510622930976e-01
9.930540602568701525e-01
1.002173612485747656e+00
1.001652052529289127e+00
1.002455503511260559e+00
9.978847464111288978e-01
1.001115253197426558e+00
1.005681678026187686e+00
9.992241156994656759e-01
1.003914770728707495e+00
1.003619268211173310e+00
1.003972000468493109e+00
1.002844536055693681e+00
1.000081369668847309e+00
9.973233581417421112e-01
9.979796421746087720e-01
9.996743670801359061e-01
9.995957868987358497e-01
9.998115801024147764e-01
1.002689397200569044e+00
1.006336080478503314e+00
1.000777969143897606e+00
9.971109486776972286e-01
1.001533538420810165e+00
1.002144846036132408e+00
9.990716946094488904e-01
9.989377053092690639e-01
9.995850612472343411e-01
1.000823335076660880e+00
1.002877468611978351e+00
9.994999477458716974e-01
1.000148979930005844e+00
1.003927269740718220e+00
1.003144687364557974e+00
1.000729965936127286e+00
1.001396323010002476e+00
9.962335013312486609e-01
1.001080503457457471e+00
1.001797886899036261e+00
1.006378305015283692e+00
1.002272960545637970e+00
1.001000049066208542e+00
1.003984303188458327e+00
1.003253238720820839e+00
1.000390808961221012e+00
9.993845096718618759e-01
1.000433679510317919e+00
9.990683268407164475e-01
9.983803756459251888e-01
1.004398845165710208e+00
9.980498070276134781e-01
1.000700754757758659e+00
9.994040427059520670e-01
1.002508633774408020e+00
9.971507391676474041e-01
9.981369553702527098e-01
9.999729002854547133e-01
9.942432736121941117e-01
1.001806795254997828e+00
9.968540568598006635e-01
9.990960107966261328e-01
9.983788329480477453e-01
9.964385800225301626e-01
9.996553715127172168e-01
1.000367434023026858e+00
9.994565844207587979e-01
9.991233971441341177e-01
9.988735159885231418e-01
9.979554260385351538e-01
9.990368189751149819e-01
9.962725341154504699e-01
1.002036492457091255e+00
9.954560357931749870e-01
9.972934033602398607e-01
9.957730021802951859e-01
9.960790651023668785e-01
9.974223690905689166e-01
9.986533086923349289e-01
9.973082884720380070e-01
9.976949945837529921e-01
9.934907479791613705e-01
9.992632198169753011e-01
9.950071763005361447e-01
9.976169361873823416e-01
9.964190683963511930e-01
9.955142413532428458e-01
9.953890230077251378e-01
9.965240217062107941e-01
9.969480726522145231e-01
1.000445138363311504e+00
9.995185974630819148e-01
9.959493149740817897e-01
9.946640981491077227e-01
9.951197125622897044e-01
9.961719317873592994e-01
9.962431359012098309e-01
9.993780910230274372e-01
9.967195996023573423e-01
9.983129424208333491e-01
9.957507480517134857e-01
9.969015733332321494e-01
9.959262941996451790e-01
9.944476069783195760e-01
9.962867314832472010e-01
9.983600752224286445e-01
9.977914008647246202e-01
9.962022360065065918e-01
9.960330627707779660e-01
9.951704884600727219e-01
9.983751197617311002e-01
9.975212165257958397e-01
9.988988071609402608e-01
9.968496994951632217e-01
9.980747610600626540e-01
9.997486310145548005e-01
9.943017647782865787e-01
9.979229027112785921e-01
9.973026958077668702e-01
9.941318659850277850e-01
9.958921698137388479e-01
9.916638530727566181e-01
9.979304191752312869e-01
9.931272763176280938e-01
9.997123645946877080e-01
9.950602286956757858e-01
9.945239538320863604e-01
9.948320161730629385e-01
9.948500643804641941e-01
9.838488845112384196e-01
9.753938722443471487e-01
9.639624550765391042e-01
9.551200073139551883e-01
9.428500427542970685e-01
9.316761383608033187e-01
9.203698905470177882e-01
9.129720164900564372e-01
