0.000000000000000000e+00
0.000000000000000000e+00
0.000000000000000000e+00
0.000000000000000000e+00
0.000000000000000000e+00
0.000000000000000000e+00
0.000000000000000000e+00
0.000000000000000000e+00
0.000000000000000000e+00
0.000000000000000000e+00
0.000000000000000000e+00
0.000000000000000000e+00
0.000000000000000000e+00
0.000000000000000000e+00
0.000000000000000000e+00
0.000000000000000000e+00
0.000000000000000000e+00
0.000000000000000000e+00
0.000000000000000000e+00
0.000000000000000000e+00
0.000000000000000000e+00
0.000000000000000000e+00
0.000000000000000000e+00
0.000000000000000000e+00
0.000000000000000000e+00
0.000000000000000000e+00
1.661191001171922685e-02
4.087855008635293275e-01
1.437202650429040940e+00
1.810165244387832439e+00
1.317199076050110662e+00
7.573620134110732316e-01
4.261491349727202227e-01
2.896850026132348765e-01
2.574537476245458700e-01
2.521031254559095713e-01
2.583282923801417663e-01
2.600830953480933183e-01
2.535698300912243019e-01
2.392739629630752096e-01
2.327018251601344900e-01
2.583154685989826893e-01
3.226268047637727565e-01
4.253137146956488812e-01
5.623419542119818537e-01
7.219850534320854107e-01
8.763362979196275271e-01
1.071652867971641276e+00
1.213083924335437214e+00
1.300506082030151944e+00
1.430062034738050825e+00
1.488335799729068265e+00
1.554084561254242214e+00
1.571804177652260437e+00
1.522051574227726523e+00
1.402362217252989041e+00
1.281711803719184584e+00
1.154653380466786672e+00
1.061709339078635406e+00
9.934774079829223892e-01
9.313703872260367111e-01
9.096059189290757185e-01
8.814289044099568038e-01
8.955512912345096055e-01
8.966026097980754894e-01
9.019770022385891206e-01
9.198161823102050105e-01
9.232789559523699729e-01
9.457087677076939647e-01
9.589467413980742316e-01
9.711757897456622102e-01
9.837196289256130433e-01
1.010633058076610080e+00
1.028204865879745800e+00
1.030216466448785839e+00
1.042540942333380016e+00
1.037359659297044878e+00
1.036111350803537112e+00
1.036735298081190360e+00
1.029893228084247880e+00
1.017907952052496956e+00
1.002420771368040420e+00
9.934374928470504074e-01
9.829768627076418408e-01
9.864555707475083368e-01
9.743684092319672141e-01
9.819084258584401814e-01
9.718602836484678820e-01
9.738057137346681769e-01
9.854961983419522342e-01
9.833059365003294916e-01
9.912411537146696983e-01
9.949918002184351407e-01
9.940187888427984841e-01
1.004360733859365640e+00
1.007572317352190439e+00
1.005528708389357151e+00
1.002722426290204139e+00
1.005574228970861350e+00
1.006322076476921401e+00
1.008381350343328320e+00
1.004709775522196535e+00
1.002358419698045511e+00
9.931028701774786693e-01
1.000202327688545445e+00
9.939622669240384401e-01
9.936766021153622397e-01
9.918833838002852898e-01
9.928612305549568973e-01
9.989898041538284312e-01
9.877109010344710116e-01
9.858708869731457325e-01
9.887642120610751206e-01
9.955841222650900768e-01
9.945258587574311582e-01
9.993748058473264084e-01
1.003868447924004759e+00
1.007952322464952921e+00
1.009041833801143762e+00
1.011165752610610813e+00
1.018437148946820914e+00
1.020314563270213748e+00
1.015516204903133657e+00
1.019535631248971175e+00
1.018277408377302740e+00
1.005645537030629644e+00
9.995057905239593810e-01
1.002883841729992120e+00
9.988879673917137048e-01
1.002235059130224482e+00
9.963082037580240913e-01
9.976305607842628209e-01
1.002809114309946681e+00
1.003967901575056221e+00
9.982849079367963618e-01
1.003875411300241272e+00
9.965885484708022490e-01
9.964005006151368526e-01
9.954854621561448624e-01
9.949338209845475234e-01
1.002403910829138933e+00
1.002367799586299846e+00
9.982791190904536371e-01
9.901462046419267082e-01
9.958688980819840886e-01
9.984020348481099649e-01
9.977382970478213542e-01
9.945964754926485130e-01
9.955928441726831224e-01
9.986486846069307921e-01
1.000007548643228272e+00
9.931952562975814303e-01
9.963831236251807777e-01
9.931401271440952749e-01
9.926100091683431881e-01
9.913760429006361896e-01
9.921646136909776370e-01
9.958712257799959833e-01
9.946453874364844516e-01
9.872189355319581638e-01
9.952232023770004599e-01
9.883193802375467296e-01
9.933285375106217785e-01
9.915949582246360583e-01
9.943139623573529207e-01
9.928626535467355296e-01
9.934365646660365812e-01
9.949448563465690398e-01
9.928614626793850206e-01
9.945886099079330744e-01
9.989696084544658072e-01
9.945666639391506081e-01
9.918255419105641568e-01
9.948756932112603479e-01
9.982954668308408053e-01
9.999630269469217403e-01
1.000455194061949937e+00
9.965834047112518412e-01
9.989297479629448695e-01
9.946502608390909161e-01
9.969453646372606892e-01
9.985688748108182411e-01
9.972421155889297228e-01
9.954402266581402481e-01
9.963949265059741656e-01
1.001153452198738858e+00
9.978311197784052178e-01
9.963809549319573300e-01
9.940570748276004176e-01
9.977101135870601878e-01
1.000931805655584261e+00
9.953254153777238988e-01
1.003062518348075249e+00
9.947627514357383349e-01
9.970454454415008660e-01
9.945590384912125215e-01
9.928268723487939651e-01
9.983071426574416929e-01
9.934458997244329792e-01
9.951345532405564409e-01
9.947086098246271657e-01
9.985667063148292444e-01
9.982743171626183853e-01
9.947652771165499397e-01
9.984002914061176348e-01
9.964842443212760248e-01
9.982292442902412910e-01
9.961956197139509861e-01
9.958547301030886700e-01
9.972338067363318848e-01
9.947282679277060780e-01
9.917907159649528293e-01
9.971235393161875793e-01
9.960166361440095928e-01
9.937585714650697399e-01
9.954855742067578728e-01
9.946699603946900226e-01
9.962976222804742488e-01
9.944489097037380043e-01
9.972821837768129916e-01
9.952799949351985864e-01
9.924448856333343283e-01
9.993849656942703774e-01
9.939148089317028090e-01
9.975765905284404989e-01
9.945074798184871945e-01
9.952400774154264163e-01
9.960528892275926083e-01
9.958003855130295179e-01
9.947428516890700623e-01
9.967477794996646434e-01
9.943959382346182485e-01
9.951375914361215713e-01
9.945711304092791361e-01
9.963720616438339617e-01
9.973492767529102965e-01
9.943771569165207325e-01
9.959425313957694925e-01
9.943427566040647925e-01
9.937756493075819986e-01
9.942089423025184391e-01
9.977583735367085982e-01
9.937160956574215831e-01
9.913035651404683568e-01
9.944496543384470089e-01
9.943821581738261361e-01
9.946734470533167283e-01
9.940450904147943856e-01
9.930324899118065929e-01
9.985077063162238753e-01
9.965167295653954982e-01
9.938371578045223087e-01
9.941454111142806749e-01
9.984877199846340368e-01
9.997140348504238716e-01
9.987280493706425233e-01
9.966866710946903352e-01
9.959283745578437763e-01
9.966069480263665126e-01
9.967343986162348068e-01
9.958075514613952128e-01
9.949367926312616683e-01
9.986219661011344062e-01
9.995872876512307270e-01
9.980663487331054018e-01
9.998308790545503699e-01
9.995558955792768208e-01
1.000001655696056924e+00
9.967097220838582183e-01
9.967642008783944574e-01
9.991133046290433528e-01
9.972591901306273598e-01
9.900789901801353432e-01
9.763741154965549507e-01
9.677738958709536377e-01
9.568592470511533277e-01
9.446195037806551786e-01
9.340511529275900005e-01
9.243094246206170483e-01
9.142398850569681823e-01
