0.000000000000000000e+00
0.000000000000000000e+00
0.000000000000000000e+00
0.000000000000000000e+00
0.000000000000000000e+00
0.000000000000000000e+00
0.000000000000000000e+00
0.000000000000000000e+00
0.000000000000000000e+00
0.000000000000000000e+00
0.000000000000000000e+00
0.000000000000000000e+00
0.000000000000000000e+00
0.000000000000000000e+00
0.000000000000000000e+00
0.000000000000000000e+00
0.000000000000000000e+00
0.000000000000000000e+00
0.000000000000000000e+00
0.000000000000000000e+00
0.000000000000000000e+00
3.486799339603423309e-02
1.066710971445895328e+00
3.487207289241116115e+00
3.441522104259470805e+00
1.885049634295929089e+00
8.519918948937966752e-01
3.879146324523571887e-01
1.965433554686695783e-01
1.199609067368898746e-01
1.855475327972377075e-01
7.152467124853918445e-01
1.507895849255388443e+00
1.757132838505324424e+00
1.464198608337674123e+00
1.066701442576531544e+00
8.038212385390089976e-01
6.835454061582262320e-01
6.730278765611849012e-01
7.248858605071425432e-01
8.084209575668106496e-01
9.025789921446262243e-01
9.905544403512748231e-01
1.070445551463956813e+00
1.134452827070921321e+00
1.180665025269077129e+00
1.206489681130934022e+00
1.210422745809045963e+00
1.200472885943562051e+00
1.169968185481506495e+00
1.136570307972480265e+00
1.095739456103091980e+00
1.058692039587823874e+00
1.030815828871348039e+00
1.005036633452743855e+00
9.817388096429465749e-01
9.654150328203043863e-01
9.504152064666517852e-01
9.374333994351610189e-01
9.325003053151497134e-01
9.303457960090171230e-01
9.306477268262626223e-01
9.343640401994545153e-01
9.433103343768967086e-01
9.500332309904273576e-01
9.631055492517052175e-01
9.733368045367294386e-01
9.790254190312238647e-01
9.916568206023985699e-01
9.983580170388375308e-01
1.004248861823928696e+00
1.010690326667982752e+00
1.013200618675700992e+00
1.014795327017933069e+00
1.016376443825691256e+00
1.018162037229445316e+00
1.016530404732060910e+00
1.017552372991472165e+00
1.015546003227111527e+00
1.010780650351622789e+00
1.008993226504169893e+00
1.008057685066134246e+00
1.007282292140139646e+00
1.005389889109269852e+00
1.005160957366481478e+00
1.001937475685371393e+00
1.001057801041104200e+00
1.000013090549712436e+00
9.969348531256604362e-01
9.967886867229995840e-01
9.970245361715018850e-01
9.969258643625384941e-01
9.951022706086375402e-01
9.945340149426220577e-01
9.919671602120154752e-01
9.942647127375430216e-01
9.943609423508169565e-01
9.943737161078863851e-01
9.926674421558410177e-01
9.924313680854269792e-01
9.960612997001784263e-01
9.980545268294259698e-01
1.001323109547603618e+00
1.001548395592414264e+00
1.002958519426577544e+00
1.003502519277673422e+00
1.005053282697341954e+00
1.003690882491026670e+00
1.003958399914784083e+00
1.003613076182718888e+00
1.002447600187280630e+00
1.004528455365792272e+00
1.002038182264345823e+00
1.001721151650354136e+00
1.000484029230701344e+00
1.001705820388540946e+00
1.000046093733349517e+00
1.000925439114291438e+00
9.999033099160646865e-01
9.999593519062490721e-01
9.989165596075422204e-01
9.986292033492859543e-01
9.980136612704449961e-01
9.989256806198756333e-01
9.979837262922652830e-01
9.991723660690213782e-01
9.988225359874007836e-01
9.992588843624430339e-01
9.997787113203825404e-01
9.996956893828384816e-01
1.000754008590674982e+00
1.000463898009803287e+00
9.994777651762046800e-01
1.001167147912310318e+00
1.000383404025312561e+00
1.001161741956206663e+00
1.000485117531027202e+00
1.000839320189375936e+00
1.000249944397567647e+00
1.000893053965888013e+00
9.999993527573615149e-01
1.000159852668648597e+00
1.001033660102560674e+00
9.990107262578984404e-01
9.991370856786758736e-01
1.000611808023696980e+00
9.993661659611752235e-01
9.982443887703250640e-01
9.977330889550043436e-01
9.976771797448521495e-01
9.989695269501741581e-01
9.980439408827057601e-01
9.989949349096853837e-01
9.989963096923292207e-01
1.000323011929559858e+00
1.001507582062053592e+00
1.000175974734027085e+00
1.001930886861886361e+00
1.002639359660962626e+00
1.001683433299755510e+00
1.002082398349277259e+00
1.001114267642875033e+00
1.000865720827959660e+00
1.000745595071551808e+00
1.000788870208383141e+00
1.000434607313679169e+00
1.000314958764988660e+00
9.997384640179796111e-01
9.993572234068908156e-01
9.987766673762865643e-01
9.990551315232925056e-01
9.988080173336659762e-01
9.991946646737207560e-01
9.993699708459220510e-01
9.991881707268853718e-01
9.983653763727046160e-01
9.988116275044706116e-01
9.993042781052465795e-01
9.993076098225530668e-01
1.000094304603315054e+00
1.000602803628105830e+00
1.000718413223609771e+00
1.000494082323312162e+00
1.000473074064122780e+00
1.000497421609774173e+00
1.000873577742685816e+00
1.001275564623046677e+00
1.001537362984650681e+00
1.000982033207510780e+00
1.000221146102602932e+00
1.000498949154408734e+00
1.000378037688759658e+00
9.999321801787864894e-01
1.000391636990200395e+00
9.996059336842321175e-01
9.997337495802436358e-01
9.992727143911093179e-01
9.998176608023569001e-01
9.995596302476446038e-01
9.997790911247880219e-01
1.000342501852607091e+00
9.999605400468555283e-01
1.000048446332614471e+00
1.000087350702222544e+00
1.000382431972256070e+00
1.000439690054420572e+00
1.000774084986074453e+00
9.996553702506089101e-01
1.000542380705774059e+00
1.000324257405567074e+00
9.998466947377171454e-01
1.000426611965163692e+00
9.997657619269981755e-01
9.994393190178383346e-01
1.000697359738822456e+00
9.999206083816434276e-01
1.000211947086925734e+00
1.000352783183311445e+00
1.000102686532400753e+00
1.000597871004654804e+00
9.995490540213238795e-01
9.997531065670183237e-01
1.000646983132531753e+00
1.000329272553389881e+00
1.000118114679240833e+00
1.000275407505204939e+00
1.000714176747230733e+00
1.000618956423239725e+00
1.000474593390489497e+00
9.999090375869358338e-01
1.000376122680847857e+00
1.000583018625745391e+00
9.995085409293175127e-01
9.996199859538870136e-01
1.000001362896021373e+00
1.000780651619227468e+00
9.993902207644410618e-01
1.000142059771479630e+00
9.998522959033137036e-01
1.000213972121432260e+00
1.000006227265806347e+00
9.995645748228381144e-01
1.000154837302485333e+00
1.000555607661486546e+00
1.000280987064799954e+00
9.997954417535993565e-01
1.000401150370244574e+00
9.997093167720210172e-01
1.000120924647245335e+00
1.000359283207732375e+00
1.000524246545106077e+00
9.997974851970371502e-01
1.000404474504824170e+00
1.000704566923311445e+00
1.000209527526650044e+00
1.000211736027567522e+00
9.994609958983010634e-01
1.000193452310082165e+00
9.997028696665345437e-01
1.000062312999414615e+00
9.998588358157862732e-01
1.000176995179665296e+00
1.000020936323578580e+00
1.000482618923987932e+00
1.000073127256701389e+00
1.000010077319565260e+00
9.998166729457441670e-01
9.999802710616644275e-01
9.999331204271358908e-01
9.993158158680129910e-01
1.000451915668192138e+00
9.984293354589334202e-01
9.889297774369020244e-01
9.784940505663258792e-01
9.669731678621281690e-01
9.568436498157951720e-01
9.454827564515214666e-01
9.355288952566241933e-01
9.245882463918591032e-01
9.146644409659205888e-01
