0.000000000000000000e+00
0.000000000000000000e+00
0.000000000000000000e+00
0.000000000000000000e+00
0.000000000000000000e+00
0.000000000000000000e+00
0.000000000000000000e+00
0.000000000000000000e+00
0.000000000000000000e+00
0.000000000000000000e+00
0.000000000000000000e+00
0.000000000000000000e+00
0.000000000000000000e+00
0.000000000000000000e+00
0.000000000000000000e+00
0.000000000000000000e+00
0.000000000000000000e+00
0.000000000000000000e+00
0.000000000000000000e+00
0.000000000000000000e+00
0.000000000000000000e+00
0.000000000000000000e+00
0.000000000000000000e+00
0.000000000000000000e+00
0.000000000000000000e+00
3.354981776408362537e-02
7.920480231351446632e-01
2.758481496066740313e+00
3.231220786877471163e+00
2.083482674099950582e+00
1.042548599132796738e+00
4.789130110523212580e-01
2.709449977553351485e-01
2.068192994873190305e-01
2.141043167444579842e-01
2.398912745078611852e-01
2.649092109652088634e-01
2.805648207549056306e-01
2.963603901047716094e-01
2.972914050507224903e-01
3.253788455349890252e-01
3.908991125789802457e-01
4.927998384027955647e-01
6.374431605007780943e-01
8.246551461004847372e-01
1.010472709387475909e+00
1.175476087621229793e+00
1.301945146126756603e+00
1.382485299889026020e+00
1.493382538690005701e+00
1.570846370278763615e+00
1.599196559221215841e+00
1.560542099608927646e+00
1.471235481331538253e+00
1.339225475222149742e+00
1.205331567456481068e+00
1.073159039946574023e+00
9.930695578293338155e-01
9.062637064715870494e-01
8.745040993095036796e-01
8.521959854334422158e-01
8.625188544162937232e-01
8.642402175667662778e-01
8.777939814971980059e-01
8.967529608540019126e-01
9.129572119332980407e-01
9.437920642395699611e-01
9.586502298745284145e-01
9.799815403037144268e-01
9.993934104434002430e-01
1.012005418003012247e+00
1.013161102924486023e+00
1.033053281893925091e+00
1.031980320452936306e+00
1.030427161474583464e+00
1.029976746126368470e+00
1.034962169515101227e+00
1.017767104338082707e+00
1.020773609916075797e+00
9.955167004478531201e-01
9.816038371285824571e-01
9.733972737286425980e-01
9.734869139894573031e-01
9.710315535013996913e-01
9.726559268056068630e-01
9.616243999816516119e-01
9.627981545843223854e-01
9.667805240431485148e-01
9.732642260336664686e-01
9.788979448022552265e-01
9.928664831668114754e-01
9.898759001766633814e-01
9.989103859186667655e-01
9.996580201132024834e-01
1.008917230559728706e+00
1.007439349316169741e+00
1.001533241412522424e+00
9.994172174795199481e-01
1.003964416268707804e+00
9.959975610223431586e-01
9.921410310908738150e-01
9.890610349585451377e-01
9.880408410754932813e-01
9.965969540567448659e-01
9.911976137866268521e-01
9.923956404776014262e-01
9.833841086258915398e-01
9.797226613122529404e-01
9.892513365433442951e-01
9.887129646799283078e-01
9.788872678899770419e-01
9.924074348128034684e-01
9.878522760103057854e-01
9.899068037119989061e-01
9.953752983639340135e-01
9.939509420345219448e-01
9.943468879691724771e-01
9.946783881476382039e-01
9.979385518347755335e-01
1.002979345680744538e+00
1.004294115273358878e+00
1.001666612396498790e+00
1.005783984029460898e+00
1.000200658403320508e+00
9.957544628833170375e-01
1.003091435302490009e+00
9.966674141873743675e-01
9.971894202984166178e-01
1.005957874979835909e+00
9.918485268519717790e-01
1.003976482062388875e+00
9.966959970465452123e-01
9.917027859596393435e-01
9.992565136884036248e-01
9.982672742431957236e-01
1.008432713597907204e+00
9.967421692806847089e-01
9.992000994964623795e-01
9.950124498965476905e-01
9.991705309388232426e-01
1.002775474182969750e+00
1.002351340071214736e+00
9.980480545222280009e-01
9.975510507174366603e-01
9.997557231872472583e-01
9.954921252639536977e-01
1.010455682850846859e+00
1.001579420308788881e+00
9.980711696112930520e-01
1.000776838171271166e+00
9.971706791144303583e-01
1.001240945659397141e+00
9.932380951452285389e-01
1.003348850004726733e+00
1.001156067558113483e+00
1.000415123568453746e+00
1.000262585119540804e+00
9.994567344680275189e-01
1.000846687069577801e+00
9.986783576320280575e-01
1.000692639616115986e+00
9.987213383317362636e-01
1.004429775118119927e+00
1.000898202871917109e+00
9.989228379392308677e-01
9.987762092823309068e-01
1.002522677778830973e+00
9.978027108803066980e-01
9.998850546860810207e-01
1.000208837764910097e+00
1.001250949972119164e+00
9.996823773224041698e-01
1.000954122448794337e+00
9.965205256927300859e-01
9.946394092343412430e-01
9.952305741543241435e-01
9.985225127954023838e-01
9.984591480202703595e-01
9.990135435963078958e-01
9.970979487674860309e-01
9.991308232569833248e-01
9.959602429815632707e-01
9.993058040219953142e-01
9.991652974629582351e-01
9.959043472687821863e-01
9.965984079585542554e-01
9.946426754634857259e-01
9.992222204065359659e-01
9.964608836352870647e-01
9.910368258220607629e-01
9.970593051605195489e-01
9.947678184777798416e-01
9.950082586618591574e-01
9.950290094968966548e-01
9.936542169614349662e-01
9.982950451416557902e-01
9.955440194562915623e-01
9.957633989993970314e-01
9.991432390586100221e-01
9.974670332184722987e-01
9.961667127350212203e-01
9.957100281551679588e-01
9.965104167135061530e-01
9.991685188461824074e-01
9.978295331390167888e-01
9.961609699258331396e-01
1.000428635491989571e+00
9.976183183957746392e-01
9.993201667858906401e-01
9.979405594895471854e-01
9.975847370759439725e-01
1.002658820951857210e+00
9.991195405441217758e-01
9.949186171961440506e-01
9.954307614406382454e-01
9.992898552276607838e-01
9.994248649879182711e-01
9.998639707619172423e-01
9.985710971652964618e-01
1.001362532332718214e+00
9.987225734011464517e-01
1.001687489078425974e+00
9.973480595892307843e-01
1.000133719963799406e+00
9.960747774211480277e-01
9.936492531391458716e-01
1.000748500651098993e+00
9.976983613427955477e-01
1.002346565284255808e+00
9.971081554521902257e-01
9.981620108624127408e-01
9.988183671191939172e-01
9.999759997248774956e-01
9.983734904655628961e-01
1.000209461118247267e+00
9.973202221468440154e-01
9.983940381189428948e-01
9.994989581055029326e-01
9.982133836277686800e-01
9.940791366563913600e-01
1.001603091438087789e+00
9.979184071399980205e-01
9.957069933413418283e-01
1.000189893732837287e+00
9.987818354238868768e-01
9.980905476037389423e-01
1.000594216096825084e+00
1.000369993259350165e+00
1.002082514513935374e+00
9.981776118656808805e-01
9.967719928774027016e-01
9.958238134724060053e-01
9.982614063157054796e-01
9.982786341692708731e-01
1.000478421640050186e+00
9.995462128665222323e-01
9.972548680734829585e-01
9.998909279408692008e-01
9.968013901053331960e-01
9.994800842984965517e-01
9.967197472593741780e-01
9.964900025694730656e-01
9.963758473271970839e-01
9.973464483697027649e-01
1.001306134876228215e+00
9.967245490442031564e-01
9.966521054914379008e-01
9.997070844745847840e-01
9.945047882289942409e-01
9.967031377947677129e-01
9.967545355334894719e-01
9.955842004390462741e-01
9.935621899715250116e-01
9.982321774843668782e-01
9.897800266531840974e-01
9.790108236347951909e-01
9.689084397640297386e-01
9.591997973693567880e-01
9.473525695655304890e-01
9.396868891451918282e-01
