0.000000000000000000e+00
0.000000000000000000e+00
0.000000000000000000e+00
0.000000000000000000e+00
0.000000000000000000e+00
0.000000000000000000e+00
0.000000000000000000e+00
0.000000000000000000e+00
0.000000000000000000e+00
0.000000000000000000e+00
0.000000000000000000e+00
0.000000000000000000e+00
0.000000000000000000e+00
0.000000000000000000e+00
0.000000000000000000e+00
0.000000000000000000e+00
0.000000000000000000e+00
0.000000000000000000e+00
0.000000000000000000e+00
0.000000000000000000e+00
0.000000000000000000e+00
3.390050143780862918e-02
9.944433349405943368e-01
3.289461116031225707e+00
3.277073419275732036e+00
1.843375612290002019e+00
8.388311758314069833e-01
3.895272499082610418e-01
2.017077888044413458e-01
2.279449462069962906e-01
8.208641910786950158e-01
1.709674734599767376e+00
1.891763941553670447e+00
1.464285552709454263e+00
9.941691240280869923e-01
7.151746616278492619e-01
6.006879805720649612e-01
5.920269149875743153e-01
6.438744879074514982e-01
7.191486240109004058e-01
8.190156132352677254e-01
9.181133908792036280e-01
1.009319885798106498e+00
1.091116033506245975e+00
1.155452479750068706e+00
1.195393008347135133e+00
1.220205754247558838e+00
1.221526185983326629e+00
1.204341422296489883e+00
1.173594094413464406e+00
1.129175962071401029e+00
1.086916011016374473e+00
1.046123147648530205e+00
1.008915559175971755e+00
9.800723454691149250e-01
9.563746948603641940e-01
9.412960554988875073e-01
9.320777691251637131e-01
9.265363713077297003e-01
9.200549234053203573e-01
9.247893047347905959e-01
9.280111782281500465e-01
9.384748566472621567e-01
9.510271411945947495e-01
9.644973130635670078e-01
9.794011896530114836e-01
9.877278717719645273e-01
9.973900034183064145e-01
1.007198987618691088e+00
1.013248805271675490e+00
1.018292290166914249e+00
1.019062874793908557e+00
1.022201026570903171e+00
1.021864201650036552e+00
1.020521866874848138e+00
1.019080355011806827e+00
1.012799170055983966e+00
1.008919033710471425e+00
1.008116156922463036e+00
1.002801226731190098e+00
1.002344065365791792e+00
9.990072165374086488e-01
9.990203468376783746e-01
9.979190496665232279e-01
9.975269186783808362e-01
9.986881887512050193e-01
9.977910439349935157e-01
9.972073383509347799e-01
9.989851414455275247e-01
9.983217838364979446e-01
9.968820387812818984e-01
9.978691326420970897e-01
9.979529373749094212e-01
9.973096990383529814e-01
9.963577217785604123e-01
9.976362324043960284e-01
9.967424437705229012e-01
9.974163001388561822e-01
9.958523065795622520e-01
9.979655111972673964e-01
9.987877187617018038e-01
9.981957030157985189e-01
9.999402557466690045e-01
1.000834399305696953e+00
1.000150435133861038e+00
1.001134456741338719e+00
1.000728878401200728e+00
1.000738398283087749e+00
1.002682521233630553e+00
1.000853354400422779e+00
1.001753596549501246e+00
1.001366665472524842e+00
1.001078634280838209e+00
1.001415194991275959e+00
1.000338482228036119e+00
1.001547503325116661e+00
9.996246229161721564e-01
9.999357906086312475e-01
9.998995637839019901e-01
1.000115920521585267e+00
1.000128317819528379e+00
1.000130430191617625e+00
9.994675008066041810e-01
9.995147296077077081e-01
1.000211463972594084e+00
9.999044123579691190e-01
9.980918364759451267e-01
9.985860829751648238e-01
1.001237755103012050e+00
9.985302238322570911e-01
1.000677287971700302e+00
1.000392177275970962e+00
9.993584925986880307e-01
9.995201347995356089e-01
9.999006562955169430e-01
1.000405521966417632e+00
1.000522678738042348e+00
1.001973594040941773e+00
1.000478380064536710e+00
9.999219435611820250e-01
1.000528558556483816e+00
1.000101596642304136e+00
1.001365063819176671e+00
1.000672166567567523e+00
1.000037423501083822e+00
9.997859511697640977e-01
1.000692206786811367e+00
1.000356412871275857e+00
1.001271165922420936e+00
1.000308680260180827e+00
1.000175701050603827e+00
9.992603791110930000e-01
9.998601309352198596e-01
1.000252776731419768e+00
9.992518563931328535e-01
9.993079271873277492e-01
9.993491415124574617e-01
9.993715274114938207e-01
9.994270094043149477e-01
9.994671297864499149e-01
1.000019923962705670e+00
1.000355161667471737e+00
1.000221065343755322e+00
1.000547639848155423e+00
1.000169275497122312e+00
1.000373399153617671e+00
1.000469292936031263e+00
1.000694347954630636e+00
9.997686019229837795e-01
1.000172245413827987e+00
9.997612392766833667e-01
1.000248277818035936e+00
1.000345704527306312e+00
9.998921317374959150e-01
1.000355660357956422e+00
1.000222002454926207e+00
9.997322608416812084e-01
9.998988417513483551e-01
9.992520755325479120e-01
1.000515059085179237e+00
1.000260983230256251e+00
9.998812322473102920e-01
1.000163217494342005e+00
9.996192590763083308e-01
9.996895787534495481e-01
9.998230270080593618e-01
1.000249417872325353e+00
1.000078630456756601e+00
1.000569461058215204e+00
1.000121712506154115e+00
1.000558165200655658e+00
9.996461168932729846e-01
9.990088425232718228e-01
9.995388156947067060e-01
9.992818551505995295e-01
1.000549082251980249e+00
1.000061834239051706e+00
9.997977334433226781e-01
9.996034092493241152e-01
9.997961584605455920e-01
1.000972505389829514e+00
1.000082494251003595e+00
1.000607349246820155e+00
1.000057083303224070e+00
9.994734887264923318e-01
9.998246078269052983e-01
1.000427250353513209e+00
1.000882963744339271e+00
1.000069493157361711e+00
1.000595677393461447e+00
9.996682607765721151e-01
1.000491619879734229e+00
1.000193948098215380e+00
9.993814791658466312e-01
1.000092139555027515e+00
9.994052927256213970e-01
1.000620677031043071e+00
1.000672237690047872e+00
1.000519074803563058e+00
1.000182379949654088e+00
9.997940634631798940e-01
9.998837763086720898e-01
9.998357785147831134e-01
1.000193160842184348e+00
9.994127564561740007e-01
1.000049577178898419e+00
1.000286197775960062e+00
1.000410913808028823e+00
1.000435730391861178e+00
1.000169659534056787e+00
1.000297693077844663e+00
1.000172548175575216e+00
1.000489027708265422e+00
1.000123357605738450e+00
1.000353847253705020e+00
1.000138246727895197e+00
1.000525167839413143e+00
1.000198451972218461e+00
1.000323726474422470e+00
9.999261833533298338e-01
1.000490424121223576e+00
1.000344130206675786e+00
1.000290558505926741e+00
9.996296976411158663e-01
1.000370996127092793e+00
1.000427399967903419e+00
1.000366769044586102e+00
1.000095939650571752e+00
1.000057390033315841e+00
1.000313101412432237e+00
1.000248911228405202e+00
9.998374603766521096e-01
1.000011938763521124e+00
9.999123529630293827e-01
1.000363802685467096e+00
1.000238341185702984e+00
1.000102778454800889e+00
1.000043352438831912e+00
1.000141960290476639e+00
1.000173482234647970e+00
1.000568802705655624e+00
9.998298263637430683e-01
1.000578392088461888e+00
1.000735261223451245e+00
1.000661652253660217e+00
1.000361720737321658e+00
1.000018405018957113e+00
9.996566800848842860e-01
1.000952707580131440e+00
9.999895311270660114e-01
1.000299153447589795e+00
1.000328471805401742e+00
1.000226349870604770e+00
9.999000296365445628e-01
9.946651204383876177e-01
9.841584950882199534e-01
9.734311701670643746e-01
9.627047725329449523e-01
9.523000271461434796e-01
9.410467008036675907e-01
