0.000000000000000000e+00
0.000000000000000000e+00
0.000000000000000000e+00
0.000000000000000000e+00
0.000000000000000000e+00
0.000000000000000000e+00
0.000000000000000000e+00
0.000000000000000000e+00
0.000000000000000000e+00
0.000000000000000000e+00
0.000000000000000000e+00
0.000000000000000000e+00
0.000000000000000000e+00
0.000000000000000000e+00
0.000000000000000000e+00
0.000000000000000000e+00
0.000000000000000000e+00
0.000000000000000000e+00
0.000000000000000000e+00
0.000000000000000000e+00
0.000000000000000000e+00
0.000000000000000000e+00
0.000000000000000000e+00
0.000000000000000000e+00
0.000000000000000000e+00
3.217569200900166626e-02
7.935859956721518227e-01
2.785073310566482441e+00
3.206609860621841612e+00
2.198053624440789555e+00
1.093239958654100175e+00
5.169412207745525123e-01
2.929323243933065202e-01
2.276841480833141917e-01
2.157428466970898462e-01
2.580957005539342153e-01
2.893612600611986108e-01
2.930724643977425381e-01
3.020013396845102061e-01
3.015331769737404910e-01
3.169797514443162267e-01
3.795697308560397332e-01
5.374344993224694500e-01
7.036753031760411004e-01
8.898145035827705884e-01
1.101051816327884181e+00
1.220182465621606704e+00
1.442225891447384223e+00
1.515447133134316893e+00
1.585522655722216845e+00
1.688942810981632903e+00
1.700969309810939079e+00
1.662784972687422425e+00
1.553126500373773089e+00
1.405940193630408341e+00
1.260630157066317425e+00
1.135359045276557621e+00
9.911207645180489800e-01
9.226911735170975071e-01
8.892480780308787969e-01
8.536893083110268510e-01
8.831524005570710045e-01
8.900181748979956176e-01
9.384754768898274646e-01
9.591332492525395104e-01
9.755875952878704238e-01
9.744331130769470217e-01
1.012711928760503755e+00
1.039578006729504844e+00
1.052540230532682974e+00
1.020471055034732455e+00
1.064800896704143574e+00
1.089075632616860911e+00
1.071734028738692501e+00
1.086911707851065279e+00
1.075328713505351086e+00
1.106234195477361792e+00
1.065623081271278583e+00
1.051811541655846671e+00
1.032245789761352173e+00
1.016448194592716181e+00
1.004827853646206526e+00
9.927313115369370555e-01
9.720945155100846335e-01
9.924638953055796575e-01
9.956725325514488301e-01
9.994819225245730188e-01
9.982167074505808868e-01
9.958591775163415649e-01
1.013470161423415616e+00
9.958390200096782774e-01
1.004488887167435562e+00
1.034982992528457268e+00
1.027763084415259653e+00
1.028491542259962976e+00
1.029800021013349332e+00
1.021704289299852686e+00
1.014666098163451657e+00
1.014493698406210509e+00
1.017324857962332185e+00
1.025306145659514501e+00
9.957877523469098602e-01
1.017729549743880080e+00
1.007100857056048682e+00
1.008355649256063913e+00
1.007731068998948931e+00
1.006327741654059027e+00
1.009923177191579535e+00
1.013156268015765527e+00
1.005312867150966127e+00
1.016334257652995010e+00
1.005220412297430199e+00
1.016588386676975153e+00
1.018785446951089302e+00
1.021915879503931368e+00
1.010574708253535459e+00
9.997898769074722303e-01
1.014074587143697137e+00
1.019556054579159099e+00
1.022910164622326867e+00
1.014736261915772042e+00
1.019320789789760706e+00
1.009041298603326142e+00
1.021579140083312298e+00
1.022211307096849042e+00
1.020558305916069886e+00
1.015581288218658784e+00
1.014345548556905729e+00
1.014475282357248709e+00
1.028886608381922585e+00
1.022526818709041718e+00
1.010947260103453038e+00
1.014571063122788219e+00
1.022096662449242466e+00
1.014522366710412626e+00
1.024811527973839231e+00
1.027622426620202534e+00
1.014602222500374573e+00
1.012469629309500130e+00
1.010970397952974498e+00
1.022075763215511079e+00
1.014138528527287253e+00
1.021467978386476183e+00
1.026917667162362324e+00
1.017927238872545104e+00
1.017098568770488543e+00
1.012660255978711676e+00
1.014653529859433911e+00
1.016131966501501838e+00
1.007150257777467139e+00
1.016205975775154258e+00
1.020709426357563787e+00
1.012929777306325718e+00
1.005750655754380940e+00
1.010941474335988799e+00
1.002123135470762927e+00
1.009822254900115901e+00
1.020879525224621887e+00
1.013364702351457813e+00
1.017790968121261796e+00
1.007586186791970206e+00
1.005046810258767964e+00
9.989489749463856816e-01
1.005250650720542094e+00
1.003139507920508322e+00
1.010876989101861190e+00
1.003292465791626897e+00
1.003780945463117469e+00
1.010114055657736154e+00
1.001196419282730510e+00
1.004368551234232854e+00
1.007493594333254139e+00
1.007871608384694806e+00
9.953804222411150038e-01
1.001618617354961049e+00
1.005085169868647155e+00
1.004000216023414715e+00
9.982750463790606155e-01
1.006448679248360012e+00
9.999662909604855043e-01
9.998982487732197555e-01
1.002160610731503976e+00
1.005034994850006358e+00
1.006057658710238112e+00
9.974878283383032951e-01
9.972787999424491678e-01
1.001604563973256479e+00
1.000959424375091666e+00
1.011208940925045763e+00
1.004185264564314561e+00
9.921840745068289946e-01
9.968068054472322137e-01
1.002921058098743323e+00
9.978379658031024668e-01
1.001909994024672956e+00
9.994203873885358913e-01
9.940005220792226259e-01
1.000739801944245722e+00
1.006547139036820138e+00
1.000958595186615341e+00
1.000354700056571788e+00
9.899316663953126039e-01
9.990583112801841859e-01
9.921052493704153319e-01
9.994265620658073779e-01
9.956448812759919331e-01
9.859363882605638452e-01
9.943224456900940922e-01
9.914122360232905384e-01
9.929783198002063438e-01
9.965756665363857403e-01
9.953070582778238418e-01
9.894285523420951467e-01
9.963186813830482436e-01
9.905123252757974672e-01
9.938182525816469104e-01
9.985584008709482706e-01
9.944187820247059051e-01
9.870010577787553530e-01
9.922277482917452041e-01
9.861182715655749664e-01
9.922032847661558241e-01
9.925695426932533705e-01
9.927008544473499008e-01
9.983280661256842548e-01
9.976396506549711773e-01
9.947076623233602755e-01
9.999069096238040188e-01
9.893977555086059805e-01
9.928255774310478232e-01
9.940700519748192354e-01
9.920453620891533930e-01
9.882374488067557916e-01
9.969851819039169394e-01
9.903578979900162782e-01
9.981230372101628223e-01
9.868930468112063759e-01
9.877004473468237178e-01
9.890238149655039557e-01
9.909833633277208564e-01
9.893861609374307031e-01
9.883646006484212432e-01
9.943958372518618694e-01
9.972859972858419964e-01
9.923329604437335361e-01
9.850985641241761792e-01
9.953461803591585610e-01
9.960402153959851956e-01
9.898434303461784989e-01
9.846676915370506933e-01
9.941915637896322488e-01
9.862968231288165022e-01
9.912374848620684187e-01
9.881280767212825555e-01
9.873191343646666729e-01
9.979460555507488895e-01
9.923321994300070559e-01
9.926099912218285803e-01
9.902742248705825867e-01
9.953285005188134971e-01
9.893637188749533351e-01
9.926514227904761345e-01
9.892824330512681730e-01
9.956446002520115135e-01
9.978869871435721572e-01
9.892472901160637155e-01
9.906024226783484155e-01
9.886145143507286681e-01
9.898052068643543588e-01
9.920347889847443978e-01
9.923339093553965595e-01
9.931191036597135646e-01
9.845252743132039130e-01
9.903831183553369888e-01
9.840886225704362777e-01
9.854628021713883745e-01
9.865437892533411857e-01
9.867613446191108029e-01
9.859869312633766647e-01
9.889657599541539224e-01
