0.000000000000000000e+00
0.000000000000000000e+00
0.000000000000000000e+00
0.000000000000000000e+00
0.000000000000000000e+00
0.000000000000000000e+00
0.000000000000000000e+00
0.000000000000000000e+00
0.000000000000000000e+00
0.000000000000000000e+00
0.000000000000000000e+00
0.000000000000000000e+00
0.000000000000000000e+00
0.000000000000000000e+00
0.000000000000000000e+00
0.000000000000000000e+00
0.000000000000000000e+00
0.000000000000000000e+00
0.000000000000000000e+00
0.000000000000000000e+00
2.705820738319125133e-05
3.367756202064603466e-02
1.020195863080982424e+00
3.337723486924896399e+00
3.333563586866549411e+00
1.853694407026730273e+00
8.474685973689677354e-01
3.851742898529952330e-01
1.968818494075942616e-01
2.186521215482236657e-01
8.232657508822878167e-01
1.722284657693091248e+00
1.901368699212124147e+00
1.459433842612876342e+00
9.788570388627448882e-01
6.857542014645773287e-01
5.587479092250193791e-01
5.441067202586324925e-01
5.938576966173495508e-01
6.810791972419857343e-01
7.878820971106702542e-01
9.002915249746331616e-01
1.000330069790822396e+00
1.096410322196034626e+00
1.163916631728875162e+00
1.216779208280540425e+00
1.246553715553797792e+00
1.255140553189934227e+00
1.234326459179419855e+00
1.201867343585606429e+00
1.149801700948474004e+00
1.102452254734325621e+00
1.052280870561696613e+00
1.018256907704089498e+00
9.861419867665364158e-01
9.595365811529324995e-01
9.456219293651556557e-01
9.310113375096693566e-01
9.207542858923197793e-01
9.187854526011466350e-01
9.175621448908463096e-01
9.202879348444237273e-01
9.323757261575393862e-01
9.425811147635542175e-01
9.590686819549525399e-01
9.696359178120026456e-01
9.841554630162598905e-01
1.000744798656304502e+00
1.009542134054648432e+00
1.016940916461381850e+00
1.023913027311113000e+00
1.027220774894175737e+00
1.026412697871758040e+00
1.025292209071700045e+00
1.025190343733586751e+00
1.019233992290441204e+00
1.016993715075952931e+00
1.009686125232732490e+00
1.004903842604555120e+00
1.001235022081601089e+00
9.992198681761500501e-01
9.995523494803219000e-01
9.976295603443837701e-01
9.969224871719323255e-01
1.001218818607078287e+00
9.968466737021494106e-01
1.000737412262476145e+00
9.994754328978404656e-01
9.997405255759284071e-01
1.001019007782990355e+00
9.986850445098243156e-01
1.000436489577781973e+00
1.000621503729977713e+00
9.965337377170478961e-01
9.972347466107736036e-01
9.971420848657696068e-01
9.970257623754819054e-01
9.982969862976003306e-01
9.950571763769296973e-01
9.942019580785909083e-01
9.965202287567439532e-01
9.972089521354369213e-01
9.987693648782054456e-01
9.988574580359027566e-01
9.995468849725094307e-01
9.993044440792774319e-01
9.997728181027559780e-01
9.994107874430001592e-01
1.000750312026186695e+00
1.002918344569546871e+00
1.002608217871479468e+00
1.002918073691709822e+00
1.002097757169021941e+00
1.002674767890469276e+00
1.002627498753483337e+00
1.002609915376504457e+00
1.000717841552163367e+00
1.001251843861902691e+00
9.992601258879399984e-01
9.994048582600955077e-01
9.999665148608418708e-01
1.000204262390786747e+00
9.984551903840954701e-01
9.997220450697115179e-01
9.989775099891807786e-01
9.982593562759395356e-01
9.987057477309717601e-01
9.993575595027058833e-01
9.984010689961415608e-01
9.999565959859425535e-01
1.000678354125563496e+00
1.000699639328116008e+00
9.992270629826656148e-01
9.986167885179726422e-01
9.996312653069692189e-01
1.001368766554490808e+00
1.001028095843498722e+00
9.999573638785425045e-01
9.992536688438982129e-01
1.000486694224089534e+00
1.000459987861851641e+00
1.000339403303430741e+00
1.000547771499751271e+00
1.000863052945719645e+00
9.992361294237376290e-01
9.999339873222081732e-01
1.000085649541814670e+00
9.985961791738805493e-01
1.000333689888113220e+00
1.001186435804866770e+00
9.992393953776981252e-01
1.000140543367043611e+00
9.995799686556728902e-01
9.993397298425277242e-01
9.999481840288882983e-01
9.999763644225058146e-01
9.987311315311608872e-01
9.995330266179413004e-01
1.000910768355966374e+00
1.000493445997728159e+00
9.998864214466332001e-01
9.997680150284399270e-01
1.000161838345781762e+00
1.001080556043354663e+00
9.993102883045322793e-01
1.000182497399048742e+00
9.992929119085572909e-01
9.996942423823839130e-01
1.000555701376955708e+00
1.001450461820076132e+00
9.998995489287191285e-01
9.988788926626487319e-01
1.000616713568367455e+00
1.000864280069814871e+00
9.991540038030610749e-01
1.000184448260601267e+00
9.996205794701639169e-01
1.000648065446578139e+00
9.999216479558772352e-01
1.000333839961728755e+00
9.997720436894153018e-01
9.995817289973321085e-01
1.000586831915255770e+00
1.000212288515799353e+00
9.997742201511397031e-01
1.000541727207463927e+00
1.000557927006471060e+00
9.999494513121913730e-01
1.000987310286063803e+00
9.994681503453538562e-01
9.997210723857901105e-01
9.999276603824757137e-01
9.988612361676181273e-01
1.000093025396237012e+00
9.991545149644989188e-01
1.000798919022909850e+00
9.989762013764690307e-01
1.000768241582564499e+00
1.000342482410071732e+00
1.000329413119557920e+00
9.998419183907051311e-01
1.000046569622110360e+00
1.000073638550099897e+00
9.997357950714520491e-01
1.000403790641589241e+00
1.000011715412433055e+00
9.996610683262383557e-01
1.001451789801123926e+00
1.000503105624187095e+00
1.000413188500117956e+00
1.000041004264379252e+00
9.999951691484531002e-01
1.000142114296792784e+00
1.000621539086474776e+00
1.001027274277288104e+00
9.996568893604108608e-01
9.999105840246288457e-01
1.000331420582576625e+00
9.996518321099414628e-01
1.000471412725027598e+00
9.990941279961468302e-01
9.997062871473156864e-01
9.996837676062930722e-01
1.000587431961490026e+00
9.999852191431277681e-01
9.999001332488622884e-01
1.000088899668189146e+00
9.999497873212875865e-01
9.996093185424042016e-01
9.995571151895670248e-01
1.000187309332478680e+00
9.995631393146284793e-01
1.001247773842490085e+00
1.000512014291759177e+00
1.000695146220625942e+00
9.999371452307124208e-01
1.000743117067525167e+00
1.000488854194926391e+00
1.000274426316533960e+00
1.000417482638184863e+00
9.996060411481024754e-01
1.000404939264473159e+00
1.000855913768452732e+00
9.993682389846323399e-01
1.000249612976221947e+00
9.995894669930424081e-01
9.986284376215208702e-01
1.000304962364302108e+00
9.997473056836881922e-01
1.000425153988143467e+00
9.996572584628250491e-01
9.994415956823685665e-01
1.000118985777364244e+00
1.000566439273878228e+00
1.000447599984336744e+00
9.998298693199503262e-01
9.997572069306573939e-01
1.000211153827879285e+00
1.000003829578318237e+00
1.000889572277367412e+00
1.000571351953809085e+00
1.000031185319049554e+00
1.000046709890646035e+00
9.999542977779874997e-01
9.996304780050689898e-01
1.000031059355557916e+00
1.000235165308721141e+00
1.000013669236271108e+00
9.999965292458367072e-01
1.000614242293960565e+00
1.000240540371029052e+00
9.996244473366079353e-01
9.999615552744784974e-01
9.993839829640842609e-01
1.000283768659110173e+00
9.999629128391031019e-01
1.000431196681994761e+00
1.000382827131100605e+00
9.998303417813937388e-01
1.000332305793833365e+00
