0.000000000000000000e+00
0.000000000000000000e+00
0.000000000000000000e+00
0.000000000000000000e+00
0.000000000000000000e+00
0.000000000000000000e+00
0.000000000000000000e+00
0.000000000000000000e+00
0.000000000000000000e+00
0.000000000000000000e+00
0.000000000000000000e+00
0.000000000000000000e+00
0.000000000000000000e+00
0.000000000000000000e+00
0.000000000000000000e+00
0.000000000000000000e+00
0.000000000000000000e+00
0.000000000000000000e+00
0.000000000000000000e+00
0.000000000000000000e+00
0.000000000000000000e+00
0.000000000000000000e+00
0.000000000000000000e+00
0.000000000000000000e+00
0.000000000000000000e+00
0.000000000000000000e+00
2.106486720005762078e-02
4.553056146461013642e-01
1.534875923780809170e+00
1.893792345331213323e+00
1.409457259628468240e+00
8.152792200369792797e-01
4.573926766823099288e-01
3.082151486312840749e-01
2.402379506509893514e-01
2.373978923976937938e-01
2.385952016187189717e-01
2.556625044500846489e-01
2.533230842866150412e-01
2.336731457286636005e-01
2.349749111681208591e-01
2.614248334971849275e-01
3.174850358661920335e-01
4.268096297281583351e-01
5.568651386757130783e-01
7.325568672926487945e-01
9.188907626379313465e-01
1.068516334595428052e+00
1.209120243074640388e+00
1.342371893001023331e+00
1.437662985597804699e+00
1.521750331386915844e+00
1.557486727499299173e+00
1.573734843840849607e+00
1.512189135465462853e+00
1.395118455945687286e+00
1.283485647370749660e+00
1.152330310818808989e+00
1.053149008515404716e+00
9.775233989478278041e-01
9.350526234305984730e-01
8.965031774497469463e-01
8.903206454586272134e-01
8.885212317555303274e-01
8.825209031079105371e-01
9.032854414584595704e-01
9.144879182648287808e-01
9.217724626945921207e-01
9.233911254927054113e-01
9.529878501994542006e-01
9.759633492693627899e-01
9.820967444689361336e-01
9.991145095556313027e-01
1.014740769128570141e+00
1.027840895547145195e+00
1.023810997673135548e+00
1.031447483821777533e+00
1.029049797563277968e+00
1.032819833819281108e+00
1.026373797773915353e+00
1.027767593019978332e+00
9.995655258292189815e-01
9.983898726616312613e-01
9.837774732547138745e-01
9.821139087954408042e-01
9.796993644747470364e-01
9.740633487144706448e-01
9.695208773180339357e-01
9.799456735864777723e-01
9.836868630003816616e-01
9.936079660338503761e-01
9.898421808100629216e-01
9.821611866324555518e-01
1.001701747757331784e+00
1.001300574169935675e+00
1.009490218410631579e+00
1.011190366289888010e+00
1.011072933156288656e+00
1.013119325042706187e+00
1.012638089443668621e+00
1.000700508078699702e+00
9.985387823565323728e-01
1.005942319437983512e+00
1.005315106087760979e+00
1.001568446377445909e+00
9.962784147449386118e-01
9.967418754010826110e-01
9.968809909714023698e-01
9.950267244619162010e-01
9.945510047187638980e-01
9.907568563278172924e-01
9.832272737872216339e-01
9.900195661655708523e-01
9.850574015821070839e-01
1.002522779511549667e+00
1.000735286529184531e+00
9.935399943262420708e-01
9.959468387752586915e-01
1.006892529267122693e+00
9.936419895315159456e-01
1.003226927350843178e+00
9.963939997453787889e-01
9.975626145426038649e-01
1.001613230763005902e+00
1.001763469502954251e+00
9.968008997277508776e-01
9.947768139911834506e-01
9.997344869182047677e-01
9.980164765010275385e-01
9.989134824014446190e-01
9.988657597019627854e-01
9.995820211540726863e-01
9.946078458878088169e-01
9.984080150312066859e-01
9.920104292550817604e-01
9.964219666933601394e-01
9.884057404924417867e-01
9.955490534990835139e-01
9.941738980665282277e-01
9.964769061895134561e-01
9.990477536755266730e-01
9.956909835796755592e-01
9.993565631123372262e-01
1.001452890970803811e+00
9.975968244612224423e-01
9.971540132471339302e-01
1.001419294780461877e+00
9.962258982034395416e-01
1.000279270724809821e+00
1.001087005006269459e+00
9.927695297381283757e-01
1.000604844599239485e+00
9.991852231098972137e-01
9.976762332410155087e-01
9.951520084294835922e-01
1.000193615007413550e+00
1.000892548678383953e+00
9.998294988951477169e-01
9.924525669132648886e-01
9.960776674430714683e-01
9.981603172982504990e-01
9.991523746169417297e-01
1.003981089763338108e+00
9.983860499516741260e-01
9.981973980432128357e-01
9.970875419062273926e-01
9.930813372680810103e-01
9.941575120479194672e-01
9.947543107397921469e-01
9.919003880253166594e-01
9.946228480651786441e-01
9.977109346464513306e-01
9.948580365978672013e-01
9.922954389514525575e-01
9.992067082315908566e-01
9.977307315256478404e-01
9.959677586372678304e-01
1.000458531851128985e+00
9.961108434611233298e-01
9.943955946872282681e-01
9.920297358422353051e-01
9.989685157732890453e-01
9.950762554790244518e-01
9.942617280014192094e-01
9.973922562938517533e-01
9.939088949492815850e-01
9.991455146603200888e-01
9.975806921658161297e-01
1.004385869005080867e+00
9.963883974740403993e-01
9.980136201628889703e-01
9.970823165561224499e-01
9.991265474319114270e-01
9.956839363136554821e-01
9.966124209101019371e-01
9.994562173880086053e-01
9.987372027064209679e-01
9.936745746090565046e-01
9.958810095714948352e-01
9.963744471594716545e-01
9.973121266629606518e-01
9.952719367875382250e-01
9.995418279487884305e-01
9.994493372105105466e-01
9.998414965159989620e-01
9.991968615929992525e-01
1.001037707681980082e+00
1.000337220185407938e+00
9.970606315523175001e-01
1.000529166580418794e+00
1.002481112517702888e+00
1.000691649125053262e+00
9.982188867851763403e-01
1.005831392423221171e+00
9.999738456235320871e-01
9.976941219871047206e-01
9.982378570677004070e-01
9.987705852103148096e-01
9.979551479589697793e-01
9.979979129451185260e-01
9.996364000336411815e-01
9.965942000432523873e-01
1.000644014606745014e+00
1.003159197427710980e+00
9.976952535244149045e-01
1.000645521023313389e+00
9.983292479003580411e-01
9.988621617984705381e-01
9.962753753302424631e-01
9.954549043837034317e-01
9.967068992787431192e-01
9.980926727254936237e-01
1.001247166422254420e+00
9.991590723519774286e-01
9.957886282459751381e-01
9.969320662988792048e-01
1.000310682808411844e+00
1.000684419424771709e+00
9.997128547609145377e-01
9.949691308684592839e-01
9.987575204903471615e-01
9.963077167743589202e-01
9.982106645950189483e-01
9.971268123322269972e-01
1.001139717339354585e+00
9.969634635249132737e-01
9.991300045768518601e-01
9.984452286787850461e-01
9.981110716977846797e-01
9.987008320744846790e-01
9.991035775258462204e-01
9.968154626123637563e-01
9.943337194361597797e-01
9.976731233190208048e-01
9.999947403745631513e-01
9.995776543107938172e-01
9.972519164910598199e-01
9.989776831539598501e-01
1.000032269107377303e+00
1.000078335668848073e+00
9.946610641649746842e-01
9.981135357640303907e-01
9.970746937167279667e-01
9.982097023283352799e-01
9.991349067972594700e-01
9.987116455808942028e-01
9.981295444412863205e-01
1.001472866092740777e+00
1.000758656892164256e+00
9.984541623599695326e-01
1.005060819004359063e+00
9.955342294503953804e-01
9.923043433941640679e-01
9.788519630442559238e-01
9.691780204364540685e-01
9.577590437590423056e-01
9.454585692265620178e-01
9.354690412968486024e-01
9.265345044910551220e-01
9.151245747587982704e-01
