0.000000000000000000e+00
0.000000000000000000e+00
0.000000000000000000e+00
0.000000000000000000e+00
0.000000000000000000e+00
0.000000000000000000e+00
0.000000000000000000e+00
0.000000000000000000e+00
0.000000000000000000e+00
0.000000000000000000e+00
0.000000000000000000e+00
0.000000000000000000e+00
0.000000000000000000e+00
0.000000000000000000e+00
0.000000000000000000e+00
0.000000000000000000e+00
0.000000000000000000e+00
0.000000000000000000e+00
0.000000000000000000e+00
0.000000000000000000e+00
2.611046414794031647e-05
3.719822474426529024e-02
1.079706918375909819e+00
3.503622995874333235e+00
3.446909127101385639e+00
1.909076462918085415e+00
8.632615508951109184e-01
3.957202579202356296e-01
2.033815891080577587e-01
1.239900290863112237e-01
1.910811431274547223e-01
7.226090336256441038e-01
1.521550727916668011e+00
1.781691677054766165e+00
1.486515768110908242e+00
1.094171741142014209e+00
8.302948902085585114e-01
7.190653491518168572e-01
7.075236520379708516e-01
7.570567095529723289e-01
8.355437666905546346e-01
9.253174094129013039e-01
1.006925281302673003e+00
1.076564939655269004e+00
1.128379962917020363e+00
1.171832516907130195e+00
1.192038313349924383e+00
1.197366376416117983e+00
1.183920275068568451e+00
1.155567680741907743e+00
1.118879081198323799e+00
1.084689239787486104e+00
1.050481765242692989e+00
1.026947513720315452e+00
1.000918261609327065e+00
9.787712970489655939e-01
9.560987308758461811e-01
9.450313256003479712e-01
9.345290433975705913e-01
9.294583629175237061e-01
9.296351132282468788e-01
9.319045351907271346e-01
9.399147718915213945e-01
9.474344218828845143e-01
9.597877902152016638e-01
9.701130901737892165e-01
9.800145771190669208e-01
9.866267430690158768e-01
9.930343438006016266e-01
9.974926220886551897e-01
1.002960669153704298e+00
1.006914652540505495e+00
1.010838302656851262e+00
1.014759144831163473e+00
1.013817714280000226e+00
1.015701365619787078e+00
1.014187985932491598e+00
1.013718660603081023e+00
1.010561856404281977e+00
1.009977051493466726e+00
1.007209018367030584e+00
1.005610260850322568e+00
1.001506084584620426e+00
1.001399945344116249e+00
1.001362580576857120e+00
9.996147274370873470e-01
9.990444301499789015e-01
9.976383108103784592e-01
9.961061364135499474e-01
9.963186682262836769e-01
9.962484687574114650e-01
9.953993047730765875e-01
9.960572029404360928e-01
9.941161887715364021e-01
9.939504020585108179e-01
9.952901244077561049e-01
9.949928302415573800e-01
9.972148224978237829e-01
9.988088036454850771e-01
9.997318445347550542e-01
9.996697073462370575e-01
9.990249621994544693e-01
1.001353509337201908e+00
1.000981432728459408e+00
1.001808967936746342e+00
1.001125299982523309e+00
1.000901593112321075e+00
1.001919423354432181e+00
1.000278432589127631e+00
1.001534100758084245e+00
1.001477357238929278e+00
1.000098009718632053e+00
1.000730743471280215e+00
9.992239701449628919e-01
9.992966503400325662e-01
1.000720093184878978e+00
9.995738620196260582e-01
1.000069973136644919e+00
9.991369879173258584e-01
9.991752308576032915e-01
1.000848555092732628e+00
9.985653172641409947e-01
1.000362827627257589e+00
1.001215868788835506e+00
1.000671669413417897e+00
1.000900477021631652e+00
1.002445514274138860e+00
1.001496016458679028e+00
1.000797174623218488e+00
1.001380602645848050e+00
1.001728796448488223e+00
1.000951634909437393e+00
1.000511635946581324e+00
1.001252706006577009e+00
1.000838641728071909e+00
9.999528922540912301e-01
9.992839195902335492e-01
9.990974459671044805e-01
1.000208473168675338e+00
9.984602423540374083e-01
9.986987455039204598e-01
9.986745750069955241e-01
9.986562185927362334e-01
9.986948726710714874e-01
9.983958089695245119e-01
9.996897485752987977e-01
9.993083059153051728e-01
9.986767855420803919e-01
9.988395491498893719e-01
1.000789813678104379e+00
1.000735934233815350e+00
1.000451381454892763e+00
1.000997357851413749e+00
1.000937454210173216e+00
1.000393379278174955e+00
1.001570816069516479e+00
1.001021823862267901e+00
1.000969857485384029e+00
1.001888859258954989e+00
1.000711807329657699e+00
1.000686599010425448e+00
1.000938107903749152e+00
1.001128434654911192e+00
1.001702750216268978e+00
1.000002066966478864e+00
1.000636311103041853e+00
1.000298793165705691e+00
1.001014019534935739e+00
1.000009448175558591e+00
1.000172265372897273e+00
9.992825799306608303e-01
9.998176357064680886e-01
1.000019952616410412e+00
9.995999261620575060e-01
1.000167612493360503e+00
1.000211897318050269e+00
1.000789534823354421e+00
1.000463029510244350e+00
1.000051894390643792e+00
1.000673030102666949e+00
1.000601074699244419e+00
1.000237734533946377e+00
9.996871482733489245e-01
1.000482832676931499e+00
1.000163919369640997e+00
9.998077479086936448e-01
1.001073871229350321e+00
1.000669055900030857e+00
1.000520704036044872e+00
1.000213080649818620e+00
1.000306767956878451e+00
1.000356524349737430e+00
9.998459893564379808e-01
9.996539632612161386e-01
9.995675021936765159e-01
1.000221172432336658e+00
9.998601560943400912e-01
9.998504686471290093e-01
1.000751324465882552e+00
1.000439541178064884e+00
1.000420522757365482e+00
9.997533302213094109e-01
9.998004292090593159e-01
1.000775053190874120e+00
9.999039339041499996e-01
9.998156485577219810e-01
1.000343370007247712e+00
1.000145768305115590e+00
1.000000473255679534e+00
1.000638435251126168e+00
9.996275296792234144e-01
1.000029693802400477e+00
1.000207832927882512e+00
1.000323836356919793e+00
9.998681139956607788e-01
9.997180616043586099e-01
9.997496163904885380e-01
9.997077023949714203e-01
9.996898444122200855e-01
9.995152080565009589e-01
9.999042952151068198e-01
1.000678928288579961e+00
1.000227857522244745e+00
1.000274830001680382e+00
1.000126232085372102e+00
1.000517947522237883e+00
9.998257835878472388e-01
1.000428509969372604e+00
9.998815859777013815e-01
1.000106547710866156e+00
1.000231102940251748e+00
1.000664021353827149e+00
9.999573528285428115e-01
1.000219148635303590e+00
9.999273929066000433e-01
1.000301187561324578e+00
1.000014037549711077e+00
1.000404585580434880e+00
1.000129166542725878e+00
9.999182633906444906e-01
9.998371847351477104e-01
1.000258246752264712e+00
9.999150840026731490e-01
1.000231181287658089e+00
1.000885943230776620e+00
9.997880609310666467e-01
1.000199565410285762e+00
9.999776730336229491e-01
1.000186999348633421e+00
9.999785295828392817e-01
1.000021695188640036e+00
1.000114975569114772e+00
9.999722843154102980e-01
1.000138870167922356e+00
9.995039497326023703e-01
1.000197828520205112e+00
9.998109377167017087e-01
9.999603306975543004e-01
9.998164278085952539e-01
1.000425549245445689e+00
1.000152038778451047e+00
1.000407637321639953e+00
9.992374539030681735e-01
9.918878576984510032e-01
9.803490553751517123e-01
9.688644652314388761e-01
9.581016462706568593e-01
9.465350221166296540e-01
9.358698191485456119e-01
9.249701146358803028e-01
9.140311922373366427e-01
9.028810485337442904e-01
8.927591192987902602e-01
8.818075658113165849e-01
8.710234361803690373e-01
8.615180903913947086e-01
8.508165640570498622e-01
8.402187775438464401e-01
8.300097244746439396e-01
8.199158716853870432e-01
