0.000000000000000000e+00
0.000000000000000000e+00
0.000000000000000000e+00
0.000000000000000000e+00
0.000000000000000000e+00
0.000000000000000000e+00
0.000000000000000000e+00
0.000000000000000000e+00
0.000000000000000000e+00
0.000000000000000000e+00
0.000000000000000000e+00
0.000000000000000000e+00
0.000000000000000000e+00
0.000000000000000000e+00
0.000000000000000000e+00
0.000000000000000000e+00
0.000000000000000000e+00
0.000000000000000000e+00
0.000000000000000000e+00
0.000000000000000000e+00
1.305487890224793253e-05
3.682928170415602359e-02
1.075743688003232723e+00
3.504690603894103695e+00
3.439485127848459722e+00
1.904265883396192960e+00
8.666603357627258308e-01
3.959997635537632066e-01
2.021939430102299706e-01
1.241758231384498534e-01
1.902443113029821942e-01
7.243866691751225106e-01
1.520948532394022168e+00
1.779316181725073331e+00
1.486346475550473611e+00
1.090502257550617804e+00
8.321299354091111766e-01
7.186361952635491601e-01
7.052944974572832315e-01
7.568920402243723977e-01
8.362404021288883937e-01
9.233457150240294009e-01
1.001405577960553961e+00
1.074337762856707235e+00
1.127584656186762624e+00
1.169677772713163311e+00
1.188519236224237607e+00
1.194242914186688376e+00
1.182957481080865403e+00
1.155144516307526237e+00
1.119369510172911530e+00
1.082793752810611076e+00
1.050698220004264050e+00
1.024832002519555418e+00
9.992433017553755681e-01
9.751392032100916207e-01
9.560436445497696445e-01
9.412416436712838230e-01
9.319286872231371532e-01
9.272586150277239980e-01
9.274766694923247679e-01
9.303472827510835819e-01
9.396968951890217747e-01
9.472046642738520816e-01
9.586710286036314033e-01
9.680813510086483387e-01
9.800240499577540509e-01
9.867421655232051503e-01
9.921923806620179809e-01
9.991049282473276616e-01
1.001995110814879686e+00
1.006514955633690089e+00
1.009867217665217476e+00
1.012566122067416918e+00
1.013186216196177991e+00
1.016149435666422685e+00
1.015588580644570582e+00
1.013305697134840866e+00
1.010500680530877826e+00
1.008933051085116883e+00
1.005378981828391360e+00
1.004267865206884824e+00
1.004100818541873164e+00
1.001224894647949837e+00
9.996002013290161692e-01
9.988137798256906397e-01
9.964909064890290491e-01
9.964523961502833593e-01
9.948152915598724721e-01
9.959115183529163584e-01
9.953914066645441761e-01
9.949784692558684140e-01
9.941832380164954408e-01
9.937547415884945279e-01
9.941226011039921984e-01
9.937740746416353632e-01
9.950949618728335277e-01
9.961511293105167475e-01
9.970041803604968722e-01
9.967805015189619144e-01
9.983121492125751617e-01
1.001682425391779097e+00
1.000896049881575101e+00
1.000782237805875274e+00
1.000566836655513603e+00
1.000381376290441882e+00
1.001887590089885371e+00
1.000880911685381403e+00
1.000536642573585322e+00
1.000696505335562758e+00
1.001026924414242014e+00
1.000269576578571851e+00
9.989494491769580486e-01
1.000352151391082245e+00
9.993709076517183210e-01
9.997732673461309227e-01
9.998245809118684324e-01
9.989674050005458161e-01
1.000417103412692521e+00
9.996150803409663554e-01
1.000207751760893826e+00
1.000626978163139391e+00
9.997631228333057063e-01
1.000761371656700760e+00
1.001237225659982188e+00
1.001597722111930322e+00
1.001907456312221001e+00
1.002351966808245676e+00
1.001859117972828672e+00
1.002632572403362898e+00
1.001144912889689431e+00
1.000549153969465532e+00
1.001007482218176925e+00
9.987670813593749752e-01
9.994483870056112274e-01
9.993083705924400428e-01
9.990734073686734495e-01
9.981053655874680963e-01
9.992382579716988511e-01
9.982871668859908398e-01
9.967350479575620703e-01
9.975877532527123170e-01
9.981519748773357570e-01
9.997686758649920735e-01
9.981598723730293887e-01
9.997155821322408764e-01
9.989982393167353703e-01
1.000037488302602640e+00
9.990645986620787511e-01
1.000704061478172813e+00
9.998781328301934446e-01
1.000170655234523975e+00
1.001435813945994902e+00
1.001229667112332189e+00
1.000541947668876386e+00
1.000535896356799626e+00
1.000840600690560134e+00
1.000573358981490468e+00
1.001050299015951106e+00
1.000510668562672345e+00
9.998042632148087527e-01
1.000477421461998695e+00
1.000762627840566577e+00
9.999649147982004882e-01
1.000003810107410240e+00
9.991766048449273185e-01
9.993732764074479968e-01
9.993049081207996398e-01
9.997612943343031633e-01
9.993882884060315552e-01
9.998845052389694343e-01
9.999077532344210484e-01
1.000296625181097188e+00
9.999914262443062585e-01
1.000237147450649289e+00
9.993047269186735582e-01
1.000500177948721037e+00
1.000509986339876978e+00
1.000498624104963152e+00
9.997991852757780462e-01
9.995516557386266987e-01
1.000307956341410343e+00
1.000489318920440240e+00
1.000668762320559013e+00
9.990503552055721714e-01
1.000422884912046673e+00
1.000214269318875138e+00
1.000055259547175890e+00
1.000538269257800206e+00
9.993041654580434585e-01
9.998920093739740445e-01
1.000188807319849937e+00
1.000651906417857839e+00
9.996688355334093501e-01
1.000076577408666845e+00
9.993776157410557692e-01
9.989160381546972056e-01
9.999801377993887685e-01
9.998459020921257601e-01
9.997903931237023256e-01
1.000463484465234476e+00
9.999007632771295118e-01
1.000235724961527461e+00
1.000030855262074692e+00
1.000034603251681586e+00
9.999537549001867864e-01
1.000290571727872280e+00
1.000285285477047426e+00
1.000161626214604249e+00
1.000605239620536713e+00
9.995347284851181513e-01
1.000094767482128333e+00
9.998667673246178778e-01
1.000728353463885334e+00
1.000013879745614842e+00
1.000185163218679785e+00
1.000035853599736235e+00
1.000122259405117342e+00
1.000102208051199204e+00
9.992189260929511541e-01
1.000180619441160657e+00
9.998606627968797955e-01
9.996190983255545115e-01
9.999353492485346662e-01
9.997235533858427337e-01
1.000160344548312708e+00
1.000224872833031631e+00
1.000449368992838650e+00
9.998402437604743120e-01
9.995719087441359285e-01
9.993346176927593305e-01
9.998617450297178078e-01
1.000164491506859710e+00
9.999076677882143827e-01
1.000223457788037340e+00
1.000288473998470984e+00
1.000184279927653463e+00
1.000078473294797154e+00
9.993679793018072077e-01
9.999204871010271001e-01
9.996769373939162762e-01
9.995231794359633604e-01
1.000649095753057827e+00
1.000048086589121699e+00
1.000344644197335819e+00
1.000184016417269950e+00
9.996624412450051400e-01
9.998785984294303875e-01
9.999615145910535352e-01
1.000296587423191719e+00
1.000087599867291122e+00
1.000413682072818666e+00
1.000069687740585689e+00
9.997451469489064824e-01
1.000196953937519506e+00
9.996661647574800469e-01
1.000067300445582452e+00
1.000116506570271513e+00
1.000224530627904285e+00
1.000088914297618370e+00
1.000045494061141182e+00
9.999672276260965775e-01
9.992530274839053206e-01
9.915764295200681921e-01
9.802752380139843069e-01
9.687935717046787243e-01
9.579510250561014129e-01
9.465759034835006247e-01
9.356366283036751108e-01
9.253360006894399969e-01
9.139742179538778988e-01
9.032098578797658206e-01
8.927540339764614696e-01
8.822471912142414441e-01
8.711566657377105560e-01
8.608427337728404849e-01
8.506398046463885532e-01
8.403901575879738628e-01
8.304143074980561146e-01
8.197046675088399681e-01
