0.000000000000000000e+00
0.000000000000000000e+00
0.000000000000000000e+00
0.000000000000000000e+00
0.000000000000000000e+00
0.000000000000000000e+00
0.000000000000000000e+00
0.000000000000000000e+00
0.000000000000000000e+00
0.000000000000000000e+00
0.000000000000000000e+00
0.000000000000000000e+00
0.000000000000000000e+00
0.000000000000000000e+00
0.000000000000000000e+00
0.000000000000000000e+00
0.000000000000000000e+00
0.000000000000000000e+00
0.000000000000000000e+00
0.000000000000000000e+00
0.000000000000000000e+00
0.000000000000000000e+00
0.000000000000000000e+00
0.000000000000000000e+00
7.310257791244828681e-04
1.681993459659898438e-01
2.219810780110037296e+00
4.785576174132145866e+00
3.821018877851537709e+00
1.874900046884920402e+00
8.118343797698666098e-01
4.996316256340464501e-01
5.095557638659578004e-01
6.382487398825853475e-01
7.670510611528267297e-01
9.074321020622956313e-01
1.036677085542283328e+00
1.005688529685195620e+00
9.344383871747999892e-01
8.563659740486370131e-01
8.092496598166265542e-01
8.132101533018223360e-01
8.790747886318887039e-01
9.557767704742676784e-01
1.052863046859680907e+00
1.073018023114567621e+00
1.094391033949232650e+00
1.114247738487086803e+00
1.110798073901348548e+00
1.068655743399728575e+00
1.015654048570420853e+00
9.509488028453969566e-01
9.414587414397744825e-01
9.691110724717987290e-01
1.035820357398217872e+00
1.071099351285750956e+00
1.072219447767653655e+00
1.060071139262519058e+00
1.016862750686106986e+00
9.907489967907021633e-01
9.674104474833360445e-01
9.736836726116302465e-01
1.022681485530646972e+00
1.053414311612689280e+00
1.063093287511564844e+00
1.062820963669351970e+00
1.041938999579363978e+00
1.055963676183239164e+00
1.066930891282584115e+00
1.074131298387433597e+00
1.065420262719738886e+00
1.066194223292735721e+00
1.057023234536719203e+00
1.059062129418463005e+00
1.043512738496885639e+00
1.036108942679291767e+00
1.033101217975644026e+00
1.025445691554344840e+00
1.008637751698048701e+00
1.024789679789770869e+00
1.008342143780235123e+00
9.888866117465874295e-01
9.700239959961726166e-01
9.610914517183101191e-01
9.663669718331925340e-01
9.704137970246486944e-01
9.645731766167263688e-01
9.658091939792643466e-01
9.660849841563750040e-01
9.700794071191316537e-01
9.762075218785135622e-01
9.908664358674247330e-01
9.944983460261715980e-01
1.004626336457600910e+00
1.020272564504516977e+00
1.027347583659063757e+00
1.031932417416518089e+00
1.012927649669359109e+00
9.974520322389703875e-01
9.734920051556327225e-01
9.523798108572557597e-01
9.403089963489604797e-01
9.373184174677413605e-01
9.305392446154682196e-01
9.275539353499852036e-01
9.473139512339541213e-01
9.642951717764438602e-01
9.998890807416718207e-01
1.027768795515049627e+00
1.048465371103151966e+00
1.061113389129429763e+00
1.059109357930594353e+00
1.051711967292182415e+00
1.036889465733971116e+00
1.018011838045270290e+00
1.000304086838793793e+00
9.915315113376911293e-01
1.003866846240664357e+00
1.013724303888549505e+00
1.045370037995377865e+00
1.053713787849658079e+00
1.028814871230498085e+00
1.009637282982142947e+00
9.831026975932770640e-01
9.576620734156645609e-01
9.458189595140901185e-01
9.513216013961800499e-01
9.631364957585409892e-01
9.694001304205027703e-01
9.692915652769091839e-01
9.658448708729495680e-01
9.668762209712997713e-01
9.697038083801129416e-01
9.906095816773611284e-01
1.006191588525545244e+00
1.015333345349855643e+00
1.008813881579631477e+00
1.013250931913672437e+00
1.023014544473560328e+00
1.030737533331999467e+00
1.047324994483315841e+00
1.060109276182864768e+00
1.058017648714593140e+00
1.043973206105904827e+00
1.043303698194125717e+00
1.033002599762370410e+00
1.027372886047289269e+00
1.024044449175485649e+00
1.016423566013635371e+00
9.991603514165859901e-01
9.874136957579494611e-01
9.755831668415884117e-01
9.821257369254171588e-01
9.881408383835956766e-01
9.911100968277860579e-01
9.946293181062959565e-01
9.942240784783489271e-01
9.954074765564245864e-01
9.934467346876113547e-01
1.005145049171651372e+00
1.007165292606779783e+00
1.008393955674293352e+00
1.011394185368831966e+00
1.024313393264924432e+00
1.045184666006250263e+00
1.054711169520743619e+00
1.051309247073161313e+00
1.044225518460177193e+00
1.021310861850162510e+00
1.004923077711006973e+00
9.893427734223828596e-01
9.824681342298475784e-01
9.802690222020382649e-01
9.774465192979520101e-01
9.827202511611228264e-01
9.806579002439609338e-01
9.841154600120577411e-01
9.898219350732676558e-01
9.931491165634277474e-01
9.839530168088037598e-01
9.794251186957316779e-01
9.729253675965536807e-01
9.822415509539164091e-01
9.878012597973478970e-01
1.003577488896710612e+00
1.014541065104269668e+00
1.014412013391798206e+00
1.005892418182861459e+00
9.900082505080974871e-01
9.711577930058107322e-01
9.622765997778393032e-01
9.634301881741655915e-01
9.660060752094904446e-01
9.760989273305817893e-01
9.917427390078009664e-01
9.949712321802568482e-01
1.004473211256453613e+00
1.008390818222398844e+00
1.006943882778230881e+00
1.004168570785193060e+00
9.985163559840386505e-01
1.002565275372891307e+00
1.001551985890397845e+00
1.003233653470495979e+00
1.000038889977633572e+00
9.990487693501484134e-01
1.000771024414439880e+00
1.007163538653434109e+00
1.012491723944284328e+00
1.007028597995199171e+00
1.010019637303406714e+00
1.004579864300827685e+00
9.975963619831015317e-01
9.931207141406122041e-01
9.900918648879603046e-01
9.890324763369769956e-01
9.897925121297326267e-01
9.887132921593712043e-01
9.917580216154503470e-01
9.916777151049006589e-01
1.001879579635423401e+00
1.012011502864048396e+00
1.018807485623068221e+00
1.019579429412556859e+00
1.016973146450725007e+00
1.008042486354819856e+00
1.003863877387490389e+00
9.965483532455131632e-01
9.923774755532988046e-01
9.899493920624200527e-01
9.920297882744262274e-01
9.871116591092996551e-01
9.863776594172908307e-01
9.757879447256115890e-01
9.637863761589186007e-01
9.451161783481013545e-01
9.312087959499165679e-01
9.164610213230848235e-01
8.962817234843517555e-01
8.816534070524812972e-01
8.667493992703370065e-01
8.569713823434933486e-01
8.488211302214795362e-01
8.400409709004147407e-01
8.323246118943635752e-01
8.224139898409287275e-01
8.088825450755421365e-01
7.937227628408090041e-01
7.814524548480812349e-01
7.640902131766373895e-01
7.482788385261378572e-01
7.413549204328961917e-01
7.321319061787530114e-01
7.331519098166670023e-01
7.317296553982435281e-01
7.233575859291528909e-01
7.138162010989831385e-01
7.018742514764590990e-01
6.885240811949003836e-01
6.780825711452158622e-01
6.701800828742785487e-01
6.620703596999552021e-01
6.513832091575587624e-01
6.373293591808587566e-01
6.233404243713485116e-01
6.100340479693623363e-01
5.988728953174360381e-01
5.889176950424469537e-01
5.796402622180175657e-01
5.710324001816641237e-01
5.598067600002641919e-01
5.461721174252849309e-01
5.325345269512065105e-01
5.198499876599088632e-01
5.090379519692677102e-01
4.973165813433737537e-01
4.860726118336146651e-01
4.760517707261311959e-01
4.683659117988340781e-01
4.583774864840396424e-01
