0.000000000000000000e+00
0.000000000000000000e+00
0.000000000000000000e+00
0.000000000000000000e+00
0.000000000000000000e+00
0.000000000000000000e+00
0.000000000000000000e+00
0.000000000000000000e+00
0.000000000000000000e+00
0.000000000000000000e+00
0.000000000000000000e+00
0.000000000000000000e+00
0.000000000000000000e+00
0.000000000000000000e+00
0.000000000000000000e+00
0.000000000000000000e+00
0.000000000000000000e+00
0.000000000000000000e+00
0.000000000000000000e+00
0.000000000000000000e+00
6.583243181993605315e-05
6.379366060073851652e-02
1.188453791386468783e+00
2.839991527550750572e+00
2.333564388251530008e+00
1.220547631501915697e+00
5.946337815289334250e-01
3.221020400895558411e-01
2.705970581491170535e-01
8.756808237963354946e-01
1.820395826919070092e+00
1.889531452046242732e+00
1.611569621399260965e+00
1.416952280300852296e+00
1.234022081802872872e+00
1.042217569252142262e+00
8.909385631299256980e-01
8.103834352569458943e-01
7.907530529147066556e-01
8.009004166888283871e-01
8.214953334520068706e-01
8.278219386360031740e-01
8.192725280302821655e-01
8.048533759410551047e-01
7.903313705470438322e-01
7.907237198748163776e-01
8.160281231418323733e-01
8.816310391172773597e-01
9.757550017501266382e-01
1.090763132834456028e+00
1.187826116919671771e+00
1.239980144224441139e+00
1.227714835072687638e+00
1.174531795144336366e+00
1.113138485430969382e+00
1.064106806938943661e+00
1.045682534590242296e+00
1.048228377193894278e+00
1.048636785911633229e+00
1.036998682064207200e+00
1.008546430423802986e+00
9.706320080271267914e-01
9.374660754424789522e-01
9.091775367058068102e-01
8.938786344152945817e-01
8.916784751623941796e-01
8.926021853066846701e-01
9.019383711767682277e-01
9.109367374953873941e-01
9.220959898988106973e-01
9.420569829604980017e-01
9.645305766695974059e-01
9.906457052254786788e-01
1.018077942990961438e+00
1.046009961610553152e+00
1.070206990454699580e+00
1.085357428550408621e+00
1.091901945978673405e+00
1.084619992353208273e+00
1.066845834333956411e+00
1.047794349661764324e+00
1.027481020687759816e+00
1.009634527846367424e+00
9.948264105983285477e-01
9.853130907766614044e-01
9.760317066343477954e-01
9.657212406495671031e-01
9.596326055975393787e-01
9.517459644508899919e-01
9.466094529391392287e-01
9.446141621885475459e-01
9.496681275483115359e-01
9.613110450907028648e-01
9.743904774536219504e-01
9.861488334888038887e-01
1.000967559829023745e+00
1.011744877237551243e+00
1.023615748404587356e+00
1.032982912638052309e+00
1.039059452144508455e+00
1.041570709152584318e+00
1.040172240432070572e+00
1.035893287932554641e+00
1.031942655342684256e+00
1.024733961236787394e+00
1.015426539341845347e+00
1.006987239034764725e+00
9.985636683582646000e-01
9.884574579355471791e-01
9.811181437491303114e-01
9.744230288051144440e-01
9.709080988703425730e-01
9.688269195774016351e-01
9.705755905380247794e-01
9.747437273913006628e-01
9.777191326197391952e-01
9.807544209326385376e-01
9.865910989615396254e-01
9.965955291843329178e-01
1.013403415804732033e+00
1.023491192773549718e+00
1.019219765684412415e+00
1.015523527182179864e+00
1.013742976056636769e+00
1.011609618905664476e+00
1.009561834026365013e+00
1.009659585897110246e+00
1.008689489456297883e+00
1.007149814343998084e+00
1.005756436771651829e+00
1.002674789512796760e+00
1.000849234007097799e+00
9.983577617812079419e-01
9.970797696396331844e-01
9.961488249105828752e-01
9.945129079901111613e-01
9.924548174249928634e-01
9.893128471348853203e-01
9.864937249331902080e-01
9.848641593204446876e-01
9.832317392378306931e-01
9.842803932942044698e-01
9.874252540158608982e-01
9.935348707734347196e-01
1.001540572999674250e+00
1.008533602571082710e+00
1.013090241940115765e+00
1.014209514710667115e+00
1.011338628302376197e+00
1.006991012430380916e+00
1.002642909901879875e+00
1.000910617038550665e+00
9.986505679310895278e-01
9.986269921239173675e-01
1.000072746483519959e+00
9.995807346232736812e-01
9.984948799660702257e-01
9.969219930834711807e-01
9.966992431476012770e-01
9.962894795691494831e-01
9.963035734222216444e-01
9.972095538872619569e-01
9.984909008476319237e-01
9.985065943569764180e-01
9.976130940947968151e-01
9.965872485525359981e-01
9.957345973504406755e-01
9.952909553718872759e-01
9.952073135239047907e-01
9.959460283145694648e-01
9.958926970688700697e-01
9.981173941252038384e-01
1.000215746252756110e+00
1.002895943407343227e+00
1.005253934492519319e+00
1.005845258238058371e+00
1.006080399805094672e+00
1.004885063988222971e+00
1.003506763852742623e+00
1.003104729362586545e+00
1.003220972242880649e+00
1.002640399586004261e+00
1.002953000397639016e+00
1.002523507177496498e+00
1.000610872540077523e+00
9.990268913823173724e-01
9.977029315921132069e-01
9.964484701663919308e-01
9.954277364633276060e-01
9.949697496581546563e-01
9.949234534335791302e-01
9.965165581674081396e-01
9.977494262215381715e-01
9.998511006996382289e-01
1.000830252238162910e+00
1.001592610945793993e+00
1.003051907549166177e+00
1.001216934080070509e+00
1.001062939615629199e+00
1.000382281842678411e+00
1.002124908876161458e+00
1.003645401767238043e+00
1.005465048976486475e+00
1.006503522133557205e+00
1.004340983632320494e+00
1.001694808030410000e+00
9.990529386181605798e-01
9.967904876348531173e-01
9.970111255832393438e-01
9.964764623126310950e-01
9.973562070946810909e-01
9.985666411473976822e-01
9.988867496266660151e-01
9.981279944600905951e-01
9.979414420490091420e-01
9.978832189147861520e-01
9.986900281867205909e-01
9.996216796623613732e-01
1.001746750263205810e+00
1.001670429787316241e+00
1.001261097592155869e+00
1.001074529072432995e+00
1.000868264532641438e+00
1.000713444207978364e+00
1.001654005722171226e+00
1.001882050776274902e+00
1.001749486371586340e+00
1.001970063605988726e+00
1.001842616579744938e+00
1.001921385960248045e+00
1.000777914867975182e+00
9.933121038343614151e-01
9.797815146232717876e-01
9.661828076548337751e-01
9.526038811055324018e-01
9.396105071611502435e-01
9.273560434259305874e-01
9.168164492929543608e-01
9.051813250630681429e-01
8.942454255648498718e-01
8.823350538719394454e-01
8.698467935472303791e-01
8.586569686633828136e-01
8.479005264813965770e-01
8.367226781069487807e-01
8.253681387488085441e-01
8.136820011219819682e-01
8.016637844083134290e-01
7.889567797190824017e-01
7.765116618265739401e-01
7.642794766404753526e-01
7.527836220326921124e-01
7.418715043738244308e-01
7.316579280684604170e-01
7.216119281522812567e-01
7.122644938864435282e-01
7.023681456437761428e-01
6.917934699817996913e-01
6.804827670218847047e-01
6.695891630834078789e-01
6.595212791233323602e-01
6.498138391932350988e-01
6.403179678485779736e-01
6.306014927893270894e-01
6.203097238257900825e-01
6.106314475735862279e-01
6.008890035655937156e-01
5.910036517409757995e-01
5.821070430402891516e-01
5.723359809278720789e-01
5.635927578955123307e-01
5.543589935816773950e-01
5.452995361009412845e-01
5.356735647151309454e-01
5.262222381995557141e-01
5.165585164508660343e-01
5.060810697202563491e-01
4.962285359438275423e-01
4.860712464329505766e-01
4.777696228931854194e-01
