0.000000000000000000e+00
0.000000000000000000e+00
0.000000000000000000e+00
0.000000000000000000e+00
0.000000000000000000e+00
0.000000000000000000e+00
0.000000000000000000e+00
0.000000000000000000e+00
0.000000000000000000e+00
0.000000000000000000e+00
0.000000000000000000e+00
0.000000000000000000e+00
0.000000000000000000e+00
0.000000000000000000e+00
0.000000000000000000e+00
0.000000000000000000e+00
0.000000000000000000e+00
0.000000000000000000e+00
0.000000000000000000e+00
0.000000000000000000e+00
7.522118951767147084e-05
6.236970080993975429e-02
1.178867497285120081e+00
2.822548118613038781e+00
2.321860428993287595e+00
1.231174467410914186e+00
6.039509350999586745e-01
3.326889416901837593e-01
2.795553645995754177e-01
8.820851465330089569e-01
1.830793657899920657e+00
1.883544908701078269e+00
1.609863932634975292e+00
1.412318384385730097e+00
1.224322124547843060e+00
1.028692141987052278e+00
8.820115270810486852e-01
8.029533835480916482e-01
7.817929620266063084e-01
7.969471948223781910e-01
8.137564248792821253e-01
8.205566258110641442e-01
8.181347517897310517e-01
8.119705241597218182e-01
8.059769193503451001e-01
8.083620273765543818e-01
8.373395382298167711e-01
8.961866743263414703e-01
9.858886868731515651e-01
1.093378206526515184e+00
1.190956920521504259e+00
1.228353495438346821e+00
1.210943237767198699e+00
1.163562222163867732e+00
1.107081017902072695e+00
1.062449098854501672e+00
1.040392103014144087e+00
1.043797150258266360e+00
1.049608467483236884e+00
1.038227774166489592e+00
1.013577969853607375e+00
9.747092935203968134e-01
9.334660952452508154e-01
9.081280739100773269e-01
8.929756339395567011e-01
8.887884524219581417e-01
8.931502516879710196e-01
8.979574396680645165e-01
9.079212109245868856e-01
9.232122016886857852e-01
9.419695273705783745e-01
9.635245977519688587e-01
9.891456582855273627e-01
1.019660618687372677e+00
1.048085685806762646e+00
1.073411104607604472e+00
1.089840178341703769e+00
1.093794299491364308e+00
1.087241315838147093e+00
1.071073645760228565e+00
1.052042483857422717e+00
1.032559794906830808e+00
1.013535550185876266e+00
9.975856418651278812e-01
9.806831922499217313e-01
9.667652004016292766e-01
9.551819744519223221e-01
9.498322963259226981e-01
9.460313052870952255e-01
9.429722405820836206e-01
9.426506402072275526e-01
9.473038178624262340e-01
9.583422927693177051e-01
9.741704092932185199e-01
9.923287238772042773e-01
1.006515932669547420e+00
1.019144883302141258e+00
1.025421546466698475e+00
1.030991752688930285e+00
1.035530409756349135e+00
1.037345599365805615e+00
1.039436013866446462e+00
1.041802264967604863e+00
1.040005848743851047e+00
1.034222884517961738e+00
1.025086918312913209e+00
1.013083115135616996e+00
9.976498175723977901e-01
9.839170503566686543e-01
9.715324613902391881e-01
9.672016457802392608e-01
9.682080300293524067e-01
9.710063933866941444e-01
9.715786492863346391e-01
9.729743760720721557e-01
9.728232822778963840e-01
9.760580652368168186e-01
9.835480574619455130e-01
9.955079555046857376e-01
1.016212371563669281e+00
1.024962518218708318e+00
1.019930498191010226e+00
1.015103026131270569e+00
1.012454742529076412e+00
1.014023713982585173e+00
1.015073801564592593e+00
1.013326835708486806e+00
1.012377517844901265e+00
1.010447385626645822e+00
1.006969542577781151e+00
1.004401476898570511e+00
1.000987738436823538e+00
9.968211579767386477e-01
9.935186157281755692e-01
9.897208949421333335e-01
9.860532182565563408e-01
9.838226367550750862e-01
9.821872645494639231e-01
9.812049336736213823e-01
9.820837757703548832e-01
9.850570220198503479e-01
9.877173491845149256e-01
9.932175775560954101e-01
9.980677721073952791e-01
1.003695820754222590e+00
1.009767815132875057e+00
1.013538118446374980e+00
1.016730032987110066e+00
1.014363220751124395e+00
1.011175628182709563e+00
1.004431346255572510e+00
1.001900814876782286e+00
1.000081324983014053e+00
9.979048501038828567e-01
9.986270592306458749e-01
9.980331334375907026e-01
9.952504985556821504e-01
9.937474124295820888e-01
9.920145948630177957e-01
9.914438173167017254e-01
9.932326090454133283e-01
9.950481932297455812e-01
9.972070771558395608e-01
9.989758441626742647e-01
9.989183319373416969e-01
9.976933528302663889e-01
9.963349766035647370e-01
9.963255147224597819e-01
9.973059712892592410e-01
9.989532147484657676e-01
1.000450487612385864e+00
1.002033405118254450e+00
1.002996606677848179e+00
1.004048337278686143e+00
1.005226775916892690e+00
1.004646508404804628e+00
1.003193218177489188e+00
1.001407999416013661e+00
9.998784238145856929e-01
1.000031951637534222e+00
1.000196645998559841e+00
1.001670716998681598e+00
1.002731997581825629e+00
1.001935434545300208e+00
1.001494722870889920e+00
9.995117765685138655e-01
9.981216828017798193e-01
9.969592709706838196e-01
9.969407534263640125e-01
9.980282206881118112e-01
9.984597878247096769e-01
9.994800622749666630e-01
9.997327910616771174e-01
1.000563210238634593e+00
1.001768378715897301e+00
1.001764805835818395e+00
1.001294870706638696e+00
9.999258706173140832e-01
9.988032835901913264e-01
9.992951549736226458e-01
9.992895587762357090e-01
1.001074875114922325e+00
1.002606739955697268e+00
1.002797597349714298e+00
1.002580213622139116e+00
1.001942961526857800e+00
1.000651039753280624e+00
1.000095535320921769e+00
9.993766192391440040e-01
9.985539657344959519e-01
9.992248879896571401e-01
9.998182728005114983e-01
1.000834137146232372e+00
1.000365692114538740e+00
9.996946106610937743e-01
9.990047042124861054e-01
1.000038027585971712e+00
1.000251141648648812e+00
1.001477676740384570e+00
1.000590371258403666e+00
9.990794878533462153e-01
9.971428357457611247e-01
9.955598090617717721e-01
9.961750375627944631e-01
9.984735457481734855e-01
1.001810161358532181e+00
1.004738053504945716e+00
1.006542146769821455e+00
1.006419653791305047e+00
1.004730081885609305e+00
1.002205954179119729e+00
9.930973474621380692e-01
9.795957591004893494e-01
9.666461953656786399e-01
9.531582478091220612e-01
9.399061653350392342e-01
9.260364290908351670e-01
9.136365122055540855e-01
9.022422803159098059e-01
8.907899493021548265e-01
8.804467006820826391e-01
8.688162492968877215e-01
8.579890683125291906e-01
8.466213752024215333e-01
8.366101885145149630e-01
8.257084201184213823e-01
8.146749290505442831e-01
8.025799812570012515e-01
7.895988375695557338e-01
7.762065494659976528e-01
7.647724210638319198e-01
7.527258170171919893e-01
7.421098410120757771e-01
7.321383655454651862e-01
7.220985983146167575e-01
7.121104486573205383e-01
7.019392880165251647e-01
6.921422266123082867e-01
6.807766223728251020e-01
6.704602896092299869e-01
6.604902079397341197e-01
6.502714490791385860e-01
6.401103010142757954e-01
6.299180510147432965e-01
6.193128024151770550e-01
6.088472517083148849e-01
5.991800305227223955e-01
5.901497652546362493e-01
5.812272878684350275e-01
5.725979221932816499e-01
5.638256321803124527e-01
5.542449162235195681e-01
5.442979166543628899e-01
5.344127282255229927e-01
5.245176700067332165e-01
5.156129386270983384e-01
5.064413533741544127e-01
4.974329929448529919e-01
4.890174161474841186e-01
4.798465847043929533e-01
