0.000000000000000000e+00
0.000000000000000000e+00
0.000000000000000000e+00
0.000000000000000000e+00
0.000000000000000000e+00
0.000000000000000000e+00
0.000000000000000000e+00
0.000000000000000000e+00
0.000000000000000000e+00
0.000000000000000000e+00
0.000000000000000000e+00
0.000000000000000000e+00
0.000000000000000000e+00
0.000000000000000000e+00
0.000000000000000000e+00
0.000000000000000000e+00
0.000000000000000000e+00
0.000000000000000000e+00
0.000000000000000000e+00
0.000000000000000000e+00
0.000000000000000000e+00
3.625675252038763896e-02
1.060654882225556372e+00
3.472593965111125058e+00
3.398116015367227405e+00
1.876162590875857683e+00
8.424200187956233377e-01
3.832593986782708573e-01
1.898647167102274769e-01
1.154926747978870655e-01
1.814248085899250185e-01
7.028137120494641898e-01
1.478805494294896272e+00
1.733675977159832682e+00
1.437652277966778636e+00
1.039808616137847475e+00
7.741061343179671539e-01
6.561828031399759009e-01
6.415918638005603247e-01
6.893948275561998518e-01
7.818464588371707435e-01
8.820797879982622547e-01
9.765949614517031030e-01
1.061886948241931750e+00
1.132034145594497332e+00
1.184002412690673411e+00
1.222295587195354249e+00
1.226212789308550377e+00
1.222841095544912271e+00
1.190327394320477739e+00
1.150124765501910229e+00
1.108127699221931328e+00
1.068516772759509292e+00
1.033225342678711467e+00
1.010609886592700457e+00
9.863138108740490129e-01
9.615378186031016128e-01
9.509452825304127721e-01
9.407748673388431904e-01
9.317402480866975312e-01
9.282678130378729797e-01
9.261237946609259808e-01
9.316661298156821980e-01
9.334535134688806135e-01
9.477536944754740844e-01
9.563463171794410744e-01
9.718509540480131381e-01
9.823837597688065415e-01
9.914357897494684435e-01
1.001837400842219949e+00
1.011603726368524248e+00
1.014879069092193609e+00
1.019814281923995480e+00
1.023931968372540080e+00
1.025507378125072533e+00
1.022298078305330815e+00
1.018721210145812295e+00
1.019399949101448488e+00
1.013724677377081829e+00
1.013589894781278922e+00
1.008409655224400847e+00
1.006195280741474019e+00
1.002377531781931452e+00
1.000975803767494732e+00
1.001241662511103803e+00
9.987859860466270501e-01
9.966969495003394908e-01
9.992654137153731408e-01
9.985132486728491852e-01
9.993395482885915060e-01
9.972140933634425775e-01
9.974344250889577435e-01
9.972546851346392183e-01
9.979375196164126383e-01
9.966513823099162339e-01
9.956355024579147672e-01
9.964112742484289020e-01
9.970068479352244273e-01
9.983562155165519592e-01
9.992209462188029745e-01
9.970881019562928271e-01
9.982620107742613547e-01
9.974891474026061911e-01
9.997322786495360658e-01
1.001539486066937545e+00
1.000369296826779664e+00
1.001320603033553081e+00
1.004498131568165142e+00
1.001281607637179327e+00
1.001375455788475977e+00
1.001670779705968517e+00
1.002699680418920769e+00
1.002041296142335725e+00
1.003119578986680915e+00
1.002681117975686487e+00
1.001281506646060526e+00
1.000442201129546627e+00
1.002266472204903058e+00
1.001420349485405925e+00
9.997195163909826654e-01
9.994772995826944895e-01
1.000693125323041111e+00
9.998865477265630464e-01
1.001283653714782007e+00
9.989652790623702039e-01
9.995362539864756091e-01
1.000002807227184931e+00
1.001040815037947951e+00
1.000552396736417160e+00
9.997347616394254288e-01
9.994312647134815375e-01
9.993070898159318594e-01
1.001335215768042630e+00
9.994702683241136754e-01
1.000608082661341935e+00
9.986978471450460582e-01
1.000979845993546391e+00
1.000506480355040528e+00
1.000131564642208648e+00
1.001363600703325307e+00
1.000952666795865253e+00
9.995044958863087414e-01
9.996224512987336164e-01
9.998788665518065777e-01
1.000779776818752298e+00
1.000103579772435580e+00
1.001224128698944504e+00
9.999773210713036597e-01
1.001842366101297843e+00
1.001702191763327754e+00
1.000567062858406464e+00
1.000253693332238347e+00
9.989724228391657634e-01
9.999865110777453880e-01
1.002121383237188246e+00
1.000077203220249622e+00
1.000691666042511585e+00
1.000828705040781585e+00
9.996728410864700320e-01
9.997919684113449890e-01
9.999163367150304405e-01
9.994116516450419763e-01
9.997506014064646562e-01
9.987643375562068604e-01
1.000144323029669158e+00
9.992165915432923429e-01
1.000018379326185203e+00
9.991628689621602222e-01
1.000731579184643172e+00
9.998345150259750902e-01
9.991982308727368478e-01
1.001390112815851774e+00
1.000770252712326336e+00
1.000590563245681963e+00
1.001262726892922172e+00
1.000296386672535620e+00
9.997331003245378822e-01
9.999913282791456082e-01
1.001481436627861044e+00
1.000570078712122113e+00
1.001444996710624036e+00
1.000706571110752785e+00
1.000421405424537946e+00
1.000398262567334662e+00
1.000085208780669754e+00
9.999299587172774118e-01
9.993816765950604974e-01
1.000083752419377747e+00
9.993283843914971820e-01
1.000746702532305576e+00
9.996355323583281383e-01
1.000122741431875628e+00
1.000303452554851757e+00
1.000610765935528113e+00
1.000605467356523670e+00
1.000286252907129469e+00
1.000512571426049879e+00
1.000089935429168353e+00
1.000673269697812451e+00
9.995857414495300519e-01
1.001048696669785576e+00
1.000373558189100676e+00
9.999361896867202670e-01
1.000322586549320603e+00
1.001635903208661915e+00
9.994830801870769887e-01
1.000117331030252465e+00
1.000109526713342856e+00
1.001246635538666219e+00
1.000267651583238937e+00
9.997230399811963819e-01
9.995136940572905138e-01
1.000527388527042705e+00
9.998234247952169085e-01
9.997583656236340710e-01
1.000212989420500298e+00
9.996571917865417767e-01
9.998796982949554879e-01
1.000078548301646553e+00
1.000061508834828139e+00
1.000118886132270291e+00
9.996535344648562749e-01
1.000158784568401460e+00
1.001186505216426603e+00
1.000070652868128018e+00
1.000181696898622130e+00
9.998778161061306902e-01
9.991237789420475135e-01
1.000115814252342084e+00
1.000287539423600602e+00
1.000706110281572192e+00
1.000867937433991051e+00
1.001145010375735334e+00
9.991764708070749457e-01
1.000048673602571325e+00
1.000086734909118258e+00
9.997753833138010027e-01
9.998607092001307040e-01
1.000204353350577113e+00
1.000239078945124982e+00
1.000854233882344735e+00
1.000151620120548257e+00
9.998804408283594736e-01
1.000837026211686576e+00
1.000447718386232809e+00
1.000046043433843845e+00
9.998121053215812681e-01
1.000499725715068955e+00
9.994474484404896053e-01
1.000324444629725029e+00
1.000042617399629297e+00
1.000663983642283261e+00
9.999757321151433453e-01
9.999535118172134807e-01
1.000002421745517012e+00
1.000388985596634583e+00
1.000999126847420984e+00
9.997573748986096076e-01
9.997943192290212888e-01
1.000210904004696921e+00
1.000397055059194074e+00
1.000392068652366184e+00
1.000316604829348144e+00
1.000206147004645718e+00
1.000215596875864144e+00
9.990759411623577613e-01
1.000132597345713803e+00
1.000738661694675402e+00
1.000496125710563566e+00
1.000032522451181238e+00
1.000419382924181422e+00
9.996614035824030742e-01
1.000551032619260150e+00
1.000692160267678155e+00
1.000219181308118488e+00
1.000300933646809831e+00
1.000130052339887055e+00
9.999660453536873828e-01
1.000697030811756649e+00
1.000192892735484396e+00
