0.000000000000000000e+00
0.000000000000000000e+00
0.000000000000000000e+00
0.000000000000000000e+00
0.000000000000000000e+00
0.000000000000000000e+00
0.000000000000000000e+00
0.000000000000000000e+00
0.000000000000000000e+00
0.000000000000000000e+00
0.000000000000000000e+00
0.000000000000000000e+00
0.000000000000000000e+00
0.000000000000000000e+00
0.000000000000000000e+00
0.000000000000000000e+00
0.000000000000000000e+00
0.000000000000000000e+00
0.000000000000000000e+00
0.000000000000000000e+00
1.574354671705120322e-05
3.134623012137078418e-02
9.658903670595992974e-01
3.256115980654975317e+00
3.285271149180677419e+00
1.869106668666254079e+00
8.660902386073667802e-01
3.999133342587390949e-01
2.084239181432122334e-01
2.288410860627477506e-01
8.095469978564825420e-01
1.691586620489258674e+00
1.885309069671220028e+00
1.474818559415292940e+00
1.011154536654233160e+00
7.249012613997436461e-01
6.051743811067731293e-01
5.919786452394871779e-01
6.435603552574385988e-01
7.240838531924153054e-01
8.189031162994468982e-01
9.136428121243774791e-01
1.007878188853174040e+00
1.085959230692118194e+00
1.151732216550219734e+00
1.194880507847944973e+00
1.213809594474939857e+00
1.222218794846465340e+00
1.204645943493613425e+00
1.171873973205635577e+00
1.131160390651993808e+00
1.088537924902202469e+00
1.048695223848209235e+00
1.013077401010344714e+00
9.874262997166449729e-01
9.625971261377547217e-01
9.452637839669923991e-01
9.344598041888735329e-01
9.276605438583958030e-01
9.241436871977908307e-01
9.242086216687582789e-01
9.291676955118172154e-01
9.384497089377991097e-01
9.524790114145961217e-01
9.624087123461629867e-01
9.770644201803596607e-01
9.874785481102600349e-01
9.957358136721961017e-01
1.004423441776967962e+00
1.008910283284932152e+00
1.015148710087830253e+00
1.020133290907122348e+00
1.021348861469497660e+00
1.022250909316829048e+00
1.021425314061138456e+00
1.018002168619830616e+00
1.015693437774897623e+00
1.010367853830006046e+00
1.009309950631524178e+00
1.006546609727096087e+00
1.004312832637680897e+00
1.002319317036857171e+00
9.998486916464318641e-01
9.994974585264291278e-01
9.989466446721362303e-01
9.989645190570705102e-01
9.979415724200531024e-01
9.983308242126861520e-01
9.971508348520968790e-01
9.979409526882100367e-01
9.977159789614937768e-01
9.968221403417175663e-01
9.955386349501512688e-01
9.970807485597790176e-01
9.952782777136711667e-01
9.966735559418947732e-01
9.960877905489319284e-01
9.968449238002119461e-01
9.965783623120523238e-01
9.970254532294148264e-01
9.988640040442995360e-01
9.996404098533476779e-01
9.999452049803893017e-01
9.997779810473363948e-01
1.001324054093809535e+00
1.002053045758703131e+00
1.001463857406963864e+00
1.001071803109478964e+00
1.002604988508676076e+00
1.002004192809279548e+00
1.001341576783977505e+00
1.002579016519044908e+00
1.001094215471328042e+00
1.001021247754320997e+00
1.001152439312583242e+00
1.000486145612615729e+00
1.000387947018565704e+00
1.000303921943592078e+00
9.998356574493199034e-01
9.999899103886147333e-01
1.000216003787668173e+00
9.995053165590939148e-01
9.995721334701382910e-01
9.978969406236095629e-01
9.997842381429267178e-01
1.000074457340436318e+00
9.987067017928666912e-01
1.000830320560899267e+00
9.989330244255908431e-01
9.996043483057011070e-01
9.997259739502172282e-01
9.994730499083489539e-01
1.000175284164260825e+00
9.994385141368193892e-01
1.000014032072190640e+00
9.994462720174369652e-01
1.000481169639989343e+00
1.000228088818325700e+00
9.999742276551212283e-01
1.000572549610989626e+00
1.000338211812759948e+00
1.000843408992627692e+00
1.000175519187348927e+00
1.000408800589657421e+00
1.000179817164197127e+00
1.001214528642476287e+00
1.000082403272579246e+00
9.997669638333736009e-01
9.995868520242140454e-01
1.000478577207881914e+00
9.979432708620531445e-01
9.990159670550650128e-01
9.995311881484224559e-01
9.998662204580727186e-01
9.998410574007293716e-01
9.988063563235997089e-01
1.000705732818739202e+00
1.000889759711349525e+00
1.000479787182475544e+00
1.000567139387547932e+00
1.000740081678604509e+00
1.001270199762863466e+00
1.000691303908931573e+00
1.000514283831990481e+00
1.000896815859834588e+00
1.000822109280665062e+00
1.001236275757979355e+00
1.000142719414094383e+00
1.000911302075626175e+00
9.995389915003148884e-01
9.992084729393018172e-01
9.989477187641060407e-01
1.000042464110960205e+00
9.999961821919347571e-01
9.987341182226358027e-01
9.991748215620404050e-01
1.000004320521654444e+00
9.996616534286576483e-01
1.000134100911758583e+00
1.000017868347052419e+00
9.995722609857302654e-01
1.000507021493527438e+00
1.000255435148472927e+00
1.000657980325823315e+00
1.000367659133994724e+00
1.000912943249079090e+00
1.000216876629022478e+00
1.000956486424502190e+00
1.001008807718764437e+00
1.000846168184109652e+00
1.000096753479585932e+00
1.000639731367643170e+00
1.001190161078337137e+00
1.000734124378310330e+00
1.000660108441746576e+00
1.000329890258786492e+00
1.000268521393843812e+00
1.000073971734101619e+00
1.000661887063290623e+00
9.995379083666021680e-01
9.997078699968077187e-01
9.998778744727652157e-01
9.997157788616685137e-01
1.000255300767611599e+00
9.994102984874472240e-01
1.000291264619718401e+00
9.995421856911181901e-01
9.998382950417824544e-01
1.000679470592439335e+00
1.000148079951848512e+00
9.999016429789172600e-01
9.998197346682462516e-01
1.000462106733509993e+00
1.000310374683006209e+00
1.000372838751217852e+00
9.999621553190045642e-01
9.992555935741544992e-01
1.000101561476319567e+00
1.000689649818489180e+00
9.996635939809976890e-01
1.000238558724516613e+00
9.997648390770031979e-01
1.000167499280726346e+00
1.000368074752637781e+00
1.000462896986398675e+00
1.000368208438499718e+00
1.000798199406453648e+00
9.998403604361658648e-01
9.997700425947061431e-01
9.996751688340778097e-01
1.000084862892193227e+00
9.999987467665251151e-01
9.998881251757169020e-01
9.996390598554530937e-01
9.999540323875092396e-01
9.999521073234274304e-01
1.000384280911029045e+00
9.995863496964669803e-01
9.999476554274029372e-01
9.995319243982528912e-01
1.000398631138175620e+00
1.000208827430626224e+00
1.000472458114951113e+00
9.999857423664578748e-01
1.000375797198619354e+00
1.000441401611015024e+00
1.000038579915506487e+00
1.000183772031212115e+00
1.000546075057335837e+00
9.997938937169303930e-01
1.000272965656384905e+00
1.000598783299269767e+00
1.000329762716860804e+00
1.000381281735506001e+00
1.000300365202958730e+00
1.000124173007198136e+00
9.999048256207309082e-01
1.000670509864706403e+00
1.000514147791524922e+00
1.000483871017494364e+00
9.998707716459830364e-01
1.000556394754905654e+00
9.999481375385015358e-01
9.998869835198423983e-01
1.000238576774669097e+00
9.999552206938460142e-01
1.000046174602898352e+00
1.000142779722986930e+00
1.000359826679856345e+00
1.000530446140362795e+00
1.000139415720155522e+00
9.995297527724704700e-01
1.000202398274595561e+00
1.000124040184928953e+00
9.970155649917821217e-01
9.873089754418140629e-01
9.766295656909805833e-01
9.647121511754295220e-01
9.548016448979115278e-01
9.440181028912195682e-01
