0.000000000000000000e+00
0.000000000000000000e+00
0.000000000000000000e+00
0.000000000000000000e+00
0.000000000000000000e+00
0.000000000000000000e+00
0.000000000000000000e+00
0.000000000000000000e+00
0.000000000000000000e+00
0.000000000000000000e+00
0.000000000000000000e+00
0.000000000000000000e+00
0.000000000000000000e+00
0.000000000000000000e+00
0.000000000000000000e+00
0.000000000000000000e+00
0.000000000000000000e+00
0.000000000000000000e+00
0.000000000000000000e+00
0.000000000000000000e+00
0.000000000000000000e+00
3.104937943611138854e-02
9.841888090582605608e-01
3.299223975960393407e+00
3.328525797951069620e+00
1.871682090229292994e+00
8.579763660100281353e-01
3.962667430214272812e-01
2.033631533832760685e-01
2.240329519282529547e-01
8.070104745988483375e-01
1.691620258155148493e+00
1.890784995110502686e+00
1.469772889828988793e+00
9.980623610933411216e-01
6.994404899358768191e-01
5.692359779414011278e-01
5.510755667330918817e-01
5.984444919913878280e-01
6.854998275436208210e-01
7.888704639276752362e-01
8.996784221998078701e-01
9.963522522209287136e-01
1.085849098727555306e+00
1.153013458432739613e+00
1.209789423301074196e+00
1.238409941739216702e+00
1.243620740533196711e+00
1.225732115497654817e+00
1.190492724448885875e+00
1.147182910795266908e+00
1.099743690968332688e+00
1.054881950340803343e+00
1.019138966488144282e+00
9.903332251973413491e-01
9.638692593622658622e-01
9.480434447831448397e-01
9.343505984755546834e-01
9.263719986320371191e-01
9.203860582384992828e-01
9.197507518925971404e-01
9.220057663419395366e-01
9.303322382909738897e-01
9.440131055448335307e-01
9.573664216406495564e-01
9.720038681117051382e-01
9.862416737560611990e-01
9.946750932033033843e-01
1.005088069535596595e+00
1.012338656121657854e+00
1.019086783663505358e+00
1.019816985501545759e+00
1.022961338680494103e+00
1.024147073699124055e+00
1.023033262483937333e+00
1.021957588660155958e+00
1.016385443228077445e+00
1.012652095050683654e+00
1.007615000695200269e+00
1.005997580314853979e+00
1.002694011607007107e+00
9.996530373005525494e-01
9.997602644510559244e-01
9.990641970007599904e-01
1.000654702424236486e+00
9.972763752873906595e-01
9.986632052990273012e-01
9.978754350623783020e-01
9.987636137231684641e-01
9.964966994798515332e-01
9.983668039406901062e-01
9.981633737423711850e-01
9.996708564238059314e-01
9.968657472547149956e-01
9.952602836433611655e-01
9.941860831601232462e-01
9.958560992369557274e-01
9.938343170240122593e-01
9.957541884123021214e-01
9.967892680044647680e-01
9.996694100516054782e-01
9.963977438250729568e-01
9.996573510153590192e-01
1.002334565179726633e+00
1.000687864752944467e+00
1.000817746173848555e+00
1.000380384888635898e+00
1.000769085747939435e+00
1.002442477204070315e+00
1.001558452463278570e+00
1.002289660693005180e+00
1.001584280087743473e+00
1.000670529637214035e+00
1.000879865400072788e+00
1.000732245083832295e+00
1.000590448994709059e+00
1.000731294816846528e+00
9.976015079901794369e-01
9.999787819951014844e-01
9.991365850312827757e-01
9.993809187264519611e-01
9.999820237807711676e-01
9.984097828463166513e-01
9.997118031188604315e-01
9.975694729264183991e-01
1.000153160028401933e+00
9.995139075403349782e-01
9.981606193943398653e-01
9.983361309258622640e-01
9.992588638073733875e-01
1.000051615665756621e+00
9.986591499739380096e-01
1.000697046989027728e+00
9.999680292768844403e-01
9.993767905252416428e-01
9.997578628387632227e-01
1.001197057210631236e+00
1.000068881108898022e+00
1.000524573863744271e+00
9.996134941418869380e-01
1.001069610796385900e+00
1.001138747587851707e+00
1.000246767352652055e+00
9.996153451173446225e-01
9.987139540683435124e-01
1.000656511919095770e+00
9.998932883631049817e-01
1.000828543701419049e+00
1.001418410448761787e+00
9.997020567524865786e-01
9.995635072342381466e-01
9.998155474083010308e-01
9.993513908026050441e-01
9.999160077281771253e-01
9.999662396115508445e-01
9.993165922033058202e-01
9.978407396493196302e-01
1.000902818280090978e+00
1.000504163312908812e+00
1.000107771035391391e+00
1.001215053283060596e+00
1.000786270521284438e+00
1.000373982027866759e+00
1.000333825414994493e+00
1.000241401485976400e+00
1.001123015508365244e+00
1.000642776695983116e+00
1.000293662684203388e+00
9.998175146114671730e-01
9.989145627461979426e-01
9.995019851362403340e-01
9.997253185846455281e-01
1.000245808952134663e+00
9.983832515357484727e-01
9.988832393019682065e-01
9.992613920832927876e-01
9.996996819232072395e-01
9.998680737642514638e-01
9.997866517818526644e-01
9.993920577599786359e-01
9.988318518493132236e-01
9.998761420927353427e-01
1.000280342620122331e+00
1.001528745132260534e+00
1.000688260648841421e+00
1.000452336250730490e+00
1.000154060461528216e+00
1.000912826886650064e+00
1.001906744815820316e+00
1.000786094702048157e+00
1.000257278092708590e+00
9.997696698003059046e-01
1.000058295821858012e+00
9.991224286547513156e-01
1.000514855775825218e+00
9.992183887455674540e-01
9.996457850580601212e-01
9.995392223409057531e-01
9.993692677772513244e-01
9.993911188619482022e-01
9.994031873643958175e-01
9.995977388066690228e-01
9.997600594414819408e-01
9.992758937822882048e-01
9.995000037937337156e-01
9.999273812113850246e-01
1.000804315556966362e+00
9.999888766645397276e-01
9.993249339272677334e-01
1.000351691868752724e+00
9.994698887309643176e-01
9.998873380950523693e-01
1.000156501295651035e+00
1.000432927282635109e+00
1.000273469325982711e+00
9.998740411013128382e-01
1.000099365066245083e+00
9.990388678738451045e-01
9.999667616128155023e-01
1.000394850090627230e+00
1.000278525342971792e+00
1.000699145450945071e+00
1.000209992414769156e+00
9.999210572015715393e-01
9.996463234622023908e-01
1.000102666774947746e+00
1.000723864358506132e+00
1.000857835274011620e+00
9.994648035205724312e-01
9.994654319519905572e-01
9.997642249474648635e-01
9.997861913452436022e-01
9.997682537322061247e-01
9.991362205635451188e-01
1.000285972889264352e+00
1.000361141344247029e+00
9.997157527145105194e-01
1.000046905651118090e+00
9.993457848920627162e-01
9.993611109423118366e-01
9.996769550838106033e-01
9.995137537733609356e-01
1.000941904868297927e+00
1.000810547079375112e+00
9.995676355354986553e-01
9.998327728390875579e-01
9.996331689206837678e-01
9.998297315148847453e-01
9.997397892019460608e-01
9.998505012885996468e-01
1.000298419584054965e+00
1.000919385937535155e+00
1.000474298711083732e+00
9.996904471111922597e-01
9.998024056556530370e-01
1.000082978892564922e+00
9.994727134665389867e-01
1.000014554272071310e+00
1.000211780537645145e+00
1.000510693652073346e+00
9.994746446456567179e-01
1.000474594053700317e+00
9.996494141603267103e-01
1.000443649752930764e+00
1.000434391426512359e+00
9.998138332766394187e-01
9.997376369944385166e-01
1.000191750775265342e+00
9.998318528157268403e-01
9.994399882117305234e-01
9.998260147451449864e-01
9.999910135921484811e-01
9.998442291859006570e-01
1.000422605772695483e+00
1.000296811243229778e+00
1.000250832079411900e+00
1.000623051278996201e+00
1.000171819579475097e+00
1.000679256671952677e+00
1.000029497176003090e+00
