0.000000000000000000e+00
0.000000000000000000e+00
0.000000000000000000e+00
0.000000000000000000e+00
0.000000000000000000e+00
0.000000000000000000e+00
0.000000000000000000e+00
0.000000000000000000e+00
0.000000000000000000e+00
0.000000000000000000e+00
0.000000000000000000e+00
0.000000000000000000e+00
0.000000000000000000e+00
0.000000000000000000e+00
0.000000000000000000e+00
0.000000000000000000e+00
0.000000000000000000e+00
0.000000000000000000e+00
0.000000000000000000e+00
0.000000000000000000e+00
0.000000000000000000e+00
0.000000000000000000e+00
0.000000000000000000e+00
0.000000000000000000e+00
0.000000000000000000e+00
3.482322072079561959e-02
8.323877080534068940e-01
2.855910681087025615e+00
3.240885123739923657e+00
2.089212116551458553e+00
1.011394383683020815e+00
4.763102825554852426e-01
2.828561201065298292e-01
2.066641396221527704e-01
2.154178948051195808e-01
2.306964469482938873e-01
2.681261807101062988e-01
2.937565743346681746e-01
2.857183536369670707e-01
3.086569130914948444e-01
3.310137725759053628e-01
3.771811005928622507e-01
5.131229215950618983e-01
6.543578539695064089e-01
8.547340249120245481e-01
1.050112694915818157e+00
1.210845171218663863e+00
1.326415106490844265e+00
1.428028822900648809e+00
1.519612026378282410e+00
1.592366319639628491e+00
1.624776201483703497e+00
1.598522854485485478e+00
1.505316480605541685e+00
1.351590963970511927e+00
1.220792622695618945e+00
1.078873842728245824e+00
9.800296258868895771e-01
9.081214974756838254e-01
8.805877346617542178e-01
8.571073644007564107e-01
8.557771818104715766e-01
8.799940477510282966e-01
8.933051008520944691e-01
9.138465546263316863e-01
9.299171955182542471e-01
9.503556390509162455e-01
9.740338499161148578e-01
9.855033627360617610e-01
1.013420230518485843e+00
1.013977102619090465e+00
1.035291106626692992e+00
1.054043858819877055e+00
1.041852740629027219e+00
1.048523387169986387e+00
1.048518116877424022e+00
1.041944569427312617e+00
1.033108851412320339e+00
1.007933641349496812e+00
1.012239822499966468e+00
9.920104449779262312e-01
9.834062660554779844e-01
9.727785857113000478e-01
9.741360684230729872e-01
9.689161922302721441e-01
9.679696713739704972e-01
9.709571730073442986e-01
9.814040183866657996e-01
9.824824329630771347e-01
9.881698609948255108e-01
1.000213124361279071e+00
9.989318265863802448e-01
9.999051681432977734e-01
1.013895139241471677e+00
1.014862869918437216e+00
1.015748167670690094e+00
1.012476184810493729e+00
1.014484167313843166e+00
1.007637489683321785e+00
1.005729824889338486e+00
1.003191885817025675e+00
1.005504201909099393e+00
9.966538107860988260e-01
9.979808987799875242e-01
9.926695024713164672e-01
9.900046014397154703e-01
9.880693838998212408e-01
9.875358704054820747e-01
9.844649327730217170e-01
9.854078383926737628e-01
9.875914244439307765e-01
9.871733659244960046e-01
9.985623311620089870e-01
9.936050961363501743e-01
9.953267725272785249e-01
9.993728462941480206e-01
1.004318089009904602e+00
1.005154400474281617e+00
1.001605613510232917e+00
9.985075441218116410e-01
9.942293438052935972e-01
1.001993764425777034e+00
9.895230840408743012e-01
9.991043792997831297e-01
1.000722301703283579e+00
9.945436805778012923e-01
9.976106404463268573e-01
9.929771058637971715e-01
9.964516382662329530e-01
9.947675179157007275e-01
1.002133268779153097e+00
9.963178622076831470e-01
9.914162177626967276e-01
1.004236299382652353e+00
9.932256541181769816e-01
9.951320821470425182e-01
9.932298808157092873e-01
9.985708253954549418e-01
9.973516283131964588e-01
1.000353570846350015e+00
9.968410379182217618e-01
1.001774078187341210e+00
9.984663140837195527e-01
1.003791601676300882e+00
9.962003349360790683e-01
9.924317886846605319e-01
1.003139180053806756e+00
9.977093799148017972e-01
1.005121582298962979e+00
9.973421203929222489e-01
9.896880459866839175e-01
9.975057459650419345e-01
9.999451340156250145e-01
9.976710776823489724e-01
9.987537176734277988e-01
9.983740871711653808e-01
9.998613429324131330e-01
9.964743292448968726e-01
9.939798402087166584e-01
9.979017068048263717e-01
9.959346157467010574e-01
9.982109396080073305e-01
9.976516903198172637e-01
9.955761880654442342e-01
9.968585973064510997e-01
9.972572713778784514e-01
9.972187272058403718e-01
9.927681274060312644e-01
9.933828630011023453e-01
9.957320867566566980e-01
9.948795847691610517e-01
9.944014429450891424e-01
9.980840702286489785e-01
9.941594728841582906e-01
9.963947633323653186e-01
9.989179122388630594e-01
9.943963030672466896e-01
9.978370638157773032e-01
9.948906456611574800e-01
9.949576345732027427e-01
9.945248275273480543e-01
9.948283849145883595e-01
9.966722476663874009e-01
9.930689926305509285e-01
9.964223469615893780e-01
9.957342006397535972e-01
9.938745595483964301e-01
9.979564234295904557e-01
9.976709123299625226e-01
9.931603459179537685e-01
9.972547411451526678e-01
9.936447853597238922e-01
9.959011054841180322e-01
9.971798312884649906e-01
9.981189786273335640e-01
9.956609646771233946e-01
9.960107543429554955e-01
9.963211550863655397e-01
9.919535424633227905e-01
9.912667009966792397e-01
9.953916797627484492e-01
9.960350394527167639e-01
9.923994097165190764e-01
9.945157504859013509e-01
9.974866363220245002e-01
9.942591947605875502e-01
9.960883588892830431e-01
9.969453930813109155e-01
9.968537515296568285e-01
9.952828264867639163e-01
9.958276156746023178e-01
9.975588079228999705e-01
9.963175236134518276e-01
9.964099354189386304e-01
9.952069498280061710e-01
9.935586014027700807e-01
9.958140829500031765e-01
9.967507564077656701e-01
9.960142765061369419e-01
9.933961843184230256e-01
9.982971945688814408e-01
9.958812502033473901e-01
9.957740093105744705e-01
9.938884688111425669e-01
9.905257200911726789e-01
9.939284459876854827e-01
9.964102444075800813e-01
9.940992257700430601e-01
9.952288640526082419e-01
9.971645175489606272e-01
9.935670272006297266e-01
9.913302268032543330e-01
9.922236486498616781e-01
9.961940750549326262e-01
9.936043921389055011e-01
9.936209085239382510e-01
9.944799774681792881e-01
9.930326029965960144e-01
9.975079434117023469e-01
9.955474841619892379e-01
9.984540389209658473e-01
9.965091821170722897e-01
9.953512290567286813e-01
9.931621657108903323e-01
9.906486463595005620e-01
9.973792678699736625e-01
9.937969211999454489e-01
9.948551248248257428e-01
9.970708170280664362e-01
9.937444848362745331e-01
9.954599908166356093e-01
9.929589913744394369e-01
9.940355644766015741e-01
9.930464479132521394e-01
9.975659987458549427e-01
9.959414792506308123e-01
9.937789413849243969e-01
9.969386520758808379e-01
9.967646526042124311e-01
9.966423723905037946e-01
9.960565934632577001e-01
9.970557519044126460e-01
9.954451414069659387e-01
9.977573983345160435e-01
9.981997980032585316e-01
9.954100429687524620e-01
9.975224141209390050e-01
9.976407769343879073e-01
9.958018313882920358e-01
9.949684890848347063e-01
9.976995223356215359e-01
9.987578686867365496e-01
9.934012288280792413e-01
9.932453423802172221e-01
9.898441159407304069e-01
9.771851287094966976e-01
9.646113814281854770e-01
9.560851046583443980e-01
9.448070285899721199e-01
9.350963625159204318e-01
