0.000000000000000000e+00
0.000000000000000000e+00
0.000000000000000000e+00
0.000000000000000000e+00
0.000000000000000000e+00
0.000000000000000000e+00
0.000000000000000000e+00
0.000000000000000000e+00
0.000000000000000000e+00
0.000000000000000000e+00
0.000000000000000000e+00
0.000000000000000000e+00
0.000000000000000000e+00
0.000000000000000000e+00
0.000000000000000000e+00
0.000000000000000000e+00
0.000000000000000000e+00
0.000000000000000000e+00
0.000000000000000000e+00
0.000000000000000000e+00
0.000000000000000000e+00
3.449787893813504452e-02
1.027971157252187906e+00
3.360138645031417237e+00
3.304259917042585482e+00
1.833380962277579407e+00
8.270183787417364485e-01
3.807218108476262408e-01
1.940840375295855291e-01
2.269115787290311159e-01
8.483815963692359352e-01
1.745217735517024860e+00
1.911118210758504965e+00
1.460069717985499338e+00
9.832232183601820052e-01
6.982211518093941471e-01
5.842507525823447123e-01
5.767560761273082814e-01
6.293072246332099828e-01
7.154758949160936465e-01
8.191854163787322118e-01
9.214722472168872525e-01
1.013276891274176306e+00
1.092337632662228719e+00
1.156944604458282511e+00
1.202307322257469391e+00
1.224846993731147249e+00
1.227817013264981938e+00
1.209008619142401431e+00
1.169278232798199646e+00
1.128887513926069008e+00
1.085538666966315180e+00
1.046390265483156501e+00
1.008303379410879996e+00
9.797383792524412272e-01
9.567485097100815183e-01
9.384382032479228197e-01
9.292109379946428271e-01
9.231709190813673915e-01
9.188433208310187172e-01
9.222518812159079538e-01
9.286292248853229570e-01
9.407925584882939063e-01
9.534715559188199352e-01
9.618128901785822915e-01
9.789946138378603502e-01
9.892745641151978742e-01
9.997062042065689713e-01
1.004598568008454595e+00
1.014337004212666482e+00
1.016831689908492597e+00
1.021303796148020693e+00
1.022053345890218123e+00
1.023008583858763032e+00
1.018997269986825716e+00
1.017700720748384802e+00
1.014264086199131887e+00
1.010455738952340754e+00
1.007958770122516556e+00
1.003618178650967030e+00
1.002114828003658031e+00
9.983199299396239290e-01
1.001635668436217985e+00
1.000338470144941594e+00
1.000628253826053804e+00
9.994059928845612228e-01
9.998905710197755203e-01
9.997314079170019907e-01
9.996430436626098093e-01
9.983856622990331386e-01
9.989165040944631979e-01
9.968535652276303560e-01
9.984500482905422913e-01
9.950316203766059742e-01
9.982070625765420147e-01
9.977175214292555161e-01
9.956274517046358463e-01
9.967800955089139991e-01
9.968176580629458661e-01
9.975853588104186542e-01
9.977047854419632822e-01
9.999404285011894711e-01
9.980365316013786181e-01
9.982009565652946170e-01
9.997759368502793231e-01
1.001372016853264491e+00
1.000469247040044030e+00
1.001169722308033139e+00
1.002908167549666940e+00
1.002559278892827255e+00
1.001880470075596330e+00
1.002065668918628472e+00
1.002035084709951507e+00
1.001615754032080252e+00
1.000270842041630859e+00
1.000728870114001801e+00
1.001484987821074979e+00
9.991981423692164466e-01
1.000429014113007220e+00
1.001306274006467101e+00
9.993874862888638688e-01
9.996708008902062126e-01
9.998874996503703816e-01
9.993570603247152739e-01
9.998521403192530688e-01
1.000218378686416498e+00
9.992086124545935810e-01
9.989582477116825121e-01
9.985309160880855295e-01
9.999738030384714982e-01
9.992742048161826762e-01
9.996971462087060889e-01
9.994314443019765015e-01
1.000438540536134235e+00
9.991756558909887787e-01
1.001099077223498890e+00
1.000938176563791693e+00
9.993772452076251644e-01
1.000401053271717355e+00
1.000030068298539243e+00
1.000626000967319795e+00
1.000893467383467739e+00
1.000952914355723200e+00
1.001339079927775488e+00
1.001368717716039525e+00
1.000190561307992665e+00
1.000367587425232907e+00
1.000675730897383264e+00
1.000584064700438258e+00
1.000346467773170156e+00
1.000302558052955870e+00
1.000506049850910850e+00
9.997084904467281596e-01
9.993218969193796708e-01
9.997390121440773436e-01
9.996331890239646967e-01
9.987330664161535587e-01
1.000411119893454881e+00
9.994580476978448536e-01
9.998606363178834666e-01
9.996123678195614204e-01
9.990914046462382458e-01
9.998228292445233700e-01
9.995652344099470454e-01
9.996481507481497220e-01
1.000538420421697605e+00
9.994356593817335099e-01
1.000281266833687566e+00
1.000971622712789388e+00
1.000286178546315519e+00
1.000829298465370165e+00
1.000441254670789037e+00
1.001054329278083133e+00
1.000790984076295631e+00
1.000062868458160725e+00
1.000039375683922982e+00
9.993412462977905308e-01
9.995047048536502832e-01
9.997342510497089219e-01
1.000234349522583610e+00
9.998774633132397893e-01
1.000684293154413540e+00
1.000691780395996711e+00
1.000045923222157018e+00
1.000192866297371586e+00
9.997485264091855450e-01
9.998990221906005615e-01
9.998190799569456333e-01
1.000128426224816014e+00
1.000004658741276309e+00
9.996770952195800364e-01
9.993376734742897005e-01
1.000033395970578054e+00
9.997530789338712198e-01
1.000312128704640369e+00
9.998679168437971665e-01
1.000215390437614316e+00
1.000008037266405747e+00
1.000940576601567544e+00
1.000113712775399621e+00
9.999542801810826775e-01
1.000079547397217272e+00
1.000050325192202827e+00
1.000684916736472863e+00
1.000082927043182579e+00
9.996971245508972093e-01
9.992129763772344964e-01
1.000553795817695768e+00
1.000447679469949058e+00
9.995938199494629472e-01
1.000319342683982260e+00
1.000016320566852634e+00
1.000577647120377334e+00
9.995994520986264398e-01
9.999624180895154701e-01
9.999910644658245307e-01
9.992897922388442877e-01
9.998198936610626086e-01
1.000246535944293136e+00
9.996654633997946737e-01
1.000468427668854021e+00
9.998670495542779646e-01
1.000173073036465743e+00
9.995865333750310056e-01
9.998393570414545461e-01
1.000263270157247142e+00
1.000523605778117275e+00
1.000174819633631751e+00
1.000222421412465090e+00
9.997110838665128618e-01
9.997357037008139935e-01
1.000319770316557833e+00
1.000281065436996908e+00
1.000688053194438210e+00
9.991791316519206267e-01
1.000072869314686086e+00
9.999604116321101355e-01
1.000115328030160011e+00
9.998654134909269464e-01
9.999250876650949138e-01
1.000475920821341180e+00
1.000025193555440950e+00
9.997228228313604914e-01
1.000153985808114099e+00
9.998457645151463957e-01
1.000718867536375845e+00
9.996352128099055268e-01
1.000522756687861392e+00
1.000397398568927843e+00
9.995579547981525703e-01
9.994538303244956401e-01
1.000089112724324769e+00
1.000203707537302256e+00
1.000008635287562786e+00
9.998190314760008190e-01
9.998422493472014505e-01
9.994274114747812021e-01
1.000106290735319980e+00
1.000308428669177241e+00
1.000426205331888196e+00
1.000080701039150810e+00
9.998941699243908410e-01
1.000351900406035943e+00
1.000156906485619723e+00
1.000537593945053372e+00
1.000409731281733272e+00
9.997240821964544777e-01
9.998534819810823704e-01
1.000383295413922680e+00
1.000045406800739389e+00
1.000076551416034576e+00
1.000025698330479607e+00
9.999905324068510959e-01
9.987507069577753471e-01
9.912305789292310543e-01
9.804724081007853975e-01
9.696813886637799529e-01
9.586019185197247605e-01
9.479034579091037971e-01
9.381964092244947651e-01
