0.000000000000000000e+00
0.000000000000000000e+00
0.000000000000000000e+00
0.000000000000000000e+00
0.000000000000000000e+00
0.000000000000000000e+00
0.000000000000000000e+00
0.000000000000000000e+00
0.000000000000000000e+00
0.000000000000000000e+00
0.000000000000000000e+00
0.000000000000000000e+00
0.000000000000000000e+00
0.000000000000000000e+00
0.000000000000000000e+00
0.000000000000000000e+00
0.000000000000000000e+00
0.000000000000000000e+00
0.000000000000000000e+00
0.000000000000000000e+00
1.563716055546905903e-05
3.555578018066075929e-02
1.032992843992418530e+00
3.363586000853418412e+00
3.300581070186359600e+00
1.826357876371075939e+00
8.228502838442103284e-01
3.748245372360130001e-01
1.968043042496679662e-01
2.259202277898331446e-01
8.451595956343113114e-01
1.744954502034698152e+00
1.904950030090317714e+00
1.463119062186429842e+00
9.835264982517141208e-01
6.944381446268540481e-01
5.857324722889176716e-01
5.790655819460505116e-01
6.344182649476711733e-01
7.172573832065083366e-01
8.188389814389661625e-01
9.197113857107819257e-01
1.012038378733267630e+00
1.094216460613971265e+00
1.161430870313842512e+00
1.203197474480063978e+00
1.230739486810566552e+00
1.230450513874564278e+00
1.208512163547767582e+00
1.174864495130259590e+00
1.131588549901737073e+00
1.086331737684678611e+00
1.045960662444943345e+00
1.007568041017448346e+00
9.782732463524984601e-01
9.564381041959553187e-01
9.392921209955704676e-01
9.301630103843570030e-01
9.232683219092242544e-01
9.197164027540817299e-01
9.197751821886557266e-01
9.291153199191229950e-01
9.405279463320390665e-01
9.519890316279592257e-01
9.655457043642969861e-01
9.793430038371269131e-01
9.912735763280858814e-01
9.982944346020127258e-01
1.007087013939265585e+00
1.012886003469410490e+00
1.018742550977490113e+00
1.021252147405418587e+00
1.022726429096890488e+00
1.021202554004275953e+00
1.020965248795190350e+00
1.018952343892121748e+00
1.015249646909157866e+00
1.011025461593450414e+00
1.007361877936852723e+00
1.002438391760325009e+00
1.002789299979156556e+00
1.000030770308794725e+00
9.996319328391792824e-01
1.000128521887346356e+00
1.000741504388468650e+00
9.983280427945955271e-01
9.987148920610806613e-01
9.985546684596930955e-01
9.986266389929616683e-01
9.999025574685617146e-01
9.992165419028018469e-01
9.985577975059969358e-01
9.973443005090898428e-01
9.960675253348162395e-01
9.984042404453414843e-01
9.981535923528865872e-01
9.978146079505347821e-01
9.980614517308188383e-01
9.979564699610579126e-01
9.975717420770002786e-01
9.987707848149175449e-01
9.999467041317805505e-01
1.000371331829363442e+00
1.000538329289170969e+00
9.995846314830879598e-01
1.000170151990988909e+00
1.000712831733035824e+00
1.001723789955910382e+00
1.003179765643535948e+00
1.002146258661634093e+00
1.003192168456536137e+00
1.002447102320552119e+00
1.002588288518794446e+00
1.001066802950792756e+00
1.001823678833196229e+00
1.001294315523703515e+00
9.998169878544577172e-01
1.001365822631869351e+00
1.000848377556592173e+00
9.995350203620970708e-01
1.000164208372403385e+00
1.000075899860202400e+00
1.001311772300035319e+00
9.993958387384161979e-01
9.998735890905586787e-01
1.000115372924760715e+00
1.000244702029897681e+00
9.984137431449711109e-01
9.992618021100660997e-01
9.983362235645784066e-01
9.989139762408651979e-01
1.000343595523038420e+00
1.000169802396479346e+00
9.997170804006882960e-01
9.995403403477458593e-01
9.999744472563047992e-01
9.996229227800113026e-01
1.001387565701650217e+00
1.000699396567810817e+00
1.000931442637172042e+00
1.000659292550889923e+00
1.001552118058900653e+00
1.000948025463994639e+00
1.001038426446876128e+00
1.001015664028058749e+00
1.001043946256918282e+00
1.000794428306755579e+00
1.000827903631657856e+00
1.001179541252468441e+00
1.000228274091563563e+00
1.000829850956174605e+00
9.997943652962247851e-01
9.996164340052524633e-01
1.000939374782409574e+00
1.000677054026766433e+00
9.992239153627746617e-01
9.997090146536151689e-01
9.984990253929650894e-01
9.994964690724169598e-01
1.000241404689855340e+00
1.000176315789357284e+00
1.000253361608189895e+00
9.992222735559245228e-01
1.000268565964946177e+00
9.997113938127812904e-01
1.000616010155907398e+00
1.000488415085108773e+00
1.000227635483021738e+00
9.998162027211661140e-01
1.000836672292170659e+00
1.000687568328265442e+00
1.000528179868616974e+00
1.000333049754684511e+00
9.998639131617456099e-01
1.000044559593031179e+00
1.000194373709295315e+00
1.000186928122770658e+00
1.000975459881572549e+00
9.994249409531597017e-01
1.000955847858699066e+00
1.000188145963544439e+00
1.000377762847687757e+00
9.995174397088565366e-01
1.000613876310411321e+00
9.993285750528544398e-01
1.000770601857844611e+00
1.000618419162607520e+00
9.989067678260102889e-01
9.999843321214060277e-01
1.000288413710265445e+00
9.995801492732534488e-01
1.000131153910825965e+00
9.996451363883517294e-01
1.000102456534367246e+00
1.000613087193321427e+00
1.000589760627031977e+00
9.997788519271789687e-01
1.000392624223132021e+00
1.000292074509233631e+00
1.000449443747523981e+00
9.996522044622868641e-01
9.998034526990053905e-01
9.999779794542208444e-01
1.000526476446892188e+00
1.000061181224295437e+00
1.000534346657583784e+00
1.000334756626207744e+00
9.992866567206094564e-01
1.000602692288034001e+00
1.000015267241582961e+00
1.000600528496174535e+00
1.000192727118904168e+00
1.000036760701598526e+00
1.000751435647559973e+00
9.998615071778168550e-01
1.000082599185770471e+00
9.998463646342180544e-01
1.000162129730596483e+00
1.000658503833077528e+00
1.000045979751477132e+00
1.000274387425928335e+00
9.997322045730799855e-01
9.998526475398752389e-01
1.000281183158126419e+00
9.999801072029464999e-01
1.000064460506938424e+00
1.000490907888265335e+00
1.000421029742730283e+00
9.999275771583772121e-01
1.000558292643098035e+00
1.000141354127342286e+00
9.997129065626767508e-01
9.998673913010239778e-01
9.993993291709790672e-01
9.999162172043307706e-01
1.000084553228651751e+00
1.000073864693589165e+00
1.000439932690239342e+00
1.000316372647097385e+00
9.999682831552763052e-01
1.000089795398581227e+00
1.000135225641960890e+00
1.000372342328718966e+00
9.988706635417460289e-01
1.000389143221360966e+00
1.000215696243982100e+00
1.000325722550902796e+00
9.998402445200247346e-01
9.999260094884792061e-01
1.000199905922003918e+00
1.000119245706817761e+00
9.993533723908230026e-01
1.000599884594735034e+00
1.000573303486913757e+00
9.995685313708724262e-01
1.000521344756088782e+00
9.997457852361728570e-01
9.999204533362411329e-01
1.000595725134731939e+00
1.000081307331588842e+00
1.000612949759209336e+00
9.998215423460643514e-01
1.000215586716170613e+00
1.000553466546504344e+00
1.000529294963806937e+00
1.000241283709655038e+00
1.000531422685083216e+00
9.999913285559047793e-01
1.000073452356802228e+00
1.000161664354418445e+00
1.000333435300326368e+00
1.000081864301496593e+00
1.000379730431931291e+00
9.990192594721951647e-01
9.913578466423822455e-01
9.802075892254267231e-01
9.690377466069777235e-01
9.584559670428204337e-01
9.479799782219550108e-01
9.376010901463516234e-01
