0.000000000000000000e+00
0.000000000000000000e+00
0.000000000000000000e+00
0.000000000000000000e+00
0.000000000000000000e+00
0.000000000000000000e+00
0.000000000000000000e+00
0.000000000000000000e+00
0.000000000000000000e+00
0.000000000000000000e+00
0.000000000000000000e+00
0.000000000000000000e+00
0.000000000000000000e+00
0.000000000000000000e+00
0.000000000000000000e+00
0.000000000000000000e+00
0.000000000000000000e+00
0.000000000000000000e+00
0.000000000000000000e+00
0.000000000000000000e+00
1.564129668905374490e-05
3.445599482885702836e-02
1.023293870469295097e+00
3.335931713007129762e+00
3.297204908871749662e+00
1.818298415153213998e+00
8.215046424350663790e-01
3.734893897824200226e-01
1.950272464032164477e-01
2.265389863349395183e-01
8.391784212580557512e-01
1.734855241897654166e+00
1.901539042019074532e+00
1.454537564853608744e+00
9.806438945393537443e-01
7.015493712898358547e-01
5.864252759988992647e-01
5.853242522724730890e-01
6.355396572963121216e-01
7.205735642243011885e-01
8.200455612433951158e-01
9.219548888843767109e-01
1.012651843624101655e+00
1.093661630119889150e+00
1.158275394651522738e+00
1.202359808483158821e+00
1.222724954594085256e+00
1.226227496895471614e+00
1.204807153668622233e+00
1.170740043796309582e+00
1.128020980839240961e+00
1.081711089657337865e+00
1.044348203931449337e+00
1.005544517584971098e+00
9.761459527781725098e-01
9.539740407043297843e-01
9.385025902751572557e-01
9.278220398504788413e-01
9.218892243387222241e-01
9.226208194050883327e-01
9.234168108628548755e-01
9.288309175433319131e-01
9.391020864825783132e-01
9.538631468374744182e-01
9.647201751578786677e-01
9.761219389136188695e-01
9.894871410437723336e-01
9.979885251523485934e-01
1.005964877606861041e+00
1.010980244646284332e+00
1.018043754840397552e+00
1.019948188037501646e+00
1.019767412602467616e+00
1.021321762777884334e+00
1.019783062287575870e+00
1.016013205385539298e+00
1.012505206844388050e+00
1.009360907978814170e+00
1.006119743337592132e+00
1.002886622732911626e+00
9.999236735441797697e-01
9.992510498163144073e-01
9.973095356702965653e-01
9.979149912321236826e-01
9.984207032785809011e-01
9.984482110201849947e-01
1.000662605031223729e+00
9.972456389109901620e-01
9.995446847447667649e-01
9.990672204550425928e-01
9.976169215536915269e-01
9.987928676626214308e-01
9.979469625437562552e-01
9.977245164715738968e-01
9.960540601677714267e-01
9.972368285261997700e-01
9.961116053197613951e-01
9.970501394827618880e-01
9.978944977677807193e-01
9.967239458540201325e-01
9.983254582383198628e-01
9.979846492596728957e-01
9.986747705272752684e-01
9.999903902059894545e-01
1.001436627319870709e+00
1.000370318656105040e+00
9.990055652130869213e-01
1.000630186267231547e+00
1.001479280052651522e+00
1.001966095938469747e+00
1.000389476012799816e+00
1.001772530015690332e+00
1.001874802383066587e+00
1.002476827592222453e+00
1.001293823499374236e+00
1.000732190559014745e+00
1.000332854329738730e+00
1.001537355640688354e+00
1.000930512372944614e+00
9.992275965762625889e-01
9.998333490070531182e-01
9.996821839857196190e-01
9.998854869775508636e-01
9.982846966863241356e-01
9.993703401023396049e-01
9.996882394862592891e-01
9.984755660306278147e-01
9.998312662837862685e-01
9.991096376921317912e-01
9.986630157820333142e-01
9.999460489094429416e-01
1.000187691049761796e+00
1.000206293506820110e+00
1.000060086757080358e+00
1.000733650914646056e+00
1.000906417466676190e+00
9.993763920852087868e-01
1.000571651981580379e+00
1.001819225261859181e+00
1.000077593957646060e+00
1.000508990781114660e+00
1.000745920901623620e+00
1.001317684023736998e+00
9.999638611716770153e-01
1.001404182672610110e+00
9.999860742252054679e-01
1.001351690359002289e+00
1.000546873171501483e+00
9.998952537835558152e-01
1.000021303806394535e+00
1.000575296271732029e+00
9.992550557056606442e-01
9.981591980881441284e-01
9.992958552371428160e-01
1.000076344999349276e+00
9.995015397230454512e-01
9.994964383650108974e-01
9.992619318322234490e-01
1.001221138291038315e+00
1.000244443554950902e+00
1.000396205574942243e+00
9.995683898468602502e-01
1.000778264992371769e+00
1.000448786166082016e+00
1.001084690195935156e+00
1.001296655360265575e+00
9.998525640592424990e-01
1.001191689965966525e+00
1.000920069583795424e+00
1.000681713543606799e+00
1.000662771565965947e+00
1.000291670519260157e+00
1.000403653492070610e+00
1.000269256329598733e+00
1.000507500171671227e+00
1.000938997454441370e+00
1.000786413394552321e+00
1.000485658741000705e+00
1.000138090805720470e+00
9.996192231334837253e-01
9.995506773963800384e-01
1.000104507290973777e+00
9.999628314799604567e-01
9.998370762846208182e-01
9.998903401265857305e-01
1.000200555990189422e+00
9.995198768305865178e-01
1.000195608849948625e+00
9.995323973373120285e-01
1.000614512452605576e+00
9.996041382189368996e-01
9.999109264152715726e-01
9.996762410733207593e-01
1.000589289262240333e+00
1.000606468838259655e+00
1.000450698720340981e+00
1.000408020480431981e+00
1.000263668067337797e+00
1.000128670039180934e+00
1.000794681319142176e+00
9.997718819465267748e-01
1.000374594543102846e+00
1.001103935107002352e+00
1.000381208043188863e+00
9.999160158487260253e-01
1.000914356024140028e+00
1.000017633958364405e+00
1.000295218257118535e+00
1.000812611157603005e+00
1.000477207957172432e+00
1.000970392107985552e+00
9.996896315965567714e-01
1.000093803545390125e+00
1.000554301293117065e+00
9.999860849077157887e-01
1.000025622235312328e+00
9.998413811899994341e-01
9.996554881803305648e-01
1.001115013613169236e+00
1.000249092817122598e+00
1.000720164715434013e+00
1.000199790786004739e+00
1.000052042093408700e+00
1.000067337729498851e+00
1.000475629779812303e+00
1.000321873169032427e+00
1.000123492826270111e+00
9.999880042004496428e-01
9.998119132900809003e-01
1.000097840343369571e+00
1.000571591382636738e+00
9.999200470539306718e-01
1.000804201501079627e+00
1.000729404423373659e+00
9.995618672569066554e-01
1.000244525384589966e+00
1.000103183653765937e+00
1.000172938833632674e+00
1.000396032255432166e+00
1.000345336874798763e+00
1.000675890820589498e+00
9.998106517172727914e-01
1.000111710282562516e+00
1.000053765446001997e+00
9.999462604004663024e-01
1.000289907558118419e+00
9.993933935417564918e-01
1.000396964815206013e+00
1.000910742872309855e+00
1.000080661196420362e+00
9.997823852992941962e-01
9.999951205470705151e-01
1.000216852718230021e+00
9.996201882925304094e-01
9.994034532952521532e-01
1.000348291968166992e+00
1.000068183472355487e+00
1.000394551185957548e+00
1.000147465326278962e+00
9.999456427545454495e-01
1.000238283217745883e+00
1.000262906990086131e+00
1.000214425290594678e+00
9.995157512465865368e-01
9.996889775473982720e-01
1.000356623923842836e+00
1.000095312804271774e+00
9.997495770426059192e-01
9.998691379896496034e-01
9.998398198409084170e-01
1.000302684075688786e+00
1.000183617048892915e+00
1.000199519191880659e+00
9.995797921103816153e-01
9.913761074532478901e-01
9.804539541703241046e-01
9.690340991086860978e-01
9.588574431441513335e-01
9.483933889865554523e-01
9.379143995820278246e-01
