0.000000000000000000e+00
0.000000000000000000e+00
0.000000000000000000e+00
0.000000000000000000e+00
0.000000000000000000e+00
0.000000000000000000e+00
0.000000000000000000e+00
0.000000000000000000e+00
0.000000000000000000e+00
0.000000000000000000e+00
0.000000000000000000e+00
0.000000000000000000e+00
0.000000000000000000e+00
0.000000000000000000e+00
0.000000000000000000e+00
0.000000000000000000e+00
0.000000000000000000e+00
0.000000000000000000e+00
0.000000000000000000e+00
0.000000000000000000e+00
0.000000000000000000e+00
0.000000000000000000e+00
0.000000000000000000e+00
0.000000000000000000e+00
0.000000000000000000e+00
0.000000000000000000e+00
2.434843292076965815e-02
4.383280799834849972e-01
1.518573627301297746e+00
1.905902183593671584e+00
1.395937160358572182e+00
8.081842654410366089e-01
4.573322724361801872e-01
3.137395050382943973e-01
2.540236991165949476e-01
2.453109108768425639e-01
2.539328330622797059e-01
2.691744756382190018e-01
2.405600392588528869e-01
2.367535859020789835e-01
2.435701455330022136e-01
2.661608159391237183e-01
3.204823281478543784e-01
4.295603205235021260e-01
5.767980365029564682e-01
7.187990400938183422e-01
9.104637015880834294e-01
1.097750893225414304e+00
1.248073574416600717e+00
1.376995656084554209e+00
1.443166916253440624e+00
1.543869489777217829e+00
1.592568795490931333e+00
1.576217796132048043e+00
1.511002376444624096e+00
1.404113974875293103e+00
1.300185054359815462e+00
1.152093449396738523e+00
1.053816119478737212e+00
9.595181796001098773e-01
9.241369446227976070e-01
9.075838964494249428e-01
8.882762664535760466e-01
8.890509208280505948e-01
8.804725913845612428e-01
8.992652532742204663e-01
8.994092406837150833e-01
9.173968413024714552e-01
9.333003926917203819e-01
9.447741101498126071e-01
9.748162611304715952e-01
9.925859508729699687e-01
9.997433712484306012e-01
1.018517477836547114e+00
1.013486392073062570e+00
1.025134013159709534e+00
1.028195407651665727e+00
1.035640996957381876e+00
1.019950382794032828e+00
1.019855574012678900e+00
1.017137386428530021e+00
1.007685764719537191e+00
9.941445850786425620e-01
9.915992168136450458e-01
9.778693823408554087e-01
9.832864327036175967e-01
9.753337528570837911e-01
9.908838302808800069e-01
9.851872733066638910e-01
9.846217578480767063e-01
9.902410893435332762e-01
9.986598537990833968e-01
1.002141729174710560e+00
1.008231638583246159e+00
1.012225251062709219e+00
1.015619772783451724e+00
1.022741849620310228e+00
1.014733233980864346e+00
1.018509270597555583e+00
1.024813971991488604e+00
1.018970946084003293e+00
1.023722380930972786e+00
1.012829443251979988e+00
1.009882931015538166e+00
1.003564930860904481e+00
1.004882384956056640e+00
9.976377115370839155e-01
9.926916446088379642e-01
9.997692817086822892e-01
9.989827328124089023e-01
9.968204840019403434e-01
9.902552616730080359e-01
9.888361058856036667e-01
9.912479871896756611e-01
9.974458937057456565e-01
1.001869624637810041e+00
1.000603832804828119e+00
1.000745588770352912e+00
1.002227220860913981e+00
1.005591615608939504e+00
9.944304660360624437e-01
1.004179983051570524e+00
1.006355737626602131e+00
1.009683748290676419e+00
1.002957265882622684e+00
1.000805454664452698e+00
9.989733525062319819e-01
9.986827858131777091e-01
1.004049841313009894e+00
1.000129921189085058e+00
9.986249423691445637e-01
9.943286013578257476e-01
9.950473403271410389e-01
9.972212988475938067e-01
9.991161653946980525e-01
9.998629879921593355e-01
9.930641834810675084e-01
9.953487547812428504e-01
1.006610610351293511e+00
9.969001589940750252e-01
1.001399813925114346e+00
1.004879751048603609e+00
1.007982537426293623e+00
1.006081585133552725e+00
1.007878987092274414e+00
1.000724010262965757e+00
1.005357827624304923e+00
1.006096754411349936e+00
1.001538559445792842e+00
1.003164563316660818e+00
1.001425268780226085e+00
9.974436103591465264e-01
1.005429397850899909e+00
9.975114720376745403e-01
1.004331892332810172e+00
1.004908219660442859e+00
1.000059499445547173e+00
1.006429348254221035e+00
1.003122582888432257e+00
9.985991354400227671e-01
9.982732880639471063e-01
9.993279151345967337e-01
1.001775124011782481e+00
9.965721947231139799e-01
9.977181509873388476e-01
1.004250081118452265e+00
1.000747044509957551e+00
1.003810210123299296e+00
9.995166039057339358e-01
1.004770230208936743e+00
9.984660988215866562e-01
9.989530050984540832e-01
1.004541055021647811e+00
1.001063293794667075e+00
9.970800193262173705e-01
1.004152632838067216e+00
9.976399161641641422e-01
1.002986011471938665e+00
9.966990494618043206e-01
1.000536624684861264e+00
1.005196256257373966e+00
9.979253497473425938e-01
1.002625923454117274e+00
1.005321042519727426e+00
1.002133250794219554e+00
1.003544914612098937e+00
9.982433953492583223e-01
9.988392540395567565e-01
1.003110695168925481e+00
1.000388218334531176e+00
1.000889280118503200e+00
1.005975060481063998e+00
9.999237767157136414e-01
1.004079748581845344e+00
1.002461290011273487e+00
9.970040841128392506e-01
9.979312251736018879e-01
9.989642793931177156e-01
1.002691900020933335e+00
9.960291395074035714e-01
1.001661937896838772e+00
9.985854533813990352e-01
9.976839918804198959e-01
1.001107065649394334e+00
1.000738047860634028e+00
1.001339965699474144e+00
1.000948576772088039e+00
1.001779392474402730e+00
1.002744281672900417e+00
9.979843732091192576e-01
1.000534028952681176e+00
1.000049356683493817e+00
9.939444985445647918e-01
9.988322033817235157e-01
1.000321880604831071e+00
1.000656445281053131e+00
9.986956274467345684e-01
1.001921657043781888e+00
9.996134368331176523e-01
1.000644597257300372e+00
9.998432530889730385e-01
1.002110942745735978e+00
9.996311304857286029e-01
9.999165578338563565e-01
9.979063452339538287e-01
9.988086451845639147e-01
1.000897844109254420e+00
1.001721188071149404e+00
1.001709169300391222e+00
9.977062486724180834e-01
1.002914562988917346e+00
1.002559800604635454e+00
9.957470401012359362e-01
1.000593131456513740e+00
9.958033784317030790e-01
1.004580806471790044e+00
1.000159036692144898e+00
9.969227761827145207e-01
9.985247603108777792e-01
9.953183548981539008e-01
1.003831211620660691e+00
9.978520012285347907e-01
9.976932826626847550e-01
1.002396882845160375e+00
9.953537008103118255e-01
1.000444291791517948e+00
9.990506256090612158e-01
1.000274004680614670e+00
9.995754142958558353e-01
9.992071623531701974e-01
1.001036879927255763e+00
9.976510757062238000e-01
9.935016244264810448e-01
1.000827670084572851e+00
1.000806673673751090e+00
1.000135863224139721e+00
9.985989118857682145e-01
9.989430922008251112e-01
9.999751784693717838e-01
9.971410768897976951e-01
9.983792630452299477e-01
1.000139107618903900e+00
1.000330589489378141e+00
9.975100157593218553e-01
1.000918073595895130e+00
9.951120057749978098e-01
9.950277870761234933e-01
9.961858187816713395e-01
9.998710857597098434e-01
9.983453407383177103e-01
1.001611030741674790e+00
9.944238403088380140e-01
9.841980486353254509e-01
9.743177884060683080e-01
9.659211688950837260e-01
9.534177690076099942e-01
9.448377524675979355e-01
9.334276484905181803e-01
9.228643342121880533e-01
9.113222587113547490e-01
