0.000000000000000000e+00
0.000000000000000000e+00
0.000000000000000000e+00
0.000000000000000000e+00
0.000000000000000000e+00
0.000000000000000000e+00
0.000000000000000000e+00
0.000000000000000000e+00
0.000000000000000000e+00
0.000000000000000000e+00
0.000000000000000000e+00
0.000000000000000000e+00
0.000000000000000000e+00
0.000000000000000000e+00
0.000000000000000000e+00
0.000000000000000000e+00
0.000000000000000000e+00
0.000000000000000000e+00
0.000000000000000000e+00
0.000000000000000000e+00
0.000000000000000000e+00
0.000000000000000000e+00
0.000000000000000000e+00
0.000000000000000000e+00
0.000000000000000000e+00
0.000000000000000000e+00
2.600820804743458198e-02
4.768617045522443032e-01
1.577161847941503714e+00
1.967724198159408688e+00
1.441453578279330960e+00
8.363724239453884657e-01
4.584299809971918438e-01
3.033467421233249084e-01
2.602238889606293681e-01
2.471578476307083327e-01
2.466368100428806276e-01
2.518986457868281348e-01
2.379349547431909850e-01
2.365013587448870636e-01
2.302986604378694790e-01
2.664957660143094653e-01
3.347860914916835906e-01
4.222635461611002894e-01
5.752203007611176311e-01
7.233886614427601502e-01
9.117996210611112318e-01
1.072071409177248302e+00
1.236326435915467536e+00
1.334311135297432171e+00
1.448633735441292147e+00
1.516154667877967821e+00
1.565968690037553346e+00
1.574567483498800380e+00
1.503785841744921914e+00
1.379807384279290616e+00
1.294871818651656126e+00
1.150314860898077773e+00
1.034610130076457413e+00
9.787163545039796464e-01
9.216825395250641817e-01
8.943679943211687577e-01
8.931396040159537142e-01
9.045567921795799604e-01
8.919979045815640273e-01
8.997062204532680907e-01
9.185997344823695343e-01
9.275350932704269358e-01
9.392099900851592631e-01
9.576753625647382862e-01
9.706199035846891920e-01
9.831840875516965061e-01
1.001134894109641849e+00
1.014655075822966435e+00
1.022400798532862920e+00
1.033881522711566747e+00
1.029377067171765914e+00
1.027862438425673819e+00
1.035735327113358695e+00
1.012217014897905276e+00
1.014305122234909096e+00
1.004454277492058845e+00
9.948451192944969268e-01
9.803540922187342632e-01
9.778564561745252126e-01
9.766277927829029037e-01
9.640492735669873303e-01
9.675709565033872028e-01
9.712306719379437681e-01
9.785195965809080354e-01
9.803579171915787205e-01
9.839543850514437251e-01
9.895463936127381066e-01
9.912360055879123610e-01
1.003290175253064298e+00
9.999670766694686019e-01
1.007578548842423816e+00
1.017377069540182477e+00
1.011545753431818184e+00
1.003994603411584086e+00
1.011300147062251353e+00
1.001602255165398914e+00
1.003641984566469914e+00
9.930896804454771853e-01
9.948321525860038816e-01
1.002267596333660027e+00
9.944035486078507402e-01
9.964787098930562026e-01
9.917997109150213930e-01
9.980132151913475580e-01
1.000658565857828641e+00
9.877881090782938411e-01
9.868115403281596532e-01
9.958958706703480157e-01
9.959059996435997153e-01
9.932037213746918169e-01
9.955649741949588183e-01
9.927517137957397875e-01
1.006849699333175474e+00
9.979442197026348049e-01
1.005752550937177858e+00
1.006312175731339131e+00
1.005681940370988237e+00
1.000599008112506239e+00
1.006429197926697050e+00
9.982628586176544028e-01
1.005031793231439652e+00
9.971991861084987807e-01
1.001141474313508306e+00
9.988188816543731585e-01
9.999808998789555536e-01
9.876290781454472034e-01
9.958531291615728698e-01
9.952999061944834969e-01
9.914653994644939683e-01
9.990346807525305461e-01
9.958356222060579244e-01
1.002941355412541480e+00
9.970746120595085360e-01
9.948598153826700985e-01
9.969567058564877682e-01
9.997516427260927374e-01
1.000275104070249332e+00
1.002699317710057159e+00
9.924352276415463470e-01
1.000159953447653516e+00
9.951222766600639202e-01
9.944361788128254220e-01
9.992076654522071832e-01
9.981866933701069033e-01
9.937420344827311292e-01
9.939421428290632354e-01
9.969014452935550663e-01
9.970775850476691904e-01
9.937029201336891049e-01
9.943510363322902723e-01
9.965552469484727505e-01
9.963496707685112197e-01
9.982205973478380789e-01
9.935520915056631486e-01
9.951218403929534828e-01
9.957085960171726535e-01
9.995835856356737326e-01
9.953814059054075791e-01
9.943800352227963879e-01
9.988660180789072918e-01
9.969275012446973117e-01
9.970577036715357888e-01
9.987914113212726930e-01
9.984937181223308977e-01
9.956051565261794245e-01
9.966537896629166227e-01
9.998518259323667667e-01
9.989520011874351013e-01
1.000212926029575122e+00
9.966312952752484078e-01
9.899665673777567898e-01
9.947139856126723245e-01
9.945207065878305386e-01
9.954210769759145316e-01
9.923532145550016947e-01
9.959595417124755823e-01
9.959204454993073607e-01
9.946022673601307984e-01
9.976215652503171993e-01
9.991719254402989803e-01
1.000705100759008870e+00
1.000257540572505599e+00
9.969994136437120291e-01
9.970469024423019855e-01
9.941504104590890289e-01
9.981298611715467839e-01
1.002590165813376233e+00
9.958351574812843721e-01
9.966639410036634006e-01
9.932385867712689720e-01
9.953311214140734275e-01
1.001292505542885181e+00
9.996159278249501234e-01
9.968263728112615185e-01
9.991349534943538835e-01
9.978590054341784921e-01
1.000059050930292237e+00
9.964716718848254384e-01
9.969748896265416827e-01
9.970978692706371493e-01
9.927233543990147124e-01
9.982818276003909697e-01
9.982340458096732316e-01
1.001606125198302832e+00
9.991480870704948503e-01
9.998014311986728186e-01
9.968962642336042235e-01
9.965552006725145739e-01
9.995567275793523221e-01
9.969148491199618656e-01
9.968498685438664797e-01
9.947936959844810856e-01
9.960508275741554174e-01
9.967351742486011412e-01
9.991025655791059279e-01
9.989012831362803491e-01
9.982753621306714731e-01
9.984793953498434238e-01
9.990766940441168087e-01
9.996742540367282714e-01
9.969603473350931999e-01
9.928395437668247059e-01
9.960981090395663040e-01
9.968554820786904580e-01
9.984683224207537844e-01
9.967158796854076463e-01
9.993358302784901559e-01
9.955365876220602095e-01
9.958996936021493607e-01
9.967434203348862765e-01
9.981965767173436310e-01
9.978982592933874907e-01
9.952147297613794796e-01
9.983778813635547644e-01
9.956470822038502311e-01
9.938638074769344799e-01
9.973627259852072546e-01
9.966973098070651682e-01
9.977947478432531714e-01
9.974357573384604603e-01
9.966739009810153815e-01
9.942269488976117620e-01
9.993607090383506142e-01
9.945550947752944682e-01
1.000518796845754066e+00
9.969465725455732841e-01
9.971032700015433070e-01
1.000239753409643439e+00
9.963079659978095748e-01
9.975803624721749641e-01
9.994628166529264668e-01
9.946919571822462336e-01
9.967513781342164370e-01
9.946489980804769093e-01
9.990073589991198544e-01
9.983553475932600563e-01
9.989551564254744997e-01
9.955543694408663935e-01
9.952272544489741968e-01
9.960801677380749508e-01
9.964291334085711993e-01
9.960584499502518341e-01
9.975289333602808117e-01
1.000081834632687183e+00
9.980044251377914177e-01
9.967568672717747047e-01
9.865559423175120912e-01
9.774611492266358503e-01
9.642139255303439072e-01
9.568665338447164270e-01
9.437779742657403936e-01
9.335161876294779670e-01
9.212336044715694339e-01
9.099245783205557325e-01
