0.000000000000000000e+00
0.000000000000000000e+00
0.000000000000000000e+00
0.000000000000000000e+00
0.000000000000000000e+00
0.000000000000000000e+00
0.000000000000000000e+00
0.000000000000000000e+00
0.000000000000000000e+00
0.000000000000000000e+00
0.000000000000000000e+00
0.000000000000000000e+00
0.000000000000000000e+00
0.000000000000000000e+00
0.000000000000000000e+00
0.000000000000000000e+00
0.000000000000000000e+00
0.000000000000000000e+00
0.000000000000000000e+00
0.000000000000000000e+00
0.000000000000000000e+00
0.000000000000000000e+00
0.000000000000000000e+00
0.000000000000000000e+00
0.000000000000000000e+00
0.000000000000000000e+00
2.434498306514405047e-02
4.616435804757607064e-01
1.571218737993164583e+00
1.958764853575456488e+00
1.440850742274120355e+00
8.652435710185745199e-01
4.802596135511845166e-01
3.216585998114761535e-01
2.621492614226637596e-01
2.622342595066166626e-01
2.703760728418326265e-01
2.752154008021853171e-01
2.613671629116316453e-01
2.483007664696955941e-01
2.546700310025791780e-01
2.752608488381207974e-01
3.338825816378639955e-01
4.460304760866711238e-01
5.654331405658784560e-01
7.318360633932571302e-01
9.441207056294891320e-01
1.085797903370023798e+00
1.229394664404622084e+00
1.379020886912467603e+00
1.477627072387079021e+00
1.566067093365620000e+00
1.613702163967038139e+00
1.586651842257315037e+00
1.534337007312827073e+00
1.435769129268039679e+00
1.298235708162320812e+00
1.182547279993402478e+00
1.072799639837613173e+00
9.909390676520435370e-01
9.371704364573267831e-01
9.199382048777380305e-01
8.959098263612520485e-01
9.081991591799342123e-01
9.038393511095850208e-01
9.025797223501631494e-01
9.107051287219279923e-01
9.176079665402974150e-01
9.513047408204113875e-01
9.557422654323910471e-01
9.698698839750923284e-01
1.000464572904242733e+00
1.001819614120709634e+00
1.029846234458940968e+00
1.027275482009728513e+00
1.042815573641389992e+00
1.049663171675612405e+00
1.035720725583500368e+00
1.023684021338755468e+00
1.024414548179230833e+00
1.027367316558048582e+00
1.007777067533643933e+00
9.919769070445615400e-01
9.960289387524418059e-01
9.849146560734053368e-01
9.798779227939924397e-01
9.676648868777173451e-01
9.803639115698781215e-01
9.714532084193485684e-01
9.848461137107535901e-01
9.880605893726938094e-01
9.878661615302222199e-01
9.923487400010950754e-01
9.930423099301822765e-01
1.008622387735159220e+00
1.014368055386456247e+00
1.007741285649868646e+00
1.017634841970973536e+00
1.021569148390939707e+00
1.011558919476499341e+00
1.007496040819580774e+00
1.010714951074364043e+00
1.012038659303739152e+00
9.995462611204698478e-01
1.003778586214901569e+00
1.008615407183508506e+00
9.916035129405628146e-01
9.963339903955152899e-01
9.883219007062398198e-01
9.884539285820481691e-01
1.000036783426725640e+00
9.930844062812791417e-01
9.983062683138596016e-01
9.923291272758130166e-01
9.969933809326799734e-01
9.966445060094033526e-01
1.001521470713519157e+00
9.983520997419689236e-01
1.000618445802986090e+00
1.003068097112387536e+00
1.003308448932805907e+00
1.003919155302207544e+00
1.006757042462001817e+00
1.002954695702301224e+00
1.002627112855005498e+00
1.004648255501532361e+00
1.002899314092138727e+00
9.975492621192211251e-01
1.002448481408041214e+00
9.996174701431685961e-01
1.000651184409722116e+00
1.001895611739105130e+00
1.010865246150616015e+00
9.973089434416584353e-01
1.001455651616251386e+00
9.980598649557181901e-01
1.001703980084922119e+00
9.997192873040550154e-01
1.001494560977469028e+00
9.987957537374652084e-01
9.995748475569642411e-01
9.996329749120982378e-01
9.979842781447237909e-01
1.001296792322339035e+00
9.920472715575440192e-01
1.001087046738481368e+00
1.005577486697323275e+00
9.993007702676504067e-01
1.000550791099259706e+00
1.002170507361177743e+00
1.000588500536469194e+00
1.001204773453940655e+00
9.982522727706107935e-01
9.948055187882255401e-01
1.003424445213872751e+00
9.972045484772039670e-01
9.985136599430975979e-01
1.000232097123666453e+00
9.938695871552942762e-01
9.992824335110822576e-01
9.977320792622133006e-01
9.959830269835687755e-01
9.973949618075035328e-01
9.975721397502333998e-01
1.001188485705993392e+00
9.978297873139752028e-01
9.968205479842733308e-01
1.001285643514967294e+00
1.000011350801682131e+00
9.992108414013315398e-01
9.959184600052531922e-01
9.935134213743479492e-01
9.980191947578763711e-01
9.970034874062790875e-01
9.963325840324026572e-01
9.997647654479525636e-01
9.997750761797866703e-01
9.998776159241198336e-01
9.962346219537533409e-01
9.994722759952531232e-01
9.945576224786859543e-01
9.987866534525546847e-01
9.968018656643783393e-01
9.951900965820442702e-01
1.000210414859351804e+00
9.991057716988296367e-01
9.936441829582163265e-01
9.985539683442172798e-01
9.975385786946421307e-01
9.956474191149344843e-01
9.980703707516260792e-01
1.000211052603492634e+00
9.991161650571398489e-01
9.950638426132367709e-01
9.962329861108675244e-01
9.980676377798608501e-01
9.995359572948834259e-01
9.983495524676668786e-01
9.974657894483968112e-01
1.001306821219359655e+00
9.975083842037463233e-01
9.977883407500435231e-01
9.979548242147753268e-01
9.991119655285558565e-01
9.956064505593802405e-01
9.959576433123984440e-01
9.989932434361837865e-01
9.980543665809658016e-01
1.004278214865835572e+00
9.985114869789655234e-01
1.000791316179081125e+00
9.948213108857304476e-01
9.962906303099573480e-01
9.988228528853685395e-01
9.982544419565114735e-01
9.970337376951819985e-01
9.983220196304816163e-01
9.996275415521375107e-01
9.990566878151977415e-01
9.974218156511679423e-01
9.990381985115516228e-01
9.968206265225386664e-01
9.970953591961528861e-01
1.000389445979869008e+00
9.979808228075940368e-01
9.980557430639712679e-01
9.970898627047428686e-01
9.973257904392680562e-01
9.968969494542800902e-01
1.002821616839332908e+00
1.000018751215826507e+00
9.980888876351300398e-01
9.986395999819983604e-01
9.999809291662367094e-01
9.989871286081861701e-01
1.000293934679132635e+00
9.975022311905409333e-01
9.979148591727645679e-01
9.983627544359233719e-01
9.966338771292322374e-01
9.979648434021018977e-01
9.999527225621137605e-01
9.997655795537728762e-01
1.000409891556037101e+00
9.982126336608277972e-01
9.983521972024878011e-01
9.972973261902460251e-01
9.977310970922587119e-01
9.989335031612003313e-01
9.990437003200693944e-01
9.985015688322319560e-01
9.963055590418011809e-01
9.963291192904742966e-01
9.963954213179798680e-01
9.994168638049079068e-01
9.988095657790492243e-01
9.966175809036293964e-01
9.975297800596333309e-01
9.949020623260464991e-01
9.962900059268662289e-01
9.961075792022665576e-01
9.990795757675431377e-01
1.000411569641217246e+00
9.951998865890484547e-01
9.972796622138709877e-01
9.985377232646029944e-01
9.953600677031070321e-01
9.957894429144172888e-01
9.968078640309053773e-01
9.998090175925556933e-01
9.979639142346871106e-01
9.948233307957372595e-01
9.871907012602065823e-01
9.727692731504755663e-01
9.651679800245763774e-01
9.531726242234900282e-01
9.426096610925521757e-01
9.325914276630462574e-01
9.229364815284919477e-01
9.105589008499669346e-01
