0.000000000000000000e+00
0.000000000000000000e+00
0.000000000000000000e+00
0.000000000000000000e+00
0.000000000000000000e+00
0.000000000000000000e+00
0.000000000000000000e+00
0.000000000000000000e+00
0.000000000000000000e+00
0.000000000000000000e+00
0.000000000000000000e+00
0.000000000000000000e+00
0.000000000000000000e+00
0.000000000000000000e+00
0.000000000000000000e+00
0.000000000000000000e+00
0.000000000000000000e+00
0.000000000000000000e+00
0.000000000000000000e+00
0.000000000000000000e+00
3.329856494891596903e-05
3.732731204636208222e-02
1.077322850953152944e+00
3.483960451942727854e+00
3.434786097160102081e+00
1.887816056547801713e+00
8.490235311124637585e-01
3.844381510485848641e-01
1.965080462038359121e-01
1.198811310118124002e-01
1.865379319488309762e-01
7.214946334049878729e-01
1.505667078935807313e+00
1.754434542544260234e+00
1.462806312680442034e+00
1.064610138398859984e+00
8.013558331602976814e-01
6.834214490117660468e-01
6.722615184411093736e-01
7.240988170451679862e-01
8.090247284631374436e-01
9.034610155149671584e-01
9.873146767940041979e-01
1.071388179967707632e+00
1.133102910427273402e+00
1.176349098235004886e+00
1.208969001357581785e+00
1.217595656052179010e+00
1.202772157012042875e+00
1.173791498896766150e+00
1.133003538029204726e+00
1.093773447814461619e+00
1.057462567671442200e+00
1.028344443115863260e+00
1.002058598492010288e+00
9.796538043446234578e-01
9.617119115216798964e-01
9.461535841200389152e-01
9.379015460008286453e-01
9.299611971748854566e-01
9.262174818423376532e-01
9.308156434504106791e-01
9.352809170934760497e-01
9.453078611719332169e-01
9.547288310524471022e-01
9.642995682020106818e-01
9.780180772540661982e-01
9.846605174854241582e-01
9.934633748113467222e-01
1.003193543514882657e+00
1.006746458338173333e+00
1.010799574378925536e+00
1.016501517245557151e+00
1.016532051738767262e+00
1.018321866504392714e+00
1.017833968829399360e+00
1.014780011327271358e+00
1.015703958999741197e+00
1.014021486913004422e+00
1.008167282510411322e+00
1.006445856218414425e+00
1.005073516203275785e+00
1.001373608630850454e+00
1.002057680160559405e+00
1.001323678020298535e+00
9.990986344056961288e-01
9.992226447591771032e-01
9.974430648031511470e-01
9.960853323826442951e-01
9.968974426234378239e-01
9.980530307472468277e-01
9.969671225299424622e-01
9.956827118311362135e-01
9.968084979707770854e-01
9.958541049298184067e-01
9.957358868328133328e-01
9.955607058306763513e-01
9.948388268704180248e-01
9.965703313783528250e-01
9.962588057142256481e-01
9.974673765149015825e-01
9.987732893108894894e-01
9.991948562722694493e-01
9.982321160066384147e-01
9.995598994193140019e-01
1.000079065809947432e+00
1.001390245636798904e+00
1.000539037854143443e+00
1.000826902202020863e+00
1.002014860664399931e+00
1.000971692114807743e+00
1.001684919136406116e+00
1.000680812169520983e+00
1.001625041956992979e+00
1.001304731637240097e+00
1.001324798960462559e+00
1.001870431075710499e+00
1.000901940074049756e+00
1.000093879124677843e+00
1.000360440536255169e+00
9.990380046017696136e-01
9.994209345779329068e-01
1.000294617981210443e+00
1.000587992518294111e+00
1.000260848610171394e+00
9.987217925429419108e-01
9.997096154460092254e-01
9.995885541202005342e-01
9.994234995811074329e-01
9.985855681210965562e-01
9.998084046559414517e-01
1.000021853695176599e+00
1.000676650534015888e+00
9.988596909385482059e-01
1.001438984735775195e+00
9.999064252323313085e-01
9.993335009753346876e-01
1.000586414632067545e+00
9.993253412216513976e-01
1.000733165446986872e+00
1.000223079225385892e+00
1.000034078403746696e+00
9.995432749366843783e-01
1.001031850230231335e+00
1.000763075363809707e+00
1.000953356913820924e+00
1.000493264787652103e+00
1.000415349349815353e+00
9.989528322282363870e-01
9.999454395315408028e-01
9.996602116667355764e-01
9.993292124618908812e-01
1.000651412279726982e+00
9.995672557868772179e-01
9.993232726980881830e-01
9.996261433937975172e-01
9.996581978059656537e-01
9.998908916843594064e-01
9.994067905558382536e-01
9.995470053629695872e-01
9.998118024644436774e-01
9.996340185647034637e-01
9.997694324699506474e-01
9.991368789101584547e-01
9.992892584799389910e-01
9.994283782325869003e-01
1.000214889799398987e+00
9.989760669046116037e-01
1.000475646428390819e+00
1.000017111718512819e+00
9.998607343764011057e-01
9.996378632312687973e-01
1.000033749153478313e+00
1.000414748397209008e+00
9.997175454817274209e-01
1.000345252045922173e+00
1.000226105465338744e+00
1.000305194774905537e+00
9.996064043632887364e-01
9.995205325552964926e-01
1.000964453342904736e+00
9.996352451346013357e-01
1.000784786034968787e+00
1.000071079409417418e+00
1.000096728669298329e+00
1.000132702368315307e+00
1.000865870545965208e+00
9.995150872365227146e-01
1.000055147192781435e+00
9.995550861949852317e-01
9.998841029335649999e-01
9.996294998285851774e-01
1.000003588232561302e+00
1.000028876888106932e+00
1.000217733334936687e+00
9.993635340923073818e-01
9.996880799225872360e-01
9.996140817981528093e-01
1.000164821922168157e+00
9.992886645875498353e-01
1.000033511279679210e+00
9.998039400382278119e-01
1.000483059180253376e+00
1.000118631339087516e+00
9.992432892119514909e-01
1.000109621221806799e+00
1.000756734667753056e+00
9.996696425922938500e-01
1.000493489218294840e+00
1.000869551837590965e+00
1.000240143628158718e+00
1.000702289488764940e+00
1.000242458956905667e+00
9.998423254402912796e-01
1.000824314031780737e+00
1.000176310579071748e+00
9.991527693036874602e-01
9.999863900352572443e-01
1.000221268433203248e+00
9.997861902427510605e-01
9.999902122967234686e-01
1.000467932101704038e+00
9.996111185874854144e-01
9.997504840763028477e-01
9.996913995734024727e-01
1.000050783462207216e+00
9.999304299334623725e-01
9.995055877775728126e-01
1.000267667674966443e+00
9.998335159387561344e-01
1.000202122530247317e+00
9.998102620668689600e-01
9.994150924025836380e-01
1.000304267439077632e+00
1.000524834977324140e+00
9.993828972635931951e-01
1.000466446272471277e+00
9.995830754047925204e-01
9.998789387951949603e-01
1.000344238699005794e+00
1.000319056878997026e+00
9.999725216970599684e-01
1.000095560779333370e+00
9.997927397049113374e-01
1.000148907618626515e+00
1.000755439167813954e+00
1.000939132598059444e+00
1.000381806933874351e+00
9.992422879052105245e-01
9.996630751246914359e-01
9.999761336781681775e-01
1.000101125312296224e+00
9.999195419180021416e-01
1.000146254092909359e+00
1.000437270202191309e+00
1.000013185966400986e+00
9.996503683577300237e-01
9.998467487623273753e-01
1.000258365242365777e+00
9.999794231177531190e-01
9.999050198602338346e-01
1.000331888599641950e+00
1.000527497990906900e+00
9.994480585388548777e-01
1.000100031630001496e+00
1.000009927917363095e+00
9.996032932767275891e-01
1.000434137591396100e+00
9.997242161248628411e-01
1.000197816350306690e+00
9.999638468967725347e-01
9.979565230435161194e-01
9.882994507480388213e-01
9.781226868189564216e-01
9.673055475888673316e-01
9.560923099051784613e-01
9.450414055676887859e-01
9.347064322251592561e-01
9.237986166168566937e-01
9.137731790458450964e-01
