0.000000000000000000e+00
0.000000000000000000e+00
0.000000000000000000e+00
0.000000000000000000e+00
0.000000000000000000e+00
0.000000000000000000e+00
0.000000000000000000e+00
0.000000000000000000e+00
0.000000000000000000e+00
0.000000000000000000e+00
0.000000000000000000e+00
0.000000000000000000e+00
0.000000000000000000e+00
0.000000000000000000e+00
0.000000000000000000e+00
0.000000000000000000e+00
0.000000000000000000e+00
0.000000000000000000e+00
0.000000000000000000e+00
0.000000000000000000e+00
0.000000000000000000e+00
3.694181092529276456e-02
1.066793684010745480e+00
3.490437614642035946e+00
3.432227982350660511e+00
1.887292725173355779e+00
8.469181201818873905e-01
3.886107176384616113e-01
1.980294013819841881e-01
1.199948196662252164e-01
1.879537044327218298e-01
7.210391100707994605e-01
1.508485017089261637e+00
1.752533416768305985e+00
1.466352567570906373e+00
1.066637798256306446e+00
8.005352709168975789e-01
6.836735312614907745e-01
6.737092027348829948e-01
7.292828317203088329e-01
8.098507261744725128e-01
9.003750411641383566e-01
9.929240973550174099e-01
1.068302567561274952e+00
1.130122767327262912e+00
1.179878340824598526e+00
1.206443147603153632e+00
1.211774251739156094e+00
1.197952056954686206e+00
1.171165045372847713e+00
1.131864511202297141e+00
1.093030926386861390e+00
1.060001459627033515e+00
1.025768889720005461e+00
9.985969468503443913e-01
9.780304040207437044e-01
9.601687013583081187e-01
9.473032916958858962e-01
9.380856959657017935e-01
9.329687660576930774e-01
9.278081149757968493e-01
9.298770135045468788e-01
9.382111363740679444e-01
9.462684738079293334e-01
9.543254669050494909e-01
9.662266307581818259e-01
9.761725283815180232e-01
9.856142126630286215e-01
9.940736640115115375e-01
1.001525215947021374e+00
1.005912929268062861e+00
1.012458928442508954e+00
1.014624198531024257e+00
1.016781439781998087e+00
1.019020445744152736e+00
1.018457549232457016e+00
1.016296306923643922e+00
1.013697794346187786e+00
1.011123680415258796e+00
1.010672970376461643e+00
1.006206543549828636e+00
1.004157157732350258e+00
1.001700828003575294e+00
1.000768761670271845e+00
9.996902884641118980e-01
9.982055704305380361e-01
9.993836353730408684e-01
9.980935469952831873e-01
9.989523431133253695e-01
9.976803519532266851e-01
9.966324069747276582e-01
9.976919574945777303e-01
9.969769033370591282e-01
9.964269432191605880e-01
9.969355405798477898e-01
9.967556105535868571e-01
9.956065441913807268e-01
9.973751484241781817e-01
9.968293431566934704e-01
9.970063638730392030e-01
9.982411331009883870e-01
9.994966585821324356e-01
9.981868176372754586e-01
9.997043613678932017e-01
9.995720774060153913e-01
1.000429278068699634e+00
1.002243891756512406e+00
1.000972670472382475e+00
1.001072508275609341e+00
1.001986755981330246e+00
1.000141467527543737e+00
1.000340915118607565e+00
1.001236421955735922e+00
1.000975680099133625e+00
9.997342870978873641e-01
9.998378656750226412e-01
9.996554993731840977e-01
1.000687268852872958e+00
9.997466932949086171e-01
9.998732207885079326e-01
9.989930137391764831e-01
9.997531800727330609e-01
1.000465097086393973e+00
9.999965594239099698e-01
1.000430187905896773e+00
9.997080243980099867e-01
9.995460331462482362e-01
1.000085221733608032e+00
1.000201063794851297e+00
9.991768287086099098e-01
1.000037900874934937e+00
9.988877994482392442e-01
1.000847095732976921e+00
1.000271968898771346e+00
1.000078998939364361e+00
9.988626461873114648e-01
1.000717255053643839e+00
1.000202897389525614e+00
1.000054440190247140e+00
9.999430119223732261e-01
9.999158185757389683e-01
1.000181017739039557e+00
1.000729965362394225e+00
1.000549421798963889e+00
9.997861251788467962e-01
1.000250852700880433e+00
1.000245158846305937e+00
1.000094953254617280e+00
1.000140240750852838e+00
9.996742652144833263e-01
1.000076223414767318e+00
9.997510178583527418e-01
9.988410107252952974e-01
9.992969625664860356e-01
9.998551247264718667e-01
1.000531270906493964e+00
9.992174694359930998e-01
1.000692955344186341e+00
9.993558665613976322e-01
9.999577139370531276e-01
9.992225013672432210e-01
9.992326325264819786e-01
9.993591716422389748e-01
9.990948388144998971e-01
9.995781488062955855e-01
1.000049941060607628e+00
9.999348197912353298e-01
1.000420841885775625e+00
1.000516524852336886e+00
1.000377055379529478e+00
1.000798427574844718e+00
1.000544647344115745e+00
1.000647930109609618e+00
9.999157413223731528e-01
1.000028952358893441e+00
1.000858591589482538e+00
9.994557888523635247e-01
1.000229185330539838e+00
1.000228931268684285e+00
1.000826719253568253e+00
1.000246221339991637e+00
9.995690472716274311e-01
1.000884947107473000e+00
1.000530188152897404e+00
9.994781147341837979e-01
1.000116105028079794e+00
1.000341172317165572e+00
9.991730597803145653e-01
1.000620188529830257e+00
9.996322322024497886e-01
9.994096359293028753e-01
1.001455386896709987e+00
9.996892997613433529e-01
1.000265261382436988e+00
1.000764140035435457e+00
1.000811722934102033e+00
9.991585570453836995e-01
9.996940691113214150e-01
1.000678428280292964e+00
9.996816261362615474e-01
1.000406931693260448e+00
9.996897245579522417e-01
9.998691272339230718e-01
1.000298971391419878e+00
1.000208381835160587e+00
1.000891879013289909e+00
9.999581586731409732e-01
9.998386312288061184e-01
1.000590528464228468e+00
9.999585513637876399e-01
1.000404952500390188e+00
1.000171980235490032e+00
9.998824737167613108e-01
1.000487592262041980e+00
1.000780131080270197e+00
9.998163406776471307e-01
9.998499026905185438e-01
1.000416355509329946e+00
9.991337817990416648e-01
1.000316877349441524e+00
9.998955938518809816e-01
1.000398389812059419e+00
1.000074765118807330e+00
1.000811646756259998e+00
1.001181688821018323e+00
9.996023412605479219e-01
9.996453288666091730e-01
1.000835601349075121e+00
1.000488597558834680e+00
1.000694768341253260e+00
1.000304080459505141e+00
9.999942554239569237e-01
1.000497619818846662e+00
9.993117597455037915e-01
1.000423133889525529e+00
1.000281840963981983e+00
1.000622038476066455e+00
1.000500449312807794e+00
1.000630098717925964e+00
1.000313006264150761e+00
1.000475711294232850e+00
1.000471660452941558e+00
1.000511503169677630e+00
9.998600435068801806e-01
1.000265571235065432e+00
1.000196079341897804e+00
1.000108703850522973e+00
1.000426509178856671e+00
1.000606642657788203e+00
1.000341805870226475e+00
9.996855601879056641e-01
1.000589379031447068e+00
1.000133119975557650e+00
9.999416402360086220e-01
1.000414716729244979e+00
9.995364359718397207e-01
9.998401595214356785e-01
1.000131694830154849e+00
9.999352901873851396e-01
1.000056627530289566e+00
1.000250138602150063e+00
9.998825362029970520e-01
1.000858213085007886e+00
1.000639710159298756e+00
1.000080910073304130e+00
9.995510463657039102e-01
1.000277621764679381e+00
1.000348984030142718e+00
9.997443592092799536e-01
1.000383322180799839e+00
1.000062729864072297e+00
9.980546837565429374e-01
9.881439569223399166e-01
9.769887042055720450e-01
9.657824409051064540e-01
9.563106308340030282e-01
9.447844254443128476e-01
9.340244941365121178e-01
9.238748375768724985e-01
9.132706745637089174e-01
