0.000000000000000000e+00
0.000000000000000000e+00
0.000000000000000000e+00
0.000000000000000000e+00
0.000000000000000000e+00
0.000000000000000000e+00
0.000000000000000000e+00
0.000000000000000000e+00
0.000000000000000000e+00
0.000000000000000000e+00
0.000000000000000000e+00
0.000000000000000000e+00
0.000000000000000000e+00
0.000000000000000000e+00
0.000000000000000000e+00
0.000000000000000000e+00
0.000000000000000000e+00
0.000000000000000000e+00
0.000000000000000000e+00
0.000000000000000000e+00
0.000000000000000000e+00
0.000000000000000000e+00
0.000000000000000000e+00
0.000000000000000000e+00
0.000000000000000000e+00
3.367624276916442866e-02
8.246675114869690404e-01
2.794081682602545857e+00
3.228189686365130484e+00
2.067679636103698204e+00
1.005372888724571201e+00
4.556603354973900455e-01
2.822855034771284410e-01
2.053432965002655874e-01
2.222016865324180634e-01
2.392676049484787626e-01
2.574430512738682952e-01
2.867821850684258433e-01
2.891262519085913696e-01
2.869814887518056801e-01
3.128340972152020560e-01
3.871460896600760204e-01
5.028845362799175822e-01
6.979667229418250463e-01
8.847311852232239149e-01
1.096246181570717848e+00
1.332885650219114426e+00
1.434898639081171323e+00
1.502099477229075886e+00
1.610330811433199338e+00
1.683794870847335590e+00
1.715968211778269525e+00
1.676159554778045679e+00
1.565235719823670379e+00
1.418144860254448858e+00
1.274527029269292511e+00
1.110967674698880803e+00
1.016715925744103188e+00
9.360804075824982196e-01
8.886065177309520058e-01
8.790812649642522070e-01
8.853789250946677569e-01
8.859964889747674599e-01
9.157159750143883947e-01
9.088420771137748488e-01
9.488424046692603975e-01
9.685964260738078035e-01
1.006738198208072976e+00
9.994601173500692326e-01
1.022035774952050335e+00
1.047750515702555507e+00
1.059444250460607861e+00
1.071060123005576514e+00
1.069369348451239876e+00
1.066836450219899701e+00
1.068376540994645296e+00
1.062620885252171465e+00
1.061124066340379812e+00
1.040330716096139252e+00
1.026531743066674496e+00
1.019956232814607233e+00
1.000761746605602465e+00
1.009171774263676546e+00
9.883344463217528242e-01
9.892878377853097094e-01
9.846722046175280241e-01
1.002339596996357773e+00
9.949187170137679948e-01
9.968243709797609542e-01
9.954104821612279608e-01
1.012286352364380804e+00
1.019135861001415178e+00
1.018720447145218033e+00
1.016663556477732211e+00
1.022426000101003707e+00
1.018600413472792399e+00
1.017933154457982381e+00
1.007544602271265965e+00
1.011847195909834074e+00
1.013698159065181459e+00
1.017443782815244280e+00
1.002825422715921677e+00
1.004199017618184531e+00
1.000079902742044835e+00
9.829751403591326930e-01
9.992718266799411886e-01
9.873673609518510697e-01
9.894632712541970854e-01
9.848748166835658013e-01
9.862173858249383418e-01
9.877089825593957650e-01
9.838935700856072941e-01
9.846893350575282033e-01
9.893584256444009073e-01
9.906309054807794778e-01
9.846897707617544571e-01
9.967791728842300136e-01
9.941859903544288946e-01
9.905782341844503458e-01
9.874941652203806930e-01
1.002242968133064904e+00
1.003045227630645408e+00
9.939432800101105636e-01
9.897750073510317437e-01
9.961761879142021492e-01
9.862684641348273828e-01
9.898973919185058978e-01
9.990120624467422328e-01
9.892984475393252763e-01
9.854503595701984420e-01
9.882313653465567560e-01
9.848713050653431500e-01
9.912490807006101301e-01
9.881002103158434968e-01
9.922174819282589819e-01
9.944911149967788910e-01
9.820528422587211370e-01
9.931623084476275398e-01
9.931175584358086228e-01
9.884011352611806744e-01
9.911596961442095122e-01
9.880203143844082936e-01
9.861985343362451584e-01
9.830715118594237634e-01
9.916836477554177298e-01
9.848313843966299830e-01
9.872570220163089383e-01
9.960619830042252154e-01
9.921345782456457707e-01
9.915694592393216045e-01
9.868706930202013616e-01
9.905326075974043576e-01
9.873060266124319417e-01
9.829494950296430167e-01
9.866259986532408544e-01
9.940563948782915604e-01
9.891797540107301057e-01
9.927540703274765344e-01
9.893465363005410351e-01
9.956408482663986481e-01
9.940242388449209709e-01
9.971767457518059263e-01
9.952258670320178746e-01
9.873492796307996588e-01
9.957891648898649084e-01
9.935221337187956081e-01
9.902287861558591864e-01
9.924792850860812976e-01
9.950458484523471148e-01
9.915136334753250624e-01
9.898848105045504608e-01
9.905748375134255657e-01
9.855774233358683967e-01
9.888447320599575985e-01
9.911095512138502484e-01
9.855792754580002812e-01
9.921049874882840180e-01
9.838666816070134047e-01
9.878476706627853376e-01
9.884060130643206321e-01
9.868644080546538078e-01
9.883957685288657924e-01
9.900468383199996225e-01
9.883712773328739987e-01
9.870004130794242103e-01
9.928865965446156405e-01
9.905402555096267658e-01
9.905449938720721770e-01
9.938886103872117683e-01
9.967501261456123141e-01
9.940376952101044328e-01
9.927239463744081949e-01
9.907291143576496539e-01
9.933477559682618585e-01
9.950409086217451016e-01
9.934474649925735257e-01
9.925591016091860341e-01
9.961726757768309959e-01
9.935919211314307997e-01
9.938148480843892463e-01
9.996245897729602037e-01
9.899431567239119767e-01
9.981435050231035611e-01
9.992195644257725329e-01
9.982610507981216630e-01
9.971062778716105468e-01
9.936276848528426964e-01
1.000663597642576175e+00
9.935371212625658810e-01
9.991443955229550866e-01
9.984032789803358732e-01
9.983997630500481835e-01
9.950540990806580055e-01
9.941886307262900457e-01
9.933545947398590981e-01
9.921086610205632761e-01
9.933232917311534127e-01
9.915463810613418527e-01
9.959637381400530121e-01
9.937978955521974411e-01
9.924480152623667006e-01
9.915764046732478132e-01
9.979830645701989189e-01
9.938548601713078634e-01
9.937514937455765862e-01
9.906225341358821934e-01
9.936507100625111555e-01
9.938923290241520325e-01
9.967826380741122705e-01
9.916206050703043617e-01
9.930994319906982781e-01
9.930948934574598264e-01
9.937891880761233754e-01
9.955104644140028158e-01
9.960634078488896925e-01
9.890073991782918350e-01
9.954321881337182543e-01
9.945220098536182718e-01
9.929641876409531775e-01
9.937942484411615984e-01
1.000919908607529107e+00
9.967669771831563219e-01
9.954501259076337094e-01
9.925244270854123307e-01
9.974193559805591969e-01
9.936819912913972264e-01
9.962937700770961857e-01
9.964548018487151548e-01
9.960080748959840857e-01
9.966189977934052369e-01
9.949923324856152496e-01
9.974989301484216142e-01
9.962882206839280830e-01
9.976294185096034051e-01
9.994234081045120233e-01
1.000725248269478396e+00
9.956722587677248049e-01
9.935587940415401276e-01
9.987039713552695597e-01
9.944090182076794626e-01
9.952099173809082489e-01
9.938261625730936411e-01
9.990112887125535135e-01
9.992413661051432472e-01
9.970747120449575673e-01
9.970488929747228779e-01
9.920141063879260868e-01
9.968065046078461444e-01
9.921013878136852870e-01
9.982521329719988845e-01
9.947207947948611961e-01
9.986283778469595696e-01
9.940621525063839670e-01
9.947699294672808223e-01
9.977215328204944722e-01
9.985798815830654318e-01
9.944240888400514011e-01
9.982172929612973533e-01
9.953535716099568553e-01
9.897448670603947729e-01
