0.000000000000000000e+00
0.000000000000000000e+00
0.000000000000000000e+00
0.000000000000000000e+00
0.000000000000000000e+00
0.000000000000000000e+00
0.000000000000000000e+00
0.000000000000000000e+00
0.000000000000000000e+00
0.000000000000000000e+00
0.000000000000000000e+00
0.000000000000000000e+00
0.000000000000000000e+00
0.000000000000000000e+00
0.000000000000000000e+00
0.000000000000000000e+00
0.000000000000000000e+00
0.000000000000000000e+00
0.000000000000000000e+00
0.000000000000000000e+00
0.000000000000000000e+00
0.000000000000000000e+00
0.000000000000000000e+00
0.000000000000000000e+00
0.000000000000000000e+00
4.663558289212817870e-02
8.262296591637265930e-01
2.859993519643980076e+00
3.378425956232101957e+00
2.119096555700126228e+00
1.038484516549337933e+00
4.679533408825543028e-01
2.778613139645673136e-01
2.125799549007022227e-01
2.208192455695036360e-01
2.350251653989680611e-01
2.837859420501271934e-01
3.000039499160479517e-01
3.053100163527824318e-01
2.993344888329728115e-01
3.231525050375012587e-01
3.952256088629462760e-01
5.171377531748097001e-01
6.806188263256336413e-01
9.078352476336961629e-01
1.116104320971702535e+00
1.267162267597570224e+00
1.424060212228859035e+00
1.497022550069378344e+00
1.577564142315904583e+00
1.675456747530216006e+00
1.684206373957270131e+00
1.641809828444281250e+00
1.559817564569774939e+00
1.388518467788487865e+00
1.240803020413943747e+00
1.109021787697408890e+00
9.895523627590937510e-01
9.383859742441525986e-01
8.913087406415856062e-01
8.667834332283366194e-01
8.731265413089246419e-01
8.882849985545918647e-01
8.991380903367491850e-01
9.393521706013800987e-01
9.559741334702117621e-01
9.818471029517289450e-01
9.895814351514091722e-01
9.947971709775980109e-01
1.034117580570886430e+00
1.044991065891740512e+00
1.050307736623838029e+00
1.080515511121488359e+00
1.053435033760644846e+00
1.080109526514271723e+00
1.056712178773130617e+00
1.056329908091446113e+00
1.046245840752024092e+00
1.028673640953845947e+00
1.015274531442693640e+00
9.953034339451348744e-01
9.987291577998371750e-01
9.831308766198216809e-01
9.758185997955670654e-01
9.790050495538707986e-01
9.847726418414141092e-01
9.837982157621710799e-01
9.882006041672178887e-01
1.002738048790416725e+00
9.951799951435205127e-01
1.007047097038035188e+00
1.017919028726933739e+00
1.018556973919851227e+00
1.011765276367986521e+00
1.034275972900371432e+00
1.021892643872211126e+00
1.014574500981734628e+00
1.038109354304596277e+00
1.017520225005662970e+00
1.022154228755089544e+00
1.016160551662010914e+00
1.020605136336521390e+00
1.014836815579049922e+00
1.003500329802991642e+00
1.009598027822684596e+00
9.993902573693835834e-01
1.005845613563137952e+00
9.937804305941685401e-01
1.008236409510803844e+00
9.974936293503248175e-01
9.991988978876878980e-01
1.001252014573251747e+00
1.000145719094038155e+00
1.005619424908990922e+00
1.006868899709141063e+00
1.000725246014815051e+00
1.002886430077776003e+00
1.007733943762280093e+00
1.003564476549609896e+00
1.016359711783078712e+00
1.008194072014380493e+00
1.006002262853015639e+00
1.010416853600897058e+00
1.005078794726164571e+00
1.013673367155363270e+00
1.003531585769167123e+00
9.939405278586119774e-01
1.008758478044013085e+00
1.001078284488219561e+00
1.002757397205281231e+00
1.000151906127931367e+00
1.001816139975632680e+00
1.008019041991598641e+00
1.001861038581144392e+00
1.001194772816047740e+00
1.002586385687819437e+00
9.987838924405880725e-01
9.976769704615064960e-01
1.001363958099393825e+00
1.003059468975022517e+00
1.003239755416464929e+00
1.004779020221086006e+00
1.000334949970471010e+00
1.008893863059773910e+00
1.010068163879178638e+00
1.010303172410165429e+00
1.007328815808121281e+00
9.996797629409077679e-01
9.947577712647899251e-01
1.002256133593375731e+00
1.008233180114632699e+00
1.003981870901827333e+00
9.985088556291924489e-01
1.000729970300326288e+00
9.939161904915022605e-01
1.003318689946604891e+00
9.962889150734238752e-01
1.002845768555593819e+00
9.993394753674353925e-01
9.976434692814962757e-01
9.966184160580447982e-01
1.006795543697331707e+00
9.994321390884897127e-01
9.973918481669098446e-01
1.001342002697992450e+00
9.997107938509161018e-01
9.963324563092791353e-01
9.961702330487453017e-01
9.957042884938213101e-01
1.003683667359598131e+00
1.002609513841895339e+00
9.995214394405375069e-01
9.997215760777186100e-01
9.985521235868910495e-01
1.000420286452565755e+00
1.005343089118200695e+00
1.005904106401175779e+00
1.001425849553137848e+00
9.987401878822539381e-01
9.983948118066533484e-01
9.975716872252534673e-01
1.000736481369447262e+00
1.005876690263389328e+00
1.002379135944098332e+00
9.982447317783642582e-01
1.002357424131193442e+00
9.963844441497914373e-01
9.973733813621917799e-01
1.004999910243513650e+00
9.953407013846582441e-01
9.977420898502440405e-01
1.002924540291768585e+00
9.941685289399172509e-01
9.961146145278688691e-01
9.963470007522456928e-01
1.000648833816473626e+00
9.944348347846393432e-01
1.000364088188408607e+00
9.965706335761020940e-01
9.976204418903306115e-01
9.977531309451170838e-01
9.967965948818533484e-01
9.998534419499787163e-01
9.988881619544530688e-01
9.940986154682114329e-01
9.973424392580882980e-01
9.937360389076423939e-01
1.000068983489480257e+00
9.963283106636183772e-01
9.941488954725518079e-01
9.973274328822371304e-01
9.917306394071048192e-01
9.975006702147052318e-01
9.947062258542895830e-01
9.955385269026877371e-01
9.973284598822255154e-01
1.000804330082520455e+00
9.945789439133153609e-01
9.993447075320343043e-01
9.971211771601854457e-01
9.979810575976013620e-01
9.976789671123522663e-01
9.966408659824191885e-01
9.980099662091347357e-01
9.978442203492535745e-01
9.968601689346361372e-01
1.003270523122890001e+00
1.000297302394438370e+00
9.976151125737047209e-01
1.000194351309399821e+00
9.977568199395278059e-01
1.003655506493372984e+00
1.005008600260411944e+00
9.999109216653417898e-01
9.988834810896940475e-01
1.000280008091467998e+00
1.001870292301873633e+00
1.000339568710580718e+00
9.978335846635322248e-01
9.967620842889812760e-01
9.966584808846841170e-01
9.980709073809813647e-01
9.990422494350726934e-01
1.000913138705220806e+00
1.002505850995276004e+00
9.996838837410874090e-01
9.981612804480338719e-01
9.988420908181611102e-01
9.994960077810027821e-01
9.992249885870674309e-01
9.999790020293526371e-01
9.974502508500102671e-01
1.002234697253957307e+00
1.001002879749206542e+00
1.001158983064326158e+00
1.000027582979159391e+00
9.995184804599237527e-01
9.988346396430736185e-01
1.000249505832117691e+00
9.989356865563184806e-01
1.002136425884562199e+00
1.000242421752624455e+00
9.963577100362086547e-01
9.955412951650550735e-01
9.943426428121013849e-01
9.977852815226837535e-01
9.973240527390420107e-01
9.993142392114989780e-01
9.961895102640608846e-01
9.957050040334116670e-01
9.997138004143290013e-01
9.976203675350039379e-01
9.988435200779424150e-01
9.974723072305311522e-01
1.000392356146705852e+00
9.971257036821306041e-01
9.991561683511569480e-01
1.000602015863548466e+00
9.979043160096608966e-01
9.917470339983979200e-01
