0.000000000000000000e+00
0.000000000000000000e+00
0.000000000000000000e+00
0.000000000000000000e+00
0.000000000000000000e+00
0.000000000000000000e+00
0.000000000000000000e+00
0.000000000000000000e+00
0.000000000000000000e+00
0.000000000000000000e+00
0.000000000000000000e+00
0.000000000000000000e+00
0.000000000000000000e+00
0.000000000000000000e+00
0.000000000000000000e+00
0.000000000000000000e+00
0.000000000000000000e+00
0.000000000000000000e+00
0.000000000000000000e+00
0.000000000000000000e+00
6.123080244544613167e-05
3.629578320704913985e-02
1.053096343910041588e+00
3.412023584911290541e+00
3.329063708498801066e+00
1.826665680436539541e+00
8.173287350863376322e-01
3.664821303394589225e-01
1.882512168755424153e-01
2.232574411622732513e-01
8.557414382806963760e-01
1.750027225867837544e+00
1.911117830207304191e+00
1.460026891982353137e+00
9.641306874662002313e-01
6.758282964279317406e-01
5.612699216740347774e-01
5.526422768688318277e-01
6.054614009161353172e-01
6.929619935006241516e-01
8.007290938424174165e-01
9.085129180861372111e-01
1.008216291509711260e+00
1.098481951282757274e+00
1.166641331717363395e+00
1.216509222768307419e+00
1.242966679078014280e+00
1.250206188393074402e+00
1.226486534090947655e+00
1.192065276210559022e+00
1.146376635096982177e+00
1.094485788124323955e+00
1.049659845721755635e+00
1.012988060694933745e+00
9.806764028395668076e-01
9.581612504118628415e-01
9.378665704913021761e-01
9.262876221344742422e-01
9.182269299617100700e-01
9.107158280420065699e-01
9.110144358369960393e-01
9.198079271691426140e-01
9.331968129513793508e-01
9.464735537831446832e-01
9.595446443202982900e-01
9.742178843813356082e-01
9.895231143909406502e-01
9.972341821333507994e-01
1.006435042306373040e+00
1.012851910956728663e+00
1.022244421013733362e+00
1.025345575781446250e+00
1.026293248872965247e+00
1.026130425282491876e+00
1.023694448683296176e+00
1.020656414248483523e+00
1.014671865326344014e+00
1.011276780544908105e+00
1.006855551091629497e+00
1.002711359243911193e+00
9.990846089600611268e-01
9.969486176758454166e-01
9.975008779705883954e-01
9.956897065638787847e-01
9.962075153554846851e-01
9.963748512465343543e-01
9.971648391557916824e-01
9.993114203331355805e-01
9.995164597379134763e-01
9.986853306627282434e-01
1.000106116938580980e+00
9.975202306117496587e-01
9.968782787808910806e-01
9.976124360727726126e-01
9.971567320170743320e-01
9.949896106486056935e-01
9.962215277175193728e-01
9.953491975476940201e-01
9.960380814197103971e-01
9.960615967094759160e-01
9.971066751119599392e-01
9.979723656837793389e-01
9.976943576702531624e-01
9.997810585383458681e-01
1.000387066067315756e+00
1.000217090779812690e+00
1.000653873121270854e+00
1.000259965245717142e+00
1.000462583795852067e+00
1.001755283461726931e+00
1.001502568071476640e+00
1.002156284189076541e+00
1.001604365667041696e+00
1.000523309796886862e+00
1.001233262314646488e+00
1.001743653830011294e+00
1.000834331246971853e+00
9.992614101216245048e-01
9.991750559568024492e-01
9.985268904605320017e-01
9.995568919418817977e-01
9.982065712079305486e-01
9.981933350316690712e-01
9.986942343356250973e-01
9.993021419801459970e-01
9.989191149877993947e-01
1.001561683325779661e+00
1.000929969571552336e+00
1.000513982676512370e+00
1.000261020764485975e+00
1.000499264583580628e+00
1.001336955021653985e+00
1.000561182625249845e+00
1.000527041000077721e+00
9.983924433061862613e-01
9.992722155546992502e-01
9.998234457424577393e-01
9.983380839362706594e-01
9.990962987966839348e-01
9.995966704012263504e-01
9.987039043834060603e-01
9.984815601782902617e-01
1.000194575725729340e+00
9.985075871324731178e-01
9.996918013202170661e-01
9.990200718271042835e-01
9.996413350453265956e-01
1.001338135274673302e+00
1.000994789444221933e+00
1.000916458096751782e+00
1.000157535290496336e+00
1.001137470283780084e+00
1.000733460294944033e+00
1.000482166395759931e+00
1.000062580495318709e+00
1.001353502715599975e+00
1.001414238169772375e+00
1.001210096831949947e+00
1.001354137092151042e+00
9.997361483397445570e-01
9.990733936793759762e-01
9.999265488091632070e-01
9.998149964078378860e-01
9.995203139024083638e-01
1.000635002237383553e+00
9.986608184639886865e-01
9.992398902411745443e-01
9.991462724740292067e-01
9.986874561402329098e-01
1.000055294709034870e+00
1.000142851059362847e+00
9.994267827868581477e-01
9.998778796308134265e-01
1.000262464540555341e+00
9.999445850252894896e-01
1.001351911213731682e+00
9.998233902668763884e-01
1.000221842415270235e+00
9.999489992352574852e-01
1.000628740941062800e+00
1.000100846342171224e+00
9.998636623066134987e-01
1.000704454013979339e+00
9.998084374005140607e-01
1.000480181009285818e+00
9.998467394851102696e-01
9.996865475768487164e-01
1.000000959673105205e+00
1.000093336019346468e+00
1.000721749278987938e+00
1.000473153901409562e+00
1.000231540633955474e+00
1.000278487040466402e+00
9.999436126345057074e-01
9.999856674070712881e-01
1.000105401631484536e+00
9.999947151327709394e-01
9.993214219166829393e-01
1.000236049353340428e+00
1.000101182008642065e+00
1.000059872571387842e+00
9.997146608821919633e-01
1.000340910058278299e+00
1.000337314169577718e+00
1.000003672827656453e+00
1.000199581374924929e+00
1.000004996222390030e+00
1.000386374461772032e+00
9.995532599468796020e-01
9.999713242775047917e-01
1.000226374300509091e+00
9.998567313784400001e-01
1.000725682066615940e+00
1.000271433591027437e+00
9.995969807420425068e-01
9.999000342555394161e-01
1.000384005170425805e+00
1.000103563657174011e+00
1.000378255973211283e+00
1.000124779553513754e+00
1.000246753831113056e+00
9.998443669791508004e-01
1.000050320728357089e+00
9.997096923938356694e-01
1.000021760082094202e+00
1.000283754688615634e+00
9.994349069659891338e-01
1.000175139792803813e+00
9.997369786968217653e-01
1.000221326144630885e+00
1.000124531685124163e+00
1.000330490346158507e+00
1.000270546342253875e+00
1.000604342159186810e+00
1.000982350783877095e+00
1.000157854448716854e+00
9.994498331802422753e-01
1.000532893031179205e+00
9.995538853007173152e-01
9.998878883023405439e-01
9.997200522522191601e-01
9.989333385097047824e-01
9.994656979318120582e-01
9.994567376016972871e-01
1.001097148239038503e+00
9.997314853411112257e-01
9.992443513814797118e-01
1.000316009503324999e+00
1.000361010148160368e+00
9.999777570896517531e-01
1.000098237552706992e+00
9.999574588274954268e-01
9.998174058682252063e-01
1.000387634971591222e+00
9.993115072136151689e-01
9.996152498259727182e-01
1.000041145852810009e+00
1.000015605099122462e+00
9.999105849260118140e-01
9.997979913915430172e-01
9.997558845290989149e-01
1.000122024114378672e+00
1.000315377774585901e+00
9.997271027169339908e-01
9.996623539034378281e-01
1.000420575540440282e+00
1.000150100314194601e+00
9.999254780768607187e-01
9.999640768613783370e-01
1.000041070883705974e+00
9.993861046450798202e-01
9.995808319378901574e-01
1.000533382760935952e+00
9.996680581381117703e-01
9.996686452209556650e-01
1.000447100122801913e+00
1.000493774614461540e+00
1.000166981162936786e+00
9.990594097526659390e-01
9.915087339236640096e-01
