0.000000000000000000e+00
0.000000000000000000e+00
0.000000000000000000e+00
0.000000000000000000e+00
0.000000000000000000e+00
0.000000000000000000e+00
0.000000000000000000e+00
0.000000000000000000e+00
0.000000000000000000e+00
0.000000000000000000e+00
0.000000000000000000e+00
0.000000000000000000e+00
0.000000000000000000e+00
0.000000000000000000e+00
0.000000000000000000e+00
0.000000000000000000e+00
0.000000000000000000e+00
0.000000000000000000e+00
0.000000000000000000e+00
0.000000000000000000e+00
0.000000000000000000e+00
3.620079925000248972e-02
1.052100410195804470e+00
3.413850561429246255e+00
3.325331540545445552e+00
1.815421244513142573e+00
8.125886553145122981e-01
3.676167453266483420e-01
1.887783420545586788e-01
2.262797098437297760e-01
8.453526286958682467e-01
1.755021192587767453e+00
1.910026986459211429e+00
1.452248638544774373e+00
9.698231032140506302e-01
6.798915493201684868e-01
5.591753548467079948e-01
5.506627519055226072e-01
6.078378243741937581e-01
6.937664998870094468e-01
7.971973232217651750e-01
9.091898029682398130e-01
1.008078944372170938e+00
1.096832961097644166e+00
1.166527010653353846e+00
1.213683847956443795e+00
1.246104533008433490e+00
1.242442443667132190e+00
1.230901155221647780e+00
1.188834833375810307e+00
1.141792761203727302e+00
1.089590281979490038e+00
1.050573231861739565e+00
1.010528759464081050e+00
9.784622025378678645e-01
9.557886377809030609e-01
9.373902808636297435e-01
9.282576261562297537e-01
9.182011262134937013e-01
9.144380197720273218e-01
9.148002575073634901e-01
9.235214783611485068e-01
9.334474685625470114e-01
9.446480389265100586e-01
9.606017863768747667e-01
9.747184579092000867e-01
9.860371444556959020e-01
9.973467063460100812e-01
1.007408560004805054e+00
1.015456020147992522e+00
1.019952267354199194e+00
1.023051407381120992e+00
1.025067137423843366e+00
1.026139432093970960e+00
1.023279749609543599e+00
1.019859891737177948e+00
1.015316647754995971e+00
1.010843886869665420e+00
1.005811449896431009e+00
1.002214640378507715e+00
9.976682445026370250e-01
9.968840685877597974e-01
9.975825931729674911e-01
9.966158703892414872e-01
9.971584879308962313e-01
9.956124653381929202e-01
9.976430126029028900e-01
9.977110937912787580e-01
9.994326280111578420e-01
9.996751434156785354e-01
9.996367623598262364e-01
9.991993530708415117e-01
9.988508845624526344e-01
9.988303165306965381e-01
9.975004628142160046e-01
9.972335274723469478e-01
9.953990585801681945e-01
9.963579740873875767e-01
9.969562477535149903e-01
9.974792173267904571e-01
9.977866133667829818e-01
9.990132704385243922e-01
9.988886234365249583e-01
9.996056950789935502e-01
1.000764525550771333e+00
1.000080684755996652e+00
1.000626251740405870e+00
1.002582705408447517e+00
1.002587819396328017e+00
9.999478805742276766e-01
1.002169477139402964e+00
1.001554314783443145e+00
1.002411682787236469e+00
1.001188269633947359e+00
1.002356025012452800e+00
1.001144448783441998e+00
9.993455858850982532e-01
9.991875463921927603e-01
9.987024929306447252e-01
9.998754273136952753e-01
9.986766208657409383e-01
1.000738168132150996e+00
9.994828571285676588e-01
9.997774659832195931e-01
1.000120749464866510e+00
1.000685658422878932e+00
1.000599570918999648e+00
1.000252689994766353e+00
1.000555957342121438e+00
1.001160293679809410e+00
1.000704844093865731e+00
1.001259146228556940e+00
9.993392975553553326e-01
1.001698859186082480e+00
9.997434001858717112e-01
1.000948579957593454e+00
9.990991391225065854e-01
9.994266527625581542e-01
9.998561298234155403e-01
9.993211530812904364e-01
9.986092263710405481e-01
9.997579886385229431e-01
9.991168447406841846e-01
9.995032940390373710e-01
9.997998173429225588e-01
1.000642545476333023e+00
9.994629834305849281e-01
9.996428064445317396e-01
1.001311598004230641e+00
9.999071130076785385e-01
1.000944664907587711e+00
1.001277995755156081e+00
1.001747815174690803e+00
1.000479893775974904e+00
1.001737536620098901e+00
1.000462030241721312e+00
1.000843668919948248e+00
1.001054753295875566e+00
9.997818357560094293e-01
9.993222510505384015e-01
9.999720078163180093e-01
9.995762571392622364e-01
1.000436371845503380e+00
9.989636814512239393e-01
9.994439366522652746e-01
9.997262991651908459e-01
9.997636216490833894e-01
9.992799295262174697e-01
9.993778075117790705e-01
1.000061016653236212e+00
1.000015585056186929e+00
1.000007332118010517e+00
1.000670090837747717e+00
9.995635157776235902e-01
1.001188956000723440e+00
1.000711362799763249e+00
1.000660540680836430e+00
9.997751456542249837e-01
1.001155182392114540e+00
1.000193497948220100e+00
1.000883348680613461e+00
1.000856699490693114e+00
1.000328804666552163e+00
1.000408963463939260e+00
9.997325571049624493e-01
9.989943520259353393e-01
1.000242297665695057e+00
1.000731920707068845e+00
9.996652540630067696e-01
9.997258324282543018e-01
9.994362194122249354e-01
1.000158969980704748e+00
1.000481752920294953e+00
9.998531999668779369e-01
9.993821594676074449e-01
1.000601846866687294e+00
9.995012855615367231e-01
1.000239503455754519e+00
1.000005354731010154e+00
1.000192702872874317e+00
1.000760192465822263e+00
1.000262313770184930e+00
1.000454712422400583e+00
9.998816041286074929e-01
1.000178506375590137e+00
9.996389889845732624e-01
1.000811000952567698e+00
1.000283251534790807e+00
1.000954873250083033e+00
1.000895169005507235e+00
1.000020104719349101e+00
1.000250389231755355e+00
1.000198577920313081e+00
9.996753160778412139e-01
1.000078712394979474e+00
9.996823502996553534e-01
1.001193749600404859e+00
9.997509188593597385e-01
1.000485558069974079e+00
9.995520128331591980e-01
9.996983735550234451e-01
9.993121181102624373e-01
9.991226970577721245e-01
9.999212224271522009e-01
1.000397654932840164e+00
1.000460241972469522e+00
9.996777461290760058e-01
9.998417764379656791e-01
1.000008846077761193e+00
1.000421049747717950e+00
1.000175880743100043e+00
1.000739259094225453e+00
9.995888457890749201e-01
1.000483498204377986e+00
9.998974345786367790e-01
1.000176954014699415e+00
9.999012772052786602e-01
1.000384703151419696e+00
1.000188601582589154e+00
1.000821583586273489e+00
9.999525762302019505e-01
1.000205613847125141e+00
9.997923240882085061e-01
1.000039605117872821e+00
1.000596387741891524e+00
1.000161840382385314e+00
1.000314834501557559e+00
9.993236960704163785e-01
9.999536630460374997e-01
1.000500377208058289e+00
1.000071548769287055e+00
1.000150084134279638e+00
1.000321409379287374e+00
1.000089533424396882e+00
9.996362401263336750e-01
1.000220801224069200e+00
1.000170650937011185e+00
1.000169382285742037e+00
1.000293151627886123e+00
9.999900157493027963e-01
9.999869323411731958e-01
9.997734985476576242e-01
1.000088295537608030e+00
1.000269446229977266e+00
1.000765063153327583e+00
9.999594220865072325e-01
1.000509208224213964e+00
9.997880152511313678e-01
1.000314582866030033e+00
1.001002949407776343e+00
1.000274937205940295e+00
9.995983204659335541e-01
1.000288917989661908e+00
9.999621634957308602e-01
1.000513591285450588e+00
1.000062962690343227e+00
1.000341546642458335e+00
9.999591726043332018e-01
9.993643694192967386e-01
9.911143406160356495e-01
