0.000000000000000000e+00
0.000000000000000000e+00
0.000000000000000000e+00
0.000000000000000000e+00
0.000000000000000000e+00
0.000000000000000000e+00
0.000000000000000000e+00
0.000000000000000000e+00
0.000000000000000000e+00
0.000000000000000000e+00
0.000000000000000000e+00
0.000000000000000000e+00
0.000000000000000000e+00
0.000000000000000000e+00
0.000000000000000000e+00
0.000000000000000000e+00
0.000000000000000000e+00
0.000000000000000000e+00
0.000000000000000000e+00
0.000000000000000000e+00
0.000000000000000000e+00
0.000000000000000000e+00
0.000000000000000000e+00
0.000000000000000000e+00
0.000000000000000000e+00
3.102071575500344944e-04
2.326633382371158520e-02
4.877191660548982344e-01
1.677066480417405581e+00
2.116040536757167523e+00
1.558138205800786213e+00
8.835278016879711815e-01
4.771607029362523456e-01
3.263336347503302259e-01
2.823541795175441016e-01
2.687521606259820617e-01
2.805000071399867956e-01
2.922786733865549436e-01
2.850508639312441805e-01
2.591642488357500662e-01
2.644197955584715598e-01
2.989761194153503499e-01
3.538126541857316565e-01
4.550573480676000648e-01
5.814263142803159923e-01
7.588792027936415163e-01
9.292322267497143962e-01
1.117531450824100325e+00
1.258022182410211798e+00
1.366938439156764495e+00
1.468422466720117781e+00
1.535053899635684616e+00
1.586554350081780029e+00
1.573532258197694711e+00
1.509097257919502555e+00
1.402321374585471236e+00
1.284395291849928844e+00
1.161922795739749992e+00
1.046876917006213104e+00
9.777627435078750651e-01
9.384921062740176900e-01
9.113408185460569744e-01
8.966660639494508089e-01
8.889860240940352654e-01
8.952366041587034307e-01
8.934276920596336824e-01
9.065671108151519553e-01
9.250649450602069779e-01
9.370570347219742136e-01
9.545138239598575103e-01
9.700444323490320375e-01
9.807982998080678749e-01
1.003577911563575231e+00
1.016675535273400488e+00
1.022151206514278599e+00
1.026343776496227767e+00
1.031315870247348832e+00
1.032883924262436581e+00
1.029433754946164292e+00
1.030230065533942474e+00
1.015659959402420487e+00
1.011871836755821485e+00
1.000432427783421563e+00
9.945211965316390623e-01
9.907939070016240635e-01
9.817784726941461981e-01
9.808225909404373333e-01
9.814683111153322814e-01
9.808653649750637138e-01
9.791817365670599793e-01
9.943348935966274116e-01
1.001240322276079509e+00
1.005783686416457767e+00
1.012195254786302234e+00
1.017948280637765990e+00
1.008431947893923430e+00
1.018505802569821261e+00
1.012400197649601541e+00
1.015090704870913463e+00
1.020871336736060675e+00
1.012881134832337215e+00
1.011674883543333348e+00
1.011237999058497206e+00
1.008123613550577780e+00
1.006303700227003661e+00
1.003058366700672721e+00
9.979868061201132567e-01
9.989789569451793527e-01
9.969835757336568127e-01
9.955732736164462082e-01
9.912428261833194920e-01
9.931570285958084554e-01
9.985172066162951721e-01
9.921637826376347169e-01
9.937384208972246391e-01
9.957235806187204608e-01
1.000801300969924146e+00
9.983261031850795275e-01
1.004698372462225375e+00
1.004273038212061930e+00
1.004428874636646762e+00
1.006118488057873961e+00
1.004122103887863604e+00
1.002875197375790117e+00
1.003814562008618738e+00
1.008847395373186462e+00
1.007010138581553527e+00
1.004013601415817192e+00
1.005994256603431447e+00
1.003350325046639346e+00
1.000792866123545677e+00
9.996595209498493340e-01
9.982985497906278205e-01
1.002957829160290526e+00
9.976363014456537393e-01
9.990103225376396612e-01
9.985302683813720437e-01
1.002764219510451138e+00
9.966481422996623651e-01
1.003222858750014712e+00
1.004005305420590854e+00
9.973533954236308841e-01
9.981708317191982927e-01
1.001482196517547330e+00
1.000206135423559406e+00
9.971979461824437285e-01
9.983268949054568964e-01
9.968326900002492108e-01
9.994821478959703409e-01
1.000208566805142807e+00
1.000667749734858836e+00
9.973807212452923121e-01
9.959244609611928034e-01
9.992637401833274202e-01
9.992062980671608807e-01
1.002184417127631955e+00
9.993585678982146447e-01
9.972766616603406797e-01
1.000247511938002765e+00
9.994598421917292308e-01
9.980803003687646058e-01
9.985490230010620749e-01
9.971360994494873342e-01
9.977131532159739802e-01
9.973406626425552757e-01
1.000231484158853545e+00
9.981461604651131747e-01
9.999670064930676894e-01
1.002520613960863116e+00
1.000782920371317664e+00
1.002418520849299277e+00
1.003441071097505022e+00
1.001088151287243377e+00
9.981589513482997944e-01
1.003960637324653682e+00
9.983998056289106193e-01
9.998558605039522540e-01
9.996582914526743746e-01
1.000845595998189230e+00
9.989447637998426499e-01
9.992086641119517498e-01
1.003918191473694987e+00
1.000147533556328794e+00
1.000200345187319151e+00
1.001577714261838725e+00
1.001449378597909723e+00
9.992800175324821899e-01
1.000143384332593310e+00
1.001506564434001767e+00
1.000333008339036711e+00
9.971978747994284520e-01
9.996267855049654205e-01
9.965655557705362932e-01
9.980727019910974329e-01
9.968758228371336072e-01
9.975639532339577453e-01
9.986534484746423246e-01
1.000084770114512800e+00
9.968255609521529115e-01
9.992048364976379160e-01
1.000177173420941479e+00
1.000345214457350806e+00
1.000200129922314218e+00
1.001700243726169059e+00
1.000413134190997644e+00
9.963883878136018390e-01
9.987145742106419144e-01
9.974401361699960500e-01
9.975704906212314871e-01
9.989651238368920660e-01
9.980593319759327731e-01
9.965144671870852511e-01
9.988402538572267453e-01
9.970747969795873411e-01
9.993841964664021971e-01
1.000084910574816410e+00
1.001315577049083805e+00
9.995551111957159396e-01
9.992363619260848928e-01
9.986617016188606977e-01
9.994669036023137165e-01
9.998734322920261874e-01
1.000651172878603612e+00
9.979102846170271324e-01
9.983718879429690496e-01
9.992186446885932272e-01
9.963066899453005831e-01
9.968097990264391806e-01
9.944108346764714002e-01
9.980300968707797038e-01
9.962339253412674234e-01
9.974048242973857503e-01
9.968720915497658597e-01
9.975852312829841528e-01
9.972479423684471600e-01
9.949428211036771552e-01
9.939812524326113730e-01
9.975253814701630084e-01
9.958569249029042281e-01
9.957602434283849835e-01
9.957170418260179456e-01
9.963132341215463761e-01
9.954795555259371431e-01
9.989197494651610443e-01
9.959847176853752204e-01
9.952047578332393618e-01
9.976947354080867303e-01
9.994857656267877033e-01
9.960935932321308695e-01
9.981348019238123204e-01
9.979899302505250702e-01
9.967011517597518244e-01
9.949389397413858083e-01
9.976217845169560450e-01
9.966190511129712215e-01
9.984990726203940570e-01
9.967656707435624819e-01
9.981680866861979418e-01
9.950539552534916066e-01
9.972090857270652364e-01
9.981893477749786969e-01
9.962371515767108887e-01
9.953426986367731599e-01
9.852364913687322590e-01
9.757428468629748552e-01
9.661865804704462546e-01
9.543315384864428097e-01
9.423822587147805407e-01
9.316349214586668870e-01
9.206425711324881522e-01
9.114760198145721581e-01
8.996057077700816418e-01
8.891182830438422169e-01
8.788016639142097741e-01
8.686442285178455069e-01
8.567620518417869979e-01
8.476881994105577300e-01
8.378826792758907738e-01
8.253380902170099898e-01
8.161751391993994353e-01
