0.000000000000000000e+00
0.000000000000000000e+00
0.000000000000000000e+00
0.000000000000000000e+00
0.000000000000000000e+00
0.000000000000000000e+00
0.000000000000000000e+00
0.000000000000000000e+00
0.000000000000000000e+00
0.000000000000000000e+00
0.000000000000000000e+00
0.000000000000000000e+00
0.000000000000000000e+00
0.000000000000000000e+00
0.000000000000000000e+00
0.000000000000000000e+00
0.000000000000000000e+00
0.000000000000000000e+00
0.000000000000000000e+00
0.000000000000000000e+00
0.000000000000000000e+00
0.000000000000000000e+00
0.000000000000000000e+00
0.000000000000000000e+00
0.000000000000000000e+00
0.000000000000000000e+00
2.628215721275236824e-02
4.859820157589094247e-01
1.642659370199565316e+00
2.076041838898143421e+00
1.529937669826913815e+00
8.619723410349994230e-01
4.903348083425019266e-01
3.281288411292751506e-01
2.795557840260680105e-01
2.727519080672439755e-01
2.717159283503049472e-01
2.658103648371359928e-01
2.684454035353057710e-01
2.583220582709056523e-01
2.505821268086051989e-01
2.723269803336448303e-01
3.351033595679072663e-01
4.316005144957896222e-01
5.780605513196999112e-01
7.502990736253920545e-01
9.278262578580224185e-01
1.105006362391489638e+00
1.240475499539956061e+00
1.351739038507356883e+00
1.438709389651000370e+00
1.522531287359874641e+00
1.569636397955153750e+00
1.578736657527082921e+00
1.508747140166744494e+00
1.410137854640820532e+00
1.280436691690660878e+00
1.163714630286892149e+00
1.051821098825121537e+00
9.896082609881280412e-01
9.400287250735605005e-01
9.038939999287588511e-01
8.862794720889196620e-01
8.829261491351441116e-01
8.902115573500007928e-01
9.091734593364629857e-01
9.095486763027234023e-01
9.164910459150237276e-01
9.353737693291465094e-01
9.525859461785064486e-01
9.581453088658903328e-01
9.845599629654754326e-01
9.878160445463248784e-01
1.011253738477230213e+00
1.021090023948681313e+00
1.029150125671585148e+00
1.030498630775490865e+00
1.028426409338507819e+00
1.034959092776936762e+00
1.014965734320777857e+00
1.005550948634691188e+00
9.969524408592526088e-01
9.911926126156718198e-01
9.938632013244556029e-01
9.793445771254915000e-01
9.793984229230365823e-01
9.756121346577713016e-01
9.762444224241592083e-01
9.754367295500611101e-01
9.810008586651657314e-01
9.880101448263804986e-01
9.946070378214640906e-01
9.938110997798682567e-01
1.002784708962815463e+00
1.011039911718933704e+00
1.011809235963202269e+00
1.015812388489807594e+00
1.010239173076007635e+00
1.010654779000261350e+00
1.010492413585612592e+00
1.011366026443690336e+00
1.009719449851375961e+00
1.008696348587002412e+00
1.011167371826786843e+00
1.005317547176619364e+00
1.005842630664437687e+00
9.955431102638340191e-01
1.000359806713879474e+00
9.961883408768387183e-01
9.948092002912714005e-01
9.916819922003099474e-01
9.910649520494210218e-01
9.893370083258209435e-01
9.984129817667969364e-01
9.962704322107263089e-01
9.970398318525214298e-01
9.947670436949006545e-01
9.942789561669336251e-01
1.001379962824252567e+00
1.000367020864419532e+00
9.973223655465123239e-01
1.004512612703222452e+00
9.943955440259160117e-01
1.001882856951339384e+00
9.978661594559025128e-01
1.002596222112951407e+00
1.003315626686587470e+00
1.000320875265277909e+00
1.001326320759428734e+00
9.999329201129542044e-01
9.986121224292902054e-01
9.982059827772118421e-01
1.000899955317451795e+00
9.997021548420366166e-01
9.964138072056138995e-01
9.993548789258267506e-01
9.956431896007087445e-01
9.999455597439249610e-01
9.968094362398257635e-01
9.965553604576544711e-01
9.988936564076360547e-01
9.996940826222934229e-01
9.970362620815910182e-01
9.986929774740002097e-01
9.956871483312950133e-01
1.000950290794354380e+00
9.996264572463064990e-01
9.967608353176943270e-01
9.979153826180837683e-01
1.001104180818813916e+00
9.984563989734078771e-01
9.954225493506750899e-01
9.958307497478859904e-01
9.959561844307112111e-01
9.963766040639346899e-01
1.001764434694941031e+00
9.963452467165899717e-01
9.964239628206654764e-01
9.953782515674830522e-01
9.970462063496102756e-01
9.962251420116039480e-01
9.979735733800317865e-01
9.965905253118054752e-01
9.976231855967648832e-01
9.993167224231505053e-01
9.955732687544570636e-01
9.951774718081104476e-01
9.973858583571317826e-01
9.995578083106017031e-01
9.976687728802020594e-01
9.962040548749901969e-01
9.982247444683532978e-01
9.977082683071291092e-01
9.974583072749891866e-01
9.982660154769382732e-01
9.963361917212486540e-01
9.992046254790221127e-01
9.992254740879442654e-01
9.989645216157791996e-01
9.999302024048017934e-01
9.984183053012946063e-01
9.978240335795507399e-01
9.959824927143241524e-01
9.984289025279176055e-01
9.988711751458043686e-01
9.974909691527982236e-01
9.965006386304491315e-01
9.960679343021896504e-01
9.982265134683011576e-01
9.988260193920134311e-01
9.981026001853101626e-01
9.967757626593727327e-01
9.952220746929786310e-01
1.000301680634871460e+00
9.997244704896481871e-01
9.939228630347808346e-01
9.972436018268673319e-01
9.983762493758788770e-01
9.951008783148800330e-01
9.981232908795496517e-01
9.973951432972467668e-01
9.966515181419873803e-01
9.969805992000121408e-01
9.945760339741995804e-01
9.957607285650531548e-01
9.977476945166816602e-01
9.980949682633243336e-01
9.978688557823270910e-01
9.974730408994837427e-01
9.971425812337759709e-01
9.990858486207802036e-01
9.971929977979037130e-01
9.970619295568189377e-01
9.981388493397703732e-01
9.966544367904319746e-01
9.968807339490272090e-01
9.987606071924316486e-01
9.994223015218012263e-01
9.961468256958657674e-01
9.951962023378918554e-01
9.968521008499493519e-01
9.961699181840280026e-01
9.966507010925308441e-01
1.000025622452756613e+00
9.981427941750287136e-01
9.971367503600894189e-01
9.993079748467991186e-01
9.981124622629388154e-01
9.980860462792150445e-01
9.996854437566934370e-01
9.981216510158181787e-01
9.966392637801254617e-01
9.982981724175366001e-01
9.970786696837613539e-01
9.975620702237418813e-01
9.968674054395934014e-01
9.951843706386203081e-01
9.965063266549720744e-01
9.970753985714215784e-01
9.985194719894884274e-01
9.996896781697748313e-01
9.981050043906140035e-01
9.989820232609692985e-01
9.967743083168366658e-01
9.975385340384336219e-01
9.972278418051581106e-01
9.985045308907116723e-01
9.982652740833601879e-01
9.984910880176045556e-01
9.986933185285442605e-01
9.988076188068452099e-01
9.985584879858188101e-01
9.958718000913392432e-01
9.980135074477927137e-01
9.962491930311691002e-01
9.998116784537126600e-01
1.001112747812523462e+00
9.977275856613049276e-01
9.989838391525012185e-01
1.000924325102142243e+00
9.995900086642208748e-01
9.974205333511522165e-01
9.982048284952516060e-01
9.914299849071196435e-01
9.781971140823160216e-01
9.650493780815769806e-01
9.537525610990067459e-01
9.453768060331113610e-01
9.333536191928429870e-01
9.227082496026139946e-01
9.120968808955899343e-01
9.001563232457607810e-01
8.909336832776775239e-01
8.811392053761003540e-01
8.713623456914559862e-01
8.595109855013779443e-01
8.495372685531907830e-01
8.373031115135955993e-01
8.276445612181895228e-01
8.177408372171099948e-01
