0.000000000000000000e+00
0.000000000000000000e+00
0.000000000000000000e+00
0.000000000000000000e+00
0.000000000000000000e+00
0.000000000000000000e+00
0.000000000000000000e+00
0.000000000000000000e+00
0.000000000000000000e+00
0.000000000000000000e+00
0.000000000000000000e+00
0.000000000000000000e+00
0.000000000000000000e+00
0.000000000000000000e+00
0.000000000000000000e+00
0.000000000000000000e+00
0.000000000000000000e+00
0.000000000000000000e+00
0.000000000000000000e+00
0.000000000000000000e+00
0.000000000000000000e+00
3.709936862889026687e-02
1.076680758898453494e+00
3.491915478043571497e+00
3.424416029871173883e+00
1.904740827163350358e+00
8.613278014921375014e-01
3.957612268836980252e-01
2.009483393737808432e-01
1.243810384514192624e-01
1.907657531706484222e-01
7.263156578580319822e-01
1.519815318943077198e+00
1.778223577275133360e+00
1.485257255346308591e+00
1.090885809304885656e+00
8.290450198732882692e-01
7.156737945141107282e-01
7.060024510638690520e-01
7.626782536668573753e-01
8.358390960328428987e-01
9.263266171206289146e-01
1.008798667523150616e+00
1.076690246403395390e+00
1.131278814940641420e+00
1.170667222380153749e+00
1.189663122467434997e+00
1.193397052162244343e+00
1.178909248954886024e+00
1.151451945402617527e+00
1.116280867552772671e+00
1.079755874291791429e+00
1.046038833404643098e+00
1.022033092358374695e+00
9.992183768442267633e-01
9.748927492635123260e-01
9.560532110408481721e-01
9.416467791424221190e-01
9.321714194959412891e-01
9.318475635812387692e-01
9.308497611512244196e-01
9.358250104384965296e-01
9.402777411470875091e-01
9.493983312023266397e-01
9.594658510994780176e-01
9.743993301141027352e-01
9.811724976176927626e-01
9.885251215559157645e-01
9.949928062255982697e-01
9.987348598063954253e-01
1.005538634780378748e+00
1.008309184022435634e+00
1.009431992770407405e+00
1.012667287191596266e+00
1.015370131885560356e+00
1.012518812985786276e+00
1.013679988330876691e+00
1.013234508376536613e+00
1.011151339351572975e+00
1.009004715621120374e+00
1.007360113580304306e+00
1.005566459269372936e+00
1.004050531010504566e+00
1.002296869781012845e+00
1.002284230526086395e+00
9.998815422506017736e-01
1.001908484246313513e+00
9.988212969810342790e-01
1.000179434906775633e+00
9.975549219597850126e-01
9.979646365632580673e-01
9.980002083354796438e-01
9.946216080227926470e-01
9.948127553051117067e-01
9.954683632855327868e-01
9.967271507777407669e-01
9.964314302014726232e-01
9.969841898963736071e-01
9.974134157503083964e-01
9.976133941992949561e-01
9.974775880680434303e-01
9.988950522941468790e-01
9.985876016352467355e-01
1.001161644143755636e+00
1.001309396764771931e+00
1.000449592666583953e+00
1.000614641207419941e+00
1.001817138824999009e+00
1.000733152495253853e+00
1.001694621662953644e+00
1.001337462633348219e+00
1.001451011192696861e+00
1.000131109689914810e+00
1.002349389228944121e+00
1.001214211591120451e+00
1.001352255606688280e+00
9.988423534804447002e-01
1.000176911537091540e+00
9.996890780398520748e-01
9.989342617029877136e-01
1.000294466268808691e+00
9.998254560077727282e-01
9.989169403359209332e-01
1.000067682381127199e+00
1.001305403348789369e+00
9.999623609866498120e-01
1.000020619285260315e+00
1.000077567385718957e+00
9.994270587784628290e-01
1.000439870775305717e+00
1.000136426602206585e+00
1.000400303394503032e+00
1.000170629087923535e+00
1.000302903176765179e+00
1.000409289168852300e+00
1.000673805605740485e+00
1.000015724917984183e+00
9.998779072874576235e-01
9.998760234754581200e-01
9.999556769460037353e-01
9.995882999506736644e-01
1.001518571317601358e+00
1.000440946478806437e+00
9.998253412610360602e-01
9.998828269483855946e-01
1.000823329927528649e+00
1.000524622825277543e+00
1.001033239553686283e+00
1.000221581188210251e+00
1.000359027847415261e+00
9.998791689945826233e-01
9.999109419425572520e-01
9.997526252512749512e-01
9.993730336120224544e-01
9.998545441530763966e-01
1.000243923374993571e+00
1.000002124161724737e+00
9.997539526257802622e-01
9.992305955913857174e-01
9.999247643558273335e-01
9.992796293487316017e-01
1.000166190683810186e+00
1.000963746179079239e+00
9.994380603391673779e-01
1.000397776941950312e+00
1.000072579169778209e+00
1.000565576222014030e+00
1.000408348740755571e+00
1.000588486496057694e+00
9.996927276917350058e-01
9.997848616850906200e-01
1.000939728527007633e+00
1.000078218776260908e+00
9.997078226749253060e-01
9.996471364547788729e-01
1.000171938499003543e+00
1.000308961039177991e+00
9.993615565990591199e-01
9.996008104793393523e-01
9.996059270542677622e-01
1.000312902500572587e+00
1.000399314349665447e+00
1.000659925674298512e+00
9.993220329059221418e-01
9.992471539822288529e-01
9.999349868322473522e-01
9.999052151804344035e-01
9.998968770250735716e-01
1.000527959302051739e+00
9.999079638702907946e-01
1.000078396131350855e+00
9.997956347981148406e-01
1.000213331433769781e+00
1.000180561055634909e+00
1.000225179888765137e+00
9.999683335948319485e-01
1.001033386350052679e+00
9.998970870727603710e-01
9.998342565049109787e-01
1.000854417131548546e+00
1.000213812301951943e+00
9.997912726896533986e-01
1.000483055205984906e+00
1.000049260598417700e+00
1.000135796705653002e+00
1.000507052175020339e+00
1.000039298957961176e+00
9.996218540142810527e-01
9.995660760265790978e-01
9.999237618284583240e-01
1.000410392312433006e+00
9.999503558007716286e-01
9.997290094668411786e-01
1.000496495307803935e+00
9.996257799078804851e-01
1.000577829507276473e+00
1.000259848357919701e+00
1.000173532929002018e+00
9.997250425656362127e-01
1.000793048092905257e+00
1.000654649146579533e+00
1.000160848817404080e+00
9.992957864890121833e-01
1.000283294380356125e+00
1.000406602123197652e+00
1.000524811647221402e+00
1.000411410217939556e+00
9.998130302766093935e-01
9.996940394543308850e-01
1.000312447589646103e+00
1.000180280507811714e+00
1.000399350493414552e+00
9.999610969761206780e-01
1.000266579989666171e+00
1.000141616807823652e+00
9.999230776142922217e-01
1.000571415591068547e+00
1.000442623335987768e+00
1.000746529178469402e+00
1.000709762915890089e+00
1.000347578957753614e+00
1.000658238892641272e+00
1.000480628018126872e+00
1.000682385170776456e+00
1.000219221723489538e+00
9.999720135835888923e-01
1.000570610297952134e+00
9.997624582256818826e-01
1.000569888193364010e+00
1.000520281934041300e+00
9.999922326511244686e-01
9.998234604369125034e-01
1.000527320239116058e+00
9.998947529173468629e-01
1.001051075363143639e+00
9.995132615261256293e-01
1.000416356951587815e+00
1.000351189659099971e+00
1.000227261514323951e+00
9.999554337556120220e-01
9.998877435213041620e-01
1.000187321107941507e+00
9.989210487603147337e-01
9.897026797862481517e-01
9.783140537271839410e-01
9.671405465092890452e-01
9.555931283567132839e-01
9.447812357455771526e-01
9.339479492070215105e-01
9.228364188692044223e-01
9.122730819716842188e-01
9.010336621864485362e-01
8.905720856337027147e-01
8.800541332223433821e-01
8.696699490833905699e-01
8.590739360208401454e-01
8.491303608454860985e-01
8.380062263201594197e-01
8.281636254605974079e-01
8.183761173580790249e-01
