0.000000000000000000e+00
0.000000000000000000e+00
0.000000000000000000e+00
0.000000000000000000e+00
0.000000000000000000e+00
0.000000000000000000e+00
0.000000000000000000e+00
0.000000000000000000e+00
0.000000000000000000e+00
0.000000000000000000e+00
0.000000000000000000e+00
0.000000000000000000e+00
0.000000000000000000e+00
0.000000000000000000e+00
0.000000000000000000e+00
0.000000000000000000e+00
0.000000000000000000e+00
0.000000000000000000e+00
0.000000000000000000e+00
0.000000000000000000e+00
0.000000000000000000e+00
0.000000000000000000e+00
0.000000000000000000e+00
0.000000000000000000e+00
0.000000000000000000e+00
0.000000000000000000e+00
2.688607194730608524e-02
4.599495670950203285e-01
1.644190172137435679e+00
2.048619701572048424e+00
1.498630744746106691e+00
8.476676113960981418e-01
4.824669413630300885e-01
3.142933809058470751e-01
2.647751095365147300e-01
2.432730715676437450e-01
2.616866667655802225e-01
2.540075941264897108e-01
2.518846088555566909e-01
2.343025982367959170e-01
2.375914816851280587e-01
2.601878518732612111e-01
3.297785721383145741e-01
4.321693322923272351e-01
5.579599057288757713e-01
7.331387298630768212e-01
9.344877515460248141e-01
1.087264276619855918e+00
1.230003984129775407e+00
1.355910186805757700e+00
1.433041506270982035e+00
1.533457005914530491e+00
1.594250080045832130e+00
1.596624524183229310e+00
1.511766891296319804e+00
1.410003607425047933e+00
1.276381932717386203e+00
1.161719727049908890e+00
1.045950401263182838e+00
9.873895614980185975e-01
9.270444733303421225e-01
9.143328320389719766e-01
8.732987691705800248e-01
9.084811934394416699e-01
8.956907445103863274e-01
9.010385534244850225e-01
9.178114851386972584e-01
9.154286806575351321e-01
9.404230195233491685e-01
9.441042231466882928e-01
9.690936385792606744e-01
9.788457137620728554e-01
9.959906386704507897e-01
1.020422680950406447e+00
1.028461970462609676e+00
1.026021364728358254e+00
1.036062778473156198e+00
1.038052437018524898e+00
1.026273996592167448e+00
1.025998179190138693e+00
1.015445929345466514e+00
1.002842795815230836e+00
9.914352699334720853e-01
9.902229125169924595e-01
9.832281658171505567e-01
9.824658565308993508e-01
9.775471722158868282e-01
9.787739317679771123e-01
9.743770438364135478e-01
9.718510730268189457e-01
9.751164918266939097e-01
9.864016026746330601e-01
9.928326385471955007e-01
9.997886679977381341e-01
1.007755383540931415e+00
1.008596781455745717e+00
1.018844941698481055e+00
1.017568375645562684e+00
1.015511374208415196e+00
1.020508071155697527e+00
1.017839647783031154e+00
1.011978855964405399e+00
1.011506731692864092e+00
1.006229839259867420e+00
9.969934318268937057e-01
9.929793697997849611e-01
9.964226861063616436e-01
9.973093549269703706e-01
9.961586833694879850e-01
9.861974689513627323e-01
9.963767953137866451e-01
9.985492378335971697e-01
9.951500446815425560e-01
9.977445362397824313e-01
9.996663662889084812e-01
1.001839307552223612e+00
9.989283264956733133e-01
1.001554511343122567e+00
1.002217264743760383e+00
1.004980573523540865e+00
1.004350507763857037e+00
1.004251104585841103e+00
1.006433965601720493e+00
1.001037547125466221e+00
9.971910404059861621e-01
1.003585749418991258e+00
9.992411003908296951e-01
9.962379761396248368e-01
9.991723597443740168e-01
1.000922575285105420e+00
9.917227870893853270e-01
9.916695643584112485e-01
9.949866933518284329e-01
9.948385244071893396e-01
9.978776072866225588e-01
9.954175659519206576e-01
9.917102730909272967e-01
9.920928652229319411e-01
9.906561186267177632e-01
9.937600352312825347e-01
9.940227779092497551e-01
9.958025352696395771e-01
9.959870214064590055e-01
9.984614065960732976e-01
9.956071235647149242e-01
9.997528119552863135e-01
1.004754142966372887e+00
9.979231858254521415e-01
9.946096050679154033e-01
1.004177080269494926e+00
1.000597379403506793e+00
1.002206568006118070e+00
9.984643701944136973e-01
9.984025917055501242e-01
9.960405060911495800e-01
9.957093487871061521e-01
1.003412456775716333e+00
9.988256124324915719e-01
1.003030511040435391e+00
1.002093256497708529e+00
1.001131641309788156e+00
1.003191960909367131e+00
1.000223454234062226e+00
1.000507433832367843e+00
1.003552203155020139e+00
9.949296978470042463e-01
1.002374539245813212e+00
1.000884150945021700e+00
9.999549379716680120e-01
9.941738978809776528e-01
9.975732475570557867e-01
9.986351677768324775e-01
1.000043808760247899e+00
9.998275206709346108e-01
1.003904147180153084e+00
9.981214110076315205e-01
9.987851020820244230e-01
1.001119106784639001e+00
9.972774192187786602e-01
1.000171438425362158e+00
9.968875312278981937e-01
9.954233557438740831e-01
9.989812574216396790e-01
9.970260787771395572e-01
1.000647468727524636e+00
9.969821902511503131e-01
9.990912907494030604e-01
1.002926097659251115e+00
9.941376198926521468e-01
1.000228846767689195e+00
9.950230230734579129e-01
9.986245890181821849e-01
9.991874517958883040e-01
9.963994768335567853e-01
1.002183737990183898e+00
9.984514973930497250e-01
9.934776730179506465e-01
1.000356203062309657e+00
9.978022405558708563e-01
9.993283186201104007e-01
9.961933847458973590e-01
9.964418721996086692e-01
9.960624510909216189e-01
9.965025879049458357e-01
9.992418865683191376e-01
9.975153983954740955e-01
9.988203811758760153e-01
9.997962197344800739e-01
9.978280637482050963e-01
1.000748487716132340e+00
1.000040665970503895e+00
9.974954233728362540e-01
9.958417565477577504e-01
9.941453372750389539e-01
9.993125742049074889e-01
9.984056782775477812e-01
9.970284675725066270e-01
1.000148572991755858e+00
9.945989930093093179e-01
9.973553433132197332e-01
9.992000971377945628e-01
9.981300048271237735e-01
9.958079545062648030e-01
9.995552124810715977e-01
9.984030076398585640e-01
1.000983608588324802e+00
1.000724961516857192e+00
9.979346830525805956e-01
9.972651003139937353e-01
9.968169013013588042e-01
9.984310712562612933e-01
9.984182696431225246e-01
9.956822207967614968e-01
9.982048973310038154e-01
9.962162471637218131e-01
9.953555498855002348e-01
1.000849949583533238e+00
9.971400397112644143e-01
9.978684092980957265e-01
9.956990733734515375e-01
9.967319655718436255e-01
9.957476596183745254e-01
9.991517422032758500e-01
9.963103898886810361e-01
9.956931092825164198e-01
9.956374246082611013e-01
9.975105897091826046e-01
9.959905372999346973e-01
9.951435214608548296e-01
9.967297919094664227e-01
9.954235695803769213e-01
1.000357316946149933e+00
9.965042345969353788e-01
9.967763116486925146e-01
9.985551933947864889e-01
9.962648697216608396e-01
9.927667078126396483e-01
9.946801394754164471e-01
9.968139782830748308e-01
9.997526982535271944e-01
9.979238329707125210e-01
9.955214448669988947e-01
9.995142685859983445e-01
9.977179236349152935e-01
9.987499992325818976e-01
9.977912806375895949e-01
9.988525981076695759e-01
9.966382172331605949e-01
9.971806452239683205e-01
9.984595150338886338e-01
9.953769151785792912e-01
9.979377616816270669e-01
9.878768432431306312e-01
9.777591497206112869e-01
9.682196861343705940e-01
9.561766044148790611e-01
9.471721416456861942e-01
9.340911376152009060e-01
9.221897404304630896e-01
9.148576136478314691e-01
