0.000000000000000000e+00
0.000000000000000000e+00
0.000000000000000000e+00
0.000000000000000000e+00
0.000000000000000000e+00
0.000000000000000000e+00
0.000000000000000000e+00
0.000000000000000000e+00
0.000000000000000000e+00
0.000000000000000000e+00
0.000000000000000000e+00
0.000000000000000000e+00
0.000000000000000000e+00
0.000000000000000000e+00
0.000000000000000000e+00
0.000000000000000000e+00
0.000000000000000000e+00
0.000000000000000000e+00
0.000000000000000000e+00
0.000000000000000000e+00
0.000000000000000000e+00
3.564021135387928502e-02
1.083916488505829001e+00
3.488738881117253054e+00
3.432433657746647437e+00
1.893870464032583634e+00
8.470619449284939595e-01
3.839511625228656522e-01
1.950870059651413913e-01
1.201989484342279035e-01
1.881222658286970106e-01
7.186254815772704641e-01
1.504900864728847321e+00
1.760868689162481182e+00
1.465491977083304365e+00
1.067784309522284980e+00
8.016898263670041436e-01
6.834439261802669474e-01
6.733116237463193654e-01
7.247423915034731934e-01
8.059193268291818812e-01
9.033603168473381961e-01
9.871719032545860362e-01
1.071259169484517493e+00
1.132620415277021619e+00
1.179619100371409379e+00
1.209334988035733804e+00
1.213738807005183551e+00
1.202879430603329691e+00
1.174707369514810695e+00
1.133139716697328270e+00
1.094184626954554096e+00
1.059030309764822597e+00
1.031432716617644019e+00
1.003472487800567192e+00
9.807735653073738069e-01
9.630586781866528057e-01
9.473584680553446269e-01
9.379554814489609038e-01
9.326312306889231740e-01
9.303336299586423275e-01
9.300129469907975066e-01
9.350387812745951654e-01
9.451016115541057694e-01
9.532870971254105985e-01
9.674706878328716009e-01
9.767201608259961088e-01
9.857315857355558597e-01
9.939118857074766833e-01
1.000639134178163969e+00
1.007430724641395159e+00
1.012074386019589989e+00
1.016041627064976804e+00
1.017502253064563655e+00
1.016753514017099347e+00
1.019665973359712874e+00
1.017649732418447250e+00
1.014349476782059112e+00
1.011759524906070018e+00
1.009731045325069632e+00
1.006473822599862844e+00
1.004427344454740023e+00
1.004458447069668914e+00
9.998161500722152484e-01
1.001327283105694521e+00
9.988455941050797815e-01
9.985999003182977063e-01
9.995608925013818036e-01
9.989377979096073501e-01
9.995041510682258767e-01
9.951909585150551241e-01
9.982753666157628825e-01
9.958970230448120908e-01
9.960467568237493241e-01
9.957607392455438688e-01
9.962249719548282867e-01
9.958300110385869264e-01
9.958137043632170338e-01
9.946753555316010242e-01
9.975461496257270744e-01
9.981286320469225926e-01
9.997423080250018579e-01
9.975369912196533351e-01
9.990481742941481613e-01
1.000543088675164061e+00
1.000404137610110045e+00
1.000952879497367887e+00
1.000957612452076706e+00
1.002470442317577204e+00
1.001726529599733739e+00
9.999216501694051518e-01
1.001768485624753513e+00
1.000229316164868099e+00
1.000160964213264947e+00
1.000638452711401172e+00
1.001250575640467710e+00
9.997175303793914836e-01
1.000480918402338881e+00
1.000326584872694324e+00
9.986723609268139956e-01
1.001009405100606431e+00
9.998191727254009953e-01
9.999755671468961715e-01
9.998584157733689803e-01
9.998452370570075631e-01
9.997638073149290872e-01
9.991110448714582981e-01
9.990674962325203357e-01
9.995621934090261895e-01
9.997365446064084837e-01
9.998268715498657144e-01
9.988479721585533655e-01
9.999264127320099949e-01
9.999898975239638332e-01
9.998123255147989275e-01
9.992222229008639323e-01
9.993564211194954083e-01
1.000032366546300899e+00
1.000379323169836354e+00
1.000313218996764064e+00
1.001202131950513108e+00
1.000812326078659220e+00
1.000082507189667957e+00
1.001508853951584843e+00
1.000406774100947915e+00
1.000235790144637482e+00
1.000790027323037901e+00
9.999690347635616927e-01
1.000375408016734191e+00
1.000293869218492171e+00
9.999284298615400690e-01
9.992093965803060529e-01
9.998432299880850582e-01
9.989685160637954420e-01
9.996025837605354569e-01
9.994186371343027897e-01
9.994533570677700540e-01
1.000552320903754566e+00
1.000215259558273839e+00
9.995600167793824431e-01
9.997235658155787519e-01
9.999012875147603729e-01
1.000393344652134253e+00
1.000496294155167165e+00
9.996287214846927283e-01
1.000081568584720415e+00
1.000446142724099596e+00
9.998711452646203979e-01
1.000894939929673821e+00
1.000174470849350294e+00
1.000044037256005991e+00
1.000574946967736523e+00
1.000704854722180182e+00
9.994393195952384623e-01
9.997965172925992183e-01
1.000751760309243954e+00
1.000103709267477159e+00
9.996129111154296032e-01
1.000033556512230026e+00
9.997713378513344296e-01
9.989972488463434441e-01
1.000269408648495340e+00
9.991366841528582787e-01
1.000307076220022351e+00
1.000047513984930969e+00
9.997702234833578672e-01
9.995854365990841650e-01
1.000274532937626137e+00
1.000452123296163176e+00
1.000671365848819327e+00
9.995819030708830155e-01
1.000014362632386522e+00
9.991815553397882521e-01
1.000026029538052752e+00
1.001256859716976422e+00
1.000416917482967127e+00
1.000097064568609806e+00
1.000022387022053483e+00
1.000497894200550020e+00
9.998156639886175423e-01
1.000546925798535547e+00
9.997024769543998435e-01
1.000402772116369743e+00
1.000207698490003461e+00
1.000508404669629758e+00
1.000672588000048213e+00
9.996621071155472604e-01
1.000361295249112548e+00
1.000538559292906804e+00
1.000092622041289792e+00
1.000115188941740119e+00
1.000583502705354455e+00
9.998382090933636279e-01
9.997322656388794027e-01
1.000574067383364962e+00
1.000122245419114986e+00
1.000905711533420783e+00
1.000089755657611601e+00
1.000433981048906462e+00
1.000363994800888667e+00
1.000287854256247666e+00
9.998577401628857553e-01
9.998430108168598895e-01
9.991764819919930485e-01
1.000350011390598759e+00
1.000133396080122195e+00
1.000860872406483804e+00
1.000346470575526947e+00
1.000011587344058483e+00
1.000097642763851047e+00
1.000344550300756197e+00
9.999816408289516900e-01
1.000239866175903547e+00
1.000211724569745719e+00
9.995944015450661801e-01
1.000107295746023528e+00
1.000961990812043290e+00
1.000310091198401530e+00
1.000225958464626475e+00
1.000252776911173314e+00
1.000543623714039487e+00
1.000437366074133916e+00
1.000383449884234333e+00
1.000160733236937549e+00
9.998947012417404023e-01
1.000162063906733012e+00
1.000786327779447316e+00
1.000266372216721766e+00
9.999635403550350965e-01
9.999521601562403328e-01
1.000206417486849020e+00
9.998662225906954637e-01
9.997547400721054078e-01
1.000242656013633491e+00
9.997916336522103542e-01
9.997655825990320322e-01
9.996434967273419847e-01
9.998134281648467514e-01
1.000513219257215924e+00
1.000553065452691293e+00
1.000513857639036663e+00
1.000120463607899302e+00
9.996037222134950273e-01
1.000351828085209727e+00
1.000645411026582332e+00
1.000018991140084523e+00
1.000192166057534582e+00
9.998375246725654808e-01
1.000034490862582226e+00
1.000199366327624073e+00
1.000270966829974517e+00
9.987885802322814532e-01
9.897168377476341927e-01
9.792041605632235690e-01
9.680579978597004809e-01
9.571455455054979078e-01
9.467094974072484126e-01
9.359088111316008485e-01
9.252834717104909679e-01
9.149590272018981452e-01
