0.000000000000000000e+00
0.000000000000000000e+00
0.000000000000000000e+00
0.000000000000000000e+00
0.000000000000000000e+00
0.000000000000000000e+00
0.000000000000000000e+00
0.000000000000000000e+00
0.000000000000000000e+00
0.000000000000000000e+00
0.000000000000000000e+00
0.000000000000000000e+00
0.000000000000000000e+00
0.000000000000000000e+00
0.000000000000000000e+00
0.000000000000000000e+00
0.000000000000000000e+00
0.000000000000000000e+00
0.000000000000000000e+00
0.000000000000000000e+00
0.000000000000000000e+00
0.000000000000000000e+00
0.000000000000000000e+00
0.000000000000000000e+00
3.112785727367860678e-04
3.634936891454586955e-02
8.188333848948102789e-01
2.835312996913867511e+00
3.262117549601487809e+00
2.084097440282364211e+00
1.009144049776773411e+00
4.843463489202088357e-01
2.753524922169526268e-01
2.276918464308735623e-01
2.361139237463023011e-01
2.562120482604934302e-01
2.949636284951872023e-01
3.131277097598423875e-01
3.282747843090016993e-01
3.322831559272197421e-01
3.502551686564989719e-01
4.147370339040550302e-01
5.235751736618662333e-01
6.685008896872478568e-01
8.538467412269596934e-01
1.051182294198600431e+00
1.198919042815984826e+00
1.331550223065721683e+00
1.431360130044049495e+00
1.509255431019295823e+00
1.577867077326688072e+00
1.609094535697496386e+00
1.568042401753008575e+00
1.486755341590169976e+00
1.361270963190016614e+00
1.216200312280684592e+00
1.090902822446360387e+00
9.866567161026718047e-01
9.209130429531093842e-01
8.891073412083138061e-01
8.684886480597873160e-01
8.679944352787578588e-01
8.766314227543082760e-01
8.900684997087033867e-01
9.220623006221070339e-01
9.330804552373451743e-01
9.537660577875811674e-01
9.648816771420201110e-01
9.899851061979871858e-01
1.016326761281131086e+00
1.015711526608441551e+00
1.029088883047164948e+00
1.047402776263837376e+00
1.041616540471148822e+00
1.040389693325738607e+00
1.044974611178369539e+00
1.032715236271182668e+00
1.029569621364962773e+00
1.013037308084115518e+00
9.966923027439945626e-01
1.002522622659239637e+00
9.846373895977253987e-01
9.802998674876424179e-01
9.735884487492355577e-01
9.739022409472501973e-01
9.699725125281947191e-01
9.755250688765555456e-01
9.839856042008586767e-01
9.885685052666859374e-01
9.954381363008267813e-01
1.000127332082108467e+00
1.008465855480410456e+00
1.008365836616022637e+00
1.012277900620966342e+00
1.015741763861180091e+00
1.016505094861340996e+00
1.021277870248367803e+00
1.016049210761406085e+00
1.011278789379016718e+00
1.008758162513736512e+00
1.013400290682499705e+00
1.005141002950937557e+00
1.001663282092000395e+00
9.962737382918563922e-01
9.998754898983881478e-01
9.958600161466437672e-01
9.913148376310269017e-01
9.935510054048292128e-01
9.960313419390164347e-01
9.973105832151986094e-01
9.936296715810435387e-01
9.943109559776073247e-01
9.995845411484706178e-01
9.965963279660996488e-01
9.986307879662320586e-01
1.003115234736234207e+00
1.007897154392317862e+00
1.006738011057104476e+00
1.007010543703913186e+00
1.007700265603684864e+00
1.004949477613721331e+00
1.004336888241964321e+00
1.006285894504721279e+00
1.006812410276868963e+00
1.004056000055186582e+00
1.004194073445326074e+00
1.002941959781460612e+00
1.004720614272176071e+00
9.982898698376472257e-01
1.001381734457386985e+00
9.974093663350654948e-01
1.005899282285183105e+00
1.004832068858113159e+00
9.989878888975840532e-01
1.000309914521253729e+00
9.994746594611436663e-01
9.975126773979889894e-01
1.000906411586154787e+00
9.992949478993754520e-01
1.002118004466911572e+00
1.002032622745337109e+00
1.004077600000758741e+00
1.000873636538967659e+00
1.005494628963612413e+00
1.000456814804257188e+00
1.003109536925543166e+00
1.001120648606599994e+00
1.006275864788552576e+00
1.002689811424023025e+00
1.004244100796675809e+00
1.002777560757457831e+00
1.000692840041534470e+00
1.000107620689720589e+00
9.991677803219368714e-01
1.000263597418998618e+00
1.004448712866361060e+00
1.000200522554665516e+00
9.998276121008831119e-01
1.000704413959003558e+00
9.995247891666407813e-01
9.997070119142336120e-01
1.002125832900865543e+00
1.000870886561633366e+00
1.003697370133009636e+00
1.003476025866582688e+00
1.002343081074706710e+00
1.005926838681737712e+00
1.002655689092552205e+00
1.002401837659139927e+00
1.002042134065375789e+00
1.004489936861810540e+00
1.001535695743179799e+00
1.000756335606828751e+00
1.001587728610056738e+00
1.001856523238274344e+00
1.000363596487095608e+00
1.000543347812660411e+00
1.002419241564949770e+00
1.000917655498616776e+00
1.000531527288976319e+00
9.991996718107792885e-01
9.978340832042138508e-01
1.002060455058601862e+00
9.976446490618016139e-01
9.998556088733160374e-01
9.999197374273629535e-01
1.003238372583702187e+00
9.994359264887411332e-01
1.001048943290394622e+00
1.001120444923455421e+00
9.987080560612786595e-01
9.993870150981424283e-01
9.986522234320659441e-01
1.001048207276425073e+00
1.002526600556006509e+00
1.000457477018326546e+00
1.001987727268250916e+00
9.989197619048035826e-01
1.001633394635589758e+00
1.000185941623151331e+00
1.003319381464652160e+00
1.002037277225344525e+00
1.000891057986109001e+00
9.961120292730623049e-01
1.000167269762362032e+00
1.000622502001288883e+00
9.988804860243385431e-01
9.998813313582722850e-01
9.960984855235436308e-01
1.000353007750238943e+00
1.000253891914409943e+00
9.975482507329519466e-01
9.997099005061195198e-01
9.982343062077694285e-01
9.987310778565872127e-01
9.990018505570555929e-01
1.000523523367099266e+00
1.000614567770504948e+00
9.990696402065444293e-01
9.998823789807533835e-01
9.991325248261994085e-01
9.984355030586127278e-01
1.002450055304720644e+00
1.001334020643027234e+00
1.002228314541311560e+00
9.997350507657659646e-01
9.984806393523049106e-01
9.991641495046198473e-01
1.001244646711320074e+00
9.988672645060383548e-01
1.000852629526370663e+00
9.989598467984588392e-01
9.985302035403748055e-01
9.994024825022478353e-01
1.000926486448127095e+00
1.000026794722127077e+00
9.981122404862459163e-01
1.001580229099950703e+00
1.000390257266289717e+00
9.997303228668138475e-01
9.992999168780155594e-01
9.993636019071450161e-01
1.002008593106669121e+00
1.002181728633259716e+00
9.977863106425584050e-01
1.003679993140083493e+00
1.001069510535943730e+00
9.994538664512808701e-01
1.001472023359831098e+00
1.001348006057985351e+00
9.991785959326870969e-01
9.985738820010370276e-01
9.982422942880135874e-01
9.998360599797608828e-01
1.000115817908046933e+00
1.000209246862293400e+00
9.994088620921653954e-01
1.001118227552871165e+00
1.000938848213768662e+00
9.993126784443558952e-01
9.983415912970042827e-01
1.000825301282695978e+00
1.000952763932553946e+00
1.001641477524994661e+00
1.000322118627963386e+00
9.951025799326020937e-01
9.843691484842463923e-01
9.734393190005747876e-01
9.610005342946361662e-01
9.529040633263020643e-01
9.406766044199398324e-01
9.276880330717194312e-01
9.190953575945144394e-01
9.079977802716023838e-01
8.978422354535749994e-01
8.853761350986609768e-01
8.744424441287892424e-01
8.657165479545350095e-01
8.539514219116992599e-01
8.437936622404675902e-01
