0.000000000000000000e+00
0.000000000000000000e+00
0.000000000000000000e+00
0.000000000000000000e+00
0.000000000000000000e+00
0.000000000000000000e+00
0.000000000000000000e+00
0.000000000000000000e+00
0.000000000000000000e+00
0.000000000000000000e+00
0.000000000000000000e+00
0.000000000000000000e+00
0.000000000000000000e+00
0.000000000000000000e+00
0.000000000000000000e+00
0.000000000000000000e+00
0.000000000000000000e+00
0.000000000000000000e+00
0.000000000000000000e+00
0.000000000000000000e+00
0.000000000000000000e+00
0.000000000000000000e+00
0.000000000000000000e+00
0.000000000000000000e+00
3.113563375948648695e-04
3.837038211401026105e-02
7.845731874206600676e-01
2.782516267584384195e+00
3.212425873734631843e+00
2.048215489315255766e+00
9.981449765036910504e-01
4.911542112906545632e-01
2.844456932900472079e-01
2.201709835642881308e-01
2.381357882088201150e-01
2.597612918607918875e-01
3.042966977837177067e-01
3.306838230844822979e-01
3.351030002624597603e-01
3.370979878419828046e-01
3.546728309006866864e-01
4.174452894467803876e-01
5.235507947610559265e-01
6.789406758411992149e-01
8.467450699403142877e-01
1.048330124945537012e+00
1.197403312476914117e+00
1.324427155313064874e+00
1.415587356260769258e+00
1.507496575008317796e+00
1.564152688505719313e+00
1.591702123234474131e+00
1.566772706485191735e+00
1.477755932519309923e+00
1.348930973399437461e+00
1.195417509162987280e+00
1.077122969135709818e+00
9.731655883028210718e-01
9.076800855546141023e-01
8.698475886188214989e-01
8.445770473434998094e-01
8.468130813881119545e-01
8.606771542853627333e-01
8.698483889478979547e-01
9.006595466604458977e-01
9.150807726288749944e-01
9.372667304361009810e-01
9.617793170623578636e-01
9.801741783178986589e-01
1.000405543265589836e+00
1.009873018718755677e+00
1.010224126567626390e+00
1.034258161867317671e+00
1.033936213552898886e+00
1.028660660618137213e+00
1.029102653045289362e+00
1.021283544291542666e+00
1.013286488899315385e+00
1.006177467614395971e+00
9.963202170541347602e-01
9.862022621620830654e-01
9.698143143198347804e-01
9.611700306213020184e-01
9.666470113290706045e-01
9.672085636693702471e-01
9.569828597821041782e-01
9.645521806197783210e-01
9.763091948578606072e-01
9.769427588756687264e-01
9.874730153256041643e-01
9.939985430644594500e-01
9.955903125632230566e-01
9.985469917928880834e-01
1.005667528487371953e+00
1.013923426084267998e+00
1.010764332473895966e+00
1.013173036074180855e+00
1.008497113265002465e+00
1.009219592411888078e+00
1.010832108823161546e+00
1.000106990725877942e+00
9.986428795486235188e-01
9.949039211367084468e-01
9.912531389261550752e-01
9.885288558449110141e-01
9.868723752614408928e-01
9.914306443465205065e-01
9.827763724909195364e-01
9.844353866193854552e-01
9.889857257715102268e-01
9.825881266167413308e-01
9.921463114194261079e-01
9.929225142169385565e-01
9.927826706730885631e-01
9.951875824701506001e-01
9.961988620084241131e-01
1.000636311520919364e+00
9.987784734075801918e-01
9.962607065182405019e-01
1.004516082857493275e+00
9.966401899535676234e-01
1.001681961030991941e+00
1.001972181814800633e+00
9.993371193606037650e-01
9.993265319085580245e-01
9.954255967810746730e-01
9.953782363280347933e-01
9.900297424699349147e-01
9.912210171160720229e-01
9.950559891028145643e-01
9.933341865321894115e-01
9.963575088125212753e-01
9.883517216466116695e-01
9.914607057905426846e-01
9.929448117380602623e-01
9.971741530748901017e-01
9.916725504606950237e-01
9.946066523958817518e-01
9.934641491492800514e-01
9.947611875460123931e-01
9.944238482149284630e-01
9.964213310748736285e-01
9.988869575663495981e-01
9.956296239527668845e-01
9.972827291061783228e-01
9.980405672104299963e-01
9.926398937008923395e-01
9.963163836405887208e-01
9.980962636544127298e-01
9.941791743250311120e-01
9.968223813656531540e-01
9.955069016550958105e-01
9.987419920842024457e-01
1.001507722581213677e+00
9.994446428304224472e-01
9.985271502161762180e-01
1.003995274812255367e+00
9.987512517695736891e-01
9.999128072967984338e-01
9.998332929424351700e-01
9.990316034591046890e-01
1.002014323637528292e+00
1.000052154586278164e+00
1.003346775504194710e+00
9.997894656192690688e-01
9.979017798645235526e-01
9.977635564554298009e-01
9.993518592662922195e-01
1.001868861888620010e+00
9.983531643810851230e-01
9.985360895725693409e-01
1.001706473610872283e+00
9.974635801003230995e-01
9.994131877197212077e-01
9.983439919437641086e-01
9.999429760517620780e-01
1.003367403337794173e+00
1.000934387434974981e+00
9.995515024654286762e-01
1.000169488424394570e+00
1.001428582349691787e+00
9.990223943621913127e-01
1.001816990424706733e+00
1.001560425367733487e+00
9.994327411608023848e-01
1.000593271779683713e+00
1.002989201226763827e+00
9.995208512116989796e-01
1.001301629477082233e+00
9.973496164678617992e-01
1.000513038335042681e+00
9.983675643383235210e-01
1.000601633418007896e+00
1.000886409412284905e+00
1.000684600803048108e+00
1.000184140299913649e+00
9.998830141594009513e-01
9.993299280298724163e-01
9.981905791375743631e-01
1.000144656617208749e+00
9.989901234268502295e-01
9.971822589437899786e-01
1.000667068572525187e+00
9.978075417926850488e-01
9.995299928452020533e-01
1.002282199419465947e+00
9.970720060399268503e-01
9.979930814423210172e-01
9.992109873553688404e-01
9.998981054896072251e-01
9.973231351747811058e-01
9.978455308402152113e-01
1.000181101475057677e+00
1.002481801212951718e+00
1.001966542017920458e+00
9.969009155290012858e-01
9.971485843233046653e-01
1.000888283088239739e+00
9.992762439393291229e-01
1.000025479303216391e+00
9.999818850691665206e-01
1.000506065894430918e+00
9.998045723296756782e-01
9.989891260710083154e-01
9.979208387638751621e-01
1.000196224843024728e+00
1.002127629109574869e+00
1.000831246976978894e+00
1.001813438079697249e+00
1.000076735139227901e+00
1.000949646514013969e+00
1.002088519229146657e+00
1.000914824062023811e+00
1.003791892331641344e+00
9.992050315431374452e-01
1.001874104033924517e+00
1.001332556940665253e+00
9.990055347027854138e-01
9.994260930242718777e-01
9.983604779724470912e-01
9.991197722225977351e-01
1.000592421094814277e+00
9.983524986946205049e-01
9.988965986904899674e-01
1.001193614660260467e+00
9.992446752833655799e-01
1.002310086894255381e+00
9.998851403450536024e-01
9.983729536837269158e-01
1.000385168776946498e+00
9.994386888132866797e-01
9.981289987350775439e-01
9.994929263714035228e-01
9.994227574198623065e-01
9.993094686335677324e-01
9.992021781945881198e-01
9.996912690627459686e-01
9.998066586041433057e-01
9.996141339454204244e-01
9.996719378611421680e-01
9.980608049643778790e-01
9.981984144516348190e-01
9.996580777520985839e-01
9.985145003147540832e-01
9.976945093467104453e-01
9.925377688949955646e-01
9.820174912100320119e-01
9.725474862059835246e-01
9.612457814576040871e-01
9.505171504950221673e-01
9.391962808560497811e-01
9.280973396007259346e-01
9.179795469948779374e-01
9.076236602259362130e-01
8.960312175385145572e-01
8.872399398715188346e-01
8.753760770295697657e-01
8.674899476235055085e-01
8.543419055795230532e-01
8.456697981782429485e-01
