0.000000000000000000e+00
0.000000000000000000e+00
0.000000000000000000e+00
0.000000000000000000e+00
0.000000000000000000e+00
0.000000000000000000e+00
0.000000000000000000e+00
0.000000000000000000e+00
0.000000000000000000e+00
0.000000000000000000e+00
0.000000000000000000e+00
0.000000000000000000e+00
0.000000000000000000e+00
0.000000000000000000e+00
0.000000000000000000e+00
0.000000000000000000e+00
0.000000000000000000e+00
0.000000000000000000e+00
0.000000000000000000e+00
0.000000000000000000e+00
3.596022125275297041e-05
3.407745226908157760e-02
1.019747111530253658e+00
3.320224345954574829e+00
3.273942426200125322e+00
1.834844540416005421e+00
8.399099821024583745e-01
3.876815222208783163e-01
2.035631695334409741e-01
2.286041160745952705e-01
8.516271653460352198e-01
1.749971638207293623e+00
1.912188208773100362e+00
1.466328991748568900e+00
9.973121147296655220e-01
7.266268289242847622e-01
6.179713390846768295e-01
6.190707677770326267e-01
6.729171851444445407e-01
7.533688180146042024e-01
8.449993434485766342e-01
9.375864635266870639e-01
1.024339870668859342e+00
1.093491069512634084e+00
1.150176338784180796e+00
1.191181999929424862e+00
1.202995588054434073e+00
1.204932478172456189e+00
1.183381564649095052e+00
1.150843499840000339e+00
1.112997764674221957e+00
1.071269317197335091e+00
1.037760293494667696e+00
1.003421135924501550e+00
9.734748797994353664e-01
9.515286675318713749e-01
9.398713203108238767e-01
9.298769462368745575e-01
9.253033688015046554e-01
9.254231116156154124e-01
9.282078807502679441e-01
9.370947000482717781e-01
9.462068033741093398e-01
9.598845454602250582e-01
9.728480045342137172e-01
9.847495327329169879e-01
9.885398496233106513e-01
9.993446032817938640e-01
1.003938744539690564e+00
1.009388436376916776e+00
1.012782707779427582e+00
1.016253480178382240e+00
1.016850698849413481e+00
1.018426966606507555e+00
1.018624612084171543e+00
1.015617096848539402e+00
1.013846394077856372e+00
1.010641989043546296e+00
1.008144432709447980e+00
1.006231334843319836e+00
1.003065667324946730e+00
1.001079389352351301e+00
1.000255111034371147e+00
9.990063829956360442e-01
9.984866133462039217e-01
9.998627592185873603e-01
9.984272421689327492e-01
9.981604369149467137e-01
9.974767203733360121e-01
9.983974105714922276e-01
9.974738239501667048e-01
9.969925314279713957e-01
9.959924208866373085e-01
9.972592823763298808e-01
9.957751166238338891e-01
9.964475427663535001e-01
9.967397247766917046e-01
9.972684752898046678e-01
9.971018496634577177e-01
9.970049753376917234e-01
9.990707904068056866e-01
9.995785545779157788e-01
1.000708309375340166e+00
1.000176024561129084e+00
1.001234999234685619e+00
1.000476440201775175e+00
1.002179957671285537e+00
1.002327409246789314e+00
1.002024922868360646e+00
1.001641646621881598e+00
1.001308576057772459e+00
1.002307693788476950e+00
1.001721063848950877e+00
1.000259599485416206e+00
1.001279270334561655e+00
1.001130977548707612e+00
1.000213270076203642e+00
9.998162551261992048e-01
9.999124530197429639e-01
1.000745602572218562e+00
9.997178096791540236e-01
9.998681718230539861e-01
9.989731841841321680e-01
9.998688557515672537e-01
9.988233895433875631e-01
9.994383477715730324e-01
1.000894189093285869e+00
9.985742879653167758e-01
9.998084539472102961e-01
9.998491811316582156e-01
1.000048075635844747e+00
1.000395163144834232e+00
1.000021954404003210e+00
1.000663434939168095e+00
1.001000285338251139e+00
1.000174598551963889e+00
9.996210824710453080e-01
9.999340428545560044e-01
1.000827182326232023e+00
1.001214079018763803e+00
1.001810259532640357e+00
1.001149933268137504e+00
1.001505284873006607e+00
1.001119559032103590e+00
1.000059661469121064e+00
1.001357993311418948e+00
1.000579615017310964e+00
1.000227531390937008e+00
1.000124976438399926e+00
9.993763491254629150e-01
1.000404180161583056e+00
9.996676514924182078e-01
9.998388142273308965e-01
9.994966341417622635e-01
1.000575706575603352e+00
1.000284944006679444e+00
9.993989111281257331e-01
1.000000406221691396e+00
9.999416381626249350e-01
1.000125859640655479e+00
1.000014669126124911e+00
1.000381230258150067e+00
1.001001427871864191e+00
9.999133005772862237e-01
1.000718328740597407e+00
1.001055229243563494e+00
1.000147032310032102e+00
1.001320021122492854e+00
1.001360992805166772e+00
1.000436055063416596e+00
1.000390054367564563e+00
1.000148176622422724e+00
1.000063157566784433e+00
9.999996652462507241e-01
9.992563242429609582e-01
1.000610823084924883e+00
9.998294509087500836e-01
9.996531389802861822e-01
1.000499932122137059e+00
9.997302551879746479e-01
1.000116758204583567e+00
9.993570940621018250e-01
1.000252855631082793e+00
9.997055250415189942e-01
1.000092952443428107e+00
1.000403316994931791e+00
1.000124648660620785e+00
9.993574468130844712e-01
1.000578678757710893e+00
1.000024272900359001e+00
1.000068238124258269e+00
1.000348010070721827e+00
1.000508923358562452e+00
1.000230238263634774e+00
1.000063928613048825e+00
9.998727879438300548e-01
1.000198927799386794e+00
1.000038557136412543e+00
9.996894009645577173e-01
1.000418451330046699e+00
9.996268833024575251e-01
1.000561639500902711e+00
1.000328244852106474e+00
1.000136083000775500e+00
1.000080719740578772e+00
1.000589859851017449e+00
9.999891296898889559e-01
1.000402079768132335e+00
9.996890413561088096e-01
1.000252321026273927e+00
9.994469252957994820e-01
1.000145411375652493e+00
1.000016290001297659e+00
9.995966606285506817e-01
1.000400245469287075e+00
1.000135181156311059e+00
1.000124691737302118e+00
9.995430885594487336e-01
1.000357759853434558e+00
9.997243419448240687e-01
1.000027357813463968e+00
1.000433063899877517e+00
9.997343727196508212e-01
1.000316917408317519e+00
9.999123282040167648e-01
9.993892490795635020e-01
9.996701110063205276e-01
1.000426483734576211e+00
1.000388891521170942e+00
1.000079492868026110e+00
1.000451588430535832e+00
9.999575055174666494e-01
9.998483528764252615e-01
1.000197019079153815e+00
9.997328241477126953e-01
1.000112468372812424e+00
9.999841458138327699e-01
1.000187665843324858e+00
1.000201510130202198e+00
1.000054196390502748e+00
1.000237372315471607e+00
9.996564297059670201e-01
9.992905855128479953e-01
1.000183888448712199e+00
1.000113780840402145e+00
1.000069803551905778e+00
9.997761976452576027e-01
9.998966100772027632e-01
9.997252007776296079e-01
9.997204405093519375e-01
9.996728866381177081e-01
9.996109594104171103e-01
1.000095542715021990e+00
9.998764354771307872e-01
9.999827306794225601e-01
1.000449349885956796e+00
1.000368580577281508e+00
9.998880702065001680e-01
9.999055239818663843e-01
1.000313272964752587e+00
9.997338988379012026e-01
1.000011936197048090e+00
1.000261689415390620e+00
9.997125647727048703e-01
1.000079220139660885e+00
9.950289472973207205e-01
9.843260779638948188e-01
9.730688172801644775e-01
9.620560769479087337e-01
9.509812443336788101e-01
9.397754900748329643e-01
9.291585786111152823e-01
9.190995364596634687e-01
9.080167396843826788e-01
8.977066193358805846e-01
8.872729220737580746e-01
8.766921543718760867e-01
8.663903472450269483e-01
8.560074183903976230e-01
8.460201817907770927e-01
