0.000000000000000000e+00
0.000000000000000000e+00
0.000000000000000000e+00
0.000000000000000000e+00
0.000000000000000000e+00
0.000000000000000000e+00
0.000000000000000000e+00
0.000000000000000000e+00
0.000000000000000000e+00
0.000000000000000000e+00
0.000000000000000000e+00
0.000000000000000000e+00
0.000000000000000000e+00
0.000000000000000000e+00
0.000000000000000000e+00
0.000000000000000000e+00
0.000000000000000000e+00
0.000000000000000000e+00
0.000000000000000000e+00
0.000000000000000000e+00
1.199095020504993317e-05
3.334811016275378986e-02
1.011096696405616058e+00
3.302784143093453029e+00
3.274823919284748364e+00
1.820415035118882585e+00
8.386262525504013521e-01
3.858118194853669691e-01
1.987764740920041906e-01
2.303059225584463687e-01
8.462540200438420923e-01
1.743521240325826893e+00
1.902291318581933899e+00
1.462420609924323545e+00
1.000829652824035021e+00
7.263142187795635918e-01
6.229171875655741264e-01
6.213919657770837768e-01
6.730685636257709437e-01
7.549222355972452503e-01
8.466757707154718426e-01
9.378836069801427255e-01
1.024850321095833738e+00
1.093427780563340779e+00
1.149279846134721117e+00
1.188131267504011435e+00
1.204441480957891164e+00
1.199107792740585987e+00
1.180150557338552009e+00
1.148403025633031982e+00
1.108483591631422405e+00
1.072525375947886550e+00
1.035436854923410754e+00
1.000403346554809669e+00
9.708032107729390736e-01
9.503444819986808234e-01
9.371527474549820047e-01
9.279382339969689530e-01
9.265636507177786862e-01
9.263261970548203328e-01
9.267783159557436701e-01
9.355809652877650207e-01
9.465559546140474012e-01
9.595892174582579814e-01
9.721721474331016521e-01
9.798547701405858623e-01
9.906980766318469467e-01
9.965308394942539172e-01
1.003888569520255736e+00
1.007658178470142163e+00
1.013807719421533582e+00
1.014338011001103546e+00
1.018893637871800983e+00
1.018142820174051888e+00
1.017893673182737269e+00
1.016282411193881297e+00
1.015611502922581622e+00
1.010504436148082608e+00
1.006075147308673534e+00
1.005678094826835123e+00
1.002939676119382506e+00
1.000654083278004425e+00
1.000004443101640383e+00
9.990450696752152249e-01
9.982642614322984054e-01
9.973299747372742496e-01
9.976914397014609026e-01
9.976085425604871437e-01
9.986559499812940333e-01
9.973739069907368027e-01
9.977737810468544355e-01
9.967913079965059486e-01
9.973831064426240678e-01
9.958707602289451621e-01
9.961700463308129638e-01
9.966544302255867516e-01
9.978822112169399849e-01
9.964067468699039365e-01
9.982599274944897738e-01
9.982521561047453806e-01
9.974161744373865046e-01
9.997183261553183042e-01
9.998149449410228540e-01
9.992664830757084227e-01
1.001796668288602810e+00
1.001012196738623183e+00
1.000819409882687472e+00
1.002233257059641502e+00
1.002188541214779072e+00
1.002782962744533934e+00
9.998601700105641532e-01
1.002223571110542055e+00
1.001259716056635662e+00
1.001754550357590645e+00
1.002163461584668847e+00
1.001130524744267003e+00
1.000213252139693143e+00
1.000789540860678839e+00
9.998950144045620769e-01
9.998893512293749453e-01
9.999332675728218600e-01
9.998537857581524246e-01
9.999353448963528290e-01
1.000010904988470450e+00
9.993351957823221055e-01
1.000083521416523125e+00
9.987068287050798743e-01
9.991740367249811738e-01
9.997903012976595560e-01
9.991893643764676591e-01
9.991726605983272114e-01
1.000174078583984105e+00
1.000283641439325244e+00
1.000117646060695087e+00
1.000107892680425437e+00
1.001516143926886926e+00
1.000226483594343962e+00
1.000694792720171922e+00
1.001136206955331343e+00
1.000907398829304018e+00
1.000845446236353631e+00
1.000856192239669928e+00
1.000713596938110683e+00
1.000236925934945731e+00
1.001075249220899854e+00
1.000993616546387965e+00
1.000375743149497954e+00
9.995243907835135166e-01
1.000528308019002610e+00
9.994468270695274770e-01
1.000552855438817001e+00
9.991932117353655718e-01
9.996482575093120770e-01
9.999287681793552762e-01
9.989425660046372668e-01
1.000465346195161809e+00
1.000288097202349791e+00
9.994605512617512622e-01
9.999255675325176007e-01
9.996024766703929254e-01
9.998368220287913166e-01
1.000421558642304865e+00
1.000207093634571498e+00
1.000306571258774868e+00
1.000515187987738308e+00
1.000705604101170820e+00
9.996476530200391064e-01
1.000091798891802330e+00
1.000500776994294183e+00
1.000796104177020807e+00
1.000573800655635948e+00
1.000340583200105993e+00
1.000752736801275189e+00
1.000343159378569213e+00
9.996255073134490132e-01
1.000279745272251608e+00
9.994402018250391206e-01
1.000292111906695647e+00
9.995320832986640536e-01
1.000165423384140162e+00
1.000237311272563989e+00
1.000253137036488216e+00
9.996747208626048931e-01
1.000102907846435185e+00
1.000882395989025619e+00
1.000721597048870981e+00
1.000305174091965732e+00
9.995183638564295592e-01
1.000602286931423279e+00
9.999858943161462621e-01
1.000500889594641896e+00
1.000527008806180396e+00
9.998626934032103231e-01
1.000490319966589547e+00
1.000029111059491438e+00
1.000300800662526246e+00
1.000159446153376264e+00
9.996774793356125732e-01
9.998502102812285575e-01
1.000668959512468037e+00
1.000402335274798604e+00
9.998858575095797008e-01
1.000023291877274234e+00
1.000175320891696362e+00
9.996262086377681877e-01
1.000164822528148534e+00
1.000728566619639937e+00
1.000207665915877620e+00
1.000086143649114634e+00
9.999802481974757740e-01
9.997323515842329034e-01
1.000309741488109028e+00
1.000526374181502698e+00
9.998907538262421513e-01
1.000346270970563278e+00
1.000094529806463406e+00
1.000134843407447738e+00
9.998623456995976433e-01
9.999268393258576859e-01
9.995547751101712119e-01
1.000036282570734070e+00
1.000003390118154867e+00
9.997146303511136312e-01
9.997642969156597115e-01
1.000265307853112517e+00
1.000002279721873943e+00
9.998552851570121636e-01
1.000198271145724904e+00
9.999981658723284816e-01
1.000151003383030757e+00
1.000232134622523139e+00
1.000374308516741362e+00
9.998029852995146127e-01
1.000323550192387501e+00
9.996920349232396585e-01
9.998751326034497344e-01
9.995697140314947493e-01
9.998568556365863280e-01
9.999829874574143185e-01
1.000038047457217250e+00
9.995941903958974750e-01
9.997114447793109537e-01
9.999588600778966940e-01
1.000184208056666968e+00
9.997088716741244774e-01
1.000057200478142505e+00
1.000539089460564579e+00
1.000444148637904318e+00
9.995943491944975223e-01
9.999170095185628826e-01
1.000098554026883857e+00
1.000068926768774347e+00
9.999452155853675306e-01
1.000223058980982849e+00
9.999604689349249620e-01
1.000071881084751091e+00
1.000174970661388274e+00
1.000014898808961883e+00
1.000102806101206498e+00
9.999043459568727199e-01
1.000296052394589186e+00
9.997903061132733527e-01
9.997232973534558864e-01
9.997253125567804322e-01
9.997828605663693358e-01
9.956850165008006570e-01
9.844752092449581271e-01
9.737825330525248235e-01
9.629178434130123421e-01
9.519907315361979538e-01
9.408428217330735421e-01
9.299371841704219266e-01
9.192917849890526183e-01
9.086332330358548592e-01
8.983742387919132488e-01
8.878896067157570071e-01
8.771985988880658391e-01
8.661699652463472621e-01
8.563466642458535949e-01
8.459048608079655640e-01
