0.000000000000000000e+00
0.000000000000000000e+00
0.000000000000000000e+00
0.000000000000000000e+00
0.000000000000000000e+00
0.000000000000000000e+00
0.000000000000000000e+00
0.000000000000000000e+00
0.000000000000000000e+00
0.000000000000000000e+00
0.000000000000000000e+00
0.000000000000000000e+00
0.000000000000000000e+00
0.000000000000000000e+00
0.000000000000000000e+00
0.000000000000000000e+00
0.000000000000000000e+00
0.000000000000000000e+00
0.000000000000000000e+00
0.000000000000000000e+00
2.398170271026028069e-05
3.390381071235391147e-02
1.005265073833361500e+00
3.303769727275559287e+00
3.277978564773012859e+00
1.825600258078641236e+00
8.364592357403525247e-01
3.845158020156950185e-01
1.997799715134074283e-01
2.307383336037328314e-01
8.475147125273482240e-01
1.742638186159222613e+00
1.906522078829874012e+00
1.461918903845986550e+00
9.982554278793197566e-01
7.255763558433208082e-01
6.221213960743610105e-01
6.222541189056390865e-01
6.739572246322552695e-01
7.540535321528349932e-01
8.502913389705373248e-01
9.384786308982140390e-01
1.022551030747061551e+00
1.093162987035254607e+00
1.149593476019038052e+00
1.187150065319618752e+00
1.206261224670558407e+00
1.200062825076140482e+00
1.180922812887176931e+00
1.149689365775495409e+00
1.111585005168574281e+00
1.071237577278655984e+00
1.035678730624435273e+00
1.002057215303269411e+00
9.710157684519394872e-01
9.556625632214081900e-01
9.382722627833022244e-01
9.281256651369984567e-01
9.221789589583582192e-01
9.218510943943183378e-01
9.290508337696592456e-01
9.344924747531616616e-01
9.465326095020595298e-01
9.574313804377121429e-01
9.718611811201647299e-01
9.826237811462812388e-01
9.914318387191765058e-01
9.990015305440255178e-01
1.002259356693915748e+00
1.008716226042508435e+00
1.013352106756011173e+00
1.014653926365224557e+00
1.017380681200159342e+00
1.017719223199704093e+00
1.017848915392769893e+00
1.016304933478855643e+00
1.011057553860024383e+00
1.010116665561799687e+00
1.007019557021581413e+00
1.004919373255638959e+00
1.003571486903640730e+00
1.002347699269891423e+00
9.990178975899521863e-01
9.993425420814633364e-01
9.980279872287688425e-01
9.981573436032348257e-01
9.969448479547389219e-01
9.974653000039580553e-01
9.966199943822086071e-01
9.980106068459223545e-01
9.959802854991897103e-01
9.960515508485767722e-01
9.962002344287108624e-01
9.956451575591925840e-01
9.951893870636142614e-01
9.953668342534708335e-01
9.967097859057222342e-01
9.947612688191411756e-01
9.958833279946098793e-01
9.981802617582352655e-01
9.981040168445340921e-01
9.985510367847326707e-01
9.995864179833640062e-01
9.994933882282338589e-01
1.000088499976172995e+00
1.001385207128994148e+00
1.002212143851005433e+00
1.001554173534912939e+00
1.001031057930941826e+00
1.001976809817149983e+00
1.001457934743798406e+00
1.000113209731009922e+00
1.000920910237634631e+00
1.000524365384372727e+00
9.999234000681807011e-01
9.999101746097908139e-01
1.000508384444104504e+00
1.000378202537680616e+00
9.994661033024606622e-01
9.996625858138511456e-01
9.988475084757720834e-01
9.990369401686596262e-01
9.987585483622453131e-01
9.991537137953243608e-01
9.977388064578959215e-01
9.987164689102914217e-01
9.990160546247165430e-01
9.991273044870222497e-01
9.997389471274454875e-01
9.999228366016578162e-01
9.994966604460122639e-01
9.989390693539690336e-01
9.997204518502893489e-01
9.986254473376366958e-01
9.998129132746459424e-01
1.000313424398665330e+00
1.000528772951224665e+00
9.996454420644336203e-01
1.000486744713104947e+00
1.000333974908758972e+00
1.000035170782233251e+00
1.000343418025701814e+00
1.000997414070301961e+00
1.000070245018049642e+00
9.996271236946990824e-01
1.001305487224569024e+00
9.996819125918346982e-01
9.993221524786261023e-01
9.998547536302735406e-01
9.993019434521202005e-01
9.991453008569910477e-01
9.991216314290815026e-01
9.986588168569285884e-01
1.000017647377797525e+00
9.996229966749594631e-01
9.993119394656806431e-01
9.993753487361847210e-01
9.994605557555754638e-01
9.998331803735455159e-01
9.992132807559478413e-01
9.996912557283018641e-01
9.998169041968359982e-01
9.997265814116015337e-01
1.000370484333320542e+00
1.000989298017483264e+00
9.996346419762787150e-01
1.000540242719245354e+00
1.000380935271992344e+00
9.995294936309450096e-01
9.998169396680687271e-01
1.000254172785480566e+00
9.996478527500129996e-01
9.997386446344488364e-01
9.998243614517421385e-01
1.000202514037566326e+00
9.996586464957182283e-01
1.000253282295049839e+00
9.995274417336776906e-01
9.997780656754760020e-01
9.996379487013433707e-01
9.999727728585002806e-01
9.999878366708156996e-01
1.000053191284104859e+00
9.995641982133998127e-01
9.999284109534054554e-01
9.999853528655799906e-01
1.000336688553958631e+00
9.999944087945360494e-01
9.998456705628230301e-01
1.000098317907620826e+00
1.000209506628902290e+00
9.999393900245051592e-01
1.000294808894809373e+00
1.000301593058823268e+00
9.994007301818953470e-01
1.000154025539227831e+00
1.000200497144155820e+00
1.000254680678109631e+00
9.999339958563212560e-01
1.000463993814091124e+00
9.996796013641672252e-01
9.990717232220762689e-01
9.996369201338601851e-01
1.000155116020271739e+00
1.000089243979360720e+00
9.998048044831355785e-01
1.000043968933820748e+00
1.000516936337463969e+00
9.994187960185034747e-01
1.000112538396550566e+00
1.000405507301008301e+00
9.995718414064513890e-01
9.992212718571533703e-01
1.000093212308447610e+00
1.000078981110807508e+00
1.000442256927724038e+00
1.000015914401167327e+00
9.997810547705076045e-01
1.000621068768243083e+00
9.995447362059097784e-01
1.000220181546111808e+00
9.996025375955877035e-01
9.995526564763156374e-01
9.999073742974370349e-01
9.997726951584068322e-01
1.000126077494245536e+00
1.000088125012157825e+00
1.000344634467867921e+00
1.000075488206946472e+00
1.000201240495022903e+00
9.999817860746003095e-01
9.998402148475485918e-01
1.000006806414476923e+00
9.997610370603324803e-01
9.999272255196821613e-01
9.999290242930487516e-01
9.999311548157882035e-01
1.000648879980613914e+00
1.000338475892674772e+00
9.997302431440679982e-01
9.995885297213643605e-01
1.000795745561221084e+00
9.996065170580126225e-01
9.999111694436486619e-01
1.000606786345022314e+00
1.000291352070125761e+00
9.998583232557315403e-01
1.000291105005969294e+00
1.000296930652817329e+00
1.000021698795457770e+00
1.000230278756973457e+00
1.000591888781006356e+00
1.000151545239692963e+00
1.000853248410580765e+00
1.000095247284985556e+00
1.000362413560042185e+00
1.000764226244675204e+00
1.000338565027023341e+00
9.996914334038463634e-01
9.997292070008897413e-01
9.997416804466804363e-01
1.000551980470401725e+00
1.000126756997911537e+00
1.000090593833870001e+00
1.000561287056940918e+00
9.955244608442519461e-01
9.851081418783292909e-01
9.741810684318575886e-01
9.628510363379837456e-01
9.515415215878947341e-01
9.412012966146987569e-01
9.299845327521588656e-01
9.191273118532680142e-01
9.088445512244979207e-01
8.979851831874207102e-01
8.876565268560517863e-01
8.770034248268633315e-01
8.668215987660061739e-01
8.564934185991367466e-01
8.464029932028792613e-01
