0.000000000000000000e+00
0.000000000000000000e+00
0.000000000000000000e+00
0.000000000000000000e+00
0.000000000000000000e+00
0.000000000000000000e+00
0.000000000000000000e+00
0.000000000000000000e+00
0.000000000000000000e+00
0.000000000000000000e+00
0.000000000000000000e+00
0.000000000000000000e+00
0.000000000000000000e+00
0.000000000000000000e+00
0.000000000000000000e+00
0.000000000000000000e+00
0.000000000000000000e+00
0.000000000000000000e+00
0.000000000000000000e+00
0.000000000000000000e+00
0.000000000000000000e+00
3.306422264319768684e-02
1.014925317420792172e+00
3.302922144907145086e+00
3.284065134406960684e+00
1.831287052746848554e+00
8.356439129545065736e-01
3.867195516693438528e-01
2.021428428780304432e-01
2.312467527343989582e-01
8.510154897001835916e-01
1.749531654118451796e+00
1.909360611004079278e+00
1.466114659353098260e+00
9.954979702228785587e-01
7.268962728260442985e-01
6.211951248893344824e-01
6.212259238958910412e-01
6.735320993688505009e-01
7.503026752311425795e-01
8.440955950590303125e-01
9.385468974962249966e-01
1.021189623298104809e+00
1.093319816321791427e+00
1.144606798864286956e+00
1.186851699910191682e+00
1.204038237976335912e+00
1.203918812550765827e+00
1.184906170761380384e+00
1.148642581273017660e+00
1.110476483386723334e+00
1.072986047216492045e+00
1.034437296801114625e+00
1.001779102903373575e+00
9.727024557174100972e-01
9.504805502474694689e-01
9.386636395428054058e-01
9.282992435603160120e-01
9.268839473173120513e-01
9.276931606346978665e-01
9.296422593955016023e-01
9.344063642291942084e-01
9.464580512266038692e-01
9.581238300948298203e-01
9.721129353920556770e-01
9.819654937082571422e-01
9.908534146565755041e-01
9.983016704745706349e-01
1.003817020913794433e+00
1.005768484564702803e+00
1.011967741248551267e+00
1.015502438241705496e+00
1.019145505035217170e+00
1.019891397148869006e+00
1.019091298635330434e+00
1.018159086694160331e+00
1.014139794791204752e+00
1.011063053140856649e+00
1.007878098746443962e+00
1.005601563234367335e+00
1.001719041264573562e+00
1.000528210610441393e+00
1.001298664032930441e+00
9.999576214711854982e-01
1.000855416746774695e+00
9.982237992288134354e-01
9.980126964464129946e-01
9.976385273060400793e-01
9.956200114607501872e-01
9.960662223654008773e-01
9.955326226544192192e-01
9.973906403180233804e-01
9.961638801249170783e-01
9.963854325082195373e-01
9.964726776968241273e-01
9.972323141586617590e-01
9.968447719539614837e-01
9.967119176186050034e-01
9.988505949393580163e-01
9.988236289830429993e-01
9.987041437646297926e-01
9.992297798246588814e-01
9.998451099260791120e-01
1.000600944078560151e+00
1.000464535924457721e+00
1.000900900696924500e+00
1.000000222179711740e+00
1.001856515866957675e+00
1.000926588046361365e+00
1.002226276961884821e+00
1.001438733105824541e+00
1.001725197923438282e+00
1.000283738442138581e+00
1.001300489835521779e+00
1.000005862699611781e+00
1.000197029222475109e+00
9.999101326545997148e-01
1.000988852118374961e+00
9.997972100408666352e-01
9.994823225092825947e-01
9.997555491514119597e-01
9.995241486250712182e-01
9.994311267460525006e-01
1.000107148330216855e+00
9.998062029997564215e-01
1.000010480036051419e+00
9.995377937470344420e-01
9.998879197834293908e-01
9.991162707894034600e-01
9.998307973980666841e-01
9.995921069249560365e-01
9.998131722592574766e-01
9.992601881309717271e-01
1.000300686261776928e+00
9.994577578002951102e-01
1.000748247951651404e+00
9.999208772053450600e-01
1.000254187394091332e+00
1.001540693387564795e+00
1.001104740282435790e+00
1.000351961325871564e+00
1.000518239481012817e+00
1.000275692913463521e+00
1.000895496944510521e+00
1.000373115751875375e+00
9.999784542764630357e-01
9.992770564585207183e-01
1.000594098054557568e+00
1.000167415273872429e+00
1.000818472976805040e+00
9.994490434138658674e-01
9.994741893276354316e-01
9.998783113164949610e-01
9.994859827077994252e-01
9.995842533145188336e-01
1.000265759651556730e+00
9.996143665538507195e-01
9.998962768888959296e-01
1.000006119028342466e+00
1.000419508751784647e+00
1.000072489961705502e+00
1.000486674801424281e+00
1.000351004638643682e+00
9.998666074774663626e-01
1.000171261373072884e+00
1.000261481253579054e+00
1.000029089142586702e+00
9.996937982605693662e-01
1.000229527088989379e+00
1.000136834039256684e+00
9.998325173030777613e-01
1.000648427417855535e+00
1.000296754501708296e+00
1.000728670156871614e+00
9.996918028836127013e-01
1.000832760731919624e+00
1.000244220788859772e+00
9.999157750055249760e-01
9.996578464447113399e-01
9.999697314475477494e-01
1.000078819072173442e+00
1.000721916606353901e+00
9.995571451151396003e-01
1.000230136265366720e+00
1.001290002763604248e+00
1.000154892641090809e+00
1.000156135151456516e+00
1.000031755013582657e+00
1.000916751762545021e+00
1.000247091759465246e+00
9.990283025543497120e-01
1.000541020269534398e+00
1.000895507081565050e+00
1.000118725150334731e+00
1.000139891071485598e+00
9.997547868165110874e-01
9.996488707670816432e-01
1.000765523988539574e+00
9.991439332496901971e-01
1.000118657190638416e+00
9.998144443303528250e-01
9.998414812429607945e-01
1.000290376338181630e+00
1.000741315647236895e+00
1.000289905847185912e+00
1.000019811854220064e+00
1.000448788100744668e+00
1.000274620982658513e+00
1.000171473409911638e+00
1.000315450385522498e+00
9.999194676951141947e-01
9.995415346611739027e-01
1.000745240234222289e+00
1.000091553250654464e+00
1.000056086158856106e+00
9.997588491351724338e-01
1.000432374843289729e+00
1.000283934818793741e+00
1.000389868280895156e+00
1.000314456757122272e+00
1.000881758250415920e+00
1.000064514107581459e+00
9.996132341323168413e-01
1.000176573143103820e+00
1.000391706306471562e+00
1.000907515309117146e+00
1.000096966481722971e+00
9.997060056549359475e-01
9.996839550830091126e-01
9.999347383284475921e-01
9.999189863926547517e-01
1.000187527925814113e+00
9.997303554832194239e-01
1.000387330574072919e+00
1.000147197990921555e+00
9.999880950455214412e-01
9.998013051682282937e-01
9.998732090442428166e-01
9.996032232308811327e-01
1.000156229707931388e+00
9.997552278759634925e-01
9.995150194467522509e-01
1.000367254571097986e+00
9.996435745536542683e-01
1.000165923202007479e+00
1.000262416204309224e+00
1.000174108859594346e+00
1.000030031875750680e+00
1.000300030615202340e+00
1.000211562159440071e+00
1.000217105085608349e+00
1.000066615026740324e+00
1.000161267971003021e+00
1.000204938556471745e+00
9.997915309263754047e-01
1.000462009272458097e+00
9.999726516270022181e-01
1.000196266348181151e+00
1.000255239287963782e+00
1.000178806283562594e+00
9.998720292477414340e-01
9.996312532987646771e-01
1.000297690884222490e+00
1.000234831363859156e+00
9.994858317357879773e-01
9.953831987904366851e-01
9.847482104244240642e-01
9.736136281210266974e-01
9.626815528255967536e-01
9.514341394507517258e-01
9.409147066740912724e-01
9.301268436277643215e-01
9.192035512356698801e-01
9.084067227153478363e-01
8.976385542297617981e-01
8.874693834049338648e-01
8.769474357409905441e-01
8.662711985213829013e-01
8.559568969399330429e-01
8.459439715437642171e-01
