0.000000000000000000e+00
0.000000000000000000e+00
0.000000000000000000e+00
0.000000000000000000e+00
0.000000000000000000e+00
0.000000000000000000e+00
0.000000000000000000e+00
0.000000000000000000e+00
0.000000000000000000e+00
0.000000000000000000e+00
0.000000000000000000e+00
0.000000000000000000e+00
0.000000000000000000e+00
0.000000000000000000e+00
0.000000000000000000e+00
0.000000000000000000e+00
0.000000000000000000e+00
0.000000000000000000e+00
0.000000000000000000e+00
0.000000000000000000e+00
0.000000000000000000e+00
0.000000000000000000e+00
0.000000000000000000e+00
0.000000000000000000e+00
0.000000000000000000e+00
0.000000000000000000e+00
9.087025257767656489e-03
2.254884733096813310e-01
8.567981816022158803e-01
1.234585529214049515e+00
1.027099927899674192e+00
6.510034703356867292e-01
4.175532870400213148e-01
3.108606478339865919e-01
2.659961644851734364e-01
2.447520516289251047e-01
2.615972265366869887e-01
2.518661064483199152e-01
2.568921997633495935e-01
2.488222676640494124e-01
2.600315399805158134e-01
2.942791302797411745e-01
3.485100379145981142e-01
4.579268124897405423e-01
5.992525981787168998e-01
7.896731264220744340e-01
1.003754999898941680e+00
1.202913632242430308e+00
1.383079209873856241e+00
1.504441784048705211e+00
1.601855861086693977e+00
1.704612555152781539e+00
1.708279183675217361e+00
1.696175988591723582e+00
1.618389125507937232e+00
1.460857146840920606e+00
1.314919902429899867e+00
1.184811321520212957e+00
1.071871386798223025e+00
9.923804162577083421e-01
9.367437484457746821e-01
9.170748096894597579e-01
8.815648047494362149e-01
9.041821328010212211e-01
9.005671267385859657e-01
8.857582949342273082e-01
8.787622718510632591e-01
9.020599362401794385e-01
9.040997684945596413e-01
9.194126621236863306e-01
9.472669091959373677e-01
9.886454449995630833e-01
1.023416575324523459e+00
1.051709074145625644e+00
1.071576124983464773e+00
1.073079030423641722e+00
1.078105964924983118e+00
1.064631292289405229e+00
1.042599474024926698e+00
1.024333576293141146e+00
9.916837131245025416e-01
9.628535311954864451e-01
9.503584872646020365e-01
9.540991323811719438e-01
9.241030372042674523e-01
9.333147096783713792e-01
9.305304714739239813e-01
9.421702181384065122e-01
9.585946980222612712e-01
9.831721932984766044e-01
1.008383388564874528e+00
1.040902878880363369e+00
1.045329501028488428e+00
1.017979121759008398e+00
9.948415473258890307e-01
9.550088753033436628e-01
9.295123170603609708e-01
9.141984959895220753e-01
9.166153814391811983e-01
9.389674455698964195e-01
9.760145098463905988e-01
1.011977164185396960e+00
1.048061707128729481e+00
1.074907184511360470e+00
1.095456806803040806e+00
1.100671018072669094e+00
1.092993116210545734e+00
1.072707064960378709e+00
1.045841717465281651e+00
1.008212201536851094e+00
9.691539531040016531e-01
9.364476389417092372e-01
9.210223800467391975e-01
9.168233150879608884e-01
9.281127674259216365e-01
9.849754026667961737e-01
1.045726609428890841e+00
1.133924684831588703e+00
1.280302475097539361e+00
1.447687627703107216e+00
1.426860583566611052e+00
1.241011954611810131e+00
1.103629092441354764e+00
1.015287727531956952e+00
9.671678675073762665e-01
9.359457751176535334e-01
9.330274902096246104e-01
9.405871109564947208e-01
9.637427043922422998e-01
9.884415893380781304e-01
1.006651892145885796e+00
1.034273780274427512e+00
1.047782684120749375e+00
1.058186024986050633e+00
1.061560239496368574e+00
1.053731804688282425e+00
1.044914279416583769e+00
1.027829861136387191e+00
1.012976505986937337e+00
1.006157952789204835e+00
9.940507877268142112e-01
9.937388514252121219e-01
9.887019260728112657e-01
9.855507416485141947e-01
9.755146078335811266e-01
9.813113986072360406e-01
9.799128027308727784e-01
9.815826662303324124e-01
9.873072065497127126e-01
9.853431826128663529e-01
9.867878280646158462e-01
9.838450138439109871e-01
9.914596379062343701e-01
9.841965658425321228e-01
9.856678421928316558e-01
9.870566474380879640e-01
9.874827088630743210e-01
9.918419431571704470e-01
9.951166959721962080e-01
9.972978271764922908e-01
9.996709611689775787e-01
9.950780607606809491e-01
9.928181993164846286e-01
9.915271332944166627e-01
9.959788103584588104e-01
1.000451463945344788e+00
1.009189580524552543e+00
1.011904582412836984e+00
1.019972693272685582e+00
1.031501351183120585e+00
1.034030503077979279e+00
1.035942474620082931e+00
1.038586741469652575e+00
1.032526598518518579e+00
1.034769031548919971e+00
1.031022519310324181e+00
1.026907267103618571e+00
1.015515403146164619e+00
1.016771377692873957e+00
1.017551255743669891e+00
1.024079173114026409e+00
1.025553058257251404e+00
1.027412280176804193e+00
1.026306070767606160e+00
1.023257296696318708e+00
1.016834741250530749e+00
1.010169624601184202e+00
1.011313813002376660e+00
1.004803183910450981e+00
1.002905251818147381e+00
1.001016116219324958e+00
9.972939852723571308e-01
9.995942284608371198e-01
9.976839862455583186e-01
9.925781409722208570e-01
9.943983951165907831e-01
9.858457467231176441e-01
9.830142473140502934e-01
9.838475160507768047e-01
9.844632773406962745e-01
9.897144255961014547e-01
9.844038885394544858e-01
9.929582199887032612e-01
9.981850811766060927e-01
1.001024216951474921e+00
1.004197538489920882e+00
1.005079956790734252e+00
1.001324303076692512e+00
1.000824080792126702e+00
9.983368321456567163e-01
9.938551131953093920e-01
9.892072343072770835e-01
9.830086881438619972e-01
9.797023056251250583e-01
9.788883791325116990e-01
9.831130175483108191e-01
9.842867999216446950e-01
9.877846476785063778e-01
9.896660659055747100e-01
9.948427254466912784e-01
9.968221435776523087e-01
9.986458480386689596e-01
1.001807475701926409e+00
1.003165590258068951e+00
1.002708111878614528e+00
1.000601616860881338e+00
9.993846990665915531e-01
1.000668062523831336e+00
1.003904192840766818e+00
1.006554629565725945e+00
1.010996618871798036e+00
1.020144152529988579e+00
1.021990430397743177e+00
1.023744966278528512e+00
1.027982541275609174e+00
1.024845641615165670e+00
1.019522079768212519e+00
1.017972879639948092e+00
1.018617217419189425e+00
1.024055291627619768e+00
1.019363697391610257e+00
1.020128199706368255e+00
1.024363558022939547e+00
1.022383616029124642e+00
1.021834085645348500e+00
1.020977186527006531e+00
1.010819595216330580e+00
1.009602100068573760e+00
1.000924463503635620e+00
9.961864705019121136e-01
9.891895575758498094e-01
9.842565616939545903e-01
9.804271567351487970e-01
9.831131514434092722e-01
9.836301412299349733e-01
9.835440698913816560e-01
9.900364886236943107e-01
9.932463287865724855e-01
9.962071710529039059e-01
9.959812125976206243e-01
9.983705346432573124e-01
9.946303936954385971e-01
9.947155887394250051e-01
9.900472494617892361e-01
9.796154908536400807e-01
9.688170605035142380e-01
9.574039778527964062e-01
9.498826246599236800e-01
9.371742752041615221e-01
9.297172520296227427e-01
9.160912892898307458e-01
9.055457705662017798e-01
8.955407269056185893e-01
8.852546308324660274e-01
8.725557536453093510e-01
8.606108608026589168e-01
8.461675091973150931e-01
8.333922159849794786e-01
8.235073394555278981e-01
8.169647930669372560e-01
