0.000000000000000000e+00
0.000000000000000000e+00
0.000000000000000000e+00
0.000000000000000000e+00
0.000000000000000000e+00
0.000000000000000000e+00
0.000000000000000000e+00
0.000000000000000000e+00
0.000000000000000000e+00
0.000000000000000000e+00
0.000000000000000000e+00
0.000000000000000000e+00
0.000000000000000000e+00
0.000000000000000000e+00
0.000000000000000000e+00
0.000000000000000000e+00
0.000000000000000000e+00
0.000000000000000000e+00
0.000000000000000000e+00
0.000000000000000000e+00
0.000000000000000000e+00
0.000000000000000000e+00
0.000000000000000000e+00
0.000000000000000000e+00
0.000000000000000000e+00
2.718279748529247144e-04
1.031978715541542573e-02
2.169026706278164851e-01
8.336966219580239645e-01
1.152887509326850246e+00
8.738864230512790598e-01
5.324741137540633940e-01
2.973833213546629439e-01
2.075982617880481329e-01
1.957388259424131804e-01
2.268061160388364084e-01
2.627135427313864180e-01
2.858461544691012213e-01
2.950420961305940670e-01
2.927556511805030071e-01
2.983074775250034172e-01
3.272135428787558142e-01
3.971406210981048290e-01
5.075422840885079889e-01
6.669151804487812862e-01
8.645396613665796703e-01
1.078740329904061657e+00
1.260067954271059332e+00
1.419365621227584251e+00
1.544115020869433641e+00
1.667118056442185692e+00
1.754702255661961363e+00
1.762892253944898124e+00
1.736825392860836592e+00
1.627848797745895082e+00
1.473303270219433525e+00
1.304493482159736040e+00
1.170279530415999414e+00
1.046829361601112618e+00
9.597585481186697853e-01
9.243819590997526259e-01
8.861997075037006955e-01
8.659883050907600799e-01
8.740006654963273780e-01
8.694185281188689940e-01
8.862975301808388995e-01
8.765120811769607778e-01
9.026077635243952013e-01
9.045895286411607117e-01
9.235780042012846636e-01
9.711867187500988763e-01
1.011743633784217833e+00
1.057107810436997308e+00
1.086360057034892801e+00
1.088032012545968152e+00
1.086009569851573708e+00
1.087012868511984420e+00
1.062497545905090712e+00
1.046214515057656058e+00
1.013347766938754502e+00
9.951206608343928783e-01
9.661665862692946360e-01
9.557690586483894579e-01
9.418877535578765725e-01
9.129926075392692519e-01
8.981694307836971536e-01
9.033461686949969538e-01
9.164112882603266952e-01
9.430810425819319276e-01
9.748249565333031441e-01
1.006929011852110145e+00
1.023025357165578519e+00
1.016769029439343885e+00
9.965317202434628152e-01
9.738504907706508895e-01
9.515080896922458731e-01
9.223414698594427641e-01
9.070148631685450713e-01
9.176439134516157781e-01
9.302893957332332153e-01
9.559391553030802680e-01
9.840916837116658877e-01
1.018086337777376560e+00
1.028889210381487285e+00
1.035014714452015205e+00
1.032973478283769841e+00
1.019386101168000325e+00
9.814488948711155292e-01
9.548517520608816866e-01
9.295888084407777363e-01
9.076858201392693504e-01
8.952172492474470555e-01
9.027688688114851034e-01
9.184931521582799796e-01
9.585859376849144020e-01
1.015048007053222179e+00
1.101102163780860232e+00
1.212312675203023105e+00
1.373987539346673836e+00
1.573950629072134788e+00
1.553207101585341920e+00
1.348623365683021103e+00
1.185873562766353917e+00
1.070443362755032712e+00
9.957906336254789270e-01
9.447644430194229725e-01
9.207727453181177024e-01
9.074407884771871213e-01
9.058659661962726872e-01
9.279173692663522655e-01
9.543169116683792863e-01
9.838472304223343512e-01
1.011575182761676128e+00
1.038702288626898840e+00
1.040649923573372382e+00
1.041329503663471767e+00
1.038651706021531451e+00
1.034959592233561931e+00
1.020971485516734223e+00
1.012599923951720049e+00
1.010899711251827870e+00
1.009322825635392329e+00
1.011312012155090700e+00
1.004829351025792405e+00
9.977259502356756737e-01
9.931605218270216362e-01
9.973984313350010567e-01
1.004591284474800394e+00
9.996284008826985534e-01
1.003993655529088924e+00
9.979464775045947533e-01
9.928951879172810413e-01
9.840742730109326430e-01
9.725321976632840260e-01
9.671820029960758180e-01
9.669476592700053663e-01
9.707471900768116502e-01
9.818196150906706166e-01
9.918747590586228791e-01
9.974598801727339037e-01
1.003000795445559756e+00
1.002750349420786780e+00
1.002517111833685748e+00
1.015784254063855530e+00
1.012127782673916121e+00
1.017301489831869743e+00
1.024586647178261867e+00
1.038455955108636308e+00
1.051040693137768711e+00
1.047240678944191705e+00
1.057510600383964938e+00
1.054626332938592093e+00
1.056698309439260575e+00
1.045351159188862455e+00
1.043743978979507547e+00
1.039218472917398550e+00
1.038927473904966092e+00
1.029868933032748402e+00
1.033775054578679242e+00
1.031950616125656861e+00
1.034150784290316816e+00
1.030138450488885304e+00
1.026019026172568571e+00
1.017748990250889163e+00
1.013539132321700453e+00
1.005728530146626776e+00
1.002123158123680691e+00
1.003294111827875534e+00
1.003130138864336773e+00
1.007477160408300598e+00
1.005734953670556653e+00
1.007145983361942054e+00
1.005477587421097274e+00
1.002600010798931018e+00
1.004770403493512099e+00
1.004670168711690126e+00
1.006845700828928436e+00
9.992135791548807378e-01
9.963093471454006478e-01
9.854002675798582134e-01
9.812900635983526909e-01
9.751663736292043305e-01
9.741335040144709634e-01
9.755325896660236307e-01
9.772804998542087285e-01
9.846622443529742252e-01
9.876145449419919675e-01
9.900578628056364572e-01
9.944869469496723235e-01
1.000369454449670181e+00
1.000458308520360440e+00
9.979201526676544365e-01
9.983801856886672654e-01
9.973412546763354980e-01
1.002199013926881932e+00
1.005035800672524626e+00
1.007905764712274665e+00
1.010310626104105935e+00
1.007545439947223898e+00
1.006443358046941183e+00
1.005294326440691721e+00
1.003908782023676505e+00
9.963192258618911445e-01
9.931071310005719077e-01
9.916172448270637041e-01
9.944393756529078532e-01
9.979484301599845786e-01
1.005377653002438532e+00
1.006778119445012276e+00
1.012623599267655550e+00
1.012770098079958991e+00
1.013107182051942612e+00
1.011000630282712365e+00
1.008189341503206382e+00
1.002859145551370235e+00
1.002335469319595163e+00
1.005514259898016016e+00
1.003254307238060639e+00
1.002964059683333575e+00
1.004169209131933638e+00
1.003045770797421632e+00
1.003040084805618681e+00
1.007560660295464761e+00
1.004650784488642756e+00
1.002777878139445411e+00
9.998608374480545402e-01
9.975253523844727077e-01
9.967244106527798353e-01
9.952513310588982920e-01
9.994011303508886224e-01
1.000559836012298920e+00
1.001252121206062995e+00
9.989075310111946715e-01
1.003143335805482206e+00
1.002734809679151962e+00
1.000159909576994188e+00
1.002812604038307853e+00
9.996219143603616297e-01
9.992467856085629485e-01
9.943718506117119604e-01
9.955259506373275169e-01
9.957983437757154110e-01
9.959248172821917322e-01
9.874964861724211396e-01
9.762130237124658771e-01
9.683439556905182322e-01
9.653069432608599731e-01
9.607984919535398349e-01
9.546898348927328470e-01
9.472018848887151510e-01
9.387836468347474650e-01
9.285425273059486617e-01
9.148528103847196613e-01
9.031720204912158101e-01
8.887886942510325738e-01
8.711662582458921111e-01
8.590400953466432732e-01
8.488931121925178402e-01
8.335589562798211283e-01
8.225473993239404980e-01
