0.000000000000000000e+00
0.000000000000000000e+00
0.000000000000000000e+00
0.000000000000000000e+00
0.000000000000000000e+00
0.000000000000000000e+00
0.000000000000000000e+00
0.000000000000000000e+00
0.000000000000000000e+00
0.000000000000000000e+00
0.000000000000000000e+00
0.000000000000000000e+00
0.000000000000000000e+00
0.000000000000000000e+00
0.000000000000000000e+00
0.000000000000000000e+00
0.000000000000000000e+00
0.000000000000000000e+00
0.000000000000000000e+00
0.000000000000000000e+00
0.000000000000000000e+00
0.000000000000000000e+00
0.000000000000000000e+00
0.000000000000000000e+00
0.000000000000000000e+00
2.721606583732706381e-04
1.411256995312295225e-02
2.527387748105555665e-01
9.050937777578575982e-01
1.294416834222515078e+00
1.010793861180742326e+00
6.451375051080840972e-01
3.468412338550144747e-01
2.171568034029009997e-01
1.549389059520227263e-01
1.556021879108089589e-01
1.523743569741631831e-01
1.583265440065662610e-01
1.632239942911413721e-01
1.803603624723643661e-01
2.037188618553227859e-01
2.547538062476142340e-01
3.395210491132789055e-01
4.685990975649319545e-01
6.503923715748932688e-01
8.540564466941967803e-01
1.056241124657095742e+00
1.243568067874218031e+00
1.427573591928246621e+00
1.542609869738589046e+00
1.622521070009677047e+00
1.705466256721771767e+00
1.706550873463129836e+00
1.671797190768635311e+00
1.565963133329439927e+00
1.422703127960132319e+00
1.270106981548610570e+00
1.153564406012132837e+00
1.046507301955709179e+00
9.662325285364644634e-01
8.846050197096317902e-01
8.544808510019346048e-01
8.216024460166538868e-01
8.016357090726947687e-01
8.078585534291687908e-01
8.134130999095176007e-01
8.324788758056835825e-01
8.363923919257800765e-01
8.583956638611613954e-01
8.754975657380459353e-01
9.071016180939188711e-01
9.601499205801111714e-01
9.790349291925791730e-01
1.009353956545468334e+00
1.030241232059173395e+00
1.038931815245303536e+00
1.039530198660445492e+00
1.033003760278901950e+00
1.030232969561168277e+00
1.020552848131026646e+00
1.022067091102313974e+00
9.954078518707470957e-01
9.792766476547910548e-01
9.598202254637573372e-01
9.433351419340254562e-01
9.317606969864057342e-01
9.390118146891005546e-01
9.745636894600060440e-01
1.013385167150757660e+00
1.053243027020353662e+00
1.087535814324634531e+00
1.089707199167431195e+00
1.070989925701473222e+00
1.059359186439283951e+00
1.029169541108486241e+00
9.938147221278934573e-01
9.800717487537478068e-01
9.643905139750481581e-01
9.708129453129741293e-01
9.866342786541618670e-01
1.007840198961672318e+00
1.025274188890882066e+00
1.056445230614327269e+00
1.054304422088795157e+00
1.059166930549494623e+00
1.047818061995391625e+00
1.032867886828120474e+00
9.933864815650350621e-01
9.652066586949153981e-01
9.247923914158343583e-01
8.912716289394713165e-01
8.755700410582304416e-01
8.575424018514263835e-01
8.692487415921487104e-01
9.056088992432873575e-01
9.683807406652331640e-01
1.059075813974932556e+00
1.189092540087342664e+00
1.354897081909584466e+00
1.534888902553360968e+00
1.519965795096825945e+00
1.291560616803858919e+00
1.130144235095930982e+00
1.014984415542756757e+00
9.456818679482643653e-01
9.168042264283546849e-01
9.045677215076753930e-01
9.125580805350753666e-01
9.406107500364894181e-01
9.801874577283664625e-01
1.010068571347787492e+00
1.033874525552973100e+00
1.052655531728097005e+00
1.063837933384261136e+00
1.063780922088347181e+00
1.062616774573356793e+00
1.061353430899762973e+00
1.048377721508438887e+00
1.045122409961747989e+00
1.023998531001075518e+00
1.016906927810297123e+00
1.006907237821213386e+00
1.006544233224899276e+00
1.000575401493902561e+00
9.886733500048491274e-01
9.848951884998539130e-01
9.858366130550428874e-01
9.886145367542623630e-01
9.968467766856475842e-01
9.959095240725832632e-01
9.998086071681436815e-01
1.003348652322853862e+00
1.007433176017057619e+00
1.016622251622446127e+00
1.013803967027787412e+00
1.024596001949349855e+00
1.032501005299857555e+00
1.033815867218071949e+00
1.028075802616089662e+00
1.023692015326147953e+00
1.027850293776802593e+00
1.027898299393800174e+00
1.023711570915879054e+00
1.026018783986525351e+00
1.026860088834501861e+00
1.021693512824195071e+00
1.021620413313276909e+00
1.016782651749116750e+00
1.015478415124172917e+00
1.012797241864466846e+00
1.015399840998333358e+00
1.014479053031958067e+00
1.018757575793320269e+00
1.018331149318022932e+00
1.017504614379775241e+00
1.014780355643633669e+00
1.007677503698939381e+00
1.008956049208891148e+00
1.005187715386779201e+00
9.964690791417109006e-01
9.914832109028166585e-01
9.817108328164358966e-01
9.765723552312329803e-01
9.772062327484514199e-01
9.731050119078943350e-01
9.714475690636225069e-01
9.756775487940743119e-01
9.851089221294400122e-01
9.908686418680114905e-01
9.974971479014562714e-01
9.946411679160925834e-01
9.916841057658103420e-01
9.972413803533916044e-01
1.001638402322111210e+00
1.001906292340925875e+00
9.973140416057699742e-01
1.003837845066197998e+00
1.004488568915480329e+00
1.010762127502004226e+00
1.019109960555166561e+00
1.022983848144249031e+00
1.026765700028767103e+00
1.028230464976599867e+00
1.033929359466224884e+00
1.031261502109747097e+00
1.033961198264366610e+00
1.032783230029315158e+00
1.034609532002150889e+00
1.031394348428789520e+00
1.030955638434826405e+00
1.032579769515587165e+00
1.033953064934637789e+00
1.029234318743536214e+00
1.025144735890466841e+00
1.026372079261106407e+00
1.024754153050346117e+00
1.026094055388647952e+00
1.019175974168726961e+00
1.012230046054130028e+00
1.010349498045882033e+00
1.003761653759994932e+00
1.000783120189025155e+00
9.990902339881390093e-01
9.901025226598366702e-01
9.866466067337447132e-01
9.794676737155602053e-01
9.785005994866630141e-01
9.797833744825505953e-01
9.841080297859686743e-01
9.880312725215301128e-01
9.929522088784961120e-01
9.910537151886327223e-01
9.930572824872551108e-01
9.901240625505065562e-01
9.905424016381108032e-01
9.830862914715328138e-01
9.840431098350799211e-01
9.784787237494088075e-01
9.760502394527265091e-01
9.802376211884434865e-01
9.829355442004272803e-01
9.823657108856870268e-01
9.816604654057136115e-01
9.851307335475876226e-01
9.889260085440192416e-01
9.888003775831820663e-01
9.936165661720921527e-01
9.958927902183472014e-01
9.981719231637893319e-01
1.002321710976814773e+00
1.008663900349067610e+00
1.007830560131318443e+00
1.004866127651618868e+00
1.012036162520330684e+00
1.013974489659241307e+00
1.019964580327104686e+00
1.020458268992162854e+00
1.022819457916207320e+00
1.023831647026678171e+00
1.023728140855836521e+00
1.022998762342268275e+00
1.015800492336190519e+00
1.013302981249085466e+00
1.000907957978638185e+00
9.845928041548782650e-01
9.689591104302409663e-01
9.531755308715896824e-01
9.412241325333111641e-01
9.297087997750463906e-01
9.231608330115581573e-01
9.118147625529545719e-01
9.029540303685417157e-01
8.961173402370917751e-01
8.816875511697507273e-01
8.719703154375271215e-01
8.678367470342313039e-01
8.554774497685506685e-01
8.453903157360984633e-01
8.364138346920728662e-01
8.251627226918630820e-01
