0.000000000000000000e+00
0.000000000000000000e+00
0.000000000000000000e+00
0.000000000000000000e+00
0.000000000000000000e+00
0.000000000000000000e+00
0.000000000000000000e+00
0.000000000000000000e+00
0.000000000000000000e+00
0.000000000000000000e+00
0.000000000000000000e+00
0.000000000000000000e+00
0.000000000000000000e+00
0.000000000000000000e+00
0.000000000000000000e+00
0.000000000000000000e+00
0.000000000000000000e+00
0.000000000000000000e+00
0.000000000000000000e+00
0.000000000000000000e+00
0.000000000000000000e+00
0.000000000000000000e+00
0.000000000000000000e+00
0.000000000000000000e+00
0.000000000000000000e+00
0.000000000000000000e+00
1.989064857154504082e-02
3.261565468178268534e-01
1.116077047738916361e+00
1.442166860956623387e+00
1.097496974558263449e+00
6.504297817950082106e-01
4.051161114890453052e-01
2.888056845791799332e-01
2.729013567253463779e-01
2.818770047752198193e-01
2.951800644961753428e-01
2.980061379965300850e-01
2.787905005352878107e-01
2.789069659072733187e-01
2.661669411071282410e-01
2.924070989620583538e-01
3.773910704778682956e-01
4.839643876845521886e-01
6.702477987788811875e-01
8.806098211420136934e-01
1.070325264977338486e+00
1.274644980805187178e+00
1.429353866465697287e+00
1.535646239088940046e+00
1.636365029391027903e+00
1.667908642891174686e+00
1.708779785793572703e+00
1.646796386909238130e+00
1.573167410178547332e+00
1.425940899682285545e+00
1.266511427425901726e+00
1.131172582508444657e+00
1.003751508631939293e+00
9.629039222543968046e-01
9.076155594433993334e-01
8.970879922694444675e-01
8.837311081524741319e-01
8.759826328856519240e-01
8.565973181266599568e-01
8.674896449407353272e-01
8.879807520603878457e-01
8.945828639809176863e-01
9.149704602989293667e-01
9.546166493418800636e-01
9.990969966469277486e-01
1.007976534598046037e+00
1.032978630374960627e+00
1.045781671042516292e+00
1.049692136338383763e+00
1.059203188406435014e+00
1.067529086647160508e+00
1.053701023164285155e+00
1.038734420673166570e+00
1.018111332123423418e+00
9.995777102064318242e-01
9.631391183090409758e-01
9.439071402867217353e-01
9.257204476759423040e-01
9.038902759718671076e-01
8.903692937131078011e-01
8.932991130320461215e-01
9.074344774380554979e-01
9.273667997964585297e-01
9.487695693203589409e-01
9.605200588336038070e-01
9.483419544163813608e-01
9.560347512490853239e-01
9.500557401705495009e-01
9.292632543978111004e-01
9.274900938179154730e-01
9.128107435625231192e-01
9.234802471195028284e-01
9.396908649239474887e-01
9.690877176652012981e-01
1.014817096256076523e+00
1.049193312120535015e+00
1.086080867256265847e+00
1.099795046719406422e+00
1.106780257758329888e+00
1.092888759309791569e+00
1.083873848903458059e+00
1.057008650784773574e+00
1.031756305390215900e+00
9.939579205423092478e-01
9.496625026150514737e-01
9.300733144010625564e-01
9.011073721588925833e-01
8.957861864344179859e-01
9.362912925764667049e-01
9.861482324980718195e-01
1.057302212039355149e+00
1.166874703196053797e+00
1.309926356413192661e+00
1.485059173553437972e+00
1.463984134948245641e+00
1.267922716581944220e+00
1.133391191184074609e+00
1.035333591081979421e+00
9.824785432542449959e-01
9.516822095879269305e-01
9.453368892216840180e-01
9.509513693318852878e-01
9.574445617261680974e-01
9.710794764859735917e-01
9.892527534221667862e-01
1.008685535756489893e+00
1.022314502500874189e+00
1.028239898278370035e+00
1.032351800402495634e+00
1.027042506712350756e+00
1.022062133951063601e+00
1.011758117923101885e+00
9.990997261754470671e-01
9.980757904786851098e-01
9.923573542339304554e-01
9.961061952103165140e-01
1.000253309552497250e+00
1.010259744978448948e+00
1.011467767923891481e+00
1.010542557072334313e+00
1.012184829623516080e+00
1.017379896467234701e+00
1.013290451810082482e+00
1.000159885446255004e+00
9.977257828665730965e-01
9.937970450450634985e-01
9.873836042901995569e-01
9.787183550684951383e-01
9.823136395381798502e-01
9.801412481542803867e-01
9.805431762821036346e-01
9.817612343648565165e-01
9.938583205421841482e-01
9.968454455987229013e-01
1.011337243795775498e+00
1.014540280976343967e+00
1.020434191452693984e+00
1.012104542224680825e+00
1.010344710434875948e+00
1.011032509913416533e+00
1.009710942303406744e+00
1.017834497785976788e+00
1.018239475292415763e+00
1.032141887501164979e+00
1.033057315414834143e+00
1.034175869573452866e+00
1.033440080103316561e+00
1.032488010715841398e+00
1.023330591233135634e+00
1.016002188883650126e+00
1.010788829131648248e+00
1.013014362842031835e+00
1.015792708897843122e+00
1.019494692821073079e+00
1.021554485864248907e+00
1.025595257149427564e+00
1.025780463182974112e+00
1.025701165910843482e+00
1.024145126068459533e+00
1.024392407287556317e+00
1.015510719956383534e+00
1.011668933872297949e+00
1.008348964793251312e+00
1.005392171244311017e+00
1.008854267975539898e+00
1.009074399663512089e+00
1.003871763470310707e+00
1.003058054078771244e+00
1.005232294176936048e+00
1.000679623456934397e+00
9.991578822823543593e-01
9.940930743312601514e-01
9.892813105432963772e-01
9.892165440701367052e-01
9.823868617640432177e-01
9.836181745731570336e-01
9.853249800441358230e-01
9.855459609281360667e-01
9.845273234886842140e-01
9.846333153313874265e-01
9.905133387699477376e-01
9.909816547469860737e-01
9.845779214910164168e-01
9.842783759546084310e-01
9.781653792213939047e-01
9.761598825452172390e-01
9.789419497178877272e-01
9.859392386846667078e-01
9.921450142486201162e-01
9.941000641497118595e-01
1.000877438008757503e+00
1.005611924760483777e+00
1.012007002101141584e+00
1.009442809302284250e+00
1.006919768279502803e+00
1.008877537149459824e+00
1.006426745517462251e+00
1.002888988824049532e+00
9.985356365820882152e-01
9.938025855539092124e-01
9.936259934276592265e-01
9.950985091328846677e-01
9.928833465342042919e-01
9.954397435880515399e-01
1.001532362087340644e+00
1.003490260722468053e+00
1.010156841666797201e+00
1.012586062742539816e+00
1.014441974678878644e+00
1.016367019295764562e+00
1.014840424814304143e+00
1.010052456996277659e+00
1.007133784336423421e+00
1.005393858315564604e+00
1.006937612651107816e+00
1.013563657772268867e+00
1.015908682469143010e+00
1.017334072693842018e+00
1.018403439376177388e+00
1.014648025316714719e+00
1.016350437882043600e+00
1.008945086521925605e+00
1.011250325478184164e+00
1.010955212557725025e+00
1.005030283101880917e+00
1.004104617517013187e+00
1.003794437502934400e+00
1.001845367743784632e+00
1.003783631888341743e+00
1.003136281685488296e+00
1.005113245159044766e+00
1.007968056686788794e+00
1.011235619684442533e+00
1.007427390315770221e+00
1.004515468406336876e+00
1.003227003506592885e+00
1.003761311130796363e+00
9.975069257997619676e-01
9.784753696707708670e-01
9.684718484927981041e-01
9.546492326306772469e-01
9.442382524892470874e-01
9.274211291207188346e-01
9.130938602317619779e-01
9.055745835290759382e-01
8.955310290940194928e-01
8.907421503438942567e-01
8.818929461936371172e-01
8.733130919507262613e-01
8.604426432781906442e-01
8.476889428323644005e-01
8.379002480202548675e-01
8.298236785372601343e-01
8.206888605876703213e-01
