0.000000000000000000e+00
0.000000000000000000e+00
0.000000000000000000e+00
0.000000000000000000e+00
0.000000000000000000e+00
0.000000000000000000e+00
0.000000000000000000e+00
0.000000000000000000e+00
0.000000000000000000e+00
0.000000000000000000e+00
0.000000000000000000e+00
0.000000000000000000e+00
0.000000000000000000e+00
0.000000000000000000e+00
0.000000000000000000e+00
0.000000000000000000e+00
0.000000000000000000e+00
0.000000000000000000e+00
0.000000000000000000e+00
0.000000000000000000e+00
1.513269521088425937e-05
3.710529228443739530e-02
1.038347515120970677e+00
3.285419611761810188e+00
3.186717100152381299e+00
1.740658526293611619e+00
7.703210947240795026e-01
3.490241171251860508e-01
1.754524982787642740e-01
1.100723676607396201e-01
2.132352799272405619e-01
8.058357783894867232e-01
1.551274695369990742e+00
1.684668678778121320e+00
1.347102323379976818e+00
9.978074457988659329e-01
7.981970505751089240e-01
7.423383162198700091e-01
7.702189117751454539e-01
8.403929289544245229e-01
9.252156820789932956e-01
1.001369848029133314e+00
1.065722877884660802e+00
1.111507829420946170e+00
1.138351964044731490e+00
1.145120987952231495e+00
1.140183110214352258e+00
1.130398923196197725e+00
1.111012274890212259e+00
1.083383569534900559e+00
1.054451421897423691e+00
1.026107437705331860e+00
1.007911107543144835e+00
9.910321945130338150e-01
9.744450769670367496e-01
9.613747801129256532e-01
9.491510824121235368e-01
9.430583399781077292e-01
9.378963607540595770e-01
9.366259453789776979e-01
9.393055153541377544e-01
9.435670854045842271e-01
9.528007472745918527e-01
9.590128162952775703e-01
9.673032838354905794e-01
9.743640721203102872e-01
9.835058369452964744e-01
9.872107108453500590e-01
9.926321824419166440e-01
9.962302935738232001e-01
9.984098055419532436e-01
1.002181207024221310e+00
1.006952544023060669e+00
1.016501648329712904e+00
1.018256711137332848e+00
1.024959062114497943e+00
1.028279598517470861e+00
1.029595361435733158e+00
1.034704615437823660e+00
1.030743641750577977e+00
1.029737068028763858e+00
1.022887318417068148e+00
1.019254656759215782e+00
1.015171309253768417e+00
1.009646802282391675e+00
1.007086840424835428e+00
1.003599401224408716e+00
1.001584234446859067e+00
9.959965286633557513e-01
9.890928938896496048e-01
9.818953518477889775e-01
9.775216685065822864e-01
9.760749754119963928e-01
9.777243301774899420e-01
9.805586102403845983e-01
9.847579340775753920e-01
9.902162344586580289e-01
9.937236900592879563e-01
9.960750037209245011e-01
9.998816407892563429e-01
1.003498358382629352e+00
1.008901800483998468e+00
1.010321485984660983e+00
1.010756575207524710e+00
1.011446129894682411e+00
1.009290085245017510e+00
1.004995539346865474e+00
1.001506591844511185e+00
9.980549036611486846e-01
9.963748973313802937e-01
9.968673921761564971e-01
9.930168167968815851e-01
9.876996026261752881e-01
9.818267175904549227e-01
9.751734147200643577e-01
9.719495250291597666e-01
9.744510146281141205e-01
9.856887283890741758e-01
1.014190866877233033e+00
1.064649711600048176e+00
1.061986938852772733e+00
1.008179224822955300e+00
9.808534802324135882e-01
9.697707235579768881e-01
9.684122779433601558e-01
9.737621328206294002e-01
9.814637826384240427e-01
9.889493421561651454e-01
9.961054915015096212e-01
9.993111824300837664e-01
9.991093601725474782e-01
1.000664852629595813e+00
1.001890549501051053e+00
1.003882455237123716e+00
1.007226705191141880e+00
1.006930703660450011e+00
1.006064801515624607e+00
1.004324499438692397e+00
1.001150276332507083e+00
9.999289265820825445e-01
9.986755925257292388e-01
9.983555273522325413e-01
9.968829139429694619e-01
9.932055996463418079e-01
9.875160677006078469e-01
9.823885415000200849e-01
9.795766285558041853e-01
9.806274474376999173e-01
9.843086072720104163e-01
9.902912074133731757e-01
9.973249853082625238e-01
1.003844609628383733e+00
1.008425677451146862e+00
1.008004095562807789e+00
1.006595701438129709e+00
1.007113489997916167e+00
1.005529930095321545e+00
1.005509409121217113e+00
1.006747980320300773e+00
1.005705802738102284e+00
1.005184459227635774e+00
1.004165020431202482e+00
1.003271754347850653e+00
1.001863775782284360e+00
9.991798383986569831e-01
9.964372578243166911e-01
9.932142469165650134e-01
9.922776896513267886e-01
9.912886309486719227e-01
9.917523971072982336e-01
9.910960346752686334e-01
9.914404791561892694e-01
9.943770277318043638e-01
9.955140582278672046e-01
9.973999447192898327e-01
9.987721096443177293e-01
1.000780615231593451e+00
1.002180506396197490e+00
1.001840521126762695e+00
1.002696112074520363e+00
1.003395935243792003e+00
1.003257382829258582e+00
1.002583588410938420e+00
1.002420602264157967e+00
1.001500575232143531e+00
1.001522519193493554e+00
1.000644456220969980e+00
1.000273417841275325e+00
1.000120818515944920e+00
1.000765766321973116e+00
1.000712853671116509e+00
1.000431628067802059e+00
1.000441575637093461e+00
1.000992296481272970e+00
1.001483033103253373e+00
1.001210230874852058e+00
1.000906743751860839e+00
1.001102543732429906e+00
1.000131179433244144e+00
9.992962645841568792e-01
9.989381729275205180e-01
9.977490069677500406e-01
9.974393485012951199e-01
9.971440990348922062e-01
9.977722733783525033e-01
9.961210228564286728e-01
9.969185047977479064e-01
9.965548146040167365e-01
9.971085535785103593e-01
9.964286791609584526e-01
9.973218707047473153e-01
9.982281698973274331e-01
1.000509498555428367e+00
1.000935657002461454e+00
1.001900571447614352e+00
1.002107076817610354e+00
1.002793422374339771e+00
1.003528207001511463e+00
1.003483849662479388e+00
1.003815825408191253e+00
1.004428362760988236e+00
1.003273197249238358e+00
1.002424652357637891e+00
1.001339711444238834e+00
9.996655998264448728e-01
9.988872479235171298e-01
9.981947313838742675e-01
9.976166062565455794e-01
9.970934281092943552e-01
9.966802270492666205e-01
9.970239273678900283e-01
9.975074054520932654e-01
9.977427154924629615e-01
9.991214321019403766e-01
9.992293200589545954e-01
1.000235109500661856e+00
1.000228374132456022e+00
1.000519626036750376e+00
1.000287422547760041e+00
9.993605177543034568e-01
9.999569766193282527e-01
9.991067634335750736e-01
9.994395460509113427e-01
1.000198866973008194e+00
1.000727958307231269e+00
1.000539711053281655e+00
1.001523332726642401e+00
1.000860345173306243e+00
1.000847058368045106e+00
1.000492936222570295e+00
9.990898723461489883e-01
9.991055240908068846e-01
9.999881885982531138e-01
9.993867676695327162e-01
9.993025576787321063e-01
9.997000093086939598e-01
9.990396709003145359e-01
9.985250876242884877e-01
9.982511776590738961e-01
9.975713521790522398e-01
9.977588672085133670e-01
9.976390103630019546e-01
9.976464519882838333e-01
9.916115044394117062e-01
9.814255446296846763e-01
9.701343420877877044e-01
9.602413673382639292e-01
9.504987117551163545e-01
9.399926846816538673e-01
9.297026546150454207e-01
9.191177187865009479e-01
9.081400302151015902e-01
8.966715731258840805e-01
8.855602036682416189e-01
8.742895089099865791e-01
8.634465222678672225e-01
8.524189205726683261e-01
8.414851892269850087e-01
8.306047164629093427e-01
8.202176167118714334e-01
