0.000000000000000000e+00
0.000000000000000000e+00
0.000000000000000000e+00
0.000000000000000000e+00
0.000000000000000000e+00
0.000000000000000000e+00
0.000000000000000000e+00
0.000000000000000000e+00
0.000000000000000000e+00
0.000000000000000000e+00
0.000000000000000000e+00
0.000000000000000000e+00
0.000000000000000000e+00
0.000000000000000000e+00
0.000000000000000000e+00
0.000000000000000000e+00
0.000000000000000000e+00
0.000000000000000000e+00
0.000000000000000000e+00
0.000000000000000000e+00
1.513147906424506374e-05
3.845048471848321048e-02
1.073184811961558349e+00
3.391925120014925188e+00
3.279036227120603719e+00
1.761350053883666833e+00
7.809904367442894735e-01
3.517711502109482358e-01
1.776228632084105308e-01
1.119854860638063998e-01
2.148657503397733148e-01
8.227110712252801994e-01
1.585042672541280284e+00
1.729160928802125241e+00
1.378455200196399000e+00
1.004928603926473984e+00
7.904041546908550098e-01
7.185938690308262267e-01
7.423746542408691251e-01
8.124684893269550345e-01
9.008221340399347188e-01
9.846827659818622180e-01
1.056619715076063004e+00
1.110773177072835294e+00
1.147410654071775227e+00
1.163188125699230024e+00
1.162340150653124571e+00
1.150936421825281775e+00
1.133040162823540919e+00
1.101310476207209010e+00
1.069594406805521425e+00
1.036530562018425972e+00
1.013545807006832833e+00
9.898148570281549707e-01
9.736237469190293092e-01
9.580392680521284676e-01
9.481244495133415162e-01
9.359611873678400640e-01
9.311509780987508034e-01
9.280010539198105812e-01
9.272161292872420635e-01
9.306911306978657983e-01
9.357437489814594000e-01
9.438219001062196911e-01
9.529848917189425173e-01
9.572759740747927015e-01
9.685441507633382185e-01
9.762111112500829746e-01
9.816667185389312822e-01
9.884526029710344330e-01
9.922653274792043732e-01
1.000433569310783533e+00
1.004504821932043379e+00
1.014017050340627391e+00
1.020291401670952114e+00
1.029410067204954871e+00
1.034378629305955366e+00
1.038081450051013377e+00
1.039779994658150963e+00
1.036964381308407068e+00
1.033366239397722985e+00
1.027032629516328788e+00
1.020798709050305897e+00
1.015636141114027113e+00
1.010261338695503941e+00
1.006531734881595641e+00
1.004969760721559524e+00
1.001576014219945243e+00
9.965271483030990751e-01
9.899654199790167697e-01
9.857450458859736697e-01
9.790255156742753151e-01
9.772327071185904490e-01
9.767785452111531486e-01
9.800453595798639395e-01
9.845623323895498213e-01
9.889318543411026452e-01
9.910907129952682970e-01
9.914087976596700491e-01
9.941035786032927923e-01
1.002406399997238351e+00
1.007811950723660033e+00
1.014497283635702019e+00
1.019530278133381929e+00
1.019420934315752536e+00
1.017302210869963197e+00
1.013232444628363149e+00
1.008086138767737783e+00
1.005794595043987494e+00
1.003464377153035603e+00
1.001060155559825526e+00
9.932889868443052217e-01
9.866081178451139300e-01
9.781564936414346434e-01
9.699899820810234941e-01
9.652014074852738323e-01
9.667431023388867173e-01
9.776987615906501672e-01
1.006562104083124964e+00
1.054823997180021955e+00
1.052267675910818712e+00
1.001238301355365623e+00
9.730442591320055401e-01
9.620120136872322147e-01
9.635302973517394509e-01
9.692358228173812984e-01
9.770120672715763011e-01
9.869382712051971707e-01
9.954472797608591161e-01
9.985049745333760551e-01
9.991280349644283687e-01
9.995188928328543332e-01
1.002245851930300358e+00
1.004691812750762026e+00
1.007194277452613917e+00
1.008637274183722843e+00
1.009015192874895606e+00
1.008398440383596162e+00
1.006983681168559297e+00
1.005542965535678013e+00
1.004646826910357449e+00
1.002090055332090390e+00
9.991469062135379664e-01
9.949857693039237949e-01
9.879795125337894612e-01
9.817498848246940524e-01
9.797693568297137778e-01
9.803255827506963671e-01
9.839860789759548032e-01
9.890878498137388730e-01
9.959084967791723697e-01
1.002165578760165765e+00
1.005255071510622322e+00
1.005510150520055879e+00
1.004798863899382777e+00
1.003567334600695471e+00
1.004206272956005952e+00
1.004664538323617684e+00
1.005892620138156390e+00
1.006784761819611296e+00
1.007868480111858034e+00
1.008072054461027767e+00
1.006246933827923185e+00
1.005085884246349925e+00
1.001759723322789286e+00
9.992105552637641219e-01
9.957765135973430937e-01
9.930303733188724502e-01
9.911162239653036332e-01
9.903021429502949502e-01
9.895594697396364881e-01
9.896170032325593002e-01
9.909214406306816603e-01
9.916418542927164514e-01
9.944312777519036528e-01
9.960011494304513713e-01
9.978624758439904596e-01
9.981129820536750463e-01
9.994436514454931864e-01
1.000263716935601011e+00
1.000578731969039792e+00
1.001123813594503309e+00
1.000853480073837121e+00
1.000912623393630296e+00
1.000733994409279459e+00
9.999398699505286370e-01
9.997746363337355335e-01
9.991227444643153710e-01
1.000046350283815277e+00
1.000010530456120428e+00
1.000547780018469890e+00
1.001483064492875164e+00
1.002054552518417463e+00
1.001731635587586267e+00
1.001662135059501635e+00
1.001391864660504893e+00
1.001220977073836282e+00
9.998358482076805664e-01
9.991312022686883454e-01
9.988249144781971012e-01
9.982199729599567917e-01
9.981937490506767041e-01
9.980663100037856506e-01
9.984813882767491489e-01
9.979948890792013083e-01
9.979058087790293463e-01
9.972233528379954581e-01
9.971031252237527731e-01
9.966513897789444076e-01
9.968414486334721270e-01
9.961142208611968307e-01
9.967117365071904711e-01
9.965520577610800235e-01
9.987705849888023346e-01
9.995612838573305625e-01
1.001188510489866124e+00
1.003202685456379584e+00
1.004891265828014468e+00
1.005935062773915423e+00
1.006076606969780407e+00
1.005804788769921299e+00
1.005737072260640685e+00
1.003390382339706122e+00
1.002352465197377862e+00
1.001025397399909478e+00
9.994980285639114559e-01
9.985577256484519104e-01
9.975644509059502507e-01
9.968604178986566478e-01
9.972105505239436951e-01
9.975422344189456281e-01
9.974423124560388709e-01
9.980962259442307527e-01
9.982762349133390556e-01
9.989735579816656497e-01
9.984337023190505978e-01
9.983631421581926624e-01
9.987007160134572237e-01
9.988032039212358937e-01
9.989042006222432768e-01
9.989112541857445571e-01
9.993837295707843627e-01
1.000393198128461947e+00
1.001345220664721980e+00
1.002619333142047431e+00
1.002711817629764468e+00
1.003411038859856941e+00
1.003176210613639041e+00
1.003086720607432536e+00
1.003058898053925230e+00
1.002903764601398962e+00
1.002460752986751524e+00
1.001659591253225789e+00
1.001035715623099343e+00
1.000192534708429504e+00
9.999410895951171829e-01
9.993987560276391680e-01
9.993350967858966039e-01
9.986881702025944829e-01
9.980242551887892333e-01
9.980040041199286227e-01
9.967927083174313863e-01
9.961172099800458257e-01
9.905447822228407029e-01
9.788607619474650745e-01
9.682046993284738612e-01
9.583942710061432724e-01
9.476031676164831108e-01
9.381191391175085492e-01
9.273456796586576623e-01
9.175824855386658374e-01
9.072687387240894186e-01
8.971642207679347836e-01
8.864767161147354413e-01
8.755339202452014913e-01
8.660568940940693849e-01
8.554091562104808588e-01
8.442261735567460068e-01
8.335061902274834011e-01
8.228792254936974082e-01
