0.000000000000000000e+00
0.000000000000000000e+00
0.000000000000000000e+00
0.000000000000000000e+00
0.000000000000000000e+00
0.000000000000000000e+00
0.000000000000000000e+00
0.000000000000000000e+00
0.000000000000000000e+00
0.000000000000000000e+00
0.000000000000000000e+00
0.000000000000000000e+00
0.000000000000000000e+00
0.000000000000000000e+00
0.000000000000000000e+00
0.000000000000000000e+00
0.000000000000000000e+00
0.000000000000000000e+00
0.000000000000000000e+00
0.000000000000000000e+00
1.202816858145966842e-05
3.442491333070108600e-02
9.990293625225153962e-01
3.246471849402048804e+00
3.209139119976128995e+00
1.783695755814202144e+00
8.090976000222446229e-01
3.739338624032162994e-01
1.956778198906762578e-01
2.271933090507610720e-01
8.364308832738819310e-01
1.718163688493843599e+00
1.867629601135403439e+00
1.437891762519193595e+00
9.906289534244347994e-01
7.254054256076996055e-01
6.308087187335610357e-01
6.376649983533625443e-01
6.893905846545160809e-01
7.671894569569733813e-01
8.582979656029106064e-01
9.468560293472760847e-01
1.024514374598094690e+00
1.094543536915692172e+00
1.145943071120167689e+00
1.184080052612813017e+00
1.198757869497464101e+00
1.196865038152342464e+00
1.173874103489395582e+00
1.137504207093535502e+00
1.101664340257948682e+00
1.063413415137419937e+00
1.026257297442116245e+00
9.968842745579679088e-01
9.678838963913711790e-01
9.465149982356855229e-01
9.348257492777500843e-01
9.279742622683946340e-01
9.255408085845511224e-01
9.254672394560703452e-01
9.331789067257029169e-01
9.398716470215089380e-01
9.513163648920961446e-01
9.632309668672730529e-01
9.736391296262528749e-01
9.839137958638586312e-01
9.925882928638285474e-01
9.997048300799309395e-01
1.002586363278174852e+00
1.008151839833205887e+00
1.012254751096044680e+00
1.014090714574972019e+00
1.016323912053611611e+00
1.018085309091469881e+00
1.017159380931863977e+00
1.014349779708509924e+00
1.011156232092692786e+00
1.007818148295014149e+00
1.004640051220338837e+00
1.001401929210779862e+00
9.990403677643041602e-01
1.000329456059405597e+00
9.971513847724526869e-01
9.982805650448520751e-01
9.974657464905538617e-01
9.977048557051115818e-01
9.990265444956342167e-01
9.971319134646471349e-01
9.990075133878014713e-01
9.974688178094514024e-01
9.966976483844084411e-01
9.971529123663344096e-01
9.988038908528393822e-01
9.957306368890812553e-01
9.961462054733568605e-01
9.972429972232527140e-01
9.961516305468770538e-01
9.959453841754376535e-01
9.962508176040363317e-01
9.974944090641051364e-01
9.979478700991319950e-01
9.996282843031819576e-01
9.998879602524008980e-01
9.995536236457233104e-01
9.991262160174335660e-01
1.001779962334263141e+00
1.000233058906786265e+00
1.000756236663401300e+00
1.001211396300638823e+00
1.001276043057193643e+00
1.001182647399281311e+00
1.000864410758487644e+00
1.001811758329453905e+00
1.001032418112795641e+00
1.001444309994250714e+00
1.002430572638771222e+00
1.001441161974781835e+00
1.001981372411793858e+00
1.000801088056666233e+00
1.000197452057486558e+00
1.001627390562598530e+00
9.985339750634146805e-01
9.990480154345821040e-01
9.996734246921613609e-01
9.996756544053664317e-01
9.996757419499018305e-01
9.975582270906321325e-01
9.982520045070678583e-01
9.987238357655763288e-01
9.988875455152360638e-01
9.987962668731189542e-01
9.997061721500182241e-01
9.990842840675123737e-01
9.994212266226636388e-01
1.000262362930749660e+00
9.998205087505587230e-01
1.000868857122175992e+00
1.000662455826729191e+00
1.000293330364614430e+00
1.001181842892186813e+00
1.001328098779289189e+00
1.001472999926799945e+00
1.000706045626306828e+00
1.001739150900439856e+00
1.000933838518694330e+00
1.002288177591217133e+00
1.000896407648846465e+00
1.000038745517939587e+00
1.000759688746881038e+00
1.000594892580990436e+00
1.000009491183832200e+00
1.000126134281455137e+00
9.997724159713513581e-01
1.000554043002989113e+00
9.991996815174027935e-01
9.996046538707515916e-01
9.997319328661989912e-01
9.995756607292717311e-01
9.995316972234076225e-01
1.000150333461385488e+00
1.000874421123994829e+00
1.000101300992188191e+00
1.000041412115325379e+00
1.000573135608024078e+00
9.999189017475674790e-01
1.000308789773664886e+00
1.000598781327168174e+00
1.000141106462210105e+00
1.000761473425856085e+00
1.000755087981581415e+00
1.000328339634104058e+00
1.000559065421749105e+00
1.000188977830174242e+00
1.000166196367794802e+00
1.000707351472160722e+00
1.000418147518474354e+00
1.000129658995936532e+00
1.000204099007340863e+00
1.000120477577732148e+00
1.001468259142939132e+00
1.000232348638064872e+00
1.000426801969855006e+00
1.000387232061038079e+00
9.998563739570947018e-01
1.000526124143549245e+00
1.000366384644820306e+00
9.995882571418281959e-01
1.000431215314110611e+00
1.000710028303471555e+00
9.999256684218416069e-01
1.000307671790185315e+00
1.000318917168868005e+00
9.994550019656825990e-01
1.000170291163407610e+00
9.996137927196411255e-01
9.999930802587485568e-01
1.000143062470179256e+00
1.000201412020609526e+00
1.000542078982100680e+00
9.998599889094342830e-01
1.000330813578713007e+00
1.000014118199784807e+00
1.000253836868220780e+00
1.000130584971274050e+00
1.000580276581800376e+00
1.000398493748262174e+00
1.000661777791233442e+00
1.000412288572988473e+00
1.000328435533661020e+00
1.000512649441010815e+00
1.000347907094216282e+00
1.000176125193732890e+00
1.000252015906904379e+00
1.000068867331607381e+00
9.999655311057560336e-01
9.998173380281090150e-01
1.000512831360226063e+00
1.000507237236893499e+00
1.000052334938800191e+00
9.996667989446129665e-01
9.995898420007827134e-01
9.993951002379518611e-01
9.999859849860398553e-01
9.999198342835453612e-01
9.996114408901148884e-01
9.999560119172279382e-01
1.000060018797883199e+00
1.000064753459244393e+00
1.000217306502871883e+00
1.000359756877994499e+00
1.000479979065881153e+00
9.997342934294987105e-01
1.000138089658955565e+00
9.998877785470186019e-01
1.000077743397507657e+00
1.000377388446407112e+00
1.000249609007525020e+00
1.000278527599236744e+00
1.000245572804737693e+00
1.000350783647200759e+00
1.000511792266395084e+00
1.000156277967160889e+00
9.999628497573177510e-01
1.000069702521736659e+00
9.999814274379499324e-01
9.996802915968709957e-01
1.000327549872982225e+00
1.000149207433556064e+00
1.000244015835245026e+00
1.000179611330182405e+00
1.000150662779350830e+00
1.000363833719506435e+00
9.998985075430808500e-01
1.000240655780067822e+00
9.996189990551925808e-01
1.000219841033770596e+00
9.998357455388809933e-01
9.997585879097753425e-01
9.996369592270368809e-01
9.997756619672318879e-01
1.000175800127002912e+00
1.000098753684050878e+00
9.999058018552057225e-01
9.996736401825632168e-01
9.996842925434974436e-01
9.978708139639238528e-01
9.878272495720207269e-01
9.770908293907141218e-01
9.658120722219012411e-01
9.543399967978153375e-01
9.429992428496507539e-01
9.329745021510287284e-01
9.220753464065634120e-01
9.115235334237038467e-01
9.012487440303511566e-01
8.906734635427314695e-01
8.797136146166462112e-01
8.695431041422958529e-01
8.590775008145764557e-01
8.493248473486851857e-01
