0.000000000000000000e+00
0.000000000000000000e+00
0.000000000000000000e+00
0.000000000000000000e+00
0.000000000000000000e+00
0.000000000000000000e+00
0.000000000000000000e+00
0.000000000000000000e+00
0.000000000000000000e+00
0.000000000000000000e+00
0.000000000000000000e+00
0.000000000000000000e+00
0.000000000000000000e+00
0.000000000000000000e+00
0.000000000000000000e+00
0.000000000000000000e+00
0.000000000000000000e+00
0.000000000000000000e+00
0.000000000000000000e+00
0.000000000000000000e+00
2.405033754667658576e-05
3.589225037743215552e-02
1.002653497842217911e+00
3.262811758283913122e+00
3.213045333511844071e+00
1.777351736508994806e+00
8.159271230314822931e-01
3.715683822084434040e-01
1.969357004939002731e-01
2.287337472868348209e-01
8.370589735592265379e-01
1.721830459790496315e+00
1.874666733003988117e+00
1.443014077713922649e+00
9.884540462801063576e-01
7.269931453804318044e-01
6.340999417667938509e-01
6.341777785462328065e-01
6.871352147430581647e-01
7.686243112115890286e-01
8.577541938500118368e-01
9.467049919036271133e-01
1.026102911484220837e+00
1.092008152069614102e+00
1.149488409118241794e+00
1.185044523950298245e+00
1.201112029159855599e+00
1.198654383886003982e+00
1.178643798988174840e+00
1.143283122354768366e+00
1.106734848915845948e+00
1.066506063108048075e+00
1.030662883958243681e+00
9.963248555711167187e-01
9.687639196257202823e-01
9.482595286735703288e-01
9.342981020662329827e-01
9.270808751522550128e-01
9.274618808726451391e-01
9.306617379463995032e-01
9.333052090087790020e-01
9.399299083861538673e-01
9.520560361859684573e-01
9.627400359831241872e-01
9.778891747723944539e-01
9.853979070369133231e-01
9.931545349726315086e-01
1.000007962608825851e+00
1.004793411800726233e+00
1.010660876102184691e+00
1.013358907177658086e+00
1.015045008150386119e+00
1.017064754252135383e+00
1.018540606782155411e+00
1.017726225788550654e+00
1.016919220742747543e+00
1.013168636266238876e+00
1.008024598505853353e+00
1.005920879557387737e+00
1.002410161038220338e+00
1.000063368201388414e+00
9.993562981619866781e-01
1.000261606777849810e+00
9.974269886408216879e-01
9.993484404166911306e-01
9.981080474436202499e-01
1.001451832411337062e+00
1.000133970097021319e+00
9.977942126868867279e-01
9.986158387824275451e-01
9.975821417685326598e-01
9.979758340989770549e-01
9.968747223943191793e-01
9.957580915076434946e-01
9.949763180939985574e-01
9.965060272933559116e-01
9.964155792095569231e-01
9.974883160305958452e-01
9.979575369470528035e-01
9.975223515126218077e-01
9.990977043934023971e-01
9.991837097986725480e-01
9.991632644822712184e-01
1.002024532696702552e+00
1.000822896409938156e+00
9.998957185791610414e-01
1.002549588110683398e+00
1.001948711370844958e+00
1.001654254685965029e+00
1.001898944104436584e+00
1.001481035794076879e+00
1.002243504906061844e+00
1.002573116630405048e+00
1.001409369274619987e+00
1.001597056669976338e+00
1.002344629210714766e+00
1.001675547186773763e+00
1.002370334376222472e+00
1.001591393755598247e+00
1.001367713216706701e+00
1.002568796393226602e+00
1.000811832285488867e+00
9.992953413105796212e-01
9.997296557038171105e-01
9.999777631553666835e-01
9.990791900188229491e-01
9.984487630524077062e-01
9.992744340322285979e-01
9.994086950249987389e-01
9.987077463944401545e-01
9.992621563593693246e-01
9.986407403711410335e-01
9.997800224025347182e-01
1.000873060903338052e+00
9.999863551854299981e-01
1.000381359554251226e+00
1.000094043785674014e+00
1.000282693330261985e+00
1.001090751265352630e+00
1.000499686547441369e+00
1.001143406538026026e+00
1.000284888247539250e+00
1.001536270281483398e+00
1.001387207522553169e+00
1.001839140604616984e+00
1.000860416803635022e+00
9.996856720230992144e-01
1.000678219610181774e+00
9.995164824415734284e-01
1.001388812348353197e+00
1.001021819628427734e+00
9.991913773799477871e-01
9.996717361195470719e-01
9.991461011074019849e-01
1.000071283314248660e+00
9.996317005301800229e-01
9.996677185674732735e-01
1.000553216844069615e+00
9.999222271129365458e-01
9.990799363893179130e-01
9.997108322009873316e-01
9.995482031809366230e-01
9.996092014886885924e-01
1.000411138646567943e+00
1.000732354209717512e+00
1.000163394069303324e+00
9.996671414415813084e-01
1.001105758986960304e+00
1.000142836621908060e+00
1.000718906361370175e+00
1.000747752995614581e+00
1.000006036124737152e+00
1.000678787486010801e+00
9.999683056962191952e-01
1.000217250861157536e+00
1.000578586292361738e+00
1.001424233658827045e+00
1.000102085230288651e+00
9.998678761928262437e-01
1.000830855149070331e+00
1.000171544831009340e+00
1.000357739092752496e+00
9.997756368239446578e-01
9.998311265533514902e-01
9.992940495950441981e-01
9.998790776459909324e-01
1.000066144057646822e+00
1.000033909152584943e+00
9.999716715071739204e-01
1.000786849795117117e+00
1.000365730471651560e+00
9.997742053509028892e-01
9.999008468314822817e-01
1.000794681652463547e+00
9.999482404565760429e-01
9.999519746934512066e-01
1.000132269529561579e+00
1.000482607863048434e+00
1.000689575578688650e+00
1.000490724271793974e+00
1.000131249197665939e+00
1.000275747026324380e+00
1.000150318827908613e+00
1.000791317409214454e+00
1.000311757612782682e+00
1.000017455679694800e+00
9.997294565811264411e-01
1.000611469177803192e+00
9.999631489556198849e-01
9.999685339107928783e-01
1.000338657901748141e+00
1.000131318631605870e+00
1.000174262941401659e+00
1.000361033446474979e+00
1.000154692186008498e+00
1.000431959216796729e+00
1.000256295469024836e+00
1.000195954107874430e+00
1.000131867806717256e+00
9.999585022513238775e-01
1.000348543755938957e+00
1.000509576204536843e+00
1.000240247475214783e+00
1.000363998604825388e+00
9.999361912121456086e-01
1.000100153282269311e+00
9.997691260892980214e-01
9.997847708161666791e-01
1.000419463739280035e+00
9.995587500055034269e-01
1.000073582392029925e+00
1.000341816006629525e+00
9.998566776685304802e-01
1.000326198105058628e+00
1.000726268432835298e+00
1.000465473267074357e+00
9.995725195122970863e-01
9.999709921894434084e-01
1.000689134197831676e+00
1.000386805634629228e+00
9.995702366133621952e-01
1.000212599027073601e+00
1.000061398087214171e+00
1.000732274436538116e+00
9.999475579285599380e-01
1.000490524793890446e+00
1.000471123752634695e+00
9.999400390679984429e-01
1.000164563923364947e+00
9.996426471658359514e-01
9.999643783266435326e-01
9.999390189040858745e-01
1.000363047453866727e+00
1.000168014514564829e+00
9.995644015425770856e-01
1.000561634109945475e+00
1.000366558654328664e+00
9.997071444802592133e-01
1.000212679194253385e+00
1.000050314636629079e+00
1.000289993645043118e+00
9.998380212618425134e-01
1.000643116129956267e+00
9.997986535945111441e-01
9.998390625723320158e-01
9.976127680364825778e-01
9.878175945269352942e-01
9.763127696560268687e-01
9.651277380162421871e-01
9.545058352574280480e-01
9.437598429923376164e-01
9.325950762216262957e-01
9.218948004654492490e-01
9.110569265956037777e-01
9.004725676677682866e-01
8.895612226818060408e-01
8.799278578523900274e-01
8.691877441206207200e-01
8.584679392448323343e-01
8.494162227602611859e-01
