0.000000000000000000e+00
0.000000000000000000e+00
0.000000000000000000e+00
0.000000000000000000e+00
0.000000000000000000e+00
0.000000000000000000e+00
0.000000000000000000e+00
0.000000000000000000e+00
0.000000000000000000e+00
0.000000000000000000e+00
0.000000000000000000e+00
0.000000000000000000e+00
0.000000000000000000e+00
0.000000000000000000e+00
0.000000000000000000e+00
0.000000000000000000e+00
0.000000000000000000e+00
0.000000000000000000e+00
0.000000000000000000e+00
0.000000000000000000e+00
0.000000000000000000e+00
3.707007150843245891e-02
1.070478961674423024e+00
3.504885386748239462e+00
3.438975461856742744e+00
1.908818307368403966e+00
8.596476214649594327e-01
3.940976054455707089e-01
2.016945251326057453e-01
1.247862090807453916e-01
1.910221384006786649e-01
7.284322297722753969e-01
1.521632166250421081e+00
1.776213851920359410e+00
1.487046475889991282e+00
1.092013807988108098e+00
8.298564741733812644e-01
7.183361764213097578e-01
7.099419644236545368e-01
7.603182372411045886e-01
8.381218205017091361e-01
9.239960486326440625e-01
1.007365877286827693e+00
1.077644241044053208e+00
1.127954474287834241e+00
1.171093823534731460e+00
1.189397144021443031e+00
1.196426211461197653e+00
1.183734948806004939e+00
1.153627511896684332e+00
1.119124799717535534e+00
1.081143075043587753e+00
1.047365733716669522e+00
1.022266690165203995e+00
9.983023755057465198e-01
9.762010619948765511e-01
9.580134630462475709e-01
9.420814454894523848e-01
9.341350028440618125e-01
9.293096450044547874e-01
9.292616375728356415e-01
9.312025941028772014e-01
9.395720069824855525e-01
9.484575816288577377e-01
9.589988370604395351e-01
9.708692702654443396e-01
9.788190613828158249e-01
9.869147412107760475e-01
9.946544052188136531e-01
9.979383025241944649e-01
1.003370381619241192e+00
1.008868504677209232e+00
1.009418556578988380e+00
1.014171856441428821e+00
1.013956654898283682e+00
1.014632876304576659e+00
1.013905376601208941e+00
1.013025203334113833e+00
1.013117676625615138e+00
1.010632171072054719e+00
1.006566677416254052e+00
1.004233375180228371e+00
1.003869897716435755e+00
1.002581428914920192e+00
1.001814142373095518e+00
1.000386008916545055e+00
9.986854091536422340e-01
9.964413053488613281e-01
9.966778425417278653e-01
9.967529541845288055e-01
9.948503074324274165e-01
9.957233922540374982e-01
9.943182130214318626e-01
9.956875587895940294e-01
9.946253404806258969e-01
9.949622304953681384e-01
9.947389700801602119e-01
9.963680971635603401e-01
9.961864961865655177e-01
9.976272884559157506e-01
9.995384249306644708e-01
9.994646843832716288e-01
9.995020271989811800e-01
1.000289985701490192e+00
1.000689154014575255e+00
1.001707762151291536e+00
1.000226427389179218e+00
1.001284810166083838e+00
1.001164326273091598e+00
1.000793872456681832e+00
9.993123356280543268e-01
1.000685779079862447e+00
9.984386947984216221e-01
9.999748043675185105e-01
9.990954445976749643e-01
1.000294010940401712e+00
9.993831568630482387e-01
9.991544812317101343e-01
9.992483544835033538e-01
9.992805573857835855e-01
1.000691947286909134e+00
9.996780907429281271e-01
9.999280707377243838e-01
9.997617563255042361e-01
9.990168712566450671e-01
9.998099575891531421e-01
1.000131490981099658e+00
9.995196489878260815e-01
9.990662868250145268e-01
9.998631035786477161e-01
9.997887607886607464e-01
1.000311233982311920e+00
9.992653864433511668e-01
1.000238061361074404e+00
9.998052148830542940e-01
9.994693453182670329e-01
9.996182913247685375e-01
9.996009336368494314e-01
9.992600592799957271e-01
1.000115125281090700e+00
9.997765140256942296e-01
9.998149622898302447e-01
9.996609868693252521e-01
1.000366280820474740e+00
1.000036306883908876e+00
1.000061646389861281e+00
1.000313956733905218e+00
9.994584991358654857e-01
1.000226642815047029e+00
1.000586086324975366e+00
1.000319524132042170e+00
9.999517678333650350e-01
1.001072261285052223e+00
1.000015309572044320e+00
1.000181098946693270e+00
1.000603434749871790e+00
1.000395870741860760e+00
1.000019839767610108e+00
9.996100722996149601e-01
9.992916247034714372e-01
9.991114177364540661e-01
9.999588273289020668e-01
9.996286616219743903e-01
9.989314784502025812e-01
9.992908483816080878e-01
9.990994271669754179e-01
9.993772451128754009e-01
9.988389481598136665e-01
1.000144477402839627e+00
9.993256119319944286e-01
1.000165988947613549e+00
9.998576596387374060e-01
1.000091184067091854e+00
9.993118265386862209e-01
1.000333368456086669e+00
9.996649295733789353e-01
1.000067227391848279e+00
1.000210480601450014e+00
9.996116845897291547e-01
1.000030507349509490e+00
9.999093768823659190e-01
1.000983256695464396e+00
1.001319286043064638e+00
9.999766058634078636e-01
1.000703742575490329e+00
1.000087251857272985e+00
9.995323324845505342e-01
1.000238409443956700e+00
9.998724928706343995e-01
9.990915395425536971e-01
9.999847494342359866e-01
9.998516297004519382e-01
9.990324264959068445e-01
1.000484279155727796e+00
9.994089043264912098e-01
9.999543547680010969e-01
1.000124723648371683e+00
9.994803840925997607e-01
1.000326739444397761e+00
9.996096635388028728e-01
9.997795847037743711e-01
1.000405840004879199e+00
1.000978747927382839e+00
1.000126225418281445e+00
9.992798303831652573e-01
9.993824392511501120e-01
9.995792987758106429e-01
9.999601221465574952e-01
1.000343414278956233e+00
1.000283224592958264e+00
1.000183973545961669e+00
1.000442906283906641e+00
1.001120609694025498e+00
1.000080924729086940e+00
9.996394434930115924e-01
1.000669366507901614e+00
9.992798945406571320e-01
9.994857318492029741e-01
1.000348527745893223e+00
1.000374657403440448e+00
9.996805490317167697e-01
1.000191199544146148e+00
9.999069824703556986e-01
9.997389308054234203e-01
9.993431672760110240e-01
9.996715465908944109e-01
1.000215086430975342e+00
1.000106861501204314e+00
1.000271037967017884e+00
1.000655657782178798e+00
1.000118417110775759e+00
9.998628684132633282e-01
1.000061237516890023e+00
9.999742783619337549e-01
1.000190815244837772e+00
1.000017964139799931e+00
1.000385698891926411e+00
9.995436580610878030e-01
9.999015490752660718e-01
1.000094175582810552e+00
9.997936631163903964e-01
1.000304516453676351e+00
9.998635717164972014e-01
9.999452811057413237e-01
1.000371805694941996e+00
9.996485918941878657e-01
9.998856039555282793e-01
9.999625511041572157e-01
1.000349562537239168e+00
1.000181436147189240e+00
9.998229037276012976e-01
9.997153760483767915e-01
9.994765400449090453e-01
1.000337382962393606e+00
1.000138261085903091e+00
1.000245363705938750e+00
9.999611501144392012e-01
1.000029463248518713e+00
1.000495821421063303e+00
1.000098271579277887e+00
9.999121927289100764e-01
1.000216199972659759e+00
9.988274395391758542e-01
9.902268075970589445e-01
9.797253006287399701e-01
9.675915408551620800e-01
9.570911224764324654e-01
9.460407633312869491e-01
9.349822288146388827e-01
9.241075953413238064e-01
9.130384496437853326e-01
9.020062280630236629e-01
8.916897690686335087e-01
8.808399224512525327e-01
8.707321495487819751e-01
8.602642603055316028e-01
8.500782907204299521e-01
8.398632508492209769e-01
8.295546736455048364e-01
8.192533922492100107e-01
