0.000000000000000000e+00
0.000000000000000000e+00
0.000000000000000000e+00
0.000000000000000000e+00
0.000000000000000000e+00
0.000000000000000000e+00
0.000000000000000000e+00
0.000000000000000000e+00
0.000000000000000000e+00
0.000000000000000000e+00
0.000000000000000000e+00
0.000000000000000000e+00
0.000000000000000000e+00
0.000000000000000000e+00
0.000000000000000000e+00
0.000000000000000000e+00
0.000000000000000000e+00
0.000000000000000000e+00
0.000000000000000000e+00
0.000000000000000000e+00
0.000000000000000000e+00
0.000000000000000000e+00
0.000000000000000000e+00
0.000000000000000000e+00
0.000000000000000000e+00
0.000000000000000000e+00
2.341810185248252921e-02
3.749030656671813455e-01
1.230207759970978865e+00
1.668290508023282381e+00
1.173174911654271124e+00
6.921462679169707588e-01
4.029565865605294062e-01
2.825401291444382679e-01
2.465024419940473055e-01
2.427294618405619608e-01
2.414631869397585451e-01
2.596328706780303697e-01
2.436584249259835522e-01
2.167208499896161322e-01
2.250016555853233957e-01
2.505772249714471878e-01
3.157738512859024071e-01
4.151085226718180254e-01
5.551279767575476587e-01
7.375472171307844160e-01
8.722882300559209323e-01
1.072707930146861832e+00
1.206524765549788158e+00
1.334937443498920961e+00
1.442531077521818750e+00
1.500411706465454298e+00
1.553116495367744543e+00
1.556049553434414978e+00
1.517634281283775755e+00
1.394666690352862837e+00
1.260004698121945710e+00
1.124035174785243285e+00
1.016731367878531911e+00
9.585000645182425449e-01
9.294132587525619771e-01
8.757792224800035052e-01
8.624629331133636390e-01
8.756491534009105404e-01
9.032646894491437317e-01
9.021168100955999636e-01
9.125302288683496688e-01
9.412835197662898779e-01
9.539605423429429187e-01
9.805055010759743395e-01
9.978911949765500999e-01
1.019203676278777282e+00
1.007052455052806605e+00
1.018075210569729494e+00
1.049601547153118819e+00
1.053143577577973833e+00
1.061651277681697314e+00
1.046151006606313105e+00
1.057353988714017534e+00
1.026029235853701316e+00
1.012980573712338073e+00
1.013036319545002728e+00
1.023810832790809089e+00
9.917925853230176170e-01
9.868848808191366118e-01
9.575454799468187117e-01
9.730783742244418777e-01
9.855928577099262178e-01
9.870488045758591955e-01
9.709465637065487487e-01
1.002542445432905938e+00
9.831848721216682740e-01
9.909524024991885893e-01
9.824364732139005962e-01
1.012733615724567660e+00
9.847829730121444580e-01
1.003546932409606907e+00
1.014832521483983507e+00
9.906699449788266554e-01
1.009731372634364632e+00
9.867411084750752348e-01
9.997701777375957999e-01
9.913786650966857072e-01
9.889576121393000019e-01
9.962671124261146538e-01
9.953208203611290106e-01
9.978884369907664587e-01
9.889736561867419340e-01
9.900521785269967845e-01
9.887866465874343147e-01
9.900985509803744700e-01
9.768637944442852827e-01
1.002251264736942149e+00
1.014850356991653380e+00
9.947423544551130536e-01
1.014924302354743402e+00
9.989328407793752751e-01
1.007972253872936985e+00
1.009444254028182719e+00
1.020308544187713329e+00
1.020163113446626468e+00
1.016497232341725399e+00
1.021538957324432895e+00
1.013344590415038882e+00
1.011180312621383859e+00
1.008078893159644940e+00
1.003180946660453321e+00
9.979882755639319925e-01
9.953451845276557464e-01
9.971365675511545401e-01
9.893691184655312165e-01
9.996030205354711207e-01
1.011552408165906192e+00
1.002508779547147899e+00
9.889662860554605528e-01
9.977855725467379422e-01
1.000803595510704636e+00
9.972258564544145276e-01
9.984139801547907700e-01
9.891545811880371186e-01
1.006185325307341616e+00
9.973697804577931203e-01
1.007395591598875262e+00
9.890911757669470505e-01
9.977247433088975992e-01
9.782151792961416570e-01
9.898275142605174048e-01
9.992822131012976117e-01
9.808274143088543395e-01
9.996873942313871941e-01
9.934757318604268139e-01
9.913533018874470804e-01
1.001053907680922395e+00
9.839489506450067591e-01
9.914828566889529737e-01
9.907703323995160627e-01
9.874431882159184770e-01
9.921563030758193680e-01
9.892087859909712844e-01
9.839553978645044774e-01
9.922147665657382598e-01
9.940906212951158283e-01
9.895420022353871303e-01
9.878601423054090835e-01
9.820128674658628043e-01
9.908139814882689356e-01
9.873253078046753117e-01
9.894064759284789679e-01
9.912529800596170393e-01
9.903995883691721902e-01
9.837496719815913560e-01
9.965129348515001650e-01
9.940353984110987806e-01
9.921824086740540505e-01
9.850563640992691106e-01
9.756996157239418155e-01
9.830691484118014856e-01
9.832994352474231370e-01
9.838345322524414405e-01
9.793962499755491935e-01
9.819016395454370771e-01
9.815764439460197277e-01
9.949275738314486972e-01
9.902286679075453790e-01
9.844132919274198867e-01
9.802905408440811819e-01
9.820061419057265484e-01
9.841908739603483225e-01
9.766461281036272757e-01
9.783472954269619715e-01
9.823701148499662805e-01
9.848564695396093693e-01
9.806515957352438528e-01
9.893075124311961899e-01
9.849693215789638856e-01
9.924072678716507889e-01
9.901868584835064047e-01
9.851100162571736485e-01
9.908376936102107901e-01
9.885496489418423849e-01
9.933767695501729555e-01
9.862635942546608137e-01
9.957671206811771203e-01
9.904688525275325839e-01
9.917234128741884147e-01
9.956329728076063201e-01
9.883276290508833384e-01
9.846155998817964772e-01
9.960778697748936539e-01
9.942660911360944320e-01
9.939284380013059250e-01
9.899641166168082762e-01
9.899784789099089766e-01
9.911182142848860011e-01
9.954681376945433424e-01
9.929232827432692421e-01
9.959691255712104230e-01
9.962052244526987677e-01
9.997300645325850610e-01
9.901500996833698665e-01
9.941524377472741314e-01
9.893396502959131977e-01
9.929052670991017626e-01
9.949188565219946323e-01
9.977840352290291426e-01
9.974025434065463269e-01
1.002451828413606361e+00
9.995056660553350847e-01
9.939138964048049862e-01
9.974622042281886536e-01
9.960081395706164020e-01
9.904908835239717435e-01
9.910924014033063445e-01
9.973306147755410800e-01
9.927429401073536441e-01
9.962041752015372564e-01
1.000559527860325204e+00
9.906352655744903313e-01
9.986186304030585381e-01
9.918681740395616231e-01
9.935098312863377412e-01
9.900029320037784242e-01
9.911851339278732187e-01
9.935905721803492963e-01
9.931942959068464916e-01
1.004735093068429785e+00
9.947481610814865594e-01
9.941044167778247953e-01
9.984780095263482425e-01
9.974337315992093389e-01
9.981880533856425375e-01
9.968394499088676364e-01
9.952228840752915806e-01
9.941331073594148471e-01
9.975496985015391838e-01
9.958434686838306682e-01
9.941934678368462563e-01
9.958430421466547555e-01
9.928002012269819820e-01
9.988310766480595904e-01
9.943959107516595619e-01
9.941554281152507055e-01
9.985394391388799917e-01
9.967073423138016475e-01
9.970560339113208048e-01
1.000395123562771049e+00
9.966346231818039580e-01
1.000248334699790798e+00
9.999752479302883579e-01
1.003564586569884787e+00
9.961402571035554709e-01
1.001837501777879558e+00
9.988836420444687780e-01
9.952776917792367506e-01
9.984730248481402670e-01
9.971838884769329558e-01
1.000164063967710959e+00
1.003784559242198782e+00
1.001644341779151182e+00
1.000544848192809866e+00
