0.000000000000000000e+00
0.000000000000000000e+00
0.000000000000000000e+00
0.000000000000000000e+00
0.000000000000000000e+00
0.000000000000000000e+00
0.000000000000000000e+00
0.000000000000000000e+00
0.000000000000000000e+00
0.000000000000000000e+00
0.000000000000000000e+00
0.000000000000000000e+00
0.000000000000000000e+00
0.000000000000000000e+00
0.000000000000000000e+00
0.000000000000000000e+00
0.000000000000000000e+00
0.000000000000000000e+00
0.000000000000000000e+00
0.000000000000000000e+00
0.000000000000000000e+00
3.682501606447612791e-02
1.059932073042126444e+00
3.486189424907040646e+00
3.412793368244218417e+00
1.884854803915732901e+00
8.435347089476904481e-01
3.729372804571913225e-01
1.911280237720905661e-01
1.157981657657357888e-01
1.812014575739621380e-01
7.030549996481575414e-01
1.483590653770364032e+00
1.729174684523266947e+00
1.439869797688589914e+00
1.041751110209546027e+00
7.715668817150533876e-01
6.523442184243370967e-01
6.408577589851517375e-01
6.920874065298464606e-01
7.806536021218313248e-01
8.798216375532875722e-01
9.763927419810052299e-01
1.062638631535477662e+00
1.132906078684620343e+00
1.189137299013175220e+00
1.218825146597811049e+00
1.229674314386505207e+00
1.219072006322588386e+00
1.194499580511598102e+00
1.149139398999462935e+00
1.106349501737566632e+00
1.066858646158315826e+00
1.036874342326056464e+00
1.006309022077995996e+00
9.887025555060896531e-01
9.698037215510861841e-01
9.536455113389331606e-01
9.427112742775313192e-01
9.331144069149377440e-01
9.304216044226082394e-01
9.251022687618294382e-01
9.301141486517849888e-01
9.350127779629564539e-01
9.447280631226337988e-01
9.561128865581147718e-01
9.674373851378524902e-01
9.833588173205679572e-01
9.932824788424647888e-01
9.990592425458297843e-01
1.008075531724817120e+00
1.010849046570273746e+00
1.016916816418808045e+00
1.018820554511086440e+00
1.023455680821332869e+00
1.022721388601297132e+00
1.018031955823231360e+00
1.018262915503128863e+00
1.013369526846195745e+00
1.014367056984381232e+00
1.011378725659454858e+00
1.007459294715073561e+00
1.005908680000449973e+00
1.004801638159511290e+00
1.003903123786259677e+00
1.001671626166635409e+00
1.000768709580338811e+00
1.000101635654997434e+00
1.000377263821931928e+00
1.000345247079114763e+00
9.980565023939826919e-01
9.952827963695070057e-01
9.951424597773779190e-01
9.954232562094391668e-01
9.955500104135267536e-01
9.925870409782044934e-01
9.934083137358329374e-01
9.923714043430693632e-01
9.929227380353774501e-01
9.935353779339106683e-01
9.964649415399751131e-01
9.952429520301582233e-01
9.979940147966095410e-01
9.988376761406246862e-01
1.002054760694216951e+00
1.001865009656993655e+00
1.003421009742401226e+00
1.002649516404447327e+00
1.004700522052503819e+00
1.002502981727783071e+00
1.003447753422894717e+00
1.002099653287071401e+00
1.000562341999362115e+00
1.001669263945811350e+00
1.001119814966480615e+00
1.000887859180863426e+00
1.000672894961625925e+00
1.000109854991641400e+00
9.990683996318823201e-01
9.975106765049164270e-01
9.995104422647954623e-01
9.993020189843031531e-01
9.988420622746969624e-01
9.976984919077014347e-01
9.985474457421410488e-01
9.977547575692027326e-01
1.000086502327777183e+00
9.996660866562222525e-01
9.987621838973611554e-01
9.996487469081584143e-01
9.979332640154607859e-01
9.991631479595310950e-01
9.991818109848911167e-01
9.990626180917105970e-01
1.002657809309516201e+00
9.995994610213113640e-01
1.001432483811774521e+00
1.000894690108284024e+00
1.000171941504684803e+00
9.999706558781414900e-01
1.000593635111081792e+00
1.000944683596331597e+00
9.998634346651061877e-01
1.000204593737918257e+00
9.986763617470446608e-01
1.000069752576620230e+00
9.999827256663890163e-01
9.997616170263774471e-01
9.972070724412337439e-01
9.988504091194491119e-01
1.000923564085179907e+00
9.997753773107523889e-01
9.991915177919210578e-01
9.977201843376639623e-01
9.997985173929705427e-01
1.000843086937615700e+00
1.001856049682601224e+00
1.002256730283757058e+00
1.001787887580142922e+00
1.001159617468484919e+00
1.001985345352657264e+00
1.001497578422410051e+00
1.001114902936584006e+00
1.001310143481274340e+00
1.000354634678932708e+00
9.997223318896989452e-01
9.994567703906681588e-01
9.999161556868725320e-01
9.984969813789736914e-01
9.990782754212528260e-01
9.988011305877745327e-01
9.992862170957153012e-01
9.985268094907219227e-01
9.988908203948995146e-01
9.986357644416044010e-01
9.991139944348320645e-01
9.991951517232371405e-01
9.994299128812247357e-01
9.997634592753944505e-01
9.994082728046567166e-01
9.996910054437212478e-01
1.000848746055769345e+00
1.000749555974064009e+00
1.000943363747171855e+00
1.000660393691195971e+00
1.001135091477824535e+00
1.001021382630444378e+00
1.000491778511964691e+00
1.000714519699099192e+00
1.001017570429503678e+00
9.998302161419384548e-01
9.999800239837319804e-01
1.000471674174628678e+00
1.000729492890261252e+00
1.000860780763474622e+00
9.996179576756786256e-01
9.994377106112740661e-01
9.993100410529777156e-01
9.989025801478549349e-01
1.000063571860378753e+00
9.995243741777077862e-01
9.996319880718382844e-01
9.993023341127709180e-01
9.996037121396885716e-01
9.998325038014537203e-01
1.000578460674713455e+00
1.000840036167316871e+00
9.995068052465441166e-01
9.999042827706000613e-01
9.994238674253660415e-01
9.997728813438986339e-01
1.000945071068525039e+00
1.000841690027355346e+00
9.988544191036060615e-01
1.000491423095545729e+00
9.996540881040314463e-01
1.000938146058240497e+00
1.001456551988754384e+00
1.000143719400968356e+00
1.000904972335847853e+00
1.000704795336758490e+00
1.000345895823921305e+00
1.000061043039267128e+00
1.000146585180355929e+00
1.000684743490179107e+00
1.000256666718779996e+00
1.000795937852179796e+00
1.000068233543048191e+00
1.000776388126066063e+00
1.000544767713215322e+00
1.000157040260892360e+00
1.000728722676324178e+00
9.987961776842930739e-01
9.998009258740441219e-01
9.997173572868355285e-01
9.998175731794400889e-01
1.000179888580585708e+00
9.997647046875455246e-01
9.993323037910525342e-01
1.000145345777586403e+00
9.995451319436120530e-01
9.996825288706733259e-01
9.989661154510651730e-01
1.000564902176724003e+00
1.000618149657196865e+00
1.000085289094088337e+00
1.000367353589372899e+00
1.000296115305549627e+00
1.001074654689386279e+00
9.997632333885004829e-01
1.000060258678245884e+00
9.997641441141551510e-01
1.000209308686413445e+00
1.000130018544228783e+00
1.000401885838767102e+00
9.998756208854480132e-01
1.000195881622610194e+00
1.000229412374592508e+00
1.000214997022740082e+00
1.000541920890402503e+00
1.000471418852591388e+00
9.993058706497337518e-01
1.000316069973909316e+00
1.000156801658733441e+00
1.000343803904490736e+00
1.000532613593458464e+00
1.000397840815136163e+00
9.996713285369290825e-01
1.000319450128704046e+00
1.001015461417162467e+00
9.998093340420982633e-01
1.000005079124400620e+00
9.999851555957831595e-01
9.992805918297875678e-01
1.000053951901235472e+00
9.999034094468730594e-01
1.000021994588595087e+00
1.000202904517743852e+00
9.993668943460241039e-01
1.000499826464039677e+00
