0.000000000000000000e+00
0.000000000000000000e+00
0.000000000000000000e+00
0.000000000000000000e+00
0.000000000000000000e+00
0.000000000000000000e+00
0.000000000000000000e+00
0.000000000000000000e+00
0.000000000000000000e+00
0.000000000000000000e+00
0.000000000000000000e+00
0.000000000000000000e+00
0.000000000000000000e+00
0.000000000000000000e+00
0.000000000000000000e+00
0.000000000000000000e+00
0.000000000000000000e+00
0.000000000000000000e+00
0.000000000000000000e+00
0.000000000000000000e+00
0.000000000000000000e+00
3.332055769572700443e-02
1.003296157517250986e+00
3.309847762700432572e+00
3.294355765623283361e+00
1.848559614077632807e+00
8.461950898560918199e-01
3.905562005182706131e-01
2.003051943391911394e-01
2.250408080270174527e-01
8.261742494660369029e-01
1.715210626938181493e+00
1.901271860128783020e+00
1.472620096724750027e+00
9.996375984665591963e-01
7.124481871334359395e-01
5.942470451280029708e-01
5.874527597646606036e-01
6.352354993510629377e-01
7.209419814032547169e-01
8.203995522012231811e-01
9.147055845677852792e-01
1.010526940849706845e+00
1.092453450618570354e+00
1.150899867019608447e+00
1.200981965148795849e+00
1.223617364701682586e+00
1.225778686386170158e+00
1.206350134536696261e+00
1.172459093620281667e+00
1.128149707150241543e+00
1.086575642666575803e+00
1.046685976682409480e+00
1.009885851242199539e+00
9.828243552110650372e-01
9.599827749282576761e-01
9.423876235432754322e-01
9.296753562048325481e-01
9.247288645101743310e-01
9.220728662700889977e-01
9.253618291879386337e-01
9.284795737925767289e-01
9.374296720437779173e-01
9.515363991717777914e-01
9.637535450245323654e-01
9.804257218192506951e-01
9.873033751454384221e-01
9.987080340866799633e-01
1.005092520716929005e+00
1.013265124508082149e+00
1.017712391560057661e+00
1.020878692064617788e+00
1.023908517539526164e+00
1.023079764878090270e+00
1.021387788044471279e+00
1.019145814280837836e+00
1.014905846202942552e+00
1.012327788512322080e+00
1.008620499335780130e+00
1.004260472257139325e+00
1.001011904054590618e+00
1.000953763369589966e+00
1.000214616382279376e+00
9.975382857259857960e-01
9.975258710034206056e-01
9.970867956896266593e-01
9.967910036365519311e-01
9.989496476856394303e-01
9.989751885390888431e-01
9.985096802777622127e-01
9.992021683475756921e-01
9.998608516648198608e-01
9.973383822792147857e-01
9.981644496643607978e-01
9.970161996600624965e-01
9.979545904676226931e-01
9.995129942717089211e-01
9.969814593030240646e-01
9.983928073467752684e-01
9.981781938560505552e-01
9.984027611271919511e-01
9.999328650051836354e-01
9.995726421836770292e-01
9.999646381219325919e-01
9.997635209964453873e-01
1.000694955487896554e+00
1.000061731358503403e+00
1.001304329189389941e+00
1.001962107521329859e+00
1.001044553896239364e+00
1.003941922599121961e+00
1.002339997977324426e+00
1.001586427566773851e+00
1.002200146834451688e+00
1.002177257736615923e+00
1.000246271993307179e+00
1.000933910066081012e+00
1.000763787766407953e+00
9.994114511416916091e-01
1.001268719627343318e+00
1.000225740903599725e+00
1.000402388307839896e+00
9.999678011397655775e-01
9.994558476953935289e-01
9.988742404343204928e-01
9.987798331807237195e-01
9.975955136559851999e-01
9.994982045458048470e-01
9.996871921232298730e-01
9.996477011633243537e-01
9.995485753484381064e-01
9.992635823710619425e-01
1.001311802861695854e+00
1.001684546414891130e+00
9.995412987522351855e-01
1.000384044886867940e+00
1.000790023422984065e+00
9.993221033162840161e-01
9.996163227098575632e-01
1.000588341088098243e+00
1.000538819801867430e+00
9.999511826278814075e-01
1.000272706520121568e+00
9.999813281594581715e-01
1.001083751799745514e+00
9.993658183844370546e-01
1.000542852366071100e+00
1.000351078652468306e+00
1.000007293602477754e+00
1.000854824173547541e+00
1.000132598572766707e+00
1.000528162325719839e+00
1.000326951449797663e+00
9.988344688146866268e-01
9.999950820814133001e-01
9.995112882123233788e-01
9.991445668826408610e-01
1.000547792561143456e+00
9.999432414631276300e-01
1.000065073878666499e+00
1.000155418511640137e+00
1.000766084998304883e+00
1.000150464534056871e+00
1.000416278013312565e+00
1.000238941691196537e+00
9.992808169974062293e-01
9.999669858912598741e-01
9.999334937169572779e-01
1.000536294171838092e+00
9.989713566079425622e-01
1.000187918384783936e+00
1.000468438195377674e+00
1.000517605282491340e+00
1.000807104313168550e+00
1.000115145712588083e+00
1.000630011788433915e+00
1.000231223118885016e+00
9.995866917445787037e-01
1.000007571770252568e+00
9.994900873680611086e-01
9.998891843491707343e-01
1.000854701232666066e+00
9.999477805462709812e-01
9.996257627146609703e-01
1.000162304382989920e+00
9.998670776957219175e-01
1.000507751638157528e+00
1.000652482747674599e+00
1.000220169471621290e+00
1.000181057278113350e+00
1.000006377147864445e+00
9.994357324121355690e-01
1.000241210625625765e+00
1.000371080036823956e+00
1.000017259082683685e+00
1.000066427677406500e+00
9.996633164368856628e-01
1.000258295409540699e+00
1.000176906990736914e+00
1.000118824693276398e+00
1.000432603817735133e+00
9.999946310563507801e-01
1.000255945627791299e+00
1.000288757040853405e+00
9.995983587604295728e-01
9.999739874253656957e-01
9.996484458532880479e-01
9.992909894970534168e-01
9.999406425474219873e-01
1.000020852539236893e+00
9.998598047276356926e-01
1.000068872929232189e+00
9.999325552262773309e-01
9.999620266049004114e-01
9.999337184774220733e-01
9.996409656036204794e-01
1.000276663243966135e+00
9.998934847409416404e-01
1.000252306513180311e+00
1.000162292660837338e+00
9.995017895005444686e-01
1.000466961601517601e+00
9.997804462600760056e-01
1.000593066959948763e+00
9.998459297025876769e-01
1.000075711291613878e+00
1.000213339834646442e+00
1.000186132355428859e+00
9.997503483986399653e-01
1.000365288447368606e+00
1.000709795311871320e+00
9.996753339448690712e-01
1.000202994829812564e+00
9.995634839623073198e-01
9.998941613942307072e-01
1.000451322171019619e+00
9.997345848505651000e-01
9.995848554043380574e-01
9.996033675518991579e-01
9.998992244800061213e-01
1.000152298850170540e+00
9.996003892397982149e-01
1.000222193789102265e+00
1.000320509118284074e+00
1.000148573177686018e+00
1.000158273009639442e+00
1.000342824671367925e+00
9.995090586452138881e-01
1.000399462509167448e+00
9.993868857114091009e-01
1.000762988125867281e+00
1.000090611055580059e+00
1.000262151563709789e+00
9.999877665048486630e-01
1.000624931357332992e+00
9.999394008052548966e-01
9.996806598137887301e-01
1.000213663775997297e+00
1.000503152464064405e+00
1.000532947991099597e+00
9.997344126121889829e-01
1.000192822205918208e+00
9.997515163617720635e-01
9.997616701799790784e-01
1.000253461810657774e+00
9.998060230460764641e-01
1.000051564594657050e+00
9.998329849987701579e-01
9.998737910288713060e-01
1.000675288500541438e+00
1.000013805464158745e+00
9.996327671778990620e-01
1.000144267064806636e+00
1.000145295969540271e+00
9.944938172033589430e-01
9.837793157668769384e-01
9.733315066906919055e-01
9.625929507698101073e-01
9.514247443921277636e-01
9.411468738319045402e-01
