0.000000000000000000e+00
0.000000000000000000e+00
0.000000000000000000e+00
0.000000000000000000e+00
0.000000000000000000e+00
0.000000000000000000e+00
0.000000000000000000e+00
0.000000000000000000e+00
0.000000000000000000e+00
0.000000000000000000e+00
0.000000000000000000e+00
0.000000000000000000e+00
0.000000000000000000e+00
0.000000000000000000e+00
0.000000000000000000e+00
0.000000000000000000e+00
0.000000000000000000e+00
0.000000000000000000e+00
0.000000000000000000e+00
0.000000000000000000e+00
0.000000000000000000e+00
0.000000000000000000e+00
0.000000000000000000e+00
0.000000000000000000e+00
0.000000000000000000e+00
0.000000000000000000e+00
2.548163497927205187e-02
3.829790369697784191e-01
1.408358839187366929e+00
1.823246279044142382e+00
1.393596592048437000e+00
8.142409357508371137e-01
4.536742393751843627e-01
3.118306986976013273e-01
2.472413928683616091e-01
2.529685087967911694e-01
2.298454383789019784e-01
2.389607076011724673e-01
2.423595953703189254e-01
2.056055256651541652e-01
2.291172328648348466e-01
2.436089894024016933e-01
2.979647849464971965e-01
4.213808499291844534e-01
5.338622305611048224e-01
7.171575101461020729e-01
8.466576522701410035e-01
1.033179822162939354e+00
1.194741091228688212e+00
1.311968408286259491e+00
1.403731471906660921e+00
1.468704394477234887e+00
1.514769939817408373e+00
1.564965566050154466e+00
1.468119828783502001e+00
1.385136585946835419e+00
1.256393633891093486e+00
1.145514016146271130e+00
1.036187339596097656e+00
9.797457484600405886e-01
9.016298812551745145e-01
8.760525206588458680e-01
8.823499207899031527e-01
8.745044289372482238e-01
8.742057096967478236e-01
8.942198245521104649e-01
9.100957691204080158e-01
9.239180056747040570e-01
9.523721769546330540e-01
9.723684369373540859e-01
9.771190558102061940e-01
9.799288224415478865e-01
1.017143261237115626e+00
9.935808260512472012e-01
1.037546460300953211e+00
1.048733018439598208e+00
1.063401066618047119e+00
1.035253034922687165e+00
1.044863887960272963e+00
1.029965160330900131e+00
1.016911644022631567e+00
1.020949417123366842e+00
9.934278709162074339e-01
9.797579663415282303e-01
9.746221026770608420e-01
9.637447690250664500e-01
9.748108105416943836e-01
9.784559462508868322e-01
9.850734751819140156e-01
9.770027394707120338e-01
9.914635890339673630e-01
9.927118325609942673e-01
9.857729634526370965e-01
1.000814010861730496e+00
9.907300486798351624e-01
9.972717355955538210e-01
1.000483757360196790e+00
1.000147479983616527e+00
9.942898049646952119e-01
1.008884437184539129e+00
9.988822278241435981e-01
9.919072895673234358e-01
1.011699834664889552e+00
1.007775567826974861e+00
9.894301938693116361e-01
9.935112424048918589e-01
9.900772421881407492e-01
9.820099178320315092e-01
9.813900339990661026e-01
9.953336249760598164e-01
1.001936964000115449e+00
9.935358859527088082e-01
9.903539346270548993e-01
9.953104366409144532e-01
9.943314838774645059e-01
9.891627598988534942e-01
9.999940375796744219e-01
1.003401482802861011e+00
9.971114141943054898e-01
1.012334709565972934e+00
1.005279853230082177e+00
1.016548776512484764e+00
1.009560721131501637e+00
1.003403571820802531e+00
9.970993701323990210e-01
1.008837753850859942e+00
1.003803250898392507e+00
1.001289175775645912e+00
9.988518984759632291e-01
1.001943139044496167e+00
9.932631615786833290e-01
9.999478399125660832e-01
9.965020611362482850e-01
9.891418321413032455e-01
9.923686655839801807e-01
9.868006694335367257e-01
1.000570131077526792e+00
9.932915238830870575e-01
9.888824121643269294e-01
9.938298846662458885e-01
9.954812362666920489e-01
1.002945679355947250e+00
1.005011149052767117e+00
9.938211010620894292e-01
9.942080294734380042e-01
1.000533244125567434e+00
9.991507189268684641e-01
1.000150894219956399e+00
9.955932032312743152e-01
1.003078514131339860e+00
9.904367073252622333e-01
1.004291048301665823e+00
1.006211966280483594e+00
9.967733901873593316e-01
1.001905795894559636e+00
9.935840464439663622e-01
9.966507257252792407e-01
9.903945371714863999e-01
9.929496196913478734e-01
9.939560186971950762e-01
1.000572587384550793e+00
9.978007959793000481e-01
9.999411233880145522e-01
9.951606759626302479e-01
9.937045136163409342e-01
9.838618869630610941e-01
1.000627623902003549e+00
9.936532031652703933e-01
9.843921148376878483e-01
9.967127062536437210e-01
9.958403264052342330e-01
9.846440313938754629e-01
9.889206649209580924e-01
9.968209133056151749e-01
9.936352637104778340e-01
9.852493371253899790e-01
9.956280312505524366e-01
9.925831080188743938e-01
9.856951475404557295e-01
9.873948801783984930e-01
9.862500069918687107e-01
9.928572275199356589e-01
9.905440663803292134e-01
9.912930662646055602e-01
9.943822150325006826e-01
9.898155861358927110e-01
9.894819386070996536e-01
9.925493603791726294e-01
9.869337640693617297e-01
9.899087600075633375e-01
9.981734542979292524e-01
9.916438692156442913e-01
9.975379626338525263e-01
9.928305645590522754e-01
9.950353447332659362e-01
9.914895135365943135e-01
9.926849151790217984e-01
9.991921312550255951e-01
9.930864978369379203e-01
9.874691172988936394e-01
9.957808185380597754e-01
9.968758246560120995e-01
9.945385208981035730e-01
9.932232728864313076e-01
9.931223972839449132e-01
9.940280578280190626e-01
9.981649898535076559e-01
9.904146816349267413e-01
9.995083521821881423e-01
9.929795171486714978e-01
9.902242029903732812e-01
9.880691930865812544e-01
9.922960374246041493e-01
9.942920001584549805e-01
9.903443451207617487e-01
9.845144087670746336e-01
9.873900309786524110e-01
9.964904954331889053e-01
9.941792863321159412e-01
9.970415239386680728e-01
9.894227763059930680e-01
9.888313406145233797e-01
9.924280566424708017e-01
9.898966510144284747e-01
9.850825150147508591e-01
9.932193591266110788e-01
9.929442446549162637e-01
9.867700255559169742e-01
9.866322812715527801e-01
9.822813629168388738e-01
9.972934746785466764e-01
9.963396767033997348e-01
9.857642326094915308e-01
9.941523104035602243e-01
9.912241402373479504e-01
9.914291041032506913e-01
9.920099393656705011e-01
9.918995485175886584e-01
9.870717098208533491e-01
9.907253890588757494e-01
9.951552385112421018e-01
9.818393130282464520e-01
9.940696661467744999e-01
9.873189920199564318e-01
9.865329386559649194e-01
9.872445908593295849e-01
9.911521257035845744e-01
9.876820642135574202e-01
9.921142535373863591e-01
9.867435327741849171e-01
9.881765909696504924e-01
9.912638200691458179e-01
9.925870222235332330e-01
9.914139875932350687e-01
9.897988905636012635e-01
9.910521531155194186e-01
9.915203690801209779e-01
9.908218183354474684e-01
1.001243859870567299e+00
9.938471580020844520e-01
9.896501916149808009e-01
9.890746820078480939e-01
9.951165819905107845e-01
9.996351098436067062e-01
9.999071678309741085e-01
9.967239952401495406e-01
9.942603127199283186e-01
1.000420273096258583e+00
9.993906516933457329e-01
9.912668241650752776e-01
9.946497051207924267e-01
9.982976466466276788e-01
9.956793971622226458e-01
9.952259457613275018e-01
9.988519416277147345e-01
9.957358886741880521e-01
9.978926859022514417e-01
9.949055175547700802e-01
9.982593832748229978e-01
1.000335021051230067e+00
