0.000000000000000000e+00
0.000000000000000000e+00
0.000000000000000000e+00
0.000000000000000000e+00
0.000000000000000000e+00
0.000000000000000000e+00
0.000000000000000000e+00
0.000000000000000000e+00
0.000000000000000000e+00
0.000000000000000000e+00
0.000000000000000000e+00
0.000000000000000000e+00
0.000000000000000000e+00
0.000000000000000000e+00
0.000000000000000000e+00
0.000000000000000000e+00
0.000000000000000000e+00
0.000000000000000000e+00
0.000000000000000000e+00
0.000000000000000000e+00
0.000000000000000000e+00
0.000000000000000000e+00
0.000000000000000000e+00
0.000000000000000000e+00
0.000000000000000000e+00
0.000000000000000000e+00
2.170837220692630604e-02
4.224511544192415258e-01
1.429692146446441159e+00
1.840915004413848033e+00
1.340271917365261078e+00
8.229924139514855908e-01
4.744205746077531094e-01
2.876403468043665090e-01
2.294411573773927904e-01
2.145939355578524443e-01
2.398152788034176586e-01
2.375663744855757431e-01
2.128647662247830086e-01
2.230409576734501687e-01
2.170125646861867097e-01
2.694160951859692066e-01
3.005582889234724719e-01
3.849840678539119265e-01
5.302242466877185034e-01
6.775137179326081727e-01
9.012958914858580917e-01
1.032383849668493836e+00
1.172295700219786907e+00
1.312617917967087600e+00
1.392150940913696511e+00
1.495318146209150934e+00
1.545197863376360781e+00
1.579222003415258424e+00
1.486094853249854575e+00
1.388694302652544232e+00
1.260027557764217931e+00
1.157838688533498139e+00
1.061066064066321202e+00
9.712136956924870557e-01
9.071374550592460340e-01
9.073212219374121590e-01
8.778410446858390115e-01
8.966055273097730538e-01
8.581850107210162726e-01
8.944482488415934629e-01
9.079225513242782375e-01
9.315597532871279229e-01
9.359221613114124816e-01
9.684689911688407760e-01
9.742656907889942763e-01
9.888270589458042492e-01
1.005120491533335159e+00
1.016363331485503174e+00
1.024255749356183909e+00
1.036027804115456252e+00
1.024524199367386590e+00
1.028495948712353503e+00
1.022360225965837310e+00
1.019247407269057826e+00
1.004004507407116664e+00
9.883998475673110296e-01
9.812384201371173731e-01
9.784128337669620867e-01
9.634693070608376653e-01
9.752499544641635154e-01
9.749799824923471858e-01
9.634717564328671990e-01
9.738984061639799350e-01
9.960343004933198685e-01
9.857181594118265000e-01
9.931897723358733554e-01
9.899605600845530207e-01
9.783007358437444401e-01
9.938553412214577998e-01
9.940107584457136269e-01
1.002559617431254102e+00
9.940937706843063770e-01
1.014185643857468566e+00
9.912913095490973880e-01
9.893827138979526259e-01
9.974585084853196948e-01
1.007619224336326891e+00
9.832301584835290154e-01
9.988601699649456434e-01
9.872207416189179296e-01
9.898084174901179422e-01
9.906953580694577433e-01
9.881156532959364247e-01
9.904402017077569287e-01
9.763951787287447059e-01
9.910053319366178837e-01
9.817413316108447585e-01
9.867993164240919102e-01
9.824809132781846532e-01
9.931700974127427584e-01
9.966577982461231056e-01
9.983949812472411312e-01
1.005077350217103982e+00
9.915294263279575970e-01
1.009882563131258904e+00
9.950338475792017690e-01
9.984681135062594137e-01
1.000270349343987508e+00
9.985503117404780360e-01
9.933066879689586015e-01
1.015402292204419465e+00
1.002024381415996590e+00
9.917886073993414930e-01
9.945947610374151759e-01
1.000935481082296796e+00
9.950470184152262476e-01
9.915248609257233392e-01
9.890004277172473879e-01
9.983136436053132723e-01
9.998437777929803927e-01
9.877026270700532962e-01
9.923918960924672517e-01
9.933875023431586460e-01
9.964327517963349479e-01
9.914331109378772267e-01
9.915071294354211862e-01
9.832549936434540339e-01
1.000244916207791768e+00
9.849882841603549988e-01
9.849284843152892321e-01
9.876200628631022216e-01
9.946882238354320949e-01
9.942025615597895882e-01
9.895775377388836835e-01
9.863920256148468457e-01
9.959696214626128086e-01
9.923568231408264051e-01
9.950552366177289887e-01
9.949626683042313013e-01
9.919116475441234204e-01
9.914012483001016784e-01
9.897281677532349109e-01
9.939816127809112389e-01
9.979206316292676959e-01
9.870939783646224264e-01
9.928256173928226014e-01
1.006450279166573702e+00
9.950941514621916006e-01
9.908960292742134968e-01
9.923895966369966626e-01
9.998734213326617715e-01
9.871433566251210934e-01
9.922015289792959214e-01
9.918113495943458036e-01
9.945088540819537748e-01
9.902472045516732546e-01
9.988935468718067590e-01
9.999862894243901623e-01
9.932384659884286870e-01
9.908619910047458124e-01
9.899862667022646390e-01
9.944114711524870698e-01
9.891262099175852640e-01
9.972490116795340587e-01
9.924557910264232286e-01
9.967626283469668280e-01
9.920788546560679322e-01
9.948201516437016334e-01
9.988654709822030187e-01
9.998955894259241584e-01
9.929179885021673924e-01
9.954597363372156282e-01
9.939367268946435185e-01
9.928887494288466398e-01
1.001927499239787966e+00
9.982332257004848941e-01
9.978708615857192488e-01
9.923815014750637653e-01
9.964318012373515332e-01
9.949882297600768366e-01
9.954966631733567217e-01
9.960287808801669973e-01
9.932863518747960807e-01
9.948291666535564737e-01
9.929609404174848386e-01
9.960439451297221636e-01
9.954290091484736536e-01
9.938015930282181332e-01
9.927765130239256663e-01
9.981914584376913036e-01
9.966152315760407054e-01
1.000534689328948179e+00
1.000810858737595010e+00
9.908262980770096151e-01
9.948090779161739006e-01
1.001991884522504206e+00
9.981619535027280721e-01
1.003303428692063903e+00
9.993588299814730735e-01
9.956867295328639678e-01
9.977673871060384059e-01
1.004125738140708490e+00
1.002023058106812137e+00
9.952252582642752143e-01
1.001257109924112543e+00
9.952228160915811417e-01
9.963932027665290958e-01
1.001085874935365716e+00
9.952124745378324588e-01
1.001266537865769024e+00
9.973678718019475253e-01
1.002605355022477829e+00
9.959565813248725252e-01
1.002096902166331960e+00
1.004088382027470416e+00
1.000070934730840744e+00
1.005086335754953542e+00
9.979913618856676161e-01
9.977794477196525458e-01
9.924314010736945413e-01
9.990488724782681240e-01
1.003169521365338657e+00
9.998325694180812961e-01
1.000353054846560674e+00
9.998790896122364824e-01
1.003322657650294492e+00
1.000013513606688331e+00
9.999222716392521804e-01
9.988010714678974278e-01
1.000821531428168765e+00
9.963942882232332821e-01
9.950791112964433305e-01
9.974347881191081289e-01
9.965261614800632328e-01
1.001632244322079091e+00
1.000012814948061157e+00
9.899345869566359424e-01
9.985413581629410951e-01
9.963898482788066113e-01
9.965159805662745507e-01
9.945242284009652156e-01
1.000691188115680363e+00
9.971402919320994096e-01
1.001016921285341921e+00
1.000057272708179124e+00
1.000246266798545891e+00
9.967669287979719073e-01
9.999946114310992451e-01
1.002538663137449992e+00
1.000558584744678292e+00
9.971332353834735374e-01
9.982425720529241042e-01
9.966963590601202183e-01
1.001160210648905702e+00
9.955291649942590304e-01
9.981103770132606634e-01
9.944940551239519477e-01
1.000767150323743415e+00
9.973861527763540069e-01
1.001014756500224978e+00
1.005180486710843590e+00
9.972775580746242596e-01
1.000529821048223633e+00
9.929928759041403152e-01
