0.000000000000000000e+00
0.000000000000000000e+00
0.000000000000000000e+00
0.000000000000000000e+00
0.000000000000000000e+00
0.000000000000000000e+00
0.000000000000000000e+00
0.000000000000000000e+00
0.000000000000000000e+00
0.000000000000000000e+00
0.000000000000000000e+00
0.000000000000000000e+00
0.000000000000000000e+00
0.000000000000000000e+00
0.000000000000000000e+00
0.000000000000000000e+00
0.000000000000000000e+00
0.000000000000000000e+00
0.000000000000000000e+00
0.000000000000000000e+00
0.000000000000000000e+00
0.000000000000000000e+00
0.000000000000000000e+00
0.000000000000000000e+00
0.000000000000000000e+00
1.553682908514751409e-04
2.733434823717766429e-02
5.000402790629994154e-01
1.728936045454285475e+00
2.130687953326843243e+00
1.544941702541640760e+00
8.951155526206722168e-01
4.980638211090396283e-01
3.271609527263922290e-01
2.695940488919349454e-01
2.618358811911438710e-01
2.671005984136166633e-01
2.796294856544627172e-01
2.625661926148260550e-01
2.542973987859368790e-01
2.478085720626483357e-01
2.783081192530739711e-01
3.437339223745700667e-01
4.428049109559689112e-01
5.941547837619161054e-01
7.625672583199879506e-01
9.394166111779692629e-01
1.118229842480817693e+00
1.257380650880514983e+00
1.360571493975412993e+00
1.454882037490520919e+00
1.545712888140454933e+00
1.599637406758404934e+00
1.579122887489836424e+00
1.509936874829881592e+00
1.408814275954420880e+00
1.268263554926460479e+00
1.152963478728103119e+00
1.054688035153813042e+00
9.777239504272841053e-01
9.313160767738385415e-01
9.029592510608063227e-01
8.870999890635116181e-01
8.876455418553597099e-01
8.802264478294123951e-01
8.856077559714062852e-01
8.947250808977215142e-01
9.131848757294710461e-01
9.230011524885551877e-01
9.438226429894032155e-01
9.591153110179799768e-01
9.777942667652456121e-01
9.996598603339270639e-01
1.003298316296058035e+00
1.015921687549769858e+00
1.032669086711482942e+00
1.032091007902203428e+00
1.030088431449306396e+00
1.034476495653886996e+00
1.030773492710763239e+00
1.014288988641189881e+00
1.010954335452057373e+00
1.002241992698893025e+00
9.880462134658410944e-01
9.949685833829764459e-01
9.817962743927345359e-01
9.766203593962795582e-01
9.813342372830038407e-01
9.798074495065811629e-01
9.842842877254471823e-01
9.867706739708349550e-01
9.887569429463604065e-01
9.983273087010317015e-01
1.000491434259944690e+00
1.004151161632502731e+00
1.003650102230674523e+00
1.001369906818690536e+00
1.010429499550161481e+00
1.008044310218743966e+00
1.005448346589296049e+00
1.005396573047727893e+00
1.005141833702868581e+00
1.004522871963463126e+00
9.929024241946777796e-01
1.001711282273321402e+00
9.971276431961594300e-01
9.987656361315977449e-01
9.944085222381516820e-01
9.839648993742295957e-01
9.905720849783502535e-01
9.887366577449344662e-01
9.873925904363631822e-01
9.875046115015957415e-01
9.876476494308545906e-01
9.946253049161795090e-01
9.903984562889198706e-01
9.930037275870513547e-01
9.972507438195399310e-01
9.973424140880757793e-01
9.976380628732376410e-01
9.996305952964937847e-01
9.992050138050226904e-01
1.001353338484547661e+00
9.986177219774997615e-01
1.004608017440377754e+00
1.002358599123475580e+00
9.991515456038124743e-01
1.001229425079384283e+00
1.003568553438414446e+00
1.004794480943273172e+00
9.990718205105248995e-01
9.989573219605636378e-01
9.995094130945918476e-01
9.954257832780355475e-01
9.973010631097557477e-01
9.939717957019499339e-01
9.970208506154143446e-01
9.997427741366161635e-01
9.953083699362654801e-01
9.970454324037635319e-01
9.999836650337815547e-01
9.968806406197560088e-01
9.952288214296179936e-01
9.985947248548249222e-01
9.965172315662611524e-01
9.995807737823823036e-01
9.980427263503217628e-01
9.990272557873539627e-01
9.953908499342783989e-01
9.965224089580990707e-01
9.966617623588908126e-01
9.971684452232100204e-01
9.966898572458978700e-01
1.000470191668183295e+00
1.000086285345110015e+00
9.974900024964971079e-01
9.970522975288877987e-01
1.000459597381454291e+00
9.983204134315696310e-01
9.951512187496903694e-01
9.978824747429687614e-01
9.966735316406553080e-01
1.000308814908876576e+00
1.001633976559109129e+00
1.002349002237822528e+00
9.995982846538372657e-01
9.980912900377904018e-01
9.973340175073885927e-01
9.992823914972629451e-01
1.002888002963355785e+00
1.001012201286745507e+00
1.001262346210939125e+00
9.992220875125991109e-01
9.985014861345630210e-01
1.000130805384473298e+00
9.985778476121724978e-01
9.970541576916017723e-01
1.001896099866135925e+00
1.001195280132814336e+00
1.003097716848778020e+00
9.995965403719831999e-01
9.975499350865955073e-01
9.996077940957249774e-01
9.968805469019536014e-01
9.991699259647895959e-01
1.001308085356870770e+00
1.000603682095015490e+00
1.000334395685450461e+00
9.995964725256342165e-01
1.001806529037438720e+00
1.000398711799971752e+00
1.002489543678350969e+00
9.950350641905902904e-01
9.980891633479431757e-01
9.977588235575837183e-01
1.000925487958999938e+00
9.990173174864678263e-01
1.000313624860259543e+00
9.996073443556079408e-01
1.000916193814187061e+00
9.995905821832337113e-01
9.991751251730447425e-01
9.979601776400318647e-01
9.962303813165900301e-01
9.984513944240072103e-01
9.962993091819145608e-01
9.980516622511869107e-01
9.964268953598043321e-01
9.986386130251887483e-01
9.983202396272379264e-01
9.955958679256265986e-01
9.960586473944318397e-01
9.996885269477295832e-01
9.992988585984825534e-01
9.960554475478246017e-01
9.986861026091372606e-01
9.989321353821454252e-01
1.000654322121914186e+00
1.001187871687862607e+00
9.965447584740716458e-01
1.000105461327527090e+00
9.981223898689970397e-01
1.000120509600440188e+00
9.993163162698527335e-01
1.000012364069305493e+00
9.981630646474309865e-01
9.996141975768167987e-01
9.954608218269984654e-01
1.000001712259639408e+00
9.997852948839018872e-01
9.979394044228163674e-01
9.997022758744700255e-01
9.964820101741747038e-01
9.987619068973674352e-01
9.976281351213213133e-01
9.995801967388243670e-01
1.000233420266461115e+00
9.997708116502838083e-01
9.979716296636134132e-01
9.974851889650394599e-01
9.981532173473587344e-01
9.987378839129912311e-01
9.987875733947324530e-01
9.985624789509561783e-01
9.989211896295256965e-01
9.991671670130427563e-01
9.990453659156629529e-01
9.991106383842653926e-01
1.000651112203462922e+00
9.990898229687014132e-01
9.985343433435107663e-01
9.986845183074835042e-01
9.994840452763036343e-01
9.959946263271028943e-01
9.991886849860698305e-01
9.965026997595266556e-01
9.994950968182654272e-01
9.980116760034183354e-01
9.986033937829731366e-01
9.992043820057132653e-01
9.976330519379076334e-01
9.994047106089062327e-01
9.988065588991459354e-01
9.906388619563510911e-01
9.773044437997783218e-01
9.680957654719324346e-01
9.576061541836089486e-01
9.438430027917679155e-01
9.367485297644471132e-01
9.238610384745855608e-01
9.139924907838858914e-01
9.024250162709147594e-01
8.889028383058243943e-01
8.795765454667541228e-01
8.717180157792994155e-01
8.596556361452448725e-01
8.502398621443622018e-01
8.388601611172152861e-01
8.292109906170245237e-01
8.195682493492844056e-01
