0.000000000000000000e+00
0.000000000000000000e+00
0.000000000000000000e+00
0.000000000000000000e+00
0.000000000000000000e+00
0.000000000000000000e+00
0.000000000000000000e+00
0.000000000000000000e+00
0.000000000000000000e+00
0.000000000000000000e+00
0.000000000000000000e+00
0.000000000000000000e+00
0.000000000000000000e+00
0.000000000000000000e+00
0.000000000000000000e+00
0.000000000000000000e+00
0.000000000000000000e+00
0.000000000000000000e+00
0.000000000000000000e+00
0.000000000000000000e+00
0.000000000000000000e+00
3.647392127370427395e-02
1.087538077778908319e+00
3.501065947552015611e+00
3.439648245262217685e+00
1.902721711244525826e+00
8.615603770211517354e-01
3.956972928917444343e-01
2.015580790629697416e-01
1.223225675455733019e-01
1.919078932889023426e-01
7.275150955567867284e-01
1.528636525078869157e+00
1.778209757295768245e+00
1.483730357211614725e+00
1.085759470583594233e+00
8.315830358248372800e-01
7.197074902500326665e-01
7.036687535563910245e-01
7.576062247333149591e-01
8.372018942969992050e-01
9.236078885839900110e-01
1.002232005246634472e+00
1.078357480168999682e+00
1.130361607979161187e+00
1.166972327257810971e+00
1.192417712408953445e+00
1.194638553621225840e+00
1.180625021099157346e+00
1.154347858284733741e+00
1.122019088541546417e+00
1.081521444446570612e+00
1.051284332203447525e+00
1.023006350265448949e+00
9.996209424698426771e-01
9.756547529391507156e-01
9.585934132938618291e-01
9.441774382031481450e-01
9.327912808820150170e-01
9.295564030744797313e-01
9.304031393171096065e-01
9.346602924068174723e-01
9.411437514993602482e-01
9.497500386963509955e-01
9.626367568771005967e-01
9.711773838294723848e-01
9.808654625223520718e-01
9.867172156195724853e-01
9.937231381694739962e-01
9.975057398690319044e-01
1.002562704783272363e+00
1.006108322650658415e+00
1.010227252071556725e+00
1.012955992486479051e+00
1.014000025942241257e+00
1.013816675026127268e+00
1.013432236508176043e+00
1.012921726956098167e+00
1.011220621247271634e+00
1.010731776021637218e+00
1.007164856005247078e+00
1.006512585824176575e+00
1.005208126397522328e+00
1.002232529091928948e+00
1.002113963338858937e+00
9.989614677402438581e-01
1.000667845746254780e+00
9.990679931927731738e-01
9.997106848293955128e-01
9.993056190942062322e-01
9.974197399875026626e-01
9.981592012410291925e-01
9.967122504537463401e-01
9.944252227446233050e-01
9.955052905126399176e-01
9.951421804502782464e-01
9.937938162164183797e-01
9.961216437116749978e-01
9.992564911332911803e-01
9.978569239394406987e-01
9.995226009647790733e-01
9.991901854282596585e-01
1.000701069935806542e+00
1.000699350970681412e+00
1.001110199934702960e+00
1.002446992633154066e+00
1.002840033636118289e+00
1.001725379910183289e+00
1.002371289567679513e+00
1.001840684944003801e+00
1.001705936246593875e+00
1.001484991087691068e+00
1.002141252483226719e+00
1.000436186112412917e+00
1.000597460531823746e+00
1.001801462679300148e+00
9.996508822601841704e-01
1.000360402096217349e+00
1.000258332597756983e+00
1.000076799748548462e+00
9.998092076815411344e-01
9.994624637223996633e-01
9.998023638352722120e-01
1.000154898388864178e+00
1.000885980070615355e+00
1.000617366926826790e+00
1.001050403185018478e+00
1.000602722125572219e+00
9.999523265092785662e-01
1.000380531029328113e+00
1.000407974643789721e+00
9.999194864049041342e-01
1.000219746457760461e+00
9.997878500999378693e-01
1.000414122714574416e+00
1.001284154731671094e+00
1.000685324429356760e+00
1.000439542999552067e+00
1.000889230781426775e+00
1.001590558155658783e+00
9.993638541948903775e-01
1.000085661674217752e+00
9.996412150542128838e-01
9.999388763420397064e-01
9.998446336034620963e-01
1.000361507693888097e+00
9.996549504103749983e-01
9.987900517806135303e-01
1.000193061403451988e+00
9.997553570491466424e-01
1.000246026803763399e+00
9.993620550125216218e-01
9.997384652046982234e-01
9.999026987539398892e-01
1.000239078729203035e+00
9.996640053380914104e-01
1.000897265918923251e+00
1.000349749009445288e+00
1.000168677593108013e+00
9.999626539310660922e-01
1.000420485990108022e+00
1.000782133697783793e+00
1.000258702985958426e+00
1.000475327391277869e+00
1.000435187940358128e+00
1.000153325794136183e+00
9.997409365229561473e-01
1.000788647470091108e+00
1.000162600495536180e+00
1.000415495534868526e+00
1.000168323678601201e+00
9.997495775881720670e-01
1.000609677228690542e+00
1.000117953828128625e+00
9.998299083240174134e-01
1.000280847471368695e+00
9.999792703828934703e-01
1.000422075759332063e+00
1.000273298527846633e+00
1.000386321659867184e+00
1.000008780659833674e+00
9.992057855723678328e-01
9.993700997491608007e-01
9.992867477402382903e-01
9.991401961069068527e-01
1.000268763008675954e+00
9.997351113334073114e-01
1.000966418090035948e+00
1.000746600762713490e+00
9.990317598354307993e-01
1.000482210651710391e+00
9.997621119265303058e-01
9.998614081838860246e-01
9.991189286114293688e-01
1.000672731682556105e+00
1.000654578688032315e+00
1.000226657539743824e+00
1.000091492434807883e+00
9.995231826829358290e-01
1.000078175079937015e+00
1.000599687757719014e+00
1.000008035022866615e+00
1.000558753809615009e+00
1.000186436488555985e+00
9.999152009358416304e-01
1.000221487097091133e+00
1.000746783799763673e+00
9.994649315029255909e-01
1.000129612144489144e+00
1.000227266393559855e+00
1.000235834553843572e+00
9.997706680681486269e-01
1.000192841563806612e+00
1.000237717320140218e+00
9.999158886744983210e-01
9.999471073903701823e-01
1.000265476065807180e+00
1.000314472861939308e+00
1.000577249766530175e+00
1.000194148327915311e+00
1.000052347333558522e+00
1.000336122080313528e+00
1.000208848535641293e+00
9.998057082046899469e-01
9.999666125289066176e-01
1.000454941618353244e+00
1.000449466640550789e+00
1.000542686278973914e+00
9.998370661990357844e-01
1.000193801289477102e+00
1.000479876967294013e+00
1.000196129853098803e+00
9.998924154987702817e-01
1.000027776109122302e+00
1.000079176505004108e+00
1.000111842807533291e+00
1.000016690841106781e+00
1.000266674572879877e+00
1.000157036966176971e+00
1.000764711360160542e+00
1.000434489848294195e+00
1.000159872808014105e+00
1.000162097914185866e+00
1.000276731453791035e+00
1.000062201747506263e+00
1.000039324568391619e+00
1.000321824806087001e+00
1.000376547691536722e+00
1.000422156551203257e+00
9.996076792138586242e-01
9.998615556951421235e-01
9.997373082008919054e-01
1.000277244508364083e+00
9.999156382985022740e-01
1.000061379449991517e+00
1.000560341922889229e+00
9.996742279010434329e-01
9.998177481656415067e-01
1.000324661120938652e+00
9.999915924114003429e-01
1.000485374862770671e+00
9.998171871712380199e-01
9.989748013589251352e-01
9.908250305593960805e-01
9.799954251337786859e-01
9.683259887294598522e-01
9.570490900162397230e-01
9.462977492621823528e-01
9.348939920212633314e-01
9.239068390093361227e-01
9.135107082968850767e-01
9.027451886936052050e-01
8.922840440389396832e-01
8.813232077354531402e-01
8.713422669743998705e-01
8.602870305718143262e-01
8.505623326127474959e-01
8.400721571040661306e-01
8.298462404949769056e-01
8.196239793392766648e-01
