0.000000000000000000e+00
0.000000000000000000e+00
0.000000000000000000e+00
0.000000000000000000e+00
0.000000000000000000e+00
0.000000000000000000e+00
0.000000000000000000e+00
0.000000000000000000e+00
0.000000000000000000e+00
0.000000000000000000e+00
0.000000000000000000e+00
0.000000000000000000e+00
0.000000000000000000e+00
0.000000000000000000e+00
0.000000000000000000e+00
0.000000000000000000e+00
0.000000000000000000e+00
0.000000000000000000e+00
0.000000000000000000e+00
0.000000000000000000e+00
0.000000000000000000e+00
0.000000000000000000e+00
0.000000000000000000e+00
0.000000000000000000e+00
0.000000000000000000e+00
0.000000000000000000e+00
3.363398224750446808e-02
5.376567113540362541e-01
1.890543490678431304e+00
2.403839972333246422e+00
1.711126202632332838e+00
1.006645492794371322e+00
5.451462157981553647e-01
3.521158896704157382e-01
2.850708215718553706e-01
2.644112516017890768e-01
2.692220243582370554e-01
2.818013376313951990e-01
2.733035389432484918e-01
2.680230944163866091e-01
2.713301534321332920e-01
2.964970621578293941e-01
3.557295877359088476e-01
4.452142278409287890e-01
5.922234947575687469e-01
7.432095988066182990e-01
9.100100053245493426e-01
1.070566202137235523e+00
1.195177252132442858e+00
1.311263974754728334e+00
1.398228387966470976e+00
1.487071340195515345e+00
1.523505434831721850e+00
1.530274705564820037e+00
1.471733385836479835e+00
1.389325044126871855e+00
1.262488196673177132e+00
1.156926636428001753e+00
1.052687977423730770e+00
9.868746071217098237e-01
9.460731853029851202e-01
9.097408334323672241e-01
8.946958652774306131e-01
8.876072425372187880e-01
8.986795972317614956e-01
8.963320121081331804e-01
8.978905393785904243e-01
9.178550771549564002e-01
9.426102206044298937e-01
9.529565479704662501e-01
9.710097294153710035e-01
9.853669778318902006e-01
9.973529832646328419e-01
1.019042039307394898e+00
1.026410471953991266e+00
1.031468455785294891e+00
1.036553903430974088e+00
1.031599545542672081e+00
1.036644728547665428e+00
1.029176881981775038e+00
1.018801007820746118e+00
1.013185054704896837e+00
9.967411965351471448e-01
9.882055061421564091e-01
9.844210514383608945e-01
9.782400857320565635e-01
9.802777056880495055e-01
9.787759155167300440e-01
9.812334401088267377e-01
9.836411246132611419e-01
9.815318568644703090e-01
9.894511329309578773e-01
9.993004975394064182e-01
9.978585322565401983e-01
1.009649629465286802e+00
1.006368544606371929e+00
1.012477582313137336e+00
1.015150075882414127e+00
1.012866372206028931e+00
1.015015665897085029e+00
1.006058746610797749e+00
1.012765110128259538e+00
1.010498827774126918e+00
1.002319635939902032e+00
9.982033227285826982e-01
9.961663464256699241e-01
1.003209312679747889e+00
9.951506638129078430e-01
9.948044576263529448e-01
9.888933893033672318e-01
9.878066409481396359e-01
9.907096361459412082e-01
9.932576507623049888e-01
9.899669312019352407e-01
9.920986927824352319e-01
9.944417154729281449e-01
9.947731514430895317e-01
9.955514417802289184e-01
1.001020828574087806e+00
9.977910758438596206e-01
9.986287318637275812e-01
9.970580092777714398e-01
9.980874124367166145e-01
9.989129857276393132e-01
1.001198912862284240e+00
9.995520344116912703e-01
1.000771575216907294e+00
9.970279037632422403e-01
9.964963750291957467e-01
9.966119246586557789e-01
9.961187666274239350e-01
9.962405592419160127e-01
9.953963265314241804e-01
9.984190352315661654e-01
9.962823572229911884e-01
9.976116637888784444e-01
9.972281389364858750e-01
9.960852622687668134e-01
9.956059474860887715e-01
9.988983676914912069e-01
9.940411068989694066e-01
9.968161422627719315e-01
9.979078602173504509e-01
9.998718774899437722e-01
9.972725411101627246e-01
9.966086285432171898e-01
9.972019520448101026e-01
9.999243937769137780e-01
9.979043134845432261e-01
9.998040941644978918e-01
9.970133341756984846e-01
1.001377873456865464e+00
9.992519868415604689e-01
9.968467588731833029e-01
9.968875256097349258e-01
1.002848874845689409e+00
9.987210724535580120e-01
1.001961228300364271e+00
9.950240602466630113e-01
1.000854273519125925e+00
9.956433416054720764e-01
9.995450216786125885e-01
9.990407452407304989e-01
9.968735395807906130e-01
1.001927130988959913e+00
9.984431603994469162e-01
9.975522610272102852e-01
1.003585561370053503e+00
9.977935783405704750e-01
9.973435442337348356e-01
9.981606445989518184e-01
9.963574096182561401e-01
9.969887123849519028e-01
9.973069161143862660e-01
9.971461698221204539e-01
9.968683597168954691e-01
9.950520441993114806e-01
9.999160761075295278e-01
9.986969649833976614e-01
9.972792565716475099e-01
1.000029374899672030e+00
9.945428899548267587e-01
9.935391492846037398e-01
9.947322248075570750e-01
9.999095198195558920e-01
9.939014495754883161e-01
9.957964324398377309e-01
9.951260396833130351e-01
9.975780543711563197e-01
9.985339963402134478e-01
9.956183472097474008e-01
9.974004532051132799e-01
9.946897959249515475e-01
9.949250361808852361e-01
9.955075354713258662e-01
9.960313897138425299e-01
9.993313889398174332e-01
9.987137017298790553e-01
9.990200164543637795e-01
9.966157391936811827e-01
9.988399009015180852e-01
9.956973117805085760e-01
9.971047407052915368e-01
9.967007561534454441e-01
9.995248636889280114e-01
9.961491079319854114e-01
9.967265044246829131e-01
9.995941235184492291e-01
9.987881820033678304e-01
9.963166192850869685e-01
9.990795405659881334e-01
9.964355185916174973e-01
9.978359393392772780e-01
9.966042134960644283e-01
9.980843513734758421e-01
9.997517635549997284e-01
9.965354233282281982e-01
1.000157379935221469e+00
9.990760790320392104e-01
9.981412601871293422e-01
1.000531095194097331e+00
9.967701885772273229e-01
9.973921660007073475e-01
9.993534020376588778e-01
9.968067225039307644e-01
9.981755650374528610e-01
9.999201410748318475e-01
9.975798871459841122e-01
9.974247318412284846e-01
1.000658724106636255e+00
1.001001754354112316e+00
1.000090809083861831e+00
9.958575715730820788e-01
1.000871868776710638e+00
9.989246429668374727e-01
9.980199603488213445e-01
9.983455236283027556e-01
9.975338320453234209e-01
9.989730944811613389e-01
9.968327721264976793e-01
9.997625579166117271e-01
9.985855138319731372e-01
9.973007460627364429e-01
9.958545964146169327e-01
9.970782573984822150e-01
9.967552352632350621e-01
9.962244251948502161e-01
9.995474464977363027e-01
9.965805727640465461e-01
9.961241249542083231e-01
9.961391950280442664e-01
9.950053523404845945e-01
9.951875659351397951e-01
9.974846949238700411e-01
9.970587962074919375e-01
9.959458430219884084e-01
9.973039244847022866e-01
9.969274685612181663e-01
9.965785621207734479e-01
9.973180039833586807e-01
9.976835807161914538e-01
9.966667308890722055e-01
9.984598477020978358e-01
9.901700889873962241e-01
9.798002890095720563e-01
9.712324609191187452e-01
9.572753011709639326e-01
9.461133606300312637e-01
9.355408537496334720e-01
9.239138222051781479e-01
9.135232839683832262e-01
9.047912867433667294e-01
8.914645844906791128e-01
8.808169875775944124e-01
8.755466677437613310e-01
8.604463781157681845e-01
8.526743072913676169e-01
8.431603880781622928e-01
8.305153078238379782e-01
8.229245162424112525e-01
