0.000000000000000000e+00
0.000000000000000000e+00
0.000000000000000000e+00
0.000000000000000000e+00
0.000000000000000000e+00
0.000000000000000000e+00
0.000000000000000000e+00
0.000000000000000000e+00
0.000000000000000000e+00
0.000000000000000000e+00
0.000000000000000000e+00
0.000000000000000000e+00
0.000000000000000000e+00
0.000000000000000000e+00
0.000000000000000000e+00
0.000000000000000000e+00
0.000000000000000000e+00
0.000000000000000000e+00
0.000000000000000000e+00
0.000000000000000000e+00
0.000000000000000000e+00
0.000000000000000000e+00
0.000000000000000000e+00
0.000000000000000000e+00
0.000000000000000000e+00
1.558457153522252328e-04
2.395497316006823738e-02
5.094830649888191232e-01
1.753837096265030482e+00
2.206407471423619260e+00
1.607754766049817485e+00
9.243190008069624986e-01
5.179201134555162511e-01
3.427052834942282411e-01
2.759569377495804110e-01
2.789650258059922505e-01
2.789516264001967727e-01
2.854614406194190268e-01
2.856626379457739562e-01
2.689792173233758743e-01
2.619778826184299692e-01
2.907558948737149485e-01
3.394036978141916627e-01
4.380598500166064113e-01
5.764301228270704014e-01
7.191382728515051115e-01
8.978691846667761212e-01
1.057387277286544913e+00
1.193384601258947519e+00
1.288645522210449812e+00
1.384878880440144400e+00
1.451034329525661137e+00
1.508177469656584169e+00
1.525338405416919896e+00
1.471276752545371602e+00
1.389321716295724762e+00
1.262985442532612579e+00
1.155801333051819757e+00
1.053545952318271084e+00
9.866542936472828540e-01
9.388850398902190975e-01
9.085742987612466237e-01
8.933026135467980744e-01
9.006281247457474937e-01
8.820298847490810612e-01
8.951798473913551435e-01
8.984599230072994880e-01
9.231090831132716668e-01
9.365291141357050542e-01
9.578225290374658973e-01
9.698724109979439678e-01
9.797085171839317042e-01
1.000225035518536920e+00
1.018031715477910826e+00
1.017253943862366450e+00
1.033513156928282717e+00
1.028854755348639349e+00
1.037101047809220411e+00
1.029415365658064685e+00
1.024944822663647281e+00
1.014512374807663431e+00
1.010795546532563982e+00
9.881377699539011239e-01
9.836979168817406860e-01
9.821142270769696037e-01
9.809728201443816964e-01
9.753003714054933049e-01
9.721578849103696962e-01
9.783409613252265213e-01
9.753900890257346523e-01
9.821801580340682181e-01
9.863356502910108903e-01
9.962541993764142401e-01
9.982561131691868317e-01
1.001471407753744769e+00
1.003811531216433517e+00
1.010683272968978974e+00
1.009738914747307259e+00
1.005971060390854266e+00
1.016185131547731491e+00
1.009619909721465536e+00
1.008643675594133482e+00
1.003731645114693816e+00
9.986783003482591070e-01
1.002005096174797050e+00
9.994723077768037367e-01
9.980459639675713923e-01
9.916232261695256955e-01
9.879096786915166906e-01
9.982142840368372072e-01
9.971951192154864252e-01
9.912174760280595409e-01
9.947272452222378769e-01
9.952614299292137368e-01
9.915203018247384925e-01
9.962756338968367098e-01
9.965927471932959358e-01
9.965051971576405210e-01
9.986748852653115627e-01
1.005501429603853358e+00
9.997986444534890937e-01
9.965701485338566146e-01
1.001411348963574977e+00
1.007175096229254274e+00
9.949838470689496006e-01
1.000818452437730377e+00
9.974336273432959921e-01
9.981836868375079108e-01
1.001557888036647803e+00
1.003935658944584475e+00
9.972320490617876398e-01
9.981762483954733645e-01
9.972407925956804364e-01
9.993148537854581459e-01
9.987240846608995692e-01
9.950885584850925891e-01
9.938236212520717983e-01
9.967143348255637081e-01
9.933579627528320577e-01
9.936771875523621178e-01
9.977527988114565094e-01
9.956108993526782136e-01
9.978527882292757001e-01
9.961803610242330187e-01
9.957302202614862763e-01
9.986452564921914909e-01
9.978134004508109056e-01
9.961622070367792681e-01
1.001335806919372295e+00
9.964511140163815339e-01
9.996930388304641202e-01
9.986164381399433854e-01
9.952201972263866603e-01
9.995785772875961372e-01
9.971599141145569556e-01
9.942176111124667592e-01
9.997974628998829161e-01
9.960856038919110311e-01
9.993991867040364907e-01
9.957272081553881771e-01
9.969986789277889283e-01
9.990444878613687907e-01
9.962282952156938931e-01
9.965111616773777437e-01
9.992416829809768197e-01
9.979187586740878579e-01
9.971111369956636716e-01
9.986538762585699391e-01
9.960061446375486627e-01
9.975950018741377434e-01
9.953895271372118492e-01
9.985603245369142345e-01
9.982018835818259328e-01
9.981758990297887602e-01
9.974858292036533625e-01
9.992968438787364072e-01
9.998316612159472427e-01
1.003051096977960466e+00
9.955147257940138994e-01
9.979858543182682507e-01
1.002101987484812051e+00
9.971694275884305236e-01
9.999407323761407840e-01
9.990107369791748626e-01
9.935938645383790568e-01
9.976370856989184022e-01
9.965189823678917147e-01
9.972244918078443376e-01
1.000737029047591875e+00
9.976822902471427224e-01
9.980798958337656623e-01
9.952310144685947435e-01
9.973979566348030179e-01
9.969983905205814789e-01
9.988476095450345982e-01
9.973028089707240973e-01
9.985252303148524078e-01
9.987026407425872998e-01
9.983525122188523504e-01
9.934849950006634511e-01
9.988602643965588390e-01
9.972630261433226284e-01
9.962343145137472211e-01
9.964110898057109145e-01
9.970263197274445988e-01
9.951728411949943842e-01
9.978861042653449642e-01
9.968099983085587645e-01
9.959580389572927350e-01
9.980118807860312025e-01
9.958143469191028663e-01
9.946853473341270568e-01
9.975151194407385624e-01
1.000348412392302100e+00
9.989135254472830683e-01
9.972307942349007970e-01
9.968987020083490691e-01
9.982573608852202129e-01
9.968661112112825462e-01
9.959762015562096948e-01
9.959890187141691165e-01
9.994087803106525003e-01
9.975556200225084158e-01
9.983778322687369977e-01
9.983977753715687076e-01
1.000064291808611117e+00
9.972668635685728589e-01
9.982259933399818541e-01
9.976665467649579178e-01
9.995746962819200832e-01
9.998728121747104680e-01
9.979082637283068768e-01
9.976560054387075827e-01
9.963360454416562151e-01
9.988137603831974687e-01
9.985893149880855635e-01
9.974522908301123314e-01
9.977346232358806910e-01
9.991691688867528898e-01
9.993576406632703746e-01
9.978998546660218238e-01
9.970053629939342743e-01
9.997161397454065179e-01
9.984087836824793172e-01
9.992441810045529227e-01
9.979442944157911333e-01
1.000540695786145573e+00
1.000845540436459125e+00
9.992683062915641568e-01
1.003919891893813476e+00
1.002016176624687116e+00
9.992520820075873056e-01
9.994506869795457549e-01
9.990425578937844886e-01
9.994377408355479275e-01
9.986860605900449439e-01
9.991434592282004701e-01
9.982338161275009503e-01
9.989645898739749619e-01
1.000482260018056513e+00
1.000108689762150060e+00
9.969103314086130707e-01
9.978205835870213036e-01
9.914816977234505169e-01
9.816099433065665902e-01
9.686219956758673755e-01
9.559208521415968329e-01
9.457645717508968985e-01
9.378289300027883302e-01
9.237681003430991966e-01
9.145875939602707838e-01
9.061481378713873713e-01
8.926238540220153839e-01
8.815233092027168205e-01
8.714348306524692944e-01
8.651241192124002888e-01
8.532886775995711659e-01
8.421735844607465271e-01
8.329350783733054930e-01
8.234515076608933670e-01
