0.000000000000000000e+00
0.000000000000000000e+00
0.000000000000000000e+00
0.000000000000000000e+00
0.000000000000000000e+00
0.000000000000000000e+00
0.000000000000000000e+00
0.000000000000000000e+00
0.000000000000000000e+00
0.000000000000000000e+00
0.000000000000000000e+00
0.000000000000000000e+00
0.000000000000000000e+00
0.000000000000000000e+00
0.000000000000000000e+00
0.000000000000000000e+00
0.000000000000000000e+00
0.000000000000000000e+00
0.000000000000000000e+00
0.000000000000000000e+00
1.309269791580615871e-05
3.505525028950525618e-02
1.050155215260276664e+00
3.438411698699194385e+00
3.414467523535341886e+00
1.908030709839164230e+00
8.763876975671548442e-01
4.022767267885746789e-01
2.077997207711492766e-01
1.278109722129184833e-01
1.887191281861844150e-01
7.060543800272358617e-01
1.488667115898187676e+00
1.759904479740181493e+00
1.481350181728195770e+00
1.097241925252083306e+00
8.434584566364584646e-01
7.310802480530397274e-01
7.174656313617236991e-01
7.635146135513486421e-01
8.401995125431795941e-01
9.270302800705020330e-01
1.003657635253608849e+00
1.074201572076860067e+00
1.126955061773732947e+00
1.167643576046554443e+00
1.189972040575530521e+00
1.192695188804508977e+00
1.177105941150278889e+00
1.152932186919609858e+00
1.117388028067403560e+00
1.080122911391387719e+00
1.052126764576160056e+00
1.023993995379163913e+00
1.000237109567870375e+00
9.780677312879660912e-01
9.581805567068236718e-01
9.464600644566280030e-01
9.373492429822942729e-01
9.347605233273059699e-01
9.325435349743632640e-01
9.331922947227031528e-01
9.406369774315586074e-01
9.490274109809894165e-01
9.614230940584694851e-01
9.706574865054917733e-01
9.810960119640521615e-01
9.863407384451676752e-01
9.939853413072398114e-01
9.988741050550499212e-01
1.005161336662466320e+00
1.008266009029406884e+00
1.010749014973525650e+00
1.012340496355885744e+00
1.013078349396246081e+00
1.015597307408442784e+00
1.015393625899594587e+00
1.013006809168159439e+00
1.013102954161705149e+00
1.008185732496127196e+00
1.006954801026931356e+00
1.005665107924015533e+00
1.003731740494577807e+00
1.001986352256780233e+00
1.003722977250632864e+00
9.991507238530253909e-01
9.987355702507823008e-01
9.987661688680654626e-01
9.979789554528847306e-01
9.970728548466736285e-01
9.971179251082906703e-01
9.973941511114687852e-01
9.962490418987166585e-01
9.959008373864005614e-01
9.940093852988070022e-01
9.965630562081035926e-01
9.976290064702896254e-01
9.964132916579104826e-01
9.975384900750816630e-01
9.984807624031285522e-01
9.986607650615298981e-01
9.995794952689727175e-01
9.995783962508878462e-01
1.000104808556018909e+00
1.001410298017340716e+00
1.000685072846506651e+00
1.000091309518874372e+00
1.001782191829220237e+00
1.001593262692261010e+00
1.001379044695640097e+00
1.002066301539249027e+00
1.001468796541454598e+00
9.996752911673837394e-01
9.995996967077093176e-01
9.992075818015909716e-01
9.999175437149121493e-01
1.000452748361920330e+00
1.000095511494715206e+00
1.000304994994724250e+00
9.991080210638216830e-01
1.000465879597577157e+00
9.991603118504950309e-01
9.994665965389065709e-01
1.000481707368843898e+00
9.989924406095647136e-01
1.000128527690730795e+00
9.992496366153438281e-01
1.000483413111925790e+00
1.000143445528905550e+00
1.000962948085567294e+00
9.993721297007305271e-01
9.999726909781405659e-01
9.991282379258598079e-01
1.000810963454876079e+00
1.000145478413620115e+00
1.000689613608479966e+00
9.998374925402400137e-01
1.000137236846412536e+00
1.000153981734287045e+00
9.999560394573249189e-01
9.997460167824794297e-01
9.993592938331768982e-01
1.000213702560907025e+00
1.000673652985047735e+00
1.000579424771527837e+00
1.000260666480029093e+00
1.001538408109317047e+00
1.000022291825522158e+00
1.001324941678769287e+00
1.000972563706941987e+00
1.000660401297902125e+00
1.000899588920942218e+00
9.997757304768608577e-01
9.997847090087860211e-01
1.000602376923513503e+00
1.000393491814078439e+00
1.000068000800504953e+00
1.000355833541789696e+00
1.000236981907855149e+00
1.000123146241473693e+00
1.000088939391431619e+00
1.000148318136894643e+00
1.000218441887154919e+00
1.000058246032678566e+00
1.000401922638706198e+00
9.994925231020893586e-01
1.000200257834418682e+00
1.000185930682648605e+00
1.000087725015031292e+00
9.997879276634716872e-01
1.000000514792071638e+00
1.000688401708931474e+00
1.000464061000946536e+00
1.000928135014802489e+00
1.000776229908195702e+00
1.000331575064830725e+00
1.000251220252133644e+00
1.000799302766846477e+00
1.000983216818253085e+00
1.000328555072308223e+00
1.000505945877618430e+00
1.000289767702295718e+00
1.000690898227862391e+00
1.000646683394309955e+00
1.000198656533148878e+00
1.000006294678167817e+00
1.000459556203769251e+00
1.000774747042187496e+00
1.000636498611354286e+00
1.000618443691300596e+00
1.000561998516448670e+00
1.000879398514696872e+00
1.001028101636831646e+00
1.000356124052629747e+00
9.996108223332125231e-01
9.999614312546540873e-01
9.998469427588463354e-01
1.000388649605596258e+00
1.000215204539796732e+00
1.000577500633763828e+00
1.000263778006458271e+00
1.000682955508790384e+00
1.000385599153892358e+00
1.000518170507105786e+00
1.000018405189850856e+00
1.000352254352248949e+00
1.000925967571790753e+00
1.000586706898138445e+00
1.000725656100650118e+00
1.000585023954773778e+00
1.000432938589549403e+00
1.001058347886572886e+00
1.000525125818125360e+00
9.994449523291730753e-01
1.000033745939606922e+00
1.000510527690004814e+00
1.000316980377249143e+00
1.000751972406997536e+00
1.000057603490323688e+00
9.997636813255409427e-01
1.000522482239321276e+00
1.000541276342257868e+00
1.000701954987241127e+00
9.998769714998003710e-01
9.996890825383067947e-01
1.000079155413033716e+00
1.000129135594969521e+00
9.999434127593432864e-01
1.000636145189476744e+00
1.000459065376137602e+00
1.000187825512893980e+00
9.997996192994471620e-01
1.000155719383196029e+00
1.000159484995327253e+00
1.000059959022437717e+00
9.998800099028178900e-01
1.000118170651755234e+00
9.997213377509102106e-01
1.000681037696397047e+00
9.998953476149127217e-01
9.998687723705059760e-01
1.000235798745957361e+00
1.000793461202076129e+00
9.999133058040006183e-01
1.000515330465880925e+00
1.000364448262679451e+00
1.000215682904937564e+00
1.000033780496340396e+00
1.000266841512693627e+00
1.000083898733136190e+00
1.000190697708257748e+00
1.000387814167032374e+00
9.998156165415674757e-01
9.992622303168936515e-01
1.000618191499089926e+00
1.000064239303869895e+00
9.997234543916938554e-01
9.999857513300622891e-01
1.000517314584516537e+00
9.999331473968134931e-01
1.000158396280417916e+00
1.000159422428461564e+00
9.997621014603131906e-01
9.941048793878277667e-01
9.829144315666318299e-01
9.720410433900295022e-01
9.601862095359868787e-01
9.489196769549830268e-01
9.382783186035308365e-01
9.270782780660100642e-01
9.168379425761019608e-01
9.062188726372844005e-01
8.954289882943572421e-01
8.848860576164564451e-01
8.742300118043787593e-01
8.640155582236251908e-01
8.535401202315922031e-01
8.432868728848961215e-01
8.330203279014646300e-01
8.229868521398965298e-01
