0.000000000000000000e+00
0.000000000000000000e+00
0.000000000000000000e+00
0.000000000000000000e+00
0.000000000000000000e+00
0.000000000000000000e+00
0.000000000000000000e+00
0.000000000000000000e+00
0.000000000000000000e+00
0.000000000000000000e+00
0.000000000000000000e+00
0.000000000000000000e+00
0.000000000000000000e+00
0.000000000000000000e+00
0.000000000000000000e+00
0.000000000000000000e+00
0.000000000000000000e+00
0.000000000000000000e+00
0.000000000000000000e+00
0.000000000000000000e+00
0.000000000000000000e+00
0.000000000000000000e+00
0.000000000000000000e+00
0.000000000000000000e+00
0.000000000000000000e+00
2.813252028480278319e-02
7.814885677596141722e-01
2.721830884509544912e+00
3.193194355513226945e+00
2.028552965453943369e+00
1.026344998881471016e+00
4.682963707495846339e-01
2.778101025854941009e-01
2.156664739562971778e-01
2.337788801513972226e-01
2.345851892997914689e-01
2.946873405662883694e-01
2.997359669644417690e-01
3.146071699928773002e-01
3.134196546319436560e-01
3.414097146892209333e-01
3.920771148756067581e-01
4.851569671385208005e-01
6.406169824260323775e-01
8.183555529306661969e-01
1.021025865258515131e+00
1.159665506734795182e+00
1.292578589057386429e+00
1.391568797332483287e+00
1.479569877365098929e+00
1.547383113869785998e+00
1.572650982503143835e+00
1.574710899531656993e+00
1.461489343058974821e+00
1.341643775560330099e+00
1.195791421138477251e+00
1.086039539609034321e+00
9.630461390307761826e-01
9.122810225440433074e-01
8.725209121789661015e-01
8.640095189415252230e-01
8.588750593771449227e-01
8.715622105391012120e-01
8.849814835996991924e-01
9.047199206693022910e-01
9.310798452721202878e-01
9.479275293166291583e-01
9.704025043362654035e-01
9.836065376695484197e-01
9.967148480406727851e-01
1.020541558361223178e+00
1.036893013607541159e+00
1.042040361691178862e+00
1.054653451613437376e+00
1.050396197893621153e+00
1.048496415336728438e+00
1.038270776030357112e+00
1.035439477630600402e+00
1.031969216099163811e+00
1.003739792124975994e+00
9.981271463981000736e-01
9.882718467779035842e-01
9.744586437075596352e-01
9.737986558896984945e-01
9.684127943252879289e-01
9.765005215438048447e-01
9.735167217311624377e-01
9.867582719935130697e-01
9.842764753486253904e-01
9.997249602797576573e-01
1.000605587768782945e+00
1.005929219864400315e+00
1.008886965082551379e+00
1.010567915406289652e+00
1.011337537378023788e+00
1.019055075268839206e+00
1.004095517751484978e+00
1.018843197741103435e+00
1.005125096634271964e+00
1.006237963306365168e+00
1.007415663562044594e+00
1.003485979099804970e+00
9.965567803690880133e-01
1.002054793547171085e+00
9.896700677185703565e-01
9.823723756189294276e-01
9.884643385534560567e-01
9.957754876010972422e-01
9.827422500010590811e-01
9.857636671972673792e-01
9.889947147848298092e-01
9.924521368425985868e-01
9.943009738219172888e-01
9.955474069024814465e-01
9.976733425370288844e-01
9.954075293715430872e-01
9.990168456230826832e-01
9.983311516546161668e-01
9.949595399575343890e-01
9.947634153471844876e-01
9.983679080108827097e-01
9.976668186126512738e-01
9.966969746066089986e-01
9.967911304148996399e-01
9.930946455568641085e-01
9.996574368337962646e-01
9.968001527563961073e-01
9.975218301591540770e-01
9.912308525913617885e-01
1.000396805238844999e+00
9.977575201499470081e-01
1.000838099190044739e+00
9.915405990533219249e-01
9.898713364998475983e-01
9.993880357689396421e-01
9.918062133101482880e-01
9.916832630298928475e-01
9.901235430255055370e-01
9.938559551191171737e-01
9.900374458977274639e-01
9.941137117624643249e-01
9.944857161134119661e-01
9.916950951377619949e-01
9.963040639670509568e-01
9.904567926572712677e-01
9.921596138569915846e-01
9.929480759261734013e-01
9.905630431336723829e-01
9.946646636707806577e-01
9.902023912474222644e-01
9.939851819745674222e-01
9.965060462498189775e-01
9.975145526874944490e-01
9.967661570937097482e-01
9.983601628846048293e-01
9.920602840284783452e-01
9.920468678537239793e-01
9.956931045638868216e-01
9.911432435816484032e-01
9.934032809180881607e-01
9.975756527795731632e-01
9.962728642829344894e-01
9.900349989053073285e-01
9.999238359781191798e-01
9.979925369035428373e-01
9.896090326262292347e-01
9.976222406352153182e-01
9.941775706090688614e-01
9.965307088418429160e-01
9.975939257266067672e-01
9.962602785804964833e-01
9.972037831452438272e-01
9.925126148704322970e-01
9.934606632809889204e-01
9.940634958098044649e-01
9.946059381277241318e-01
9.945907230443353786e-01
9.944139951244513886e-01
9.945462771810935632e-01
9.948012761008614424e-01
9.962249997956643677e-01
9.965906753109889937e-01
9.932630873226406809e-01
9.898943100737030987e-01
9.959725376799717367e-01
9.950941459042869086e-01
9.941509741911113140e-01
9.971211306099453386e-01
9.998746390680204321e-01
9.948011524486332080e-01
9.937716238575270422e-01
9.983966532827308615e-01
9.950368290199943511e-01
9.965548357015383552e-01
1.000257277847189652e+00
9.958236059155912701e-01
9.969245248210625299e-01
9.950253363278985796e-01
9.988017095729511130e-01
9.938427023935939575e-01
9.982851707357915938e-01
9.959983995961348979e-01
9.947609433859502248e-01
9.971399911226057622e-01
9.989044457542799460e-01
9.959648341488436252e-01
9.966391608727759310e-01
9.942755643210218208e-01
9.959599698311576432e-01
9.965707221456325815e-01
9.990903227230292227e-01
9.953132998875167115e-01
9.962425480283088053e-01
9.962437905840659802e-01
9.981421845301925444e-01
9.934897979939412149e-01
9.955122272169499853e-01
9.949068920833563645e-01
9.997700261203331662e-01
1.000394762768529677e+00
9.947657494719068794e-01
9.978412816574688815e-01
9.950748163931709689e-01
9.944750685703339643e-01
9.983041834623479494e-01
9.972519803667581062e-01
1.001186365734666905e+00
9.994456717623395603e-01
9.977110484017354120e-01
9.994422314831359344e-01
9.967463890890740918e-01
9.974940422528598694e-01
9.941542406542394072e-01
9.945764333510743738e-01
9.994401352345534395e-01
9.938007652538092263e-01
9.963100413402975475e-01
1.000340963880876455e+00
9.973059320289081597e-01
9.980917690247051999e-01
9.987668162280933792e-01
1.001648820291301423e+00
1.000625816366310650e+00
9.967223165350087566e-01
9.984925534436026595e-01
9.957355993191484567e-01
1.001872865363811371e+00
9.971384092846353742e-01
9.971523668775147398e-01
9.990150394200307815e-01
9.965857043242604130e-01
9.995780360357486849e-01
1.000617947450488820e+00
9.985526901824038903e-01
9.955567886950651424e-01
9.970304486144302425e-01
9.934232267941229821e-01
9.982878940108989019e-01
9.951843510930844516e-01
9.948945683953276387e-01
9.973568325526365186e-01
9.944389156510623495e-01
9.994301257978842612e-01
9.961801444420435026e-01
9.963555431974282506e-01
9.974525755519286774e-01
9.958646920441041051e-01
9.972257321442954403e-01
9.982267582531754169e-01
9.937545494801939272e-01
9.964747124231079223e-01
9.969859306916194486e-01
9.997172264442100165e-01
9.977397728976153957e-01
9.884852220703040926e-01
9.789600606622763657e-01
9.686755127603586812e-01
9.536240276715363118e-01
9.479556556949315649e-01
9.365310865130949125e-01
