0.000000000000000000e+00
0.000000000000000000e+00
0.000000000000000000e+00
0.000000000000000000e+00
0.000000000000000000e+00
0.000000000000000000e+00
0.000000000000000000e+00
0.000000000000000000e+00
0.000000000000000000e+00
0.000000000000000000e+00
0.000000000000000000e+00
0.000000000000000000e+00
0.000000000000000000e+00
0.000000000000000000e+00
0.000000000000000000e+00
0.000000000000000000e+00
0.000000000000000000e+00
0.000000000000000000e+00
0.000000000000000000e+00
0.000000000000000000e+00
3.127134299211981961e-05
3.465683224399693230e-02
1.039345524022873724e+00
3.359112962953603176e+00
3.308378922813616452e+00
1.827709948825862130e+00
8.261313259580566060e-01
3.798896082997101908e-01
1.966156626373535832e-01
2.237465788763031982e-01
8.468805222338768868e-01
1.748503823720134687e+00
1.917803100965697949e+00
1.463875677751196758e+00
9.786845185762368393e-01
6.956600341788133912e-01
5.847246564108014022e-01
5.759868258057024848e-01
6.304916817377020921e-01
7.134698463096236232e-01
8.175510074009866290e-01
9.185553629634761741e-01
1.010253781189111688e+00
1.094688791644915726e+00
1.158648693682424291e+00
1.201536936311211168e+00
1.228652758196977723e+00
1.231300385056589564e+00
1.209436414495447032e+00
1.174827718417511768e+00
1.127713228246269850e+00
1.082959952257174896e+00
1.043803325198482845e+00
1.008312466021513920e+00
9.778371348129263341e-01
9.529844758192111964e-01
9.367342433921996836e-01
9.287565507368035211e-01
9.218054081556845691e-01
9.168275489987554039e-01
9.184289379334232839e-01
9.266567537173897584e-01
9.362877902412124476e-01
9.535445502194489498e-01
9.632721556174986821e-01
9.772338162675723305e-01
9.887211107479721983e-01
9.991470481278452720e-01
1.008547206466261947e+00
1.012573213905272107e+00
1.017491186288133731e+00
1.021757824015626870e+00
1.021362446754781272e+00
1.023235483572227933e+00
1.021182999393731805e+00
1.019040938249275774e+00
1.012593642876037814e+00
1.010248586969729301e+00
1.006052262125666896e+00
1.004658678167126951e+00
9.998987415845310700e-01
9.985463671619823067e-01
9.962643245689596361e-01
9.969311531288973516e-01
9.983129120347727925e-01
9.983147878600739933e-01
9.971028583458015904e-01
9.982827500723729930e-01
9.978485080538570529e-01
9.979317592713989882e-01
1.000455836931537723e+00
9.996386234502938617e-01
9.984091718192670273e-01
9.980016920817984527e-01
9.965966331843325587e-01
9.984671277683315749e-01
9.965282817066947185e-01
9.966687485917029576e-01
9.980646537134102436e-01
9.978856703612417611e-01
9.987700263425893787e-01
9.985730666582377513e-01
9.982568085587412154e-01
9.980981920356494230e-01
9.987997471476187661e-01
9.991171581404026947e-01
1.000483108240441510e+00
1.002130570403780618e+00
1.000439690684975513e+00
1.001650149676963197e+00
1.001164864829857004e+00
1.001923976106039893e+00
1.001964707540566657e+00
1.001688266041796060e+00
1.001878167812726650e+00
1.001522148851370586e+00
9.994452816132435302e-01
1.000386959896836014e+00
9.991772235043169248e-01
1.001329070482869232e+00
9.995335175325978927e-01
9.996556707879996617e-01
9.996936301013162884e-01
1.000909211342829730e+00
9.985674217486698589e-01
9.990366230270480985e-01
9.990319322810725655e-01
9.993633412962651397e-01
9.979797592007686458e-01
1.000338965180151529e+00
9.995983943007685779e-01
1.000269620699316686e+00
9.991431804949847395e-01
9.990200625588947503e-01
9.996427929016357128e-01
1.000151628616364308e+00
1.000069174451842846e+00
9.997546906257506194e-01
9.996293588497612292e-01
1.000504146956544549e+00
9.999537392343820219e-01
9.999268032087582636e-01
1.000886045696486981e+00
1.000290425152278617e+00
1.000476851514950027e+00
1.001640599879982885e+00
1.001051586090176082e+00
1.001270002755335620e+00
1.000649381636583790e+00
1.000981959140882172e+00
9.993989452092155723e-01
1.000301620636891320e+00
9.997730396824247023e-01
1.000289271897509380e+00
1.000022846085953709e+00
9.996294176001699894e-01
9.997407399705871001e-01
9.994099204209332399e-01
1.000758511681595131e+00
9.989671033375097098e-01
9.996062792634646810e-01
9.989143446494227474e-01
9.990569357821911245e-01
9.999950721004410292e-01
9.992159427536809746e-01
1.000695886198909923e+00
9.995745326574081435e-01
1.000693650931070433e+00
9.997161334999239424e-01
1.000174513202012783e+00
9.994248048472785806e-01
1.000205431503845999e+00
1.001452340323300216e+00
1.001306387268704023e+00
1.000270921178071815e+00
9.991280343528687879e-01
1.000511935986782230e+00
1.000670290571334053e+00
1.000232813271023202e+00
1.000589650227434735e+00
1.000341424765303744e+00
9.993895122246788665e-01
1.000568722004936850e+00
1.000492633113061025e+00
9.992934583139045923e-01
1.000607881630342977e+00
9.997935906365817971e-01
1.000448136171995239e+00
1.000597889045305555e+00
9.999138769346370692e-01
9.999112739074079714e-01
1.000245596059332165e+00
9.993695725910670680e-01
1.000249099261599772e+00
1.000438235627461703e+00
1.000185990731803365e+00
9.996208399141481848e-01
9.992865870487099844e-01
1.000053208724943854e+00
9.996751643274858212e-01
9.996274743808370999e-01
9.995264686406557519e-01
9.998883654037117319e-01
9.991627005944396789e-01
9.986491641049122236e-01
1.000146490707873426e+00
9.991740419642713977e-01
9.999301323702779465e-01
1.000194766750741815e+00
1.000142555613261042e+00
1.000243160779339613e+00
9.994400041207016638e-01
1.000470289687982683e+00
1.000567177539604113e+00
9.994451865491791320e-01
1.000548205801114365e+00
9.996093964310449609e-01
9.994629667804548756e-01
1.000100541280639632e+00
9.991889097264569086e-01
1.000069104155319799e+00
1.000309329547197867e+00
1.000121183509592449e+00
9.989090505598670067e-01
1.000120646264386126e+00
9.997249540454073991e-01
9.998914058460134369e-01
1.000399287334035048e+00
1.000157365955941291e+00
1.000073950357170283e+00
9.996798408544304015e-01
9.999959086882779236e-01
1.000146524477395049e+00
1.000346119832454139e+00
1.000439730928399218e+00
1.000153801101008710e+00
1.000741928780980450e+00
9.996066579751282655e-01
9.997774426138917869e-01
9.998294065219305304e-01
9.998446878202363886e-01
9.999312437036393941e-01
1.000311726771817789e+00
9.998405336576877689e-01
1.000115779190170251e+00
1.000348136508026231e+00
1.000225923026656361e+00
9.999734545190662738e-01
9.998434558078815870e-01
1.000577117585848885e+00
1.000263643717904882e+00
9.999247548169594157e-01
1.000296889540961409e+00
1.000154948090547169e+00
1.000242077427988985e+00
9.998284538581668768e-01
1.000188207909463056e+00
1.000377226955103005e+00
9.998303619969785005e-01
1.000124075624264863e+00
1.000220630337225636e+00
9.999580537263548230e-01
9.998541386490671368e-01
9.995641612831113187e-01
1.000565443334724858e+00
9.999783978065853729e-01
1.000353880993388289e+00
1.000528650069934633e+00
1.000393196207333801e+00
1.000251743266327153e+00
1.000533417751731768e+00
1.000514190718479357e+00
1.000165426872523300e+00
9.995022513316802470e-01
9.903837245357667296e-01
9.797548140630542024e-01
9.695909774670484760e-01
9.579136430196896201e-01
9.479793551166465493e-01
9.379338821674543247e-01
