0.000000000000000000e+00
0.000000000000000000e+00
0.000000000000000000e+00
0.000000000000000000e+00
0.000000000000000000e+00
0.000000000000000000e+00
0.000000000000000000e+00
0.000000000000000000e+00
0.000000000000000000e+00
0.000000000000000000e+00
0.000000000000000000e+00
0.000000000000000000e+00
0.000000000000000000e+00
0.000000000000000000e+00
0.000000000000000000e+00
0.000000000000000000e+00
0.000000000000000000e+00
0.000000000000000000e+00
0.000000000000000000e+00
0.000000000000000000e+00
5.621410806601570445e-05
3.661846577458358065e-02
1.058973228591336024e+00
3.453371226102097236e+00
3.412465740983964935e+00
1.864672142340198846e+00
8.394287343416458880e-01
3.795477725012610937e-01
1.901443243344828893e-01
1.177587065497998770e-01
1.821675977142632463e-01
7.016570098481439421e-01
1.475408340896525949e+00
1.725601219659153696e+00
1.435734097267854725e+00
1.042807721201368221e+00
7.725455647249760416e-01
6.544478905073283226e-01
6.437761387642897404e-01
6.955791905851561596e-01
7.850612618945110865e-01
8.765882009621691617e-01
9.753723894787136306e-01
1.058114190343576899e+00
1.123538769718345209e+00
1.178007376401872142e+00
1.215814388091504661e+00
1.223367154598495876e+00
1.219024074440709260e+00
1.187005241388087162e+00
1.149856740763150142e+00
1.106425453527447367e+00
1.070272154114146668e+00
1.036679746971982841e+00
1.009709718565148462e+00
9.851511093551201803e-01
9.671529965310337040e-01
9.527801746091303370e-01
9.435631610430975647e-01
9.320162882420083283e-01
9.285896886925830707e-01
9.270434449014390843e-01
9.278056102688266860e-01
9.353382098124379818e-01
9.477827771404391255e-01
9.546890583139865383e-01
9.695276772182294112e-01
9.808315404899343726e-01
9.890426079541395632e-01
9.992424956654408774e-01
1.006741745003141286e+00
1.011600901066237457e+00
1.012295455334649708e+00
1.018174225658248666e+00
1.020756557041475832e+00
1.019305803851256798e+00
1.015996862837709180e+00
1.015755838837679503e+00
1.014263604725460288e+00
1.013380673639318941e+00
1.010740659490775517e+00
1.004845463183881460e+00
1.003497266114480757e+00
1.003619486726297527e+00
1.001985600636538631e+00
1.001455718056459387e+00
9.997334126645283092e-01
1.000131606391333694e+00
1.000188742628559169e+00
9.997635469453196588e-01
9.961716023222942917e-01
9.970958237777705069e-01
9.971316216120910125e-01
9.976445674667845376e-01
9.971254512573658468e-01
9.959234214811431007e-01
9.967617650857213407e-01
9.944594307512010234e-01
9.956928159347665508e-01
9.978704932279729434e-01
9.976441072945987365e-01
9.975035175771030937e-01
9.982433724664772079e-01
9.993365167340049204e-01
9.988117530617542927e-01
1.000530352095434061e+00
1.000923223635632464e+00
1.002799889570725300e+00
1.003031644143623113e+00
1.002545776697573832e+00
1.001751541338466334e+00
1.001229214249871102e+00
1.003319884369900938e+00
1.002202113597658872e+00
1.002565192346147382e+00
1.001188228724627871e+00
9.999412780194891770e-01
9.987960792942636168e-01
1.001429724927234810e+00
1.000912796944889882e+00
9.977836549830528812e-01
9.986726329824670012e-01
9.994225514989455439e-01
9.985192657380309589e-01
9.981851398582450852e-01
9.977520798207358821e-01
1.000221596117537137e+00
9.995362133281020522e-01
1.001234383327565425e+00
1.000053790934206877e+00
1.000573838033844476e+00
9.999355942054212187e-01
1.001853938427472057e+00
1.001681076226097256e+00
1.000628028411006065e+00
1.001883470274046672e+00
1.003004995086633988e+00
1.003482494604738706e+00
1.000601446038999587e+00
1.000569940561616189e+00
1.001137583728122671e+00
1.001540317035994221e+00
9.995920678864820275e-01
9.996115680868767894e-01
9.998714433347984931e-01
1.000096730984932014e+00
9.992390272714100075e-01
9.986329556664867990e-01
9.990754422913828980e-01
9.998206161911048495e-01
9.990818621598098748e-01
1.000944319746577271e+00
9.995316808042458145e-01
9.994335975787771442e-01
9.997373580779846947e-01
1.001171169248340043e+00
1.000074488736489409e+00
1.001357126614116133e+00
1.001151864852441786e+00
1.000093295453935882e+00
9.997409458250975378e-01
1.001563228432991837e+00
1.000453578745619687e+00
1.000405794916127578e+00
1.001065853961268681e+00
1.000181214021856224e+00
1.001246820127069226e+00
1.001269981519882224e+00
1.000113964609479433e+00
1.000739594377136221e+00
1.000592520147987274e+00
9.998779144846577926e-01
1.000189340184701736e+00
1.001114786284454938e+00
1.000862755106197266e+00
1.000098823001516202e+00
9.999420943666837980e-01
9.999695158870320899e-01
9.997585439162305354e-01
1.000823779764572929e+00
1.001088287841626068e+00
1.000856214970259117e+00
9.998887529612301428e-01
1.001417851423576533e+00
9.993566895781452741e-01
9.997698102441412438e-01
1.000005560359242818e+00
9.995328561914853527e-01
1.001225960009646476e+00
1.000569527712800832e+00
9.999471915916884335e-01
1.000879551727719363e+00
9.994306753437223190e-01
1.000929909819847641e+00
1.000602931514621652e+00
1.000211084457824473e+00
1.000630254045945966e+00
1.000856099949292366e+00
1.000766955833636285e+00
1.001672099717737741e+00
9.994800608179698065e-01
1.000847424782002726e+00
1.000901377990588870e+00
1.000236943455201644e+00
1.000624957216474709e+00
9.997682496176416578e-01
9.998971314144399214e-01
1.000311030306588966e+00
9.997361288300746773e-01
1.000325785457020444e+00
1.000429870068173077e+00
1.000264355620834378e+00
1.000367411811665663e+00
1.000258255664085549e+00
1.000112781359171921e+00
1.000195822640731924e+00
1.000240456540595568e+00
1.000188041500064351e+00
9.997977298398709189e-01
1.000579677883463248e+00
9.997672377054624970e-01
1.000526613170089618e+00
1.000266429265390888e+00
1.000253700698942705e+00
9.993576303115581094e-01
1.000589736375193217e+00
1.000465339154120725e+00
1.000239402449861315e+00
1.000035884220027205e+00
1.000080326971032330e+00
1.000156178165348742e+00
9.994908315081434402e-01
9.995464898481833949e-01
9.989569402669865594e-01
1.000274880944606926e+00
1.000226923842533200e+00
1.000713895053193303e+00
1.000020110389843397e+00
1.000063963908160769e+00
1.000029377415498244e+00
1.000157893461479208e+00
9.999556584710570517e-01
9.998742175071874128e-01
1.000557404507888437e+00
9.997977602126731922e-01
9.998397752048181486e-01
9.996877923483861172e-01
9.997567293327254134e-01
9.996536673550041607e-01
1.000435288893708918e+00
9.998516542557644993e-01
9.999232917931026865e-01
9.996605710134753853e-01
1.000069296021502518e+00
9.999267289382482993e-01
9.998820731713751186e-01
1.000589743490919004e+00
9.995151270696780443e-01
9.995312885751133081e-01
1.000519641424401751e+00
9.994442029267932570e-01
1.000272271950898517e+00
9.997052727044783982e-01
1.000594325354003722e+00
9.998541525772595140e-01
9.998708749681219921e-01
1.000519919933169355e+00
9.998131303878728948e-01
9.994497890500615433e-01
1.000000104256352662e+00
1.000195603693218693e+00
9.995444884748099224e-01
9.997410119808857187e-01
1.000126689436300342e+00
9.998888017175966425e-01
1.000546221870251440e+00
9.995630221342233224e-01
9.999584308393968390e-01
9.997872943423937731e-01
9.993995758356652992e-01
