0.000000000000000000e+00
0.000000000000000000e+00
0.000000000000000000e+00
0.000000000000000000e+00
0.000000000000000000e+00
0.000000000000000000e+00
0.000000000000000000e+00
0.000000000000000000e+00
0.000000000000000000e+00
0.000000000000000000e+00
0.000000000000000000e+00
0.000000000000000000e+00
0.000000000000000000e+00
0.000000000000000000e+00
0.000000000000000000e+00
0.000000000000000000e+00
0.000000000000000000e+00
0.000000000000000000e+00
0.000000000000000000e+00
0.000000000000000000e+00
2.810642076099122578e-05
3.633655626258482096e-02
1.053489544283056301e+00
3.453550091696073743e+00
3.403100284461600289e+00
1.871605939009461705e+00
8.413274343264187660e-01
3.803670907492630038e-01
1.901254968753556540e-01
1.162357446615085305e-01
1.801824891680700869e-01
7.063199995549503951e-01
1.472064625497446544e+00
1.727057081323606136e+00
1.435632274110164364e+00
1.039006599650126539e+00
7.723596819298861327e-01
6.600447564485706353e-01
6.422473508368067296e-01
6.978803980208908575e-01
7.820690510038806886e-01
8.800118382009839424e-01
9.769724222690149285e-01
1.063022415678482657e+00
1.128602193792918706e+00
1.181204927964270457e+00
1.217223914563694720e+00
1.226193188120715982e+00
1.214195313799011355e+00
1.187176175186684501e+00
1.145110457467830356e+00
1.102284829402545574e+00
1.065820444390526145e+00
1.032966472083656884e+00
1.007618745290286943e+00
9.845766270470057702e-01
9.675567934996166519e-01
9.522370260990400404e-01
9.427962591068838050e-01
9.357026878365827249e-01
9.293304788049159271e-01
9.283469160490649408e-01
9.291214627702707451e-01
9.378074945003480600e-01
9.467277750078310072e-01
9.562453884871563448e-01
9.677400011575182370e-01
9.790021981824902353e-01
9.907676342278258774e-01
9.988066405491815569e-01
1.007622290525676423e+00
1.012024111709458607e+00
1.016363255608646599e+00
1.019859211394051668e+00
1.020476006220201626e+00
1.018445539325569138e+00
1.017227580181792268e+00
1.016136174748634824e+00
1.013993441376363380e+00
1.010828792771035767e+00
1.009129997618147367e+00
1.004805037280139146e+00
1.003785355129117374e+00
1.004228893361594155e+00
1.004635129543886451e+00
1.000665517710769947e+00
1.001334025929364602e+00
9.974766382403886800e-01
9.974963907508166416e-01
9.951999486410270102e-01
9.966280479892140054e-01
9.978833207065190836e-01
9.948185090583619994e-01
9.959612647331127500e-01
9.945166878832643054e-01
9.945266114084985176e-01
9.950177530923152158e-01
9.972593267885975221e-01
9.943577534147902686e-01
9.961177258206306284e-01
9.974356519938475385e-01
9.978457054359807232e-01
9.956312249726021468e-01
9.996470607858910506e-01
1.000172923897776345e+00
9.995801199399844128e-01
1.001563123615128559e+00
1.000574234431530929e+00
1.003064240095369541e+00
1.000548649080433172e+00
1.002410123910432604e+00
1.002535132415068642e+00
1.000692017441120019e+00
1.001836547226873542e+00
9.992724166707696032e-01
1.002049490038036117e+00
1.001825909094086642e+00
1.001463893337839028e+00
9.998944725262693956e-01
9.991454779746692383e-01
9.997854662334891840e-01
9.981379501386463682e-01
9.989591614942905373e-01
9.981009609142557082e-01
9.991870218149168092e-01
9.983304166557485093e-01
9.977162535882132532e-01
9.996256104339491522e-01
9.989867156634175682e-01
9.992197185797840886e-01
9.991957904438980576e-01
1.001464604707625439e+00
9.982917894548897220e-01
1.000076213449644591e+00
1.001924010842576207e+00
1.001588071805211033e+00
1.001168343597913291e+00
1.001239710098578817e+00
1.001216956157604754e+00
1.000763519065664076e+00
1.002042062767245723e+00
1.000424989400194420e+00
1.000506813532095141e+00
9.998196782850259368e-01
1.000389819076980658e+00
9.983163463922362091e-01
9.997972445542976372e-01
1.000272631727506356e+00
1.000031172819855207e+00
9.978920096554261265e-01
9.985148177870769581e-01
1.000678304360744564e+00
9.992053805445438863e-01
9.983155288236931213e-01
9.990204511076075100e-01
9.999349754952699953e-01
1.000486560629407107e+00
1.000539700756957862e+00
1.001346098725296452e+00
9.998757216581140028e-01
1.001267162524513754e+00
1.001617211518287309e+00
1.001062759766643273e+00
9.991586415851890779e-01
9.998680193859016407e-01
1.000989837574612018e+00
1.000701366720519792e+00
1.000601058664007947e+00
1.000692280521781496e+00
1.000269655625244392e+00
1.000113999835367196e+00
9.999449590336780824e-01
1.000280354904578894e+00
9.994764584382290762e-01
1.000522062828685277e+00
1.000980746716911618e+00
9.999373890172812418e-01
9.996601305138095306e-01
9.998713550551086016e-01
1.000157733577626162e+00
1.000624069482664247e+00
9.995418844582485418e-01
9.999375213183074873e-01
1.000508681254431487e+00
1.000404508883656618e+00
9.998355202701855182e-01
1.000795149580382848e+00
1.000177046770053479e+00
1.000353895474468624e+00
9.998228817753150865e-01
1.000087108044964257e+00
9.998167723881783431e-01
9.998905225348914128e-01
1.001729621405387460e+00
9.994092966692490476e-01
1.000100763394639047e+00
1.000504598551201330e+00
1.000924715493230810e+00
1.000688039493836001e+00
1.000205437173066647e+00
1.000243964136443342e+00
1.000440212484513758e+00
1.000484125259989865e+00
9.995645420332781583e-01
1.000232060521081046e+00
1.000697444078967768e+00
1.001598963250280638e+00
1.000585104112440726e+00
9.999766682798445494e-01
1.000498935723092675e+00
1.000192966381560078e+00
9.994135833823096782e-01
1.000058654104200695e+00
1.000632265751549621e+00
9.999084550628495327e-01
9.998893856514852185e-01
9.999988909250784319e-01
1.001356244880279300e+00
1.000716026511885737e+00
1.000487986257829087e+00
9.995632016129578634e-01
1.000564751449000145e+00
9.998148223988702066e-01
1.000310157532773303e+00
9.995662369184412643e-01
1.000427329623495343e+00
1.000472734771055139e+00
1.000395368152425357e+00
1.000303204097278575e+00
9.999561856024592466e-01
1.000865875697313667e+00
9.995439242833875637e-01
1.000131978224097162e+00
1.000508202051505258e+00
1.000575676657804003e+00
1.000641075515340761e+00
1.000219692473615085e+00
1.000048055642353884e+00
1.000005293160877828e+00
1.000991345778233121e+00
9.998710557195386039e-01
1.000408346328823583e+00
1.000754926328936367e+00
1.000322061007600238e+00
1.000754661660321343e+00
1.000138521474983833e+00
1.000560622232610219e+00
1.000548663535380856e+00
1.000558633115975038e+00
1.000234352192810094e+00
1.000334822683184077e+00
9.996919463952632645e-01
1.000252133027871970e+00
1.000127470039457567e+00
9.998042450404790449e-01
1.000096621504760419e+00
1.000338611982460657e+00
9.997798237891373230e-01
1.000368891465265975e+00
9.998420128373186611e-01
1.000957714621540928e+00
9.997829243993110460e-01
1.000159554094034675e+00
1.000106755236541467e+00
1.000435835054949596e+00
1.000493098122563929e+00
1.000316396358055027e+00
1.001188684279937346e+00
1.000704013767757417e+00
1.001210537957588631e+00
1.000238621239869508e+00
1.000771613296050244e+00
1.000149325630647734e+00
1.000348800474952560e+00
1.000147238495207480e+00
1.000071353109019956e+00
9.999960513266731299e-01
1.000769414555873649e+00
1.000130481648510594e+00
1.000362618512152357e+00
