0.000000000000000000e+00
0.000000000000000000e+00
0.000000000000000000e+00
0.000000000000000000e+00
0.000000000000000000e+00
0.000000000000000000e+00
0.000000000000000000e+00
0.000000000000000000e+00
0.000000000000000000e+00
0.000000000000000000e+00
0.000000000000000000e+00
0.000000000000000000e+00
0.000000000000000000e+00
0.000000000000000000e+00
0.000000000000000000e+00
0.000000000000000000e+00
0.000000000000000000e+00
0.000000000000000000e+00
0.000000000000000000e+00
0.000000000000000000e+00
0.000000000000000000e+00
3.595159933802365149e-02
1.066319898244542541e+00
3.458138867869705368e+00
3.389581623707720315e+00
1.871174387991087817e+00
8.341062850464285860e-01
3.811773611793682903e-01
1.919200138341735640e-01
1.174248513155041890e-01
1.814566843693893039e-01
6.999421364865072714e-01
1.473182114722799918e+00
1.732587626970901740e+00
1.432201571031085141e+00
1.043795268214229965e+00
7.713398093299406177e-01
6.548313425663573328e-01
6.417793741735283719e-01
6.937143290159138997e-01
7.852593959846749794e-01
8.830440504410024261e-01
9.776140224768574694e-01
1.061169158646177335e+00
1.131759483586999293e+00
1.181121862713329973e+00
1.217648489045378923e+00
1.227722998183474523e+00
1.223093559279094578e+00
1.187738476919601327e+00
1.148147231491770226e+00
1.106777028817933495e+00
1.063538254325258947e+00
1.030710710989192647e+00
1.009795462706210012e+00
9.853902424842123642e-01
9.669792374897846488e-01
9.543082768956040463e-01
9.426457227611125811e-01
9.325662384363976321e-01
9.309981179732397250e-01
9.297938894930459774e-01
9.286763482287214710e-01
9.366040365624183073e-01
9.470446899968762988e-01
9.576633591176161309e-01
9.678048464046905552e-01
9.798022415732107193e-01
9.919454558418241419e-01
1.002301892641942693e+00
1.006582264773145052e+00
1.012414126796163716e+00
1.016033148507870854e+00
1.020925178457774196e+00
1.020484231396379782e+00
1.019113505988145985e+00
1.016677984640041110e+00
1.015870941323493204e+00
1.012426403460583435e+00
1.009139159418055876e+00
1.010051409878580220e+00
1.006506931448733155e+00
1.004164249723547675e+00
1.002498352995235154e+00
1.003079863397497773e+00
1.000132901337876357e+00
9.980921928673498478e-01
9.998962577637106053e-01
9.998485369535440315e-01
9.976286908528457786e-01
9.986460714393107230e-01
9.977808089124613478e-01
9.975532600400651706e-01
9.963341856108451911e-01
9.964405007007498538e-01
9.967643000263139985e-01
9.945354198666223056e-01
9.941922809461445354e-01
9.986075230438546946e-01
9.985083419332857479e-01
9.963474730059265205e-01
9.975978197603916353e-01
9.985874564520187402e-01
9.990208375346213421e-01
1.000334451052348861e+00
9.997335101169038118e-01
9.990192642181482396e-01
1.002692153091491845e+00
1.000998890663697516e+00
1.002339953105282566e+00
1.002253548662278115e+00
1.001024549119732265e+00
1.001709901603644370e+00
1.003768333065297336e+00
1.001979996179250154e+00
1.000959164269940027e+00
1.001796193854874950e+00
1.000141868692988378e+00
9.997498789909887718e-01
9.992532186512653736e-01
1.000284409078424197e+00
9.984951920735228859e-01
9.980596773744766503e-01
9.995288266790669507e-01
9.989213924798441280e-01
1.000931247517951928e+00
9.986047987408350757e-01
9.981907302402438509e-01
9.981271427851210465e-01
9.987572679148234434e-01
9.996428618841620706e-01
1.000054087451083040e+00
1.001744739092316649e+00
1.001856853668576575e+00
1.000424109734821654e+00
1.001602955213047430e+00
1.001649002577577940e+00
1.000531773677846292e+00
1.001465109503452133e+00
1.001203567234293379e+00
1.000790529829472586e+00
1.001277397136307812e+00
9.991062717519439973e-01
1.000778614589681315e+00
1.000612374290729578e+00
9.989566229040633960e-01
1.000011438715610268e+00
9.995678007932202735e-01
9.985627088678576957e-01
9.995584766582611413e-01
9.979935759392742911e-01
9.985645624092758244e-01
9.989646959490149358e-01
1.000944263312585125e+00
9.991232936289302646e-01
9.992409804649283744e-01
1.000472203538922189e+00
1.000401594685091045e+00
9.998068565635644944e-01
1.001558377774370845e+00
9.995548652596517591e-01
1.000996197542103339e+00
1.000233189191705341e+00
1.001650451208161652e+00
1.000831625205527153e+00
1.001022551473325306e+00
1.000837552335899217e+00
1.000378015147069144e+00
1.000605719905268254e+00
9.995211681732015796e-01
9.999044621808770295e-01
1.000014066910373201e+00
9.992368876057350358e-01
9.997466247792138327e-01
9.998504779768014883e-01
1.000170114142183042e+00
1.001099411133088424e+00
9.998052055080240974e-01
1.000261585666227804e+00
9.994721234557822909e-01
1.000198233201084141e+00
1.000266394295871830e+00
9.996973384196372603e-01
1.000245671377282708e+00
9.996645789224616330e-01
1.000415562293065275e+00
1.000592709064472396e+00
1.000437999623584595e+00
1.000329321076608435e+00
1.000142538854082330e+00
9.995174862142289784e-01
9.999883767803103840e-01
1.000169214952564278e+00
9.993735065772001436e-01
1.000097629255670917e+00
1.000899332751441939e+00
9.992563211348114427e-01
1.000848520738127245e+00
1.000013720715081877e+00
1.000174693544036320e+00
1.000194257713412416e+00
1.000378893648272260e+00
1.000719686295232336e+00
1.000311146876012414e+00
1.000327969833304742e+00
1.000064628004323275e+00
1.000682823306134894e+00
9.994600714387474882e-01
1.000837051954505563e+00
1.001012865786552020e+00
9.997028852327513038e-01
1.000367828006152093e+00
1.000324849511964098e+00
9.992518666491070345e-01
9.991500438976546050e-01
1.000035533730885495e+00
9.995945789135080028e-01
1.000347827472954920e+00
9.990898992751859886e-01
1.000934879739743932e+00
1.000194709979457475e+00
1.000254414433308092e+00
9.998464544029216361e-01
1.000497632359109712e+00
9.986797868027846858e-01
1.000768882245911540e+00
1.000195580794055461e+00
1.000571270959518255e+00
9.999305293271930628e-01
1.000071733196471913e+00
1.000601319432219194e+00
9.999057981019330299e-01
9.996594300575106784e-01
9.997417886158104228e-01
1.000533992724355947e+00
1.000366319077357069e+00
9.994475816027925674e-01
1.000092361035792132e+00
9.997377335779337182e-01
1.000295144271931669e+00
9.995945060845701224e-01
9.993125151597652689e-01
9.996988558793353796e-01
1.000152148122938733e+00
9.996356035383391347e-01
1.000332065165921991e+00
9.997231310014148553e-01
1.000849220672449302e+00
9.996915495025652243e-01
9.995930400682758732e-01
1.000128615531994170e+00
1.000156042387098765e+00
9.997064061697019666e-01
1.000180013564762938e+00
1.000486919392726382e+00
1.000157037246560021e+00
9.996356055157888942e-01
9.997062276583044138e-01
9.995595032536497282e-01
1.000681071551864365e+00
1.000180515386471347e+00
9.998284995717570123e-01
9.996525387270449592e-01
1.000558594091719433e+00
1.000056147154376740e+00
9.999498327533896669e-01
1.000198189807000038e+00
9.996389497309576821e-01
1.000449865880243205e+00
1.000060226751135817e+00
1.000493872939973716e+00
1.000099413128753278e+00
1.000054309010814491e+00
1.000411429262045404e+00
1.000177885749193418e+00
9.999708608864777970e-01
9.994027225359427558e-01
1.000351345105231937e+00
9.997170874154315268e-01
9.998245075465765908e-01
