0.000000000000000000e+00
0.000000000000000000e+00
0.000000000000000000e+00
0.000000000000000000e+00
0.000000000000000000e+00
0.000000000000000000e+00
0.000000000000000000e+00
0.000000000000000000e+00
0.000000000000000000e+00
0.000000000000000000e+00
0.000000000000000000e+00
0.000000000000000000e+00
0.000000000000000000e+00
0.000000000000000000e+00
0.000000000000000000e+00
0.000000000000000000e+00
0.000000000000000000e+00
0.000000000000000000e+00
0.000000000000000000e+00
0.000000000000000000e+00
0.000000000000000000e+00
0.000000000000000000e+00
0.000000000000000000e+00
0.000000000000000000e+00
0.000000000000000000e+00
3.112476136208595923e-04
2.305617000845392589e-02
5.100960501742431985e-01
1.706861712447522939e+00
2.176629418111535319e+00
1.559665631860637225e+00
9.030135491176894957e-01
5.071208173913127615e-01
3.395117382302213493e-01
2.918886870492562458e-01
2.739898682126789553e-01
2.839475960383735509e-01
2.897327038276506506e-01
2.836855865362059026e-01
2.669089255717647657e-01
2.567305033823016336e-01
2.877564763210815890e-01
3.459787139401735989e-01
4.337464448092333003e-01
5.737174573557419777e-01
7.349780414875082268e-01
8.813318768687322668e-01
1.065301030596981224e+00
1.201061382167281533e+00
1.307131206451726202e+00
1.400408538277335468e+00
1.484492192342120820e+00
1.530887074241535251e+00
1.527717567122433673e+00
1.490512381497346439e+00
1.388231353533454948e+00
1.281189569392425120e+00
1.153820746466762026e+00
1.067274113328512408e+00
9.938205937044656268e-01
9.464785528756186617e-01
9.120428093694505911e-01
8.987149333150348252e-01
8.919426767221181329e-01
8.854434071555854491e-01
9.014489405352282825e-01
9.067241832004713231e-01
9.187496096225552522e-01
9.405666256452605012e-01
9.454162618928108053e-01
9.717709349856770151e-01
9.807027883060142059e-01
1.003035394586738738e+00
1.014615247258183528e+00
1.023737933411058121e+00
1.033763284737141852e+00
1.033737420026735299e+00
1.029776814267004958e+00
1.023492332682683470e+00
1.019514081589396381e+00
1.009321149484314839e+00
9.956866084003554995e-01
9.961747107735026141e-01
9.814978945430690160e-01
9.804393514719365044e-01
9.786061349181668367e-01
9.659466958015380245e-01
9.699023908594163190e-01
9.704969919416464030e-01
9.768941527213205189e-01
9.757365167386095051e-01
9.830089242415133155e-01
9.882564991677985633e-01
9.847961478488258535e-01
9.908654740426051655e-01
1.001860436273416921e+00
1.009510602553748138e+00
1.007598249927398104e+00
1.008585786827001618e+00
1.006876054606064219e+00
1.000556726175165556e+00
1.006943955656221856e+00
1.005517007907788418e+00
1.002085555032556252e+00
9.957402290535398715e-01
9.995666976181650787e-01
9.974972883412480673e-01
9.922845366399446476e-01
9.874233708358444161e-01
9.919235874512262185e-01
9.875387406912169430e-01
9.917503153014503026e-01
9.858012046916599935e-01
9.870225347242740366e-01
9.931422645657256298e-01
9.969618778358453337e-01
9.928161838188810373e-01
9.995193972682813177e-01
9.960970203194828843e-01
9.943318014484072709e-01
9.945129964282015678e-01
1.001746115794850844e+00
1.000948046897215393e+00
9.955358499506978820e-01
1.000181904799796850e+00
9.981974085010520970e-01
1.001261432298764520e+00
9.977934545031903468e-01
9.957739356200198122e-01
9.945492527117284487e-01
9.939102307394055424e-01
9.948597163059873516e-01
9.953345479429869247e-01
9.953108333884388426e-01
9.965795937930567172e-01
9.973063378685549374e-01
9.981205550257787884e-01
9.974449082970684444e-01
9.979016844474187797e-01
9.981418181762906627e-01
1.001620418491380615e+00
9.968317677213744954e-01
9.979851242186380533e-01
9.997790891110456268e-01
1.001806241019294719e+00
1.001623078490343488e+00
9.971106473615055643e-01
1.001283304773620264e+00
9.976851477218876552e-01
1.002204881598374175e+00
9.978355502235898289e-01
9.996368698710151879e-01
9.949478962445249541e-01
1.001193592777949171e+00
9.975971135919500243e-01
9.979281579992304030e-01
9.992973836827605538e-01
9.981369983175351068e-01
9.952793575415067595e-01
9.979666906000022042e-01
9.978134743882273172e-01
9.980218128884195128e-01
9.980276608899532054e-01
9.948847460073122484e-01
9.959882489485010204e-01
9.989379369921945750e-01
9.969269264180651291e-01
9.968567627202447046e-01
9.978450130340080770e-01
9.997609760017596159e-01
9.972650736461575738e-01
9.990989549975383133e-01
9.991638473239576879e-01
9.990525398936058732e-01
9.990587745099264172e-01
9.965961451032243623e-01
9.998892980712260625e-01
9.989091766258504368e-01
9.970842698926850600e-01
9.973323440572984255e-01
9.968039152194562158e-01
9.960441631074368196e-01
9.967137529525580408e-01
9.984725449771476580e-01
1.001684420677859455e+00
9.992053756033912881e-01
9.997161701481154239e-01
9.984140759859017056e-01
9.968733882043030459e-01
9.967691661087481059e-01
9.982892339424297434e-01
9.990966367855431685e-01
9.967399453100695972e-01
9.976010758196867112e-01
9.976430958944306759e-01
9.974780634134804425e-01
9.967319725822422205e-01
1.000945708862698957e+00
1.001347974021605358e+00
9.974399814171857059e-01
9.968074533556173789e-01
1.000666917136664891e+00
9.995072680408778609e-01
9.964134231356072124e-01
9.970336356475770767e-01
9.993085867856169591e-01
9.957653615534798330e-01
9.973090644999398346e-01
9.979272292558736268e-01
9.987692081987301629e-01
9.981863908790521434e-01
9.999881097018910037e-01
9.995750007223641598e-01
9.988448518386773278e-01
1.001508867234012667e+00
1.000072326365507358e+00
9.972161223475828340e-01
9.985497696593268468e-01
9.971716264778756056e-01
9.993918891805650961e-01
9.976464504014475043e-01
1.000683629787923135e+00
9.988434826642125230e-01
1.001152023884850362e+00
9.985276884135994013e-01
1.000599706861174498e+00
1.000731467085721915e+00
1.001193469677110981e+00
9.993453246349116581e-01
1.001110518672927663e+00
9.985962709212805599e-01
1.000083472969628851e+00
9.999779559272709006e-01
9.993069879270527478e-01
1.000164010903643153e+00
9.998603101051403153e-01
1.001288695133409012e+00
1.001041671787266329e+00
1.001341200703933287e+00
9.995800699941116418e-01
1.000246625245062138e+00
9.985842869631721408e-01
9.978151220748572303e-01
1.000844926722497918e+00
9.986819602650475192e-01
9.985998943138176820e-01
1.000889533998423619e+00
9.986217992491024376e-01
1.000729368771731798e+00
9.989918551163063931e-01
9.989986406552354703e-01
1.000106632964629538e+00
9.982904157852418026e-01
9.995520534910281585e-01
9.990664976303025302e-01
9.999582868265096680e-01
9.979768837006626203e-01
1.000736124398914573e+00
9.981794353804318565e-01
9.988283969331644974e-01
9.979042212758240105e-01
9.987690449860378017e-01
9.977941233094266282e-01
9.915233660614258815e-01
9.815645500899188303e-01
9.679427185264308786e-01
9.588221002284338379e-01
9.469022713625777632e-01
9.361242998209726718e-01
9.265021172099886515e-01
9.149924356423161376e-01
9.042226392037510108e-01
8.939731771070446031e-01
8.835799040758020029e-01
8.724576370216478027e-01
8.602384003224757825e-01
8.505181680584396053e-01
8.414999620006595737e-01
8.304590198088379616e-01
8.209181395894814548e-01
