0.000000000000000000e+00
0.000000000000000000e+00
0.000000000000000000e+00
0.000000000000000000e+00
0.000000000000000000e+00
0.000000000000000000e+00
0.000000000000000000e+00
0.000000000000000000e+00
0.000000000000000000e+00
0.000000000000000000e+00
0.000000000000000000e+00
0.000000000000000000e+00
0.000000000000000000e+00
0.000000000000000000e+00
0.000000000000000000e+00
0.000000000000000000e+00
0.000000000000000000e+00
0.000000000000000000e+00
0.000000000000000000e+00
0.000000000000000000e+00
0.000000000000000000e+00
0.000000000000000000e+00
0.000000000000000000e+00
0.000000000000000000e+00
0.000000000000000000e+00
0.000000000000000000e+00
2.737758036956659119e-02
5.089954502721961704e-01
1.738279693865022235e+00
2.224988750722009634e+00
1.608306585602224059e+00
9.299856800709545013e-01
5.096775257435450790e-01
3.437296454832246551e-01
2.840496165482543356e-01
2.742948444719668366e-01
2.824116361989477131e-01
2.821596447720922662e-01
2.825081754043143323e-01
2.639744995439653463e-01
2.655994606996538998e-01
2.944966389143114927e-01
3.539698915759241782e-01
4.412079586350651228e-01
5.695441347683762867e-01
7.279934010504752750e-01
8.955075011337162438e-01
1.053082980832897420e+00
1.203184386288939978e+00
1.303088962334830736e+00
1.405047776390710546e+00
1.477116566456281754e+00
1.517799102011985646e+00
1.534945873198834354e+00
1.489095461147950328e+00
1.399352368337082986e+00
1.284252163477933362e+00
1.173035806260436464e+00
1.074071415015471098e+00
9.894739988660748997e-01
9.487449626677106895e-01
9.168852432909634365e-01
9.006307302794687164e-01
8.985908701137319543e-01
8.994024030714664608e-01
9.050989186194438041e-01
9.141079292103395648e-01
9.177623456310695094e-01
9.361112130099328299e-01
9.465544998243849983e-01
9.661751672289163873e-01
9.859696947660905320e-01
1.002244431621004628e+00
1.014742535050632721e+00
1.029420878898922975e+00
1.027204266089870144e+00
1.031428238113308860e+00
1.033304681319790586e+00
1.022150848799803002e+00
1.018252856790915040e+00
1.009839241856667291e+00
1.001798191764239787e+00
1.001527904697562921e+00
9.923983776188251005e-01
9.770364079667112067e-01
9.785620691264106386e-01
9.775619414446119482e-01
9.746563358879275496e-01
9.758146692741607175e-01
9.857937690001025155e-01
9.851436584424725362e-01
9.936482077016586256e-01
9.948924599706839844e-01
1.001291586236228381e+00
1.002037161542681964e+00
1.005884580616090096e+00
1.011689593994601566e+00
1.010487478280650331e+00
1.014429805073692403e+00
1.013072375960135219e+00
1.007000270842423273e+00
1.010106326510184171e+00
1.006998665814021310e+00
1.005946849105706864e+00
1.002863387915259308e+00
9.984709672059010055e-01
9.986874005875868709e-01
1.000746582596013567e+00
9.937951738450069294e-01
9.916791744003887743e-01
9.855491517211378838e-01
9.886064784215914392e-01
9.925635582348162345e-01
9.974516379572779812e-01
9.978384769455018732e-01
9.970620947207864404e-01
9.964036137205404264e-01
9.958025062896500579e-01
9.989424641441485564e-01
1.007043342279708931e+00
9.989634124735117249e-01
1.001275438300126996e+00
1.006364903089319585e+00
1.003445700989943568e+00
1.006854084978827668e+00
1.004203881581972047e+00
1.004920745054916464e+00
1.001170823781221131e+00
1.003363761695937662e+00
1.004857747446967320e+00
1.000738675834754066e+00
9.970071496671448763e-01
9.990686592428267288e-01
1.000294280727481278e+00
9.959443789687582038e-01
9.979197487820085088e-01
9.944224484330553837e-01
9.982101300264528687e-01
9.967293930962181081e-01
9.989824781802315590e-01
9.967574994284168488e-01
1.002984644386438751e+00
9.988181803947820958e-01
9.981767863301811428e-01
9.982767558824540144e-01
1.001014039546144652e+00
9.976128010390165057e-01
1.000363473620612620e+00
9.992322780073987776e-01
1.002439868737184936e+00
1.001520662867595446e+00
1.004295564312459588e+00
1.001168289850672632e+00
9.966932545833370183e-01
1.000683846807276289e+00
1.000263080379852898e+00
1.000932307488082262e+00
1.000382904284365049e+00
9.997201416992763656e-01
1.001742409933475519e+00
9.977505001041668820e-01
9.980675184485467977e-01
9.971331372519458558e-01
1.001095062530473534e+00
1.001288527105651971e+00
1.000826035829358363e+00
1.000434571665161032e+00
9.978329902169642551e-01
9.987376633606452891e-01
1.001498202439532692e+00
1.001630731884179726e+00
1.004727438313346211e+00
9.976320428060178047e-01
9.996321926131076507e-01
1.000528413595927368e+00
1.000263205811027678e+00
9.998235999444550215e-01
1.000578198531313801e+00
9.981496395779654307e-01
9.995913792502670869e-01
9.980774327917245614e-01
9.997914985067863913e-01
9.984322790415507409e-01
9.984675337166679654e-01
1.003947103076843428e+00
1.000669733612361556e+00
9.994416546373482424e-01
1.001555962587082460e+00
1.000055541474689891e+00
9.989732176121917107e-01
9.993540423966658093e-01
9.990485319228310512e-01
9.995375972603374182e-01
9.990096068401056462e-01
9.998927317672233750e-01
1.000360763542582632e+00
9.973701626892600425e-01
1.001838682116201751e+00
9.994728325884969511e-01
9.991379925553357522e-01
9.984577720827332303e-01
9.976914141790281798e-01
1.001076935926138223e+00
1.001515709593195691e+00
9.954379940406845595e-01
9.999563593336752154e-01
1.000101733047445984e+00
9.973064556882602627e-01
9.999190790813480278e-01
9.979123451770071096e-01
9.998904671151890300e-01
9.989923318739379887e-01
1.000665473336506350e+00
9.990077714995125868e-01
9.952095351151557523e-01
9.964436210184089981e-01
9.988476945057982448e-01
9.989077924454820012e-01
9.983907876526876279e-01
9.965012905619646810e-01
1.000769962762478649e+00
1.001439193799146254e+00
9.967422441032881553e-01
9.954565986635655062e-01
9.961534453045963744e-01
9.988468184736160049e-01
9.983642475675672534e-01
9.983693471735985980e-01
9.957507734156331169e-01
1.002298236798812914e+00
9.983047988295012942e-01
9.957434133506830598e-01
9.983929507730179287e-01
9.981360239446561700e-01
1.000682742026660410e+00
9.984654081541751713e-01
9.991885176519416101e-01
9.960629253378771031e-01
9.971827332630311957e-01
1.001029357371662876e+00
9.982960474310612620e-01
9.976107954784337872e-01
9.978971940291435638e-01
9.977424945806999679e-01
9.973295130288811761e-01
9.972646358535451894e-01
9.963483864885793739e-01
9.983925291671374991e-01
9.961075887550001617e-01
9.974484832184929983e-01
9.970429077434417309e-01
9.963130839129002991e-01
9.973693544979779224e-01
9.957873655867705009e-01
9.981026735217065626e-01
9.977922618217157646e-01
9.992206929711869856e-01
9.975342972090818217e-01
9.995727356809173125e-01
1.001188921177545765e+00
9.970294703928039848e-01
9.979832414411988761e-01
9.971284681612153644e-01
9.933741167849465814e-01
9.800064040524882891e-01
9.690655716916922735e-01
9.594023100966144746e-01
9.461122248391201639e-01
9.365419787034520160e-01
9.254370954945871919e-01
9.118194300753975634e-01
9.031791965016645607e-01
8.927577618727206010e-01
8.818810732709340128e-01
8.702101176075741629e-01
8.604781363936980787e-01
8.504717929884226812e-01
8.398428959661700111e-01
8.287279654563745046e-01
8.202322228533002191e-01
