0.000000000000000000e+00
0.000000000000000000e+00
0.000000000000000000e+00
0.000000000000000000e+00
0.000000000000000000e+00
0.000000000000000000e+00
0.000000000000000000e+00
0.000000000000000000e+00
0.000000000000000000e+00
0.000000000000000000e+00
0.000000000000000000e+00
0.000000000000000000e+00
0.000000000000000000e+00
0.000000000000000000e+00
0.000000000000000000e+00
0.000000000000000000e+00
0.000000000000000000e+00
0.000000000000000000e+00
0.000000000000000000e+00
0.000000000000000000e+00
2.614915847717924182e-05
3.460254591634182725e-02
1.048895369548086709e+00
3.447482430012914101e+00
3.444486870811473977e+00
1.918480082160575861e+00
8.804769449000117154e-01
4.023524389523926437e-01
2.074783240736766954e-01
1.279367798706843029e-01
1.910865674562335359e-01
7.088436718656571101e-01
1.497469959349127633e+00
1.769376073868454302e+00
1.485990081110740046e+00
1.103107255713941193e+00
8.398034327407704058e-01
7.281575349838897981e-01
7.138331235725579038e-01
7.615574148865892345e-01
8.439580909787722796e-01
9.233865262353048164e-01
1.005620430815078015e+00
1.078374025531797509e+00
1.130272249281134345e+00
1.169407312976521673e+00
1.192736694946175513e+00
1.195245940120912786e+00
1.178845003265290847e+00
1.153433042027248057e+00
1.116633298435355304e+00
1.084000188035478596e+00
1.052574164328633932e+00
1.025676656182933577e+00
9.996603742035647944e-01
9.807771113470361568e-01
9.611256687305562707e-01
9.488817071573172335e-01
9.372630716026960629e-01
9.316430741528208825e-01
9.323020490089958257e-01
9.347276913523540065e-01
9.396952907856545023e-01
9.513447062670730148e-01
9.618573359545771195e-01
9.692102520517825726e-01
9.797026409323938978e-01
9.884136214127275943e-01
9.935566157563378020e-01
9.989874085965596562e-01
1.006080233877263197e+00
1.009056288683260583e+00
1.010480103199405066e+00
1.014651747755913380e+00
1.014533416299974622e+00
1.013683259050603525e+00
1.015936066981204533e+00
1.014481054469365651e+00
1.010720702784038361e+00
1.010349399707861640e+00
1.008428517985852535e+00
1.007107317158934645e+00
1.004710995808994145e+00
1.003847754901569633e+00
1.001607727095661371e+00
1.000927682140314579e+00
1.000604851814977714e+00
9.981468291973009110e-01
9.978003715485483927e-01
9.969076940941228315e-01
9.965081488827619571e-01
9.970947310657006790e-01
9.958523973721252753e-01
9.965046630946893247e-01
9.959837800406867725e-01
9.966534517050825714e-01
9.952382448827177264e-01
9.959099635553970709e-01
9.988483088350558203e-01
9.962593189171050634e-01
9.978405682345751204e-01
9.992845217584734874e-01
9.995919966480955043e-01
9.992009002041003507e-01
1.000610381748711308e+00
1.001428314498780781e+00
1.000421716683064677e+00
1.001940025418398994e+00
1.000722653651431759e+00
1.002139201774887800e+00
1.001632685577614090e+00
1.001190984675893958e+00
1.001806478114541044e+00
1.000671476211014266e+00
1.001743713059801921e+00
1.000047375539308669e+00
9.999817787134070990e-01
1.000391486492322901e+00
1.000079446364507074e+00
9.995001856384621020e-01
1.000213842052853463e+00
9.999524415936701383e-01
9.997861254762279160e-01
1.000191779012926219e+00
1.000734810387896578e+00
1.000162686034533621e+00
9.998130884611874380e-01
9.999039049333280360e-01
9.996953006912896456e-01
9.994818217753645984e-01
9.998551079139476050e-01
1.000611222127242073e+00
1.000530430412428728e+00
1.000171216943893882e+00
1.001011167806920232e+00
1.000249560201590837e+00
1.001055643845410570e+00
1.001047896881133381e+00
1.000493491852370687e+00
1.000206295820864622e+00
1.000769217277572176e+00
1.000316472633900444e+00
1.000793308468441056e+00
1.000290695909460847e+00
1.000868293622739991e+00
1.000303658576394916e+00
1.000394399539344503e+00
1.001182868308191365e+00
1.001170856227789452e+00
1.001584380007280783e+00
1.000272474870077088e+00
9.999160168447582819e-01
9.999905476368383672e-01
9.999821571035544254e-01
1.000608039054479592e+00
1.001172644684796831e+00
1.000316937439690745e+00
1.000315810800197713e+00
9.998487293097955142e-01
1.000650981684051866e+00
1.000278726986756572e+00
1.000984102338214887e+00
1.000536738155443972e+00
9.998945364537934477e-01
1.001266060579597328e+00
1.000309493567198782e+00
1.000312227729985404e+00
1.000177075742973765e+00
1.001468345502122492e+00
1.001095389979587136e+00
1.000906203024451324e+00
1.000501502077197680e+00
1.000495800104922450e+00
1.000457421422968673e+00
1.000078959966394621e+00
1.000952102261778220e+00
1.001110693405399044e+00
1.000709757995025262e+00
1.000058212774676880e+00
1.000650621305395838e+00
1.000273095136123391e+00
1.000885010524201535e+00
1.000138685350330681e+00
1.000043740598015596e+00
9.999338070595255035e-01
1.000400471238459099e+00
1.000631851177006482e+00
1.000531336587424658e+00
9.996796073686129436e-01
1.000662965060731269e+00
1.000746202714088096e+00
1.000000899154839473e+00
9.995069561889530219e-01
1.000023263946350660e+00
1.000053096765332050e+00
1.000475512336863382e+00
1.000539072662653961e+00
1.000174424592571443e+00
9.999611559568805097e-01
1.000187997502111736e+00
1.000432542685223414e+00
9.999556717039628229e-01
1.000238823508756925e+00
1.000651924178265428e+00
1.000081540499115906e+00
1.000344534713190070e+00
1.000450366185921647e+00
9.997892030746611258e-01
9.994550124192947971e-01
1.000337826966229970e+00
1.000345415688867368e+00
1.000290126051568640e+00
1.000215350282538385e+00
1.000402568529485503e+00
1.000292758159304851e+00
1.000397261134760907e+00
1.000488690645572332e+00
9.996881944179830670e-01
1.000523296718678568e+00
1.000342536809589511e+00
9.996659883574053884e-01
9.996989044962698578e-01
9.998135046189799979e-01
9.999226568462498133e-01
9.998794014517404793e-01
1.000017292115271017e+00
1.000361755821569165e+00
1.000395320081315154e+00
1.000118940169410831e+00
9.995066771271705619e-01
9.993958187054776676e-01
1.000105725426657433e+00
9.997607812621680523e-01
9.996257406187949446e-01
1.000104036818440179e+00
1.000406671513562218e+00
1.000180397546671873e+00
9.999281952224783332e-01
1.000252356957950894e+00
1.000454236248838225e+00
9.996459757245382827e-01
9.997698916945600978e-01
1.000314471580273423e+00
1.000424418632673174e+00
9.999809702821077506e-01
1.000180087994185341e+00
1.000343332267580321e+00
1.000018032901162757e+00
1.000051795621596851e+00
9.998053353304192647e-01
1.000358989570910628e+00
9.999935704935002390e-01
9.995300477244638548e-01
9.997466917922410712e-01
1.000237917781588104e+00
1.000178305611777674e+00
1.000219433689010229e+00
9.996991318586539998e-01
9.996586929667723442e-01
9.997747547397397572e-01
9.997214110659088382e-01
9.995738942991043707e-01
9.996531509588474362e-01
9.929148689603379818e-01
9.809221637604221833e-01
9.698402757469413160e-01
9.592844157409842198e-01
9.481533490890781124e-01
9.372294430044891822e-01
9.262288650287878733e-01
9.155145793199078730e-01
9.047733259354518998e-01
8.944512755884812538e-01
8.833490630981774006e-01
8.730073917312705101e-01
8.624769756651452512e-01
8.523905806971402432e-01
8.417225754404474847e-01
8.319082394322137031e-01
8.219430537492561362e-01
