0.000000000000000000e+00
0.000000000000000000e+00
0.000000000000000000e+00
0.000000000000000000e+00
0.000000000000000000e+00
0.000000000000000000e+00
0.000000000000000000e+00
0.000000000000000000e+00
0.000000000000000000e+00
0.000000000000000000e+00
0.000000000000000000e+00
0.000000000000000000e+00
0.000000000000000000e+00
0.000000000000000000e+00
0.000000000000000000e+00
0.000000000000000000e+00
0.000000000000000000e+00
0.000000000000000000e+00
0.000000000000000000e+00
0.000000000000000000e+00
1.672786781455153353e-05
3.555688607965487580e-02
1.054289352476324604e+00
3.453114016698619171e+00
3.432147179908779044e+00
1.915074282056717703e+00
8.680010581961946636e-01
3.973246733915516971e-01
2.024039332335135777e-01
1.227659948716255806e-01
1.843953924695869995e-01
7.016235340169247880e-01
1.478186374931242497e+00
1.746992313530482344e+00
1.473408655333199313e+00
1.082341120865614625e+00
8.159838769855279894e-01
6.943768578414338810e-01
6.806570391758907101e-01
7.284337437707609775e-01
8.069883859633646406e-01
9.004216632649760799e-01
9.884405102236494267e-01
1.062164271957735995e+00
1.130194596518002914e+00
1.174938168681031181e+00
1.202586329720132907e+00
1.212383253773646530e+00
1.202644872476319016e+00
1.170663715375725555e+00
1.135246222747962053e+00
1.091933021190841790e+00
1.062834711913151153e+00
1.027125385000891677e+00
1.003419189165612124e+00
9.832889220922879092e-01
9.658124814378800105e-01
9.513154430517576365e-01
9.416991767667580726e-01
9.352847574191180957e-01
9.293123168162453762e-01
9.305233835238726492e-01
9.352064974750367021e-01
9.401694389413792763e-01
9.554237487915312466e-01
9.636579888309987352e-01
9.767321409952741673e-01
9.858596933337564483e-01
9.924924309053763105e-01
9.998562299373173756e-01
1.006756661446872148e+00
1.011431605076624107e+00
1.014856020661155656e+00
1.017067535275592460e+00
1.017113078935327986e+00
1.019300890046070718e+00
1.015972966542973754e+00
1.014321223176822162e+00
1.013584919008445162e+00
1.009202525528386074e+00
1.007983111706507007e+00
1.005014042278301600e+00
1.004676965691573276e+00
1.002115285540418954e+00
1.000886571593977425e+00
9.998332661454876202e-01
9.979537955214460299e-01
9.986031476761377812e-01
9.981964440714259368e-01
9.960215004610073475e-01
9.981865659192116214e-01
9.962470840323416343e-01
9.966862619425438385e-01
9.966616833344009718e-01
9.960566825434438165e-01
9.951396054117062073e-01
9.959944523716772746e-01
9.972174686613876071e-01
9.971342219347089086e-01
9.980545229607366009e-01
9.983030576176765702e-01
1.000250886235277692e+00
9.996863894026675190e-01
1.000086472763260126e+00
1.000236718521969381e+00
9.993860365567688309e-01
1.001653394206720948e+00
1.001037812557769247e+00
1.002236089626362237e+00
1.000433669737573528e+00
1.000690311707903346e+00
1.001836148939457605e+00
1.000693854160906282e+00
1.001664636436512490e+00
1.000713477653640826e+00
1.000796592241602223e+00
1.000052815527886718e+00
9.998650882209031421e-01
1.002267658607301604e+00
9.992097632214833602e-01
1.000385387496669498e+00
1.000498321300191229e+00
9.994003279017420471e-01
1.000111860793904350e+00
9.992482095619682481e-01
1.000292535093971757e+00
9.999887712727197897e-01
9.990666775295802271e-01
1.000470712175851373e+00
1.000245796838730605e+00
9.993954097655640689e-01
1.001024896447693324e+00
9.995262379124648655e-01
1.001691752692263959e+00
9.996675771039300606e-01
1.000464108376156958e+00
1.001136116989953750e+00
9.999337642343451016e-01
1.000095572715332226e+00
9.998678060057947237e-01
1.000244017467760482e+00
9.995008395357743991e-01
1.001008881876122247e+00
1.001407896441306900e+00
1.000977038754111481e+00
1.000679596312985087e+00
1.000489604686709111e+00
1.000114510483294472e+00
1.001261263947114344e+00
1.000789846845332898e+00
1.001267537883524739e+00
1.000464194787925143e+00
1.000336777929494048e+00
1.000380803197866042e+00
1.000349304085320856e+00
1.000727877663180276e+00
9.992909117321335799e-01
1.000017409520622014e+00
1.000784338430580567e+00
9.994983430042083672e-01
9.997999299281099539e-01
1.000835604451464578e+00
9.991979473504691844e-01
1.001044633060889311e+00
1.000265272851148302e+00
1.000061812239136483e+00
1.001220280008672470e+00
9.999065713530045363e-01
1.000670811653129544e+00
1.000562847500259700e+00
1.000141129604579904e+00
1.000554784249549689e+00
1.001903232660574350e+00
9.993557399478951719e-01
1.000321581930472048e+00
1.000656575475761478e+00
1.000898109519599455e+00
1.000450058078458326e+00
9.998911544184452271e-01
1.000594102084316539e+00
1.000937419236828330e+00
1.000348429235349945e+00
1.000751288797979477e+00
9.996622749110434247e-01
9.999876284242642521e-01
1.000859461276107920e+00
1.000264953903373222e+00
9.994661575426633249e-01
1.000608586099887676e+00
1.001064511801446066e+00
1.000731698104017520e+00
1.000240593192388561e+00
1.000824395889091667e+00
1.000280219695969031e+00
1.000443324928679711e+00
1.000342140092283616e+00
1.000118532231304425e+00
1.000293572778098605e+00
9.998870157154950977e-01
1.000443718154460315e+00
1.000797748034689016e+00
9.996719946678457314e-01
1.000479321167076163e+00
1.000002788306283419e+00
9.997437700263827054e-01
9.999970277064808011e-01
1.000155135841452436e+00
1.000749909451955855e+00
1.000590665869324658e+00
1.000547932891638458e+00
1.000525430985209185e+00
9.998683866753386162e-01
1.000624820704170581e+00
1.000303159942517839e+00
9.999300812845837161e-01
1.000024706905712879e+00
1.000305336282935942e+00
1.000608246710794402e+00
9.998535569427462466e-01
1.000140769002216823e+00
9.995543052516795424e-01
1.000282919229848355e+00
1.000002093342780674e+00
1.000511366619142084e+00
1.000217720303296032e+00
9.999609928622871236e-01
9.999038873973927766e-01
9.991111272470419857e-01
9.999921989580731196e-01
9.995299038509801726e-01
1.000349727159739244e+00
1.000424856966670495e+00
1.000005648969196859e+00
9.992399217745996376e-01
1.000763021467995229e+00
1.000381265728149227e+00
9.999408777665634851e-01
1.000543074732373361e+00
1.000493970334681348e+00
9.989860404732918697e-01
1.000197525079470129e+00
9.999523859115941882e-01
9.996098296428310714e-01
9.996243289594678449e-01
1.000666186378851519e+00
9.996851709454104284e-01
1.000534307685851054e+00
1.000247115287935751e+00
9.994557305877315168e-01
1.000329997977084773e+00
9.998387331803235689e-01
1.000111221896253344e+00
1.000308115461661318e+00
9.995702948077325178e-01
9.998014638660599473e-01
1.000318400477990144e+00
1.000054894696438268e+00
1.000236341807895446e+00
9.999058670422156236e-01
1.000021886004977434e+00
1.000429933057519927e+00
9.994229255218414210e-01
1.000462406737760990e+00
1.000016304857487714e+00
9.998826114017304034e-01
9.997444998102894553e-01
9.994600142583434099e-01
9.998128414772653461e-01
1.000309519784835954e+00
1.000323662894152754e+00
1.000457472371529155e+00
9.995693732998668368e-01
9.932188233822150103e-01
9.823157514226678044e-01
9.708737881551996463e-01
9.605007425690291756e-01
9.496955822032153716e-01
9.395655049178928131e-01
9.284290802014548705e-01
9.192235773220681638e-01
