0.000000000000000000e+00
0.000000000000000000e+00
0.000000000000000000e+00
0.000000000000000000e+00
0.000000000000000000e+00
0.000000000000000000e+00
0.000000000000000000e+00
0.000000000000000000e+00
0.000000000000000000e+00
0.000000000000000000e+00
0.000000000000000000e+00
0.000000000000000000e+00
0.000000000000000000e+00
0.000000000000000000e+00
0.000000000000000000e+00
0.000000000000000000e+00
0.000000000000000000e+00
0.000000000000000000e+00
0.000000000000000000e+00
0.000000000000000000e+00
0.000000000000000000e+00
3.509211505321695873e-02
1.048156697287341510e+00
3.443254826460195428e+00
3.445804216840560041e+00
1.908734554400083328e+00
8.696584052669389386e-01
3.973166893566558722e-01
2.039661827274567296e-01
1.230802785176421249e-01
1.846421835458888494e-01
6.998224733621704052e-01
1.480844762915115576e+00
1.748785155711895412e+00
1.475928551820517631e+00
1.080516226666187407e+00
8.095149212730242683e-01
6.918237907254770613e-01
6.825705753922478580e-01
7.270085564604338302e-01
8.102890250355031521e-01
8.998582423150186527e-01
9.866860710550274804e-01
1.065536709791995662e+00
1.131347452972163881e+00
1.177128803580627769e+00
1.204187936815876103e+00
1.212212172676461197e+00
1.203468945292155867e+00
1.168794478792345437e+00
1.135680361675521999e+00
1.093795589147034342e+00
1.060761324912909087e+00
1.029266986453089894e+00
1.005457110208220817e+00
9.807502774108425303e-01
9.665274101444186750e-01
9.498184787947829832e-01
9.397949065275827962e-01
9.339334034369231041e-01
9.294567129003953321e-01
9.332237884688142637e-01
9.360777990037827401e-01
9.421588971904046872e-01
9.525461611997851907e-01
9.658741716035336156e-01
9.753725100073239451e-01
9.862589824535343830e-01
9.931026745345764573e-01
1.003181342793490138e+00
1.008241711055211987e+00
1.012689037916044699e+00
1.014947694374410903e+00
1.019759418597470990e+00
1.017856770751532691e+00
1.016557604163931705e+00
1.018237027100756809e+00
1.018335018307852557e+00
1.010966050539121364e+00
1.009138884525110580e+00
1.007605415681277927e+00
1.003131417822966442e+00
1.003365009257030538e+00
1.001894686894073017e+00
1.000804445241225915e+00
1.000153631980686963e+00
9.992088347133293302e-01
9.978574191868186949e-01
9.974797517116673617e-01
9.965422532880809925e-01
9.967556175696709042e-01
9.980185836706984004e-01
9.973323222330255922e-01
9.973728459176075534e-01
9.971883050413381522e-01
9.968883544283657638e-01
9.970020906598063837e-01
9.965974026947842512e-01
9.988289657940015998e-01
9.984734084750216399e-01
9.985433923163884451e-01
9.982051839184115094e-01
9.996686818436457678e-01
9.998706434202651039e-01
1.000947636240206551e+00
1.001114982738148917e+00
9.990373463187425251e-01
1.001247401510029444e+00
1.002194658874317801e+00
1.002499982734293749e+00
1.002151529266071650e+00
1.001527536731125601e+00
1.001574086740448788e+00
9.993109839961855645e-01
1.001971075324024962e+00
1.002163385843330090e+00
1.000662023806302203e+00
1.000788071885515551e+00
1.000313623428008558e+00
1.000744578899740889e+00
9.997434253234614987e-01
1.001117692897855793e+00
9.997796031015631080e-01
1.000142411793405461e+00
9.994889540131390859e-01
9.980478726369713671e-01
9.994370225599995550e-01
1.001025094796915260e+00
1.000789524210253800e+00
1.000496756040383017e+00
1.000666089298436923e+00
1.000143989544988621e+00
9.990469131598496144e-01
1.000624629347037997e+00
9.992496458951892757e-01
1.000728648374317187e+00
1.000230391367353588e+00
1.000830651921428949e+00
9.996624970579536251e-01
1.000255983075041488e+00
1.001130358843750123e+00
9.997882124737956788e-01
9.999787995383377925e-01
9.999495079975668776e-01
1.000513673925871538e+00
1.001135009130980524e+00
9.999455819775179277e-01
1.001356896785768669e+00
1.000174174286934781e+00
1.000127496680294659e+00
1.000669359618073351e+00
1.000746729693670956e+00
9.999676334009650613e-01
1.000939115381606070e+00
1.000247046888168345e+00
1.000673363942656158e+00
1.000305668988217045e+00
9.993738790581609965e-01
9.996738761790421313e-01
1.000720155704619696e+00
9.995437868283040261e-01
9.991431830153837401e-01
9.990961640870381633e-01
9.991368055232345835e-01
9.989609813681743500e-01
9.998002036294669770e-01
1.000188297812621530e+00
1.000506909928523758e+00
9.998682113188709364e-01
9.999554970420960753e-01
1.000561020344809871e+00
1.000369065666131707e+00
9.999320805523517208e-01
9.996281452725580552e-01
1.000028783040476155e+00
9.999405308586811758e-01
1.001482287946214855e+00
1.000527277808109794e+00
1.000424877750535568e+00
9.997536503641734074e-01
1.000120298094139271e+00
9.990273503668948285e-01
9.996735822247583281e-01
1.000175834692777599e+00
9.997922295922206937e-01
1.000271890253675799e+00
1.000616877683366379e+00
1.000261898459521515e+00
9.996679077078429732e-01
9.995273590778391837e-01
1.000401462320819723e+00
1.000215233169415407e+00
9.996467518412510689e-01
1.000418020292225041e+00
1.000010802175012703e+00
9.996482335106083861e-01
1.000588110292623734e+00
1.000166836855880703e+00
9.999331281235779301e-01
1.000280757098414686e+00
1.000159563534120943e+00
1.000139936386932549e+00
1.001161974498893104e+00
1.000561653381913274e+00
1.000849556908404381e+00
9.996468301606492579e-01
9.995280127719611274e-01
9.999427629813774088e-01
1.000053167344435945e+00
1.000577851088285453e+00
1.000286738921702501e+00
1.000036563121901922e+00
1.000251689270993394e+00
9.988837913593588969e-01
1.000374628654501219e+00
9.991164366067463165e-01
1.000908074330646880e+00
1.000242598222535140e+00
9.999135441411823866e-01
1.000364747837337420e+00
1.000272840257165896e+00
1.000068992338508433e+00
1.000142190367498074e+00
9.995733038656278158e-01
1.000241682903825202e+00
9.997316316329853958e-01
1.000532645977834978e+00
1.000108064212132275e+00
9.999977905323066407e-01
1.000246815558589297e+00
1.000165328629175177e+00
1.000575440616548795e+00
9.998589622023664747e-01
1.000274516752958753e+00
9.998229046573845480e-01
1.000378360831376323e+00
1.001111492524149771e+00
1.000480109601519230e+00
9.998012219264691414e-01
9.999881360970797051e-01
1.000268447454111032e+00
9.999875934373573250e-01
9.999394836205910408e-01
1.000350185742641784e+00
1.000380510903769560e+00
1.000530587789888015e+00
1.000066954879464509e+00
9.995644709063907785e-01
9.994940036266048988e-01
9.986617257622343313e-01
1.000337989792221327e+00
9.998970610365841560e-01
1.000235623709512467e+00
1.000093205989898371e+00
1.000358293661404607e+00
1.000307102125208569e+00
1.000075901881195994e+00
1.000147650227775520e+00
9.996886617014705267e-01
1.000825443865318354e+00
9.998252557928717366e-01
1.000363578810439025e+00
1.000104037135006951e+00
9.995623424137926039e-01
1.000516119875031418e+00
1.000710966205852870e+00
1.000501116957917880e+00
9.997001354107549753e-01
1.000782317562496582e+00
1.000009682128795818e+00
9.998077697287336418e-01
9.997697396439616524e-01
9.937491933785560505e-01
9.825735143021935292e-01
9.717245976302409938e-01
9.604742478838426134e-01
9.498612541922257790e-01
9.391136421057652006e-01
9.289510623520788046e-01
9.187203007552706691e-01
