0.000000000000000000e+00
0.000000000000000000e+00
0.000000000000000000e+00
0.000000000000000000e+00
0.000000000000000000e+00
0.000000000000000000e+00
0.000000000000000000e+00
0.000000000000000000e+00
0.000000000000000000e+00
0.000000000000000000e+00
0.000000000000000000e+00
0.000000000000000000e+00
0.000000000000000000e+00
0.000000000000000000e+00
0.000000000000000000e+00
0.000000000000000000e+00
0.000000000000000000e+00
0.000000000000000000e+00
0.000000000000000000e+00
0.000000000000000000e+00
0.000000000000000000e+00
0.000000000000000000e+00
0.000000000000000000e+00
0.000000000000000000e+00
0.000000000000000000e+00
3.905109205229743280e-02
8.361951773787360542e-01
2.956550606568769890e+00
3.463974480844819848e+00
2.243203684667266273e+00
1.118535000838578819e+00
5.259245502879948964e-01
2.848961391730147619e-01
2.240178015684347601e-01
2.016194431849915036e-01
2.045266088414258721e-01
2.730555040053823657e-01
2.893869652807219972e-01
2.955373825606157356e-01
3.031433830514524974e-01
3.131306777106900308e-01
3.678938612001384501e-01
5.057921727939306278e-01
6.982061137756794267e-01
8.851916643667848694e-01
1.051259044744578652e+00
1.245538704639605809e+00
1.416508413762596286e+00
1.491223112802990691e+00
1.579793176376732999e+00
1.671699745748679744e+00
1.691911506970658285e+00
1.648574153499484662e+00
1.553363602538743837e+00
1.409674415098310263e+00
1.241023822791550435e+00
1.109178948712849389e+00
1.016207525213285834e+00
9.333428753983046278e-01
8.769481407231393133e-01
8.601668041749516158e-01
8.666655457543605001e-01
9.002668781686660182e-01
9.039415046919460073e-01
9.025315620405188755e-01
9.466610787041103148e-01
9.722426791716022310e-01
9.698463986657138713e-01
9.947772602957365429e-01
1.018539241465664213e+00
1.046566058793698906e+00
1.046557363509664107e+00
1.072845235963276522e+00
1.057013934199305671e+00
1.048732544120604571e+00
1.065019829016045749e+00
1.073050976470317330e+00
1.038984601751961501e+00
1.049258293895202199e+00
1.023229128910409624e+00
9.852288617529860737e-01
1.007654276637586888e+00
9.762852381325475282e-01
9.840931672559614096e-01
9.729430734558388583e-01
9.755041498702408109e-01
9.781116866478941629e-01
9.752874226853733841e-01
9.853102658003778380e-01
9.821209492329219248e-01
1.009606218770783492e+00
1.004721731486977854e+00
9.796281129011774613e-01
1.008751261534972965e+00
9.924918639586864932e-01
1.009964345289130483e+00
1.014571854458058642e+00
1.008894253877637759e+00
9.916542976963976797e-01
1.009914937203143293e+00
1.003369294447327587e+00
1.003293525795811547e+00
9.918500068132387604e-01
9.886605633608069876e-01
9.809342045286409961e-01
9.850155255141748167e-01
9.928016273957125382e-01
9.955688663102899572e-01
9.826413345012796619e-01
9.905100353006320857e-01
9.953343642891079313e-01
9.982439201353625613e-01
9.964786742604841985e-01
9.938811116382003652e-01
1.010399323633959456e+00
9.969292948722093817e-01
1.001640610113353258e+00
1.001357179033203648e+00
9.984990755564182585e-01
1.001375815818604798e+00
1.000959158512534808e+00
1.007387870906824245e+00
1.000019799707096757e+00
9.962955839202571884e-01
1.000589820407634889e+00
9.871667261366171564e-01
1.006734216568923035e+00
9.874111745054866551e-01
9.925199407381145589e-01
9.859582440770375822e-01
9.944299711129254149e-01
9.966931026300649421e-01
9.917229242676608436e-01
9.946265744222538840e-01
9.901397877866826569e-01
1.000788205130577202e+00
9.917327226902630244e-01
1.001001512344588562e+00
9.897432167634059308e-01
9.921780911362967359e-01
9.965020393293513301e-01
9.986707787256184909e-01
9.961470820786059166e-01
1.003925258924146524e+00
9.987137873401548127e-01
9.981687645491303940e-01
9.977525816839992734e-01
9.921197559926325793e-01
9.934286711523667712e-01
9.891029476083894600e-01
9.927928541446934263e-01
9.907117633193621709e-01
9.938413651998575515e-01
9.963205628207267850e-01
9.980407555856861679e-01
9.927288140152413787e-01
9.909961860273492906e-01
9.975455952620975175e-01
9.998330110197738430e-01
9.969934883750851684e-01
1.003660489366784425e+00
9.933388784875797350e-01
9.943748543049615307e-01
9.985650606928853090e-01
9.936878704741333168e-01
9.961569618626247014e-01
9.880746711040514496e-01
9.942120891356114321e-01
9.844366101738314390e-01
1.003329372071990688e+00
9.882530896903407580e-01
1.001413545745475364e+00
9.961950140179635094e-01
9.969566463061322326e-01
9.917764395397221655e-01
9.981516140854117536e-01
9.953719281412612974e-01
9.884804008978282930e-01
9.915041713302692461e-01
9.970595817799934313e-01
9.935840815950651717e-01
9.962533236327435482e-01
9.904360726248619962e-01
9.966404392722957306e-01
9.920956780381019469e-01
9.986428854877419381e-01
9.866663038106523453e-01
9.896062185360665620e-01
9.948942153144784140e-01
9.942166312027669317e-01
9.866402995518699370e-01
9.894341547099658740e-01
9.919455205568754597e-01
1.000761960904007930e+00
9.919075963002591534e-01
1.006720377905335306e+00
9.971247917122154636e-01
9.958099304519502093e-01
9.999655562497273831e-01
9.989790171020537235e-01
9.971095100006512890e-01
9.924131236095453668e-01
9.978865996889241252e-01
9.904185055690317707e-01
1.000082325473941269e+00
9.949132390995757413e-01
9.962738875664578497e-01
9.948636502638926737e-01
9.942670429239712782e-01
9.950541068309654014e-01
1.003189266316752093e+00
9.949743098433977417e-01
9.923948382449199190e-01
9.976339625123243904e-01
9.935422120339647556e-01
9.939674984224254883e-01
1.001480990868795606e+00
9.851933651740446551e-01
9.984181706239493304e-01
9.894339484509885319e-01
9.941651008468699313e-01
9.920414599010823897e-01
9.876842436437198725e-01
9.947661915512520103e-01
9.962536300651408938e-01
9.953782350880494567e-01
9.939348932388797353e-01
9.932021742291027300e-01
9.894649635680835553e-01
9.865265107833413039e-01
9.931855659245676371e-01
9.840668680133751733e-01
9.882578935959273059e-01
9.922130867924525699e-01
1.000071396744544483e+00
9.854143874861325259e-01
9.960667552825132054e-01
9.902403357867816114e-01
9.944773237862961635e-01
9.914809107644909636e-01
9.915623894831103735e-01
9.931870131676354685e-01
9.918900848058083142e-01
9.919729634621238246e-01
9.923611651357503449e-01
9.958704266661932980e-01
9.931461821771202514e-01
9.845461924518386088e-01
9.921324310663197643e-01
9.909677050185741187e-01
9.890715431510133104e-01
9.895028831978858186e-01
9.913602494152786715e-01
9.899861210666776046e-01
9.870541544760699226e-01
9.958767507092519677e-01
9.893716452807158612e-01
9.903773940448726831e-01
9.869293488034787121e-01
9.881436655518578416e-01
9.884682392708143972e-01
9.855928932787425545e-01
9.883255103011631126e-01
9.899641797277837219e-01
9.884370590453394056e-01
9.880847301197651644e-01
9.918488433906555990e-01
9.918025794130460593e-01
9.858465179349620300e-01
9.865775194755963540e-01
9.865852945343959179e-01
9.871002108915741813e-01
9.894877024076217387e-01
9.873239128836633904e-01
9.902715191277481344e-01
9.949906885145535229e-01
9.944254338271867333e-01
9.867189200294925744e-01
9.875613142963117763e-01
9.899349775640788884e-01
