0.000000000000000000e+00
0.000000000000000000e+00
0.000000000000000000e+00
0.000000000000000000e+00
0.000000000000000000e+00
0.000000000000000000e+00
0.000000000000000000e+00
0.000000000000000000e+00
0.000000000000000000e+00
0.000000000000000000e+00
0.000000000000000000e+00
0.000000000000000000e+00
0.000000000000000000e+00
0.000000000000000000e+00
0.000000000000000000e+00
0.000000000000000000e+00
0.000000000000000000e+00
0.000000000000000000e+00
0.000000000000000000e+00
0.000000000000000000e+00
0.000000000000000000e+00
0.000000000000000000e+00
0.000000000000000000e+00
0.000000000000000000e+00
0.000000000000000000e+00
0.000000000000000000e+00
1.596412802749403240e-02
3.932809065155000172e-01
1.329088702676473055e+00
1.690649244351220881e+00
1.271104538385911642e+00
7.550232284468043620e-01
4.120809258365744632e-01
2.638542177800894395e-01
2.593085395232707091e-01
2.443830155589922504e-01
2.638480428386680843e-01
2.696616177308490681e-01
2.585055187903715912e-01
2.274073256294440459e-01
2.126978614082379315e-01
2.619259069853730471e-01
2.877185631177530678e-01
4.105699998355538671e-01
5.475238946449962896e-01
6.718554845107665985e-01
8.927701082323276083e-01
1.040313633834498264e+00
1.170569431458604814e+00
1.336122158093800971e+00
1.443810653895226448e+00
1.489243699061031379e+00
1.547907396514073941e+00
1.554871228077456147e+00
1.500779258938468308e+00
1.405647991715628597e+00
1.297244421849689244e+00
1.164746465578236467e+00
1.049337366835767948e+00
9.726332243738452510e-01
9.151602274099642775e-01
8.999401346198399043e-01
8.786330794709994452e-01
8.706419759112310475e-01
8.885605956855733290e-01
8.946877902803473948e-01
9.069077027106068334e-01
9.146868344733833922e-01
9.311863223689244018e-01
9.695762581669634672e-01
9.759705727716111445e-01
9.985305563071888990e-01
9.923805381960597582e-01
1.011708789327839586e+00
9.951884136588258212e-01
1.022454908696355469e+00
1.041428545222675917e+00
1.045692312593813567e+00
1.015046458650661121e+00
1.002298192657051779e+00
1.025589284339504692e+00
1.000377580730972937e+00
9.937153806188305794e-01
1.012623708989379923e+00
9.704171687562992421e-01
9.688715952960840205e-01
9.909371051540506459e-01
9.666077900824067148e-01
9.873275390971736343e-01
9.896769158519206355e-01
9.766235052792081595e-01
9.906849817522791479e-01
1.014242367896751817e+00
9.918337057475951068e-01
1.005591131651999426e+00
1.003227056760215286e+00
9.963534022186154582e-01
1.008767146241292378e+00
9.958662058147966789e-01
1.009991205618611110e+00
9.909715187688206139e-01
1.007711658437572488e+00
9.838135709732367395e-01
9.890293482482703791e-01
9.857732752172039259e-01
9.831141659437160341e-01
9.765428487749329145e-01
9.976103118715895501e-01
9.607619860825965530e-01
9.948344851286635704e-01
9.849042057356771629e-01
9.902878329791671153e-01
9.896972390520364371e-01
9.864649676524992472e-01
9.945131479546009956e-01
9.997133907672460795e-01
9.956479564978187868e-01
9.882315647628997501e-01
9.957644780014891506e-01
9.986588728131912118e-01
9.941892326757684195e-01
9.924114599664042302e-01
9.967120834257230388e-01
9.900631351731193908e-01
9.840940420166672808e-01
9.855586352439381637e-01
9.957977811479689079e-01
9.957774977021992546e-01
9.761055337965335310e-01
9.717466140393328233e-01
9.944764894739916983e-01
9.891347724429803145e-01
9.933448498552117645e-01
9.902500637308032649e-01
9.823611531016381848e-01
9.922699592330952445e-01
9.985982424144751457e-01
9.880680054948998148e-01
9.966470797099528101e-01
9.815283322148208311e-01
9.821398175473724512e-01
1.007308167561109524e+00
9.973450570042612373e-01
9.891943054478901098e-01
9.839524850315747306e-01
9.871723651102440877e-01
9.974344907558532203e-01
9.959301753646346844e-01
9.845361044375007253e-01
1.000210006754693515e+00
9.859432490263919657e-01
9.970792491887353615e-01
9.844994720625783735e-01
1.003623895039490010e+00
9.854520178149266396e-01
9.914202779603339399e-01
9.885658754876652798e-01
9.987050745981748134e-01
9.918135697755943170e-01
9.959302115098775943e-01
9.935692768078272508e-01
9.855766079941312707e-01
9.938895910162163227e-01
9.881098171083803061e-01
9.849802226176923581e-01
9.941342862400686098e-01
9.891041823854591630e-01
9.908696612109522128e-01
9.899916725911056536e-01
9.933581635369775897e-01
9.837365859881433972e-01
1.003915539528527745e+00
9.830449014461274393e-01
9.905224011931956785e-01
9.867180997394184860e-01
9.854412990411108852e-01
9.906296152078261086e-01
9.774685143304548962e-01
9.952161407570166984e-01
9.808012822736779102e-01
9.833042283895505609e-01
9.932405259413298326e-01
9.900489858215966166e-01
9.881801561085670205e-01
9.861191873331419666e-01
9.961777192685243865e-01
9.962559248251838806e-01
9.944373017888887833e-01
9.885360973744626856e-01
9.905461253561838042e-01
9.968394942330898179e-01
1.001455008402380553e+00
9.915756804329921570e-01
9.981930494316717528e-01
1.002373258290087943e+00
9.913685200738940884e-01
9.989998769855346072e-01
9.956893537528385130e-01
1.000730459297203279e+00
9.941866104910094259e-01
9.963364920778488010e-01
9.985897562261542015e-01
9.967290775402670722e-01
9.999530127266464952e-01
1.001757403744260477e+00
9.953269998173707167e-01
9.888501358908240446e-01
9.951961816803739369e-01
9.924696483582177153e-01
9.985554888661246631e-01
9.940024674566850793e-01
9.993102704181053841e-01
9.925123447172750080e-01
9.968810043762593720e-01
1.000035818119801245e+00
9.940711176534083870e-01
9.970383838654004460e-01
9.919483842997047773e-01
9.870615443999368743e-01
9.973075888756586238e-01
9.989308126146938527e-01
9.988172211239517706e-01
9.943888571876563498e-01
9.962711659784265761e-01
9.969944160175056025e-01
9.950716462735249568e-01
9.996489750724715240e-01
9.918868880355293793e-01
9.977760501951998817e-01
9.918796743139934868e-01
9.970090304473896436e-01
9.944320893888385360e-01
9.998175067416873452e-01
9.975623683964871535e-01
1.001569963560486443e+00
9.983859922189483038e-01
9.982857882713480624e-01
9.985143397304556689e-01
9.898107770460095045e-01
9.913013332084616991e-01
9.965072274186069778e-01
1.002452525741803990e+00
9.958618162850968458e-01
1.000791406665638039e+00
9.925996610805012388e-01
9.990292503766091681e-01
9.950755087860669867e-01
9.934139568710982360e-01
9.994260525653417826e-01
9.879555516100968493e-01
9.933371826494750145e-01
9.998846846160404089e-01
9.976286836467205266e-01
9.964034118850164656e-01
9.988832444742066219e-01
1.001990920955322384e+00
1.000869706610432175e+00
9.912410623094336515e-01
9.891928993254958113e-01
9.929155284309786333e-01
1.001654450631397353e+00
1.001743443417865587e+00
9.932259375422739511e-01
9.987816551407868726e-01
9.906780778266096599e-01
9.935776130965021657e-01
9.968979882611391785e-01
9.945278578174179263e-01
9.888352561405100438e-01
9.903824729187390430e-01
9.889233210172676536e-01
9.879956027324059420e-01
9.929879536179211375e-01
9.873005205127425299e-01
9.945362913821561568e-01
9.989995661230127721e-01
9.927096699745749930e-01
9.941840119741401915e-01
9.948378163909065153e-01
9.892852980633259907e-01
