0.000000000000000000e+00
0.000000000000000000e+00
0.000000000000000000e+00
0.000000000000000000e+00
0.000000000000000000e+00
0.000000000000000000e+00
0.000000000000000000e+00
0.000000000000000000e+00
0.000000000000000000e+00
0.000000000000000000e+00
0.000000000000000000e+00
0.000000000000000000e+00
0.000000000000000000e+00
0.000000000000000000e+00
0.000000000000000000e+00
0.000000000000000000e+00
0.000000000000000000e+00
0.000000000000000000e+00
0.000000000000000000e+00
0.000000000000000000e+00
0.000000000000000000e+00
0.000000000000000000e+00
0.000000000000000000e+00
0.000000000000000000e+00
0.000000000000000000e+00
0.000000000000000000e+00
2.346987307209243839e-02
3.687577354624267945e-01
1.312471128177394419e+00
1.709857647253351320e+00
1.316095290566865028e+00
7.096230043288651590e-01
3.869944334363808469e-01
2.643654309866877994e-01
2.154740719906761137e-01
2.526828235692166746e-01
2.222017426143763907e-01
2.391089974598563095e-01
2.277393618367815620e-01
2.231159146610596222e-01
2.222834015629593096e-01
2.584048014705386809e-01
3.168369631636545058e-01
3.703818001364200252e-01
5.223945760053055887e-01
6.703873933015749298e-01
8.687279992705321252e-01
1.030661879623843147e+00
1.192094085078692745e+00
1.313132853255044585e+00
1.397632874003556402e+00
1.481852685672690795e+00
1.522103550938324279e+00
1.566630508677183009e+00
1.487248798884169387e+00
1.393468918448095062e+00
1.261964071668838283e+00
1.124725344307902164e+00
1.027841454653021902e+00
9.608052929177859358e-01
9.269646192830409692e-01
8.784126295741505608e-01
8.528919430337976726e-01
8.674470519837235161e-01
8.860849840530982124e-01
8.781388949558023294e-01
9.084347040800232476e-01
9.171719394356658839e-01
9.300740735776820145e-01
9.518238363980232597e-01
9.603003214615472016e-01
9.923092328328675382e-01
1.013292815684182946e+00
1.009829729587027769e+00
1.013789025408150080e+00
1.034188860849955649e+00
1.030649779359568141e+00
1.034083206709598857e+00
1.046102986092845244e+00
1.025793797502204230e+00
1.020409043327635157e+00
9.777539463934409314e-01
1.003890389968790542e+00
9.640076951880223177e-01
9.831567848880685689e-01
9.770697686815592586e-01
9.955854286374674622e-01
9.713232330304935047e-01
9.680168676014313522e-01
9.909547844613010303e-01
9.859210831106935968e-01
9.997702455484359652e-01
1.001465564264180763e+00
9.913207619121390257e-01
9.989508943690311726e-01
9.969366633418128565e-01
9.850908500091041242e-01
1.007435187385400610e+00
1.003801222079328648e+00
1.010698250448877511e+00
1.008637008177084349e+00
1.008188382480789791e+00
1.005054889234846316e+00
9.997609726970944077e-01
1.005050787927123546e+00
9.879245344930843720e-01
9.878868868062438136e-01
9.903612445086917848e-01
9.879282917427537614e-01
9.938320655853495333e-01
9.653418474591960452e-01
9.962597086565144755e-01
9.833680127443696906e-01
9.962115591526022884e-01
9.879894620000984062e-01
9.969531756990098748e-01
1.000898315557041229e+00
9.937245008221307074e-01
1.001064211589718589e+00
9.954614004865436350e-01
1.003664701643899537e+00
9.962783745008887415e-01
9.969073066301897823e-01
9.995467742197651217e-01
1.001462699037288129e+00
1.021401028136686095e+00
9.942326531070425633e-01
1.003885467780193608e+00
1.013957095455672031e+00
9.998520838759594742e-01
1.008010666025431545e+00
1.001622230818886239e+00
1.002897420888676061e+00
1.008794571040175336e+00
9.976767265126715856e-01
1.003223446427728316e+00
1.011261335513498949e+00
1.001418299260307343e+00
1.010829875774394981e+00
1.006113711656384746e+00
9.954167436683156733e-01
1.013932431925458566e+00
1.008193995684764088e+00
1.007543472157425457e+00
9.985726195345185907e-01
9.990646670798296602e-01
1.009434637036493942e+00
1.000854935813165536e+00
9.997094127080029535e-01
1.000451911634774982e+00
1.001115578555521246e+00
9.972794047336275280e-01
1.004656185720811612e+00
9.978211340404016250e-01
1.010938528873790210e+00
9.904520161300114367e-01
9.991560365404078548e-01
1.007267472577490608e+00
1.004964562716280430e+00
1.004920768257143271e+00
1.007897085432033712e+00
1.007183734047839341e+00
1.008708723662748330e+00
1.001833801493732468e+00
9.949535262356407062e-01
1.007544048080288634e+00
1.002113523231682901e+00
1.007621353898392691e+00
1.001827776683112070e+00
1.003627812054949553e+00
1.000077484659457561e+00
9.969001545256982455e-01
1.005184862625702280e+00
9.983623012244559058e-01
1.000680696093877442e+00
9.938049464659561849e-01
1.001772515242108419e+00
9.894913187058602677e-01
9.999570285852231732e-01
1.005524418606534409e+00
9.992910210089174239e-01
1.001680057143425673e+00
1.003125417711230760e+00
1.003246242121673681e+00
9.957513803873806468e-01
9.939161652449832740e-01
1.004081291503007289e+00
1.003827297748764558e+00
1.003429381723213387e+00
9.986323959393292871e-01
9.938805695761993020e-01
9.970842172648751722e-01
9.934064498949151112e-01
9.869337058899999571e-01
1.002310105840001242e+00
9.918237727592618125e-01
1.005029268355351668e+00
9.878287483411143377e-01
1.000039595084541322e+00
9.998465727292726868e-01
9.986399485202142046e-01
9.939815084691374647e-01
1.000734111728960318e+00
9.917509905883220567e-01
9.980150578280598817e-01
1.002408695678689954e+00
9.979035212783586850e-01
9.963480033165281746e-01
9.943213345433723482e-01
9.980715683890322154e-01
9.884029226344652752e-01
9.963240367866728064e-01
1.004446860351638771e+00
1.000397148149515081e+00
9.930831226569026837e-01
9.973474155298597266e-01
1.001364128707791012e+00
1.004205701740912504e+00
9.938196107294897663e-01
9.929822533852241673e-01
9.980453874686689986e-01
9.903576282491366456e-01
9.932224180416552306e-01
9.891590462483593749e-01
9.957250759796550943e-01
9.898827184342844365e-01
1.002354590942094337e+00
9.960080368998472933e-01
9.965405350022500386e-01
9.936710274538168575e-01
9.940278826949300317e-01
1.000062401972394932e+00
9.970768369797096131e-01
9.924246740783572163e-01
1.000632992941566490e+00
9.939363966675639483e-01
9.908181665784522307e-01
9.962268655282684460e-01
9.933614377270600926e-01
9.972679878689811872e-01
9.978607110530247626e-01
9.975389365726283764e-01
9.989488332302981499e-01
9.968546839908504209e-01
9.908458329016717192e-01
1.002011494788196844e+00
9.967519633407824209e-01
9.961083710611552400e-01
9.985285692976998417e-01
9.987384850466183295e-01
9.939642138123802040e-01
9.943940611129501450e-01
9.990363587708755988e-01
1.003143671715341245e+00
9.972304341610362943e-01
1.000701377640918155e+00
9.997085285037587976e-01
9.970501921513772459e-01
1.000944919777454700e+00
1.001891067512499900e+00
1.004328380003377985e+00
1.004741839782051338e+00
9.992637902164037689e-01
9.929946329202067323e-01
9.999388306518658398e-01
1.004963870064014664e+00
1.002254304020446352e+00
1.000810245474956339e+00
9.979330996649137253e-01
9.965961433845181849e-01
9.955580219254057672e-01
9.988553317723809499e-01
9.991739724931163469e-01
1.003551194183958994e+00
9.985627828742881240e-01
9.986239409998944883e-01
1.000978027051805164e+00
9.996419141660659591e-01
9.964289555858827363e-01
9.951522168490302134e-01
