0.000000000000000000e+00
0.000000000000000000e+00
0.000000000000000000e+00
0.000000000000000000e+00
0.000000000000000000e+00
0.000000000000000000e+00
0.000000000000000000e+00
0.000000000000000000e+00
0.000000000000000000e+00
0.000000000000000000e+00
0.000000000000000000e+00
0.000000000000000000e+00
0.000000000000000000e+00
0.000000000000000000e+00
0.000000000000000000e+00
0.000000000000000000e+00
0.000000000000000000e+00
0.000000000000000000e+00
0.000000000000000000e+00
0.000000000000000000e+00
0.000000000000000000e+00
0.000000000000000000e+00
0.000000000000000000e+00
0.000000000000000000e+00
0.000000000000000000e+00
0.000000000000000000e+00
1.877914209809752877e-02
3.853878880807762308e-01
1.460447408060000063e+00
1.781377839793674589e+00
1.296475031187114935e+00
8.167390796178998214e-01
4.245188329515658943e-01
2.937901128652471994e-01
2.365638137089786652e-01
2.370291792847570023e-01
2.400589368818537017e-01
2.480598260247188769e-01
2.411251135729121364e-01
2.125884336418263632e-01
2.464435167813851246e-01
2.561521139545455683e-01
3.099551290661289316e-01
4.363105584434187612e-01
5.324749721318428053e-01
7.103193113310430906e-01
9.179792949443607020e-01
1.072926960872649049e+00
1.220895041837972039e+00
1.380373344872442454e+00
1.480102224163885039e+00
1.539045924093758622e+00
1.580026463019511773e+00
1.586023751754745748e+00
1.530798806546779689e+00
1.443163861232883427e+00
1.305356560091728291e+00
1.153640999524155886e+00
1.088524731720589278e+00
9.671182151604863497e-01
9.276652500280496705e-01
9.141323765613188490e-01
8.915298759623316860e-01
9.006326435091664973e-01
8.916274527437322295e-01
9.371609691827200717e-01
9.176879960573417483e-01
9.325275602372364858e-01
9.614346454256216257e-01
9.661868609471200298e-01
9.751936327043315700e-01
1.005638058667895240e+00
1.008449457786666503e+00
1.028924977125403428e+00
1.042717306673677680e+00
1.035987156447552460e+00
1.039617135754343336e+00
1.031516994018804256e+00
1.030980589679941328e+00
1.023571198910349089e+00
1.028217581031296346e+00
1.006913059285925671e+00
9.985411274830433559e-01
1.005317630078298441e+00
9.915464174730957980e-01
9.733595581675729136e-01
9.789234980498079386e-01
9.784677854322244572e-01
9.742462993752384337e-01
9.854454646836939835e-01
9.930963833586932132e-01
9.878916598508463709e-01
9.940083622496345139e-01
1.001977212106579973e+00
9.876774865799087255e-01
1.005279542646141389e+00
9.897224289509659600e-01
9.978279605377951000e-01
9.841955659497906295e-01
1.003279317967772366e+00
1.000845753688323292e+00
9.947282465246478633e-01
9.934281457941998017e-01
9.981484208619514353e-01
9.828203394604158039e-01
9.774896368880980901e-01
9.923018830966606751e-01
9.883068042452555213e-01
9.888832118093363599e-01
9.871288333485411792e-01
9.762022837794516184e-01
9.946813655491925088e-01
9.786921107247834595e-01
9.892169055695984037e-01
9.790053884654076333e-01
1.002068766165805425e+00
9.925196301163192736e-01
9.761753206414095496e-01
9.828748748950463243e-01
1.000343696813544625e+00
9.924839970527628008e-01
9.947082846051874538e-01
9.982221109772645429e-01
9.936230738687968911e-01
9.998488194540428031e-01
9.905520734963881857e-01
9.956819314403162480e-01
1.001097547565322099e+00
9.828612204826889798e-01
9.917669706404617092e-01
9.944382389287339530e-01
9.954646862918512529e-01
9.943937249648755472e-01
1.003714570689546282e+00
1.000510205993422108e+00
9.991584706908352986e-01
9.971017258817784779e-01
9.897668369699913482e-01
9.929557616289058641e-01
9.980528755118709405e-01
9.836290819861022161e-01
9.931271936654556542e-01
1.005347933623503387e+00
9.938508867402567892e-01
9.991557058063197383e-01
1.003909796389202969e+00
9.996536592822227174e-01
9.890549095547412906e-01
9.971010127395867340e-01
1.001716453895895143e+00
9.984061574697328245e-01
9.990606686878876763e-01
9.940827518031239984e-01
9.968739960727089899e-01
9.919125496044057799e-01
1.002213982727434782e+00
1.001859614693938472e+00
1.007999755490543992e+00
1.002460677438401726e+00
9.878304121313602471e-01
1.005101621715523308e+00
9.989887880709401591e-01
9.916512083759299045e-01
1.001143457596457731e+00
9.964170210437525155e-01
9.979430847599926047e-01
1.000002988938109239e+00
9.984639869363850506e-01
1.002511835893863834e+00
9.991645931722061835e-01
9.940799301984293290e-01
9.997853441295763144e-01
9.941888487016911080e-01
1.000550245520491321e+00
9.982330801551522192e-01
9.936768800749444797e-01
1.005057406443613521e+00
1.005255896617617273e+00
1.004020849047225994e+00
9.904705116989596103e-01
1.001244868403538435e+00
1.000892207964308556e+00
9.919731909219706711e-01
9.964865922565465661e-01
9.956328080555088000e-01
9.948927836972893957e-01
1.012672836797283482e+00
1.002537594083271699e+00
9.966243732303533553e-01
1.002147181014811039e+00
1.007317685851851552e+00
1.004935004026785705e+00
1.000055872885810881e+00
1.003466409624127698e+00
1.004453083936281299e+00
1.005815721581842626e+00
1.003477911549259360e+00
1.001947270047840455e+00
1.004547135424258553e+00
1.005901378377729083e+00
1.010918889226692041e+00
1.003995843075017325e+00
1.002322203694324454e+00
1.004693579716382512e+00
1.002760452974411853e+00
1.003425121086414906e+00
1.006844532251621516e+00
1.006046825453230431e+00
1.002032434164151553e+00
1.004329195274347608e+00
1.002920673122842166e+00
1.002216199134022379e+00
1.001319891212542945e+00
1.002103523728589574e+00
1.007100251369123400e+00
1.003469586260225421e+00
1.011652945899778278e+00
1.000796546322332059e+00
1.004185231093968733e+00
1.000353340352171383e+00
1.000645668088484097e+00
1.000609682806440359e+00
9.989753917470118871e-01
9.993368957656614260e-01
1.003970201488457281e+00
1.005201125386760097e+00
1.003234745419128604e+00
1.004589589109118775e+00
1.000691258149243534e+00
1.001542820068236361e+00
1.005345703803495416e+00
1.000924255825500708e+00
9.965781143783369878e-01
1.008719079922274720e+00
1.005398910813631641e+00
1.001575449424842557e+00
1.001930765555489655e+00
1.001578195567552232e+00
1.001926683672292429e+00
1.005016669449652733e+00
1.000963257246621829e+00
1.008170404519286079e+00
1.010985938838641740e+00
1.001442407438377424e+00
1.003041234905902357e+00
1.004755901093075776e+00
9.991056348094973227e-01
1.006959924497264458e+00
1.006347323982105246e+00
1.009748369814458924e+00
1.000893394188972829e+00
9.998934699348079880e-01
9.990744828965371083e-01
1.008181164304013055e+00
1.000324809381735847e+00
1.004096787194503682e+00
9.996607195565644366e-01
1.002433968881291992e+00
9.949892707254051061e-01
1.002867172075570634e+00
1.005036368554038217e+00
9.942012286176294955e-01
1.003800518989306667e+00
9.955596472796005569e-01
9.963033863215761121e-01
9.940794739686641401e-01
9.997161529062101870e-01
1.001222756152738036e+00
9.989104735612258645e-01
9.985025315768765175e-01
9.916292402290869390e-01
9.992068177935821138e-01
9.974194364507954491e-01
9.959752580497029939e-01
1.002174798773483033e+00
9.991874418056549967e-01
9.993136607832006080e-01
9.976394223139266604e-01
9.957508607930581901e-01
9.982955793100225517e-01
