0.000000000000000000e+00
0.000000000000000000e+00
0.000000000000000000e+00
0.000000000000000000e+00
0.000000000000000000e+00
0.000000000000000000e+00
0.000000000000000000e+00
0.000000000000000000e+00
0.000000000000000000e+00
0.000000000000000000e+00
0.000000000000000000e+00
0.000000000000000000e+00
0.000000000000000000e+00
0.000000000000000000e+00
0.000000000000000000e+00
0.000000000000000000e+00
0.000000000000000000e+00
0.000000000000000000e+00
0.000000000000000000e+00
0.000000000000000000e+00
0.000000000000000000e+00
0.000000000000000000e+00
0.000000000000000000e+00
0.000000000000000000e+00
0.000000000000000000e+00
3.408482043950024354e-02
7.069712656740463341e-01
2.701345307177508648e+00
3.056192976559753749e+00
1.932731097043792090e+00
1.004793360126307045e+00
4.869629714372636364e-01
2.638035726284508331e-01
2.110467755897314501e-01
1.973941578216545090e-01
2.251238835946986205e-01
2.562151773912837993e-01
2.720054768915369792e-01
2.499418454580426274e-01
2.622068978035358988e-01
2.779901237714452189e-01
3.754373848084938681e-01
5.031332112522719502e-01
6.800722356607307173e-01
9.309640026743941643e-01
1.131242239976382402e+00
1.366044601447715445e+00
1.468565957548059853e+00
1.587135213966500702e+00
1.619290947798424973e+00
1.707031602490405975e+00
1.766745137717245395e+00
1.720992831173965065e+00
1.620972648844958508e+00
1.457131565435318965e+00
1.282762486752220044e+00
1.107415455092139123e+00
9.968266336224316237e-01
9.504552819809916064e-01
8.921218881367596332e-01
8.704877448380344829e-01
8.851081494292517560e-01
8.918695286305119430e-01
9.073501646965945744e-01
9.550923503529175074e-01
9.552330606965281357e-01
9.725484293890619414e-01
1.013306947521964263e+00
1.035361728779126800e+00
1.020860214120574261e+00
1.036448275705387667e+00
1.069353387672903777e+00
1.059818028542407919e+00
1.065173457288202119e+00
1.051832579350655328e+00
1.071373488174950372e+00
1.056858017331505861e+00
1.062553506369966039e+00
1.041718546145607105e+00
1.021889660341582573e+00
9.994933091278919157e-01
9.906582537674807343e-01
9.683699873904220157e-01
9.484938689679596191e-01
9.648494392304796108e-01
9.673628925898412056e-01
9.855004488028632492e-01
9.781586440245836345e-01
9.888462334045271529e-01
1.008934797278670192e+00
1.011196429155403642e+00
1.009185156418888507e+00
9.999922507889453804e-01
1.011099039314315551e+00
1.014209601702515284e+00
1.005719336264587760e+00
1.023681081786263825e+00
1.017380523770688994e+00
1.005444505236334773e+00
9.971068484155397593e-01
1.006457333853183700e+00
1.018382764114356798e+00
9.876981742896752126e-01
1.000098047025453907e+00
1.009350866951209236e+00
1.005044471228830893e+00
1.000944428439799250e+00
1.011454851973391023e+00
1.002687815595558307e+00
9.980851737434298654e-01
9.938990982575955924e-01
1.018993631815142464e+00
9.982566378065901302e-01
9.917070664615097453e-01
9.975997545188491911e-01
1.002760775847997277e+00
9.932260876361498347e-01
1.001254946525594436e+00
1.001024834711593314e+00
1.003012698426775318e+00
9.961608716503407290e-01
9.984929510971114475e-01
9.897699794410058649e-01
9.893360403406067372e-01
9.998610718308620360e-01
1.001361523367853668e+00
9.937848708082107629e-01
9.803221208666218489e-01
9.859119755416528852e-01
9.804877210499448603e-01
9.894679738468401542e-01
9.853538924557885270e-01
9.922894871871065225e-01
9.846221415309326375e-01
9.873649785908008569e-01
9.879882044531588248e-01
9.753667908678197440e-01
9.837420902157295588e-01
9.837847547889674304e-01
9.995743098335160282e-01
9.853641072780722210e-01
9.909074659444377930e-01
9.894307672754663052e-01
9.971562658376160737e-01
9.924716756169859044e-01
9.923684336890490343e-01
9.971625089451879864e-01
9.842406377255342731e-01
9.945219725786216269e-01
9.907262415509742182e-01
9.878659595695399309e-01
9.887197006478906092e-01
9.867429160324041604e-01
9.907812932650943427e-01
9.859302743252090773e-01
9.910484125138808720e-01
9.796132424416909013e-01
9.993311344243223093e-01
9.936685772086482071e-01
9.889154377385807049e-01
9.896857870041421146e-01
9.952662276271517783e-01
9.915208638804458019e-01
9.967951484895802849e-01
9.915703946666378776e-01
9.907457512678365941e-01
9.883615258116617008e-01
9.891688723423831542e-01
9.941479953861575014e-01
9.912918738485930747e-01
9.944689077794079957e-01
9.964926122354613724e-01
9.884631418652248813e-01
9.928389294073293181e-01
9.942627465244804341e-01
9.925053768471556737e-01
9.923096327285856333e-01
9.906079669259166831e-01
9.821437276731358468e-01
9.859732617546503874e-01
9.923598936502993073e-01
9.839157971067202801e-01
9.953535293421702512e-01
9.963839751975892556e-01
9.946731118201859179e-01
9.950025092541232574e-01
9.880571654569958451e-01
9.973260851770501256e-01
9.959696546826873886e-01
9.890484104488375117e-01
9.938924183840954774e-01
9.927443361868725225e-01
9.925405908787761078e-01
9.889727238005382448e-01
1.001329791419217630e+00
9.960667965187074424e-01
9.947297243416042267e-01
1.001681706928378768e+00
9.908109705789668320e-01
9.979612952624764555e-01
9.949633099003488690e-01
9.972945613818697819e-01
9.944191711252879928e-01
9.942741917972000021e-01
9.887083535664004108e-01
9.878675687165066055e-01
9.974376886749629634e-01
9.942896883170396771e-01
9.953954930476579532e-01
9.948765094325824343e-01
9.928073759386417674e-01
9.928423699076008857e-01
9.869421337867662070e-01
9.949611007926457695e-01
9.987686221029548062e-01
9.924256109372083801e-01
9.913859612087266848e-01
9.971913790262391108e-01
9.921969932746267373e-01
9.947840803293708234e-01
9.913176208678601276e-01
9.972576554718003417e-01
9.920364280084901232e-01
9.892140590229516750e-01
9.995339240386187374e-01
9.870393059536910485e-01
9.938977084274128737e-01
9.912854933303184568e-01
9.963226481679202662e-01
9.916992215350509676e-01
9.974055501283211056e-01
9.866919439721575369e-01
9.921295266000770274e-01
9.993778284347980545e-01
9.958594352238424596e-01
9.977432133372980960e-01
9.974081960087916032e-01
9.964483499693317370e-01
9.932426971814355410e-01
9.928270759862698469e-01
9.998844836881688458e-01
9.951719505934114585e-01
9.963617175888214161e-01
9.972847828871002074e-01
9.861561465455673803e-01
9.961706102621538106e-01
9.970370437500251093e-01
9.914674840432924352e-01
9.962725821123311620e-01
9.937556524602128016e-01
9.929729533605298197e-01
9.943940817200345172e-01
9.874173883616883529e-01
9.975102561938677947e-01
9.918476386151586777e-01
9.978170336544659458e-01
9.910723343005450880e-01
9.939632102931763580e-01
9.922209571221579649e-01
9.918114814982260663e-01
9.959521211782759176e-01
9.921930258367620548e-01
9.891699138800946756e-01
9.935342145437470185e-01
9.974332014329102547e-01
9.909310312790936548e-01
9.963047069110121390e-01
9.933658213708599360e-01
9.963289215385207065e-01
9.959856913856501848e-01
9.982861991654864431e-01
9.905850331848444768e-01
9.916522860598478983e-01
9.969277533763267751e-01
9.977295046109914134e-01
9.954644181901879385e-01
9.952852148844628655e-01
9.932733749749170782e-01
9.926528344661948999e-01
9.908077733382796293e-01
