0.000000000000000000e+00
0.000000000000000000e+00
0.000000000000000000e+00
0.000000000000000000e+00
0.000000000000000000e+00
0.000000000000000000e+00
0.000000000000000000e+00
0.000000000000000000e+00
0.000000000000000000e+00
0.000000000000000000e+00
0.000000000000000000e+00
0.000000000000000000e+00
0.000000000000000000e+00
0.000000000000000000e+00
0.000000000000000000e+00
0.000000000000000000e+00
0.000000000000000000e+00
0.000000000000000000e+00
0.000000000000000000e+00
0.000000000000000000e+00
0.000000000000000000e+00
0.000000000000000000e+00
0.000000000000000000e+00
0.000000000000000000e+00
0.000000000000000000e+00
3.310602604051117448e-02
8.114530155020182045e-01
2.808109036425672222e+00
3.128232582956578245e+00
1.985555671941635625e+00
1.041398622797090168e+00
4.760421385184230303e-01
2.799497255392539574e-01
2.166573928015367578e-01
2.080042994281513513e-01
2.471973610162149226e-01
2.442948858540169021e-01
2.539539564577680819e-01
2.618657801127521334e-01
2.836768784116076580e-01
3.061295315777201043e-01
3.717047395228374462e-01
4.985007890361961569e-01
6.692625227184751946e-01
8.617566070753348573e-01
1.098346272679824542e+00
1.229666612520749824e+00
1.409691459906772470e+00
1.464684255416848435e+00
1.605352574971358193e+00
1.681450753395218545e+00
1.745949267072420819e+00
1.688342916705980468e+00
1.570069029604770128e+00
1.382725287442060802e+00
1.248034719515273006e+00
1.087414071105450741e+00
9.871017653972644634e-01
9.183032426088139077e-01
8.859073886787836027e-01
8.534039105493678168e-01
8.712476861295664898e-01
8.799027791413180921e-01
9.149096415400678195e-01
9.383591699455086088e-01
9.323607687080858186e-01
9.487769104016966493e-01
9.870276732438271194e-01
1.008891787342843571e+00
1.037094742750370946e+00
1.017055760008636733e+00
1.050118717122193956e+00
1.053154417247610386e+00
1.053410187876098636e+00
1.044031589028208584e+00
1.062882029448907417e+00
1.034627064736651780e+00
1.028868894207028539e+00
1.013818179449625045e+00
1.003302174503147404e+00
1.002764186260836965e+00
9.761150904135039719e-01
9.901819325945124817e-01
9.764159612796867727e-01
9.777419784262502134e-01
9.550914514404008626e-01
9.659729527235350055e-01
9.905014240384439894e-01
9.760053866080619089e-01
9.755823027987930995e-01
9.981339208500596971e-01
1.006992397347787893e+00
9.857075286352393606e-01
1.017901688292924156e+00
1.012498232855989944e+00
1.009110196355509359e+00
1.005440416061430975e+00
1.001974561913701489e+00
9.960918988139869645e-01
9.890908264458300181e-01
9.958371452419630954e-01
1.002864479235608730e+00
1.001111861129211800e+00
9.928552528763843199e-01
1.002937642228766135e+00
9.895334419190238151e-01
9.977802409674897399e-01
9.999612273001347029e-01
9.884989552658109968e-01
1.002583651198450942e+00
9.847270160231158531e-01
9.871603099590283703e-01
9.950055868191023389e-01
9.956389199877287988e-01
9.984168527571626317e-01
1.004842074606319136e+00
9.998429845980985053e-01
1.005187518188722207e+00
1.008541502267415124e+00
1.003217725980724895e+00
1.001201785008744460e+00
1.003963185665890823e+00
9.964582787882727555e-01
9.864067136181546847e-01
1.000855707003521555e+00
1.005915976420062696e+00
9.939531019550601476e-01
9.997691788045723893e-01
9.978064430807325191e-01
9.981636951345981279e-01
9.858994695655878271e-01
9.865251076515265671e-01
9.925381263233353790e-01
9.966976128733116003e-01
9.974387630158564333e-01
9.910137398910615625e-01
1.002817632402784209e+00
9.940451327735891907e-01
9.932111868115771625e-01
1.000108440247396091e+00
1.002378848840305370e+00
9.899688963555847154e-01
9.917466182049823331e-01
9.975916910882547395e-01
9.934152971426355450e-01
1.006458122481751039e+00
9.972497005744894727e-01
9.902932425061701238e-01
9.874531954786801569e-01
9.889634236435598247e-01
9.889486085654261016e-01
9.925173563289330092e-01
9.975686925535588445e-01
1.004366444165978312e+00
9.870564545217827002e-01
9.845106161986212356e-01
9.970221365680075332e-01
1.001045445624469732e+00
9.904451212057717724e-01
9.900372630539422403e-01
1.001730603695327071e+00
9.935395794285544202e-01
9.922121754678653316e-01
9.993941604844113202e-01
1.002724979872797517e+00
1.002226663033108922e+00
9.893789383562988649e-01
9.985909387073720334e-01
9.920592415326292546e-01
9.977781280439609324e-01
9.988948586182800904e-01
9.997240055831912997e-01
9.983174985446886529e-01
9.962458217458742826e-01
1.004574537862338746e+00
9.951327363194540920e-01
9.951699112523567647e-01
9.950224887392646878e-01
9.928682359175264871e-01
9.917024064033919117e-01
9.994808597819561102e-01
9.960136609348273495e-01
9.929805027994719202e-01
9.931511026189643321e-01
9.878091520624830979e-01
1.001239632488550635e+00
9.926795528244406475e-01
9.884594362957113134e-01
9.863043919175417118e-01
1.000609588737370048e+00
9.948259073003299369e-01
9.920953988216552055e-01
9.888380472868497639e-01
9.929178655971681033e-01
9.938989532501695257e-01
9.957193004560098704e-01
9.922852740452204889e-01
9.979444458037296517e-01
9.994217559007064766e-01
9.926096752447818305e-01
9.912391003067745343e-01
9.943696103082109161e-01
9.970040316353639964e-01
9.962665120307285793e-01
9.957076873766220748e-01
9.930132641059280507e-01
9.921804421942468366e-01
9.935529892486973935e-01
9.893912341292178114e-01
9.993304237345632668e-01
9.981468821613157516e-01
1.000876377460546918e+00
9.949001943893887034e-01
9.975215431945501088e-01
1.000229793469872952e+00
9.906003163724472760e-01
9.947099875168201599e-01
9.972031607103050144e-01
9.966513502515323975e-01
9.932292910607793957e-01
9.946731202822088891e-01
9.918686683906774437e-01
9.973373014271537107e-01
9.897129165764682046e-01
9.950626822617225642e-01
1.000415817793882001e+00
9.985508486352584478e-01
9.993471489205585367e-01
9.943183377830699943e-01
9.881127321166184307e-01
1.000188621104891151e+00
1.002377775025377948e+00
9.940782996669296212e-01
9.952449795419983092e-01
9.990502424653110447e-01
9.958473624990817896e-01
9.963762441412226112e-01
9.947391583723681485e-01
9.924042329455777800e-01
9.916963568547604302e-01
9.925095773073269179e-01
9.951102638002301548e-01
1.000423329808198147e+00
9.949679090091330114e-01
9.978197828811763426e-01
9.888354272861236138e-01
1.001171449989849194e+00
9.949065832468277915e-01
9.951702107970015199e-01
1.001104359408279798e+00
9.977593919326577243e-01
9.956171901681497571e-01
9.973411424154655647e-01
9.950456966027882988e-01
1.004213641077225327e+00
9.988030184216595275e-01
9.951689084804125063e-01
9.946170546914872013e-01
9.977207740101108335e-01
9.978697372725200410e-01
9.958314523342064462e-01
9.999531322066366190e-01
9.966773479927791834e-01
9.984019995431959726e-01
9.978092942205983862e-01
9.965324121894864051e-01
9.971545812044669832e-01
9.958458296787310315e-01
1.002074031932642217e+00
1.000457874428020810e+00
1.002749899480605444e+00
9.968629472857070128e-01
9.982326004653457874e-01
9.968889952002886190e-01
9.984545779427006496e-01
9.969677350984432751e-01
9.993028635388579994e-01
1.002499491742272486e+00
1.002407830410336764e+00
1.000362614039566944e+00
