0.000000000000000000e+00
0.000000000000000000e+00
0.000000000000000000e+00
0.000000000000000000e+00
0.000000000000000000e+00
0.000000000000000000e+00
0.000000000000000000e+00
0.000000000000000000e+00
0.000000000000000000e+00
0.000000000000000000e+00
0.000000000000000000e+00
0.000000000000000000e+00
0.000000000000000000e+00
0.000000000000000000e+00
0.000000000000000000e+00
0.000000000000000000e+00
0.000000000000000000e+00
0.000000000000000000e+00
0.000000000000000000e+00
0.000000000000000000e+00
0.000000000000000000e+00
3.708858012828536443e-02
1.052459653523428296e+00
3.394931187379435666e+00
3.342375416737404681e+00
1.823825531868310090e+00
8.259592848120640429e-01
3.727517552031974768e-01
1.936011753929929857e-01
2.178445844133189424e-01
8.413068510898316088e-01
1.742370586487964612e+00
1.911688186640517539e+00
1.457923514141294286e+00
9.672175916987522104e-01
6.737763046113097731e-01
5.469672109236345392e-01
5.350090997696174133e-01
5.931374536678198917e-01
6.798853370661727125e-01
7.878878026017904768e-01
8.989819609923644927e-01
1.002520008812485708e+00
1.092910742908513422e+00
1.173090787816234659e+00
1.217679971794600746e+00
1.252145272965326850e+00
1.257780721061160678e+00
1.234864004286078343e+00
1.199198433892373350e+00
1.150697921369992160e+00
1.098678467457898433e+00
1.056044844112360659e+00
1.012788020367735076e+00
9.837600964299691997e-01
9.597113602525209064e-01
9.398199018475268396e-01
9.308101682042796421e-01
9.171802833862625626e-01
9.166563198998650686e-01
9.145355437183558811e-01
9.170720748561327351e-01
9.309118678100268829e-01
9.433332539608509926e-01
9.567770382912444971e-01
9.745893246759086415e-01
9.872748144627896405e-01
9.976989885449644158e-01
1.003104746752030874e+00
1.015511775985388221e+00
1.018956155603937708e+00
1.027571011512220966e+00
1.025344935378392552e+00
1.028933422923064889e+00
1.022035625605712594e+00
1.020265007595057893e+00
1.015538158065778962e+00
1.011035589829810455e+00
1.007097076174609196e+00
1.003078696384263058e+00
1.002037617209614151e+00
9.990140189813824234e-01
9.956396739434610899e-01
1.000270393731352181e+00
9.967352260582008627e-01
9.969784279346025624e-01
9.987451912716086566e-01
1.001092891495181769e+00
9.999955964458880908e-01
1.000193725605606376e+00
9.984934895026098545e-01
9.993576740292494653e-01
9.981225560173028200e-01
9.976342321290831983e-01
9.978858137641952730e-01
9.977947616684524901e-01
9.968232338132446690e-01
9.972055010644425010e-01
9.968620566258832305e-01
9.986459606493933716e-01
9.961262836842164070e-01
9.973532518026182458e-01
9.992882411986647728e-01
9.994700973333670024e-01
1.001023903483833521e+00
1.000109761695554766e+00
1.000177359778110509e+00
1.001710498011780359e+00
1.000591761351238063e+00
1.001867523976956775e+00
1.002943658777488478e+00
1.001356004341105388e+00
1.001141208572180252e+00
1.002452689376562400e+00
1.001266348818159901e+00
9.997891923552965077e-01
1.000651368391225926e+00
1.000869525028598161e+00
9.998356712281555314e-01
9.993708861827249601e-01
1.000366130160743827e+00
9.980573771128851135e-01
9.991070293848107742e-01
1.001211553128140475e+00
9.992519666253568689e-01
9.980441531733508231e-01
9.995607995916343524e-01
1.000575932549182312e+00
9.984470320591302128e-01
9.991237212805739176e-01
1.000200957363549303e+00
9.999432134350644263e-01
1.000377338955680928e+00
9.988417450102302642e-01
1.000881149047027296e+00
9.998818941884753952e-01
1.000286978893982770e+00
1.001049366723482992e+00
1.001374520574904059e+00
9.998859506016154475e-01
1.000030538614354869e+00
9.986750443660632470e-01
9.999053008303540047e-01
9.996645604538224594e-01
1.000039441811017671e+00
9.995925038651589656e-01
9.989941195740109636e-01
1.000175229285578560e+00
9.990945460667555178e-01
9.990610268475879074e-01
1.001050265916900495e+00
1.000247439297097474e+00
9.995295170683858865e-01
1.000097135103609647e+00
1.000631576662669220e+00
1.000255186109347383e+00
1.001549290808909198e+00
1.001650746542057435e+00
9.991296846710483459e-01
1.000804521805328751e+00
1.000681723775834309e+00
1.000431192472246211e+00
9.999638464024177553e-01
9.995325192561285155e-01
1.000226553385819006e+00
1.000637136804653604e+00
9.990400222285887866e-01
9.996752787452617417e-01
1.001455419982996364e+00
9.999085299654794090e-01
9.995058994353556159e-01
1.001062526268217123e+00
9.990298014837974971e-01
1.000146705003284398e+00
9.999376220048505903e-01
9.993779945064447112e-01
1.000721968529699746e+00
9.999215398445332470e-01
1.000073344388630714e+00
1.000743034223631422e+00
9.999658307181714667e-01
9.989372933424843781e-01
9.998408038693024080e-01
1.000959612577466684e+00
1.000388810863064970e+00
1.000121820674935380e+00
1.000153893088264523e+00
1.000263494752930082e+00
9.999579011294262854e-01
1.000469435512264305e+00
1.000614550205611630e+00
9.992968571358797902e-01
1.000998121606622604e+00
9.998042625541516681e-01
9.998093108358350189e-01
9.995550093655434232e-01
9.999430245104159454e-01
1.000238156946051893e+00
9.999110635522687751e-01
9.997261153827938784e-01
1.000743080193959189e+00
1.000644511240663892e+00
1.000467484559929288e+00
9.989578664809185549e-01
9.997207140531224612e-01
9.999715371852144763e-01
9.997224049091550935e-01
9.995796721884574465e-01
1.000919426047922389e+00
1.001165703566810450e+00
1.000273764730513326e+00
1.000031643732418152e+00
1.000361011449449222e+00
1.000048025231948801e+00
9.987798703050919658e-01
1.000383108047187886e+00
9.999856311645397566e-01
1.000313891268613142e+00
9.997493150964535946e-01
1.000373297716468102e+00
9.997386541568786811e-01
1.000075685812865656e+00
9.997582504771548306e-01
9.991905603050983409e-01
9.995763026367896487e-01
1.000683302302520117e+00
1.000026074289725786e+00
1.000079191625962149e+00
9.999348528064866404e-01
1.000270247474221996e+00
1.000465735224247421e+00
9.999265395720118299e-01
9.995363739100728839e-01
1.000410671999335532e+00
1.000187917230066503e+00
1.000070753225446252e+00
9.998283793889783944e-01
9.999776752654573331e-01
9.998489957325696897e-01
1.000173742953419431e+00
1.000293893531184253e+00
9.996330932658222812e-01
9.998944478973722516e-01
1.000338004499406130e+00
1.000055040442437981e+00
9.997987244663369966e-01
1.000393351411857701e+00
1.000146589814364217e+00
9.997085389413815637e-01
9.997101175318291455e-01
1.000289894039052108e+00
9.996131592997329340e-01
9.997450534161940183e-01
9.994791418783294246e-01
1.000140050543256054e+00
1.000167999513909223e+00
1.000242141584195998e+00
9.998328749771501212e-01
1.000241074299988098e+00
9.994850696780577248e-01
9.994491325765402223e-01
9.993416390589541232e-01
1.000135379795597412e+00
9.999844100901659205e-01
1.000573451334224595e+00
1.000311180922778487e+00
9.999897840353979550e-01
1.000383658307628654e+00
9.998265732376807602e-01
9.999409407141479633e-01
1.000571859879789249e+00
9.999721080823963382e-01
1.000263031684254234e+00
1.000431976789515121e+00
9.999840698548373430e-01
1.000480001757090065e+00
9.994638621955771463e-01
9.997439214541415931e-01
9.999574206588276448e-01
1.000618800232081496e+00
