0.000000000000000000e+00
0.000000000000000000e+00
0.000000000000000000e+00
0.000000000000000000e+00
0.000000000000000000e+00
0.000000000000000000e+00
0.000000000000000000e+00
0.000000000000000000e+00
0.000000000000000000e+00
0.000000000000000000e+00
0.000000000000000000e+00
0.000000000000000000e+00
0.000000000000000000e+00
0.000000000000000000e+00
0.000000000000000000e+00
0.000000000000000000e+00
0.000000000000000000e+00
0.000000000000000000e+00
0.000000000000000000e+00
0.000000000000000000e+00
2.703201027807115747e-05
3.448058618586055668e-02
1.041022291326163529e+00
3.392649399263787835e+00
3.345047443820128752e+00
1.836122640225226865e+00
8.216397742080732147e-01
3.717911450181164978e-01
1.892499170773757899e-01
2.221618879874914798e-01
8.422669114228381604e-01
1.740356352859826261e+00
1.902761229835533419e+00
1.458143477254860487e+00
9.692514563817404838e-01
6.713615165007980057e-01
5.487153237260518068e-01
5.372698732289978851e-01
5.884228853618429511e-01
6.804292447250473996e-01
7.868009421703161532e-01
8.975921621474387546e-01
9.968997391268482611e-01
1.098013049303115718e+00
1.169458828649907911e+00
1.223824762508417763e+00
1.252178621961227201e+00
1.255552115351382669e+00
1.236182613408504105e+00
1.197898912109798708e+00
1.145497634953874133e+00
1.100070423637018235e+00
1.055150081351110325e+00
1.016015455015477853e+00
9.843180888316618304e-01
9.598464896807749058e-01
9.411166603957187293e-01
9.274828692176064759e-01
9.192698643877522668e-01
9.169536478153469394e-01
9.122972123016770407e-01
9.171264572954085370e-01
9.316737997261101967e-01
9.428113730749927424e-01
9.568386980028177335e-01
9.717216350770074840e-01
9.838317011514613464e-01
9.989126615503629569e-01
1.007990284679889825e+00
1.016192077903865787e+00
1.025137895289943035e+00
1.025321356228122927e+00
1.028954640197114356e+00
1.027643508671715056e+00
1.025665085009234812e+00
1.022132591155234360e+00
1.014295687046276040e+00
1.009658707590150639e+00
1.008779122197499545e+00
1.003836133858516000e+00
1.002057365862872862e+00
9.987339631060495604e-01
9.972995740350037996e-01
9.974086514868324427e-01
9.971520969359879416e-01
9.997276562880617057e-01
9.998454198097712631e-01
1.000824565468954264e+00
1.000860278333417286e+00
1.000362244189471506e+00
9.983334758486069882e-01
9.986673718972099989e-01
9.985211592169556116e-01
9.983138645362843455e-01
9.993268770154777325e-01
9.969654133260531514e-01
9.959630847087396210e-01
9.975457768460292973e-01
9.974667758716894150e-01
9.958385930495340377e-01
9.988708267426219534e-01
9.971615793318822085e-01
9.985892429661213932e-01
9.980649359307325330e-01
9.994441210517032159e-01
9.984562931941575181e-01
1.000153160847011780e+00
1.001730405587176964e+00
1.001356038866346054e+00
1.002914886870724054e+00
1.001979253819103022e+00
1.001599325593432344e+00
1.002324202867982850e+00
1.001097053895254829e+00
1.002940394459600926e+00
1.000064398851861380e+00
1.000962324193424458e+00
1.001073461207468984e+00
9.994636791869179193e-01
9.994247360630117427e-01
1.001907637589004363e+00
9.998773096652269210e-01
9.997042205958148742e-01
9.970172456410618667e-01
1.000567997539322240e+00
9.992147869149535788e-01
1.001470692813368535e+00
9.997909625226072405e-01
9.992090664273572953e-01
9.995888905325329699e-01
1.000210729765912854e+00
1.000245386643414447e+00
1.001054957909804699e+00
9.993418038482688726e-01
1.000244422422495338e+00
9.997169823483499362e-01
1.000270877692033267e+00
1.000734214971211289e+00
9.996506128191341434e-01
9.989353653762980123e-01
9.995378263288270393e-01
9.997114157403507173e-01
1.000738538052406978e+00
1.000265548081600508e+00
9.994621538130367133e-01
9.994777582366516366e-01
9.999694508896187495e-01
9.993720383322453049e-01
9.988880389617811328e-01
9.997677577100319013e-01
9.993596117791336830e-01
1.001056261059997565e+00
9.997908324370655686e-01
9.998751422289134938e-01
1.000925008146324569e+00
1.000867645361756653e+00
9.995256769678845243e-01
1.000521119681419213e+00
1.000468933201943855e+00
1.000414429174200537e+00
1.000196269602034338e+00
9.997390639604911700e-01
9.990611273916087942e-01
9.993437632051916930e-01
9.989372822811847241e-01
1.000384575597910830e+00
9.991257631207511869e-01
1.000023069820755728e+00
9.991827588896242673e-01
9.989012588183934227e-01
9.996910974770946146e-01
1.000149333370170091e+00
1.000266306033119834e+00
9.995044860322682689e-01
9.996992659171830553e-01
9.996819498841603702e-01
9.998565255093537774e-01
1.000524514757082706e+00
9.993538714254575073e-01
1.000828324157225557e+00
9.991447108811423172e-01
9.995382422929082189e-01
9.999430038263954490e-01
9.998638693877910377e-01
1.000658312806110617e+00
1.000328166775049876e+00
1.000507788796459518e+00
1.000911095885050228e+00
1.000611914974365302e+00
9.998649250137922051e-01
1.000038081274202462e+00
1.001218320958425334e+00
9.996880438479702757e-01
9.995521113219526521e-01
1.000279489538670186e+00
9.993340650077372489e-01
9.995463478831199122e-01
1.000413577750279615e+00
9.996560187952252541e-01
9.991745194805797814e-01
9.994420154910963472e-01
9.991893310293700203e-01
1.000665980275587730e+00
1.000065235958669474e+00
9.997712394022674198e-01
1.000629135175000739e+00
9.994456334641855788e-01
1.000388911247623636e+00
9.997814707425368708e-01
9.994040751187782678e-01
1.000960903055134299e+00
1.000587877111017931e+00
1.000697883324296544e+00
9.997401599923295690e-01
1.000493339259243442e+00
1.000261246340792276e+00
1.001194563573414520e+00
9.995647383239651962e-01
1.000387419983235660e+00
1.000180845055761214e+00
1.000049266569063233e+00
1.000309585363782672e+00
9.997304818961144646e-01
1.000068609680176523e+00
1.000496546632010375e+00
9.999672445864530301e-01
9.996995120134095636e-01
1.000552163193795696e+00
9.998776862143696764e-01
1.000359997428114989e+00
9.999199198830059920e-01
9.997679102521015437e-01
1.000108897889292248e+00
1.000200650198324048e+00
1.000265004732769025e+00
1.000177674154792973e+00
9.999130354320031611e-01
9.998863026105511143e-01
1.000872967473563024e+00
1.000392384021131065e+00
1.000105776821577530e+00
1.000704873522286542e+00
1.000266566983431193e+00
1.000011913823031451e+00
9.994742098979771949e-01
1.001064830016035634e+00
9.994514814774997369e-01
1.000438536111571741e+00
9.998772094697897517e-01
1.000278557571169236e+00
1.000326753576431749e+00
1.000498301593606865e+00
1.000289482317299194e+00
9.998526605739468387e-01
9.996519616337828928e-01
1.000448087493302829e+00
1.000031206794902428e+00
1.000331072488367168e+00
1.000218377592261731e+00
9.996594206320533749e-01
1.000029934098743967e+00
1.000045694231171955e+00
1.000279534549723071e+00
1.000011028764419496e+00
1.000638048880180930e+00
1.000563641037952145e+00
1.000510005082898113e+00
9.991907979853188460e-01
9.999735303085154348e-01
9.999271187120511994e-01
9.999633819580400207e-01
9.998309378880189113e-01
9.999776987284931806e-01
1.000033609376854482e+00
1.000365865861548409e+00
1.000127877818098199e+00
1.000193826647793438e+00
1.000179437464943977e+00
1.000189271996640317e+00
1.000199104228258529e+00
