0.000000000000000000e+00
0.000000000000000000e+00
0.000000000000000000e+00
0.000000000000000000e+00
0.000000000000000000e+00
0.000000000000000000e+00
0.000000000000000000e+00
0.000000000000000000e+00
0.000000000000000000e+00
0.000000000000000000e+00
0.000000000000000000e+00
0.000000000000000000e+00
0.000000000000000000e+00
0.000000000000000000e+00
0.000000000000000000e+00
0.000000000000000000e+00
0.000000000000000000e+00
0.000000000000000000e+00
0.000000000000000000e+00
0.000000000000000000e+00
0.000000000000000000e+00
0.000000000000000000e+00
0.000000000000000000e+00
0.000000000000000000e+00
0.000000000000000000e+00
0.000000000000000000e+00
2.630649387614078516e-02
5.048512591473147681e-01
1.734778695227559675e+00
2.157657402173512207e+00
1.582029307120043304e+00
9.001058986582218813e-01
4.948030191814100087e-01
3.362579769698066379e-01
2.768450196049557221e-01
2.620295565762107426e-01
2.668895801724721628e-01
2.827109315095496234e-01
2.733925361906327511e-01
2.573964499797221639e-01
2.593071603258056967e-01
2.816053830436395788e-01
3.414502140165070476e-01
4.318378658977216622e-01
5.653903723601262366e-01
7.235861618463911293e-01
9.061308635434249803e-01
1.068170812581201723e+00
1.214798125975214749e+00
1.327770203518086722e+00
1.410067606665623252e+00
1.498661335159829688e+00
1.547459522845330282e+00
1.543026202074181841e+00
1.496575588559828862e+00
1.396786820882568225e+00
1.273112430934193018e+00
1.152785457618208609e+00
1.053441786676764025e+00
9.835105347053579861e-01
9.398756281932321155e-01
9.004574609538669172e-01
8.914648797113403633e-01
8.934541392380476177e-01
8.912765639580153554e-01
8.970742888262495107e-01
9.121908055884881961e-01
9.260687272015618587e-01
9.379142550426464719e-01
9.507478532901509904e-01
9.662998805382900791e-01
9.826896212730806823e-01
9.974679441424293413e-01
1.011663028734109071e+00
1.016374195878214426e+00
1.027301393294946852e+00
1.030499305976665170e+00
1.035191448261203684e+00
1.030726556556582407e+00
1.020007311513641213e+00
1.017818810919263184e+00
9.969623245945246071e-01
9.934697966765608790e-01
9.832401061346778270e-01
9.705835575803211102e-01
9.727065378900291437e-01
9.697903064957736907e-01
9.728052035323436764e-01
9.704097394294710632e-01
9.784651152035462873e-01
9.809000864398003117e-01
9.852022393982294846e-01
9.887950901309153773e-01
9.989503568451606474e-01
1.002159472551643393e+00
9.994587205224693127e-01
1.004449272038295593e+00
1.011096846486375878e+00
1.015291670249540923e+00
1.007652154670696021e+00
1.010279915933027794e+00
1.007826686486574363e+00
1.002614555720491740e+00
9.986116700258770296e-01
1.001530084827556566e+00
1.000739231787564298e+00
9.931431802065049386e-01
9.926094784172936336e-01
9.919609411287266809e-01
9.890822012753650583e-01
9.888237176454782729e-01
9.883991090959177717e-01
9.814834689545541835e-01
9.878470246844173186e-01
9.881485539250980388e-01
9.902592998909123256e-01
9.948897374744832822e-01
9.922288389677311748e-01
9.997251758703142865e-01
9.982921674242216659e-01
9.996891327029705510e-01
1.002683219224230315e+00
1.006933573084480171e+00
1.003005154935804333e+00
1.004765314481752547e+00
9.994962377344274174e-01
1.001018341317385429e+00
1.001475588790408100e+00
9.967653448565207963e-01
1.001315635376464952e+00
1.001614239683374707e+00
9.983549450016738769e-01
9.969600510922193015e-01
9.969959536807054823e-01
9.992980595269032040e-01
9.995982246963142082e-01
9.998311286282194343e-01
9.994015113348527768e-01
1.000495828655690866e+00
1.004978860540512109e+00
9.972706042001593385e-01
1.002749088909950403e+00
1.001154642530599936e+00
1.001340765183596826e+00
1.000439470719807433e+00
9.989293732019469685e-01
1.002400545132677623e+00
9.985628299590972867e-01
9.995031984827539295e-01
1.001191924214509976e+00
1.001446103428680123e+00
1.000040401310564597e+00
1.002861449197214538e+00
1.001937909779317071e+00
9.995034334981794943e-01
9.972990276861505299e-01
9.960873405395732627e-01
9.954242092850457135e-01
1.000168033005867763e+00
9.982581687098968093e-01
9.951305673466509516e-01
9.980925234093844800e-01
9.987232758081382444e-01
9.997927162036440718e-01
1.003109198075229580e+00
9.989928702600890942e-01
9.962866812238513337e-01
9.966972288467893515e-01
9.972341238553509291e-01
1.003083151481459989e+00
1.000353342897497555e+00
9.994655585376087670e-01
9.956776047366185933e-01
9.957807690279556478e-01
1.001648332014328124e+00
9.994115139381914981e-01
9.988656476820594321e-01
1.000338698810308680e+00
1.000474013825943143e+00
9.979027155263603399e-01
9.974836201359724708e-01
1.000899305163094333e+00
9.968719791369191618e-01
1.000989279825826417e+00
1.001657905039096352e+00
1.000663721183024935e+00
9.990091350009221438e-01
9.954173468205373965e-01
9.998211360941902104e-01
1.001467718028361320e+00
9.993524158054656326e-01
1.000081494309533747e+00
1.000474520955184410e+00
9.977563400713225228e-01
9.998955591513886132e-01
1.001806832255194069e+00
9.999302591131900009e-01
1.001469770151023564e+00
9.985255173570756204e-01
9.995191667812710623e-01
9.998807987205695635e-01
9.980600007441593480e-01
1.000515276856865698e+00
9.996829281524417521e-01
1.000554759516710135e+00
1.000336694490744360e+00
1.001487024148554505e+00
1.001180604885743008e+00
1.001105699421900086e+00
9.971680849571243899e-01
1.001355461743516972e+00
9.999211702988411998e-01
1.000372144397956964e+00
1.000693293646421234e+00
1.001054950478283523e+00
1.002316852778592171e+00
9.988925259269029189e-01
9.974585247641067909e-01
1.002693479167948043e+00
9.997074519351630828e-01
9.999902159065484630e-01
9.969675488106378713e-01
1.000260330800644137e+00
1.000503512074963908e+00
9.987135116722957173e-01
1.001357317783777123e+00
9.986552242934509938e-01
9.964748760708689312e-01
1.000704470284399239e+00
1.000914202790571528e+00
1.000687380079886557e+00
9.998487650205158950e-01
9.986532034033547278e-01
1.003398459383840535e+00
1.001222469105097046e+00
9.980896321153843731e-01
9.994576435280291271e-01
9.994320131543746877e-01
9.986972024990157237e-01
9.993144486896643475e-01
1.000785859146107182e+00
9.988611339348976159e-01
1.001641643271139470e+00
9.998305309504457172e-01
9.988616019565632609e-01
9.989942443203706501e-01
9.990270594439104590e-01
9.978103729419814938e-01
9.991428263667325727e-01
9.973063087643299074e-01
9.982651551840634463e-01
9.980359875402547987e-01
1.000602598027032553e+00
9.962808064295689547e-01
9.963526423006762167e-01
9.985317547353715906e-01
9.987300156140170859e-01
9.959259160342971429e-01
9.960875143568833634e-01
9.981526054631837397e-01
9.980723088640778284e-01
9.970988601124605166e-01
9.963398183677971698e-01
9.908566435205107270e-01
9.784141733468023627e-01
9.655133844736663029e-01
9.576257767619875683e-01
9.439636500748693759e-01
9.337425475547437292e-01
9.240082930093918012e-01
9.116601653314977405e-01
9.000671007807320434e-01
8.933766982714964611e-01
8.815486753155756805e-01
8.691387414977237436e-01
8.580347102255700964e-01
8.502971043981588650e-01
8.386523783121726527e-01
8.284960094243902784e-01
8.179320909057322675e-01
