0.000000000000000000e+00
0.000000000000000000e+00
0.000000000000000000e+00
0.000000000000000000e+00
0.000000000000000000e+00
0.000000000000000000e+00
0.000000000000000000e+00
0.000000000000000000e+00
0.000000000000000000e+00
0.000000000000000000e+00
0.000000000000000000e+00
0.000000000000000000e+00
0.000000000000000000e+00
0.000000000000000000e+00
0.000000000000000000e+00
0.000000000000000000e+00
0.000000000000000000e+00
0.000000000000000000e+00
0.000000000000000000e+00
0.000000000000000000e+00
0.000000000000000000e+00
0.000000000000000000e+00
0.000000000000000000e+00
0.000000000000000000e+00
0.000000000000000000e+00
0.000000000000000000e+00
3.004448742513407197e-02
5.483766923007280525e-01
1.832992332815994052e+00
2.285527712280454260e+00
1.644671447350591675e+00
9.170089724536891751e-01
5.180361844570623431e-01
3.285267225482545461e-01
2.826169408751945111e-01
2.799777708001457976e-01
2.747746732624238297e-01
2.820691254687349714e-01
2.789136860659592876e-01
2.673651021687566409e-01
2.714365164537306252e-01
2.867682297792257251e-01
3.425174122497871010e-01
4.378200709562046766e-01
5.729954421979351897e-01
7.446155723004512783e-01
9.097866521174106103e-01
1.076330981023427613e+00
1.219494995765969758e+00
1.320497422433472012e+00
1.418798530157736160e+00
1.480336564175997571e+00
1.542501557836263082e+00
1.539628296040391309e+00
1.487726946493862501e+00
1.378813795005063625e+00
1.255231177668897358e+00
1.139703030712690968e+00
1.060892176265052944e+00
9.844666480008849030e-01
9.321391671960451708e-01
9.117090869822870314e-01
8.810367324980241666e-01
8.870329351353830605e-01
8.957797542199517071e-01
8.950171181294913625e-01
9.076386922724530848e-01
9.181057029656813917e-01
9.311938961602792553e-01
9.491738347745453108e-01
9.600582042061645005e-01
9.891625172584425085e-01
1.004321176517600112e+00
1.013248336711065178e+00
1.021483037842793262e+00
1.033799586066815657e+00
1.029324676469740574e+00
1.036518393688735662e+00
1.021223269159146740e+00
1.027978092283138745e+00
1.011633560240524199e+00
1.005428704570652032e+00
1.001465485020912149e+00
9.894817407386050645e-01
9.885842098020830582e-01
9.806627108963991146e-01
9.717077033764820460e-01
9.739936917652044501e-01
9.826834517238909328e-01
9.842149176365887486e-01
9.822094123570173085e-01
9.908247741109232898e-01
9.997131946821823378e-01
9.949120089226241026e-01
9.997779897770947555e-01
1.010499794385567363e+00
1.010687834517356443e+00
1.010910498967757531e+00
1.014984590742656234e+00
1.015550544785964737e+00
1.017312536609029872e+00
1.013878881959537459e+00
1.009443159573648607e+00
1.009493856910829601e+00
1.000093853999675542e+00
9.990582463563862925e-01
9.975556521577580993e-01
9.968444105978909731e-01
9.911441928666865353e-01
9.872448300834518742e-01
9.900212372203971434e-01
9.884060851552012306e-01
9.861571817430891951e-01
9.887163805586662857e-01
9.929305764312931215e-01
9.914626396295553867e-01
9.930452148497838083e-01
9.971435676214863708e-01
9.964618540427765403e-01
9.979680524326195457e-01
1.005482517869725756e+00
9.974118148108990223e-01
9.992991957129683245e-01
1.006674441771661765e+00
1.009581181080467793e+00
1.001210209104513194e+00
1.001191362639691329e+00
9.968763498592394523e-01
1.004484704831001940e+00
9.979956684231455766e-01
9.955766262032260672e-01
9.985570290951029104e-01
9.982347032710432444e-01
9.975153639295055719e-01
9.972594999095992785e-01
9.964790807589357646e-01
9.968281882791542037e-01
9.980710554579136362e-01
9.990531688716633996e-01
9.960602372104110369e-01
1.000630751560065423e+00
1.000777654659178451e+00
1.000662791391711881e+00
9.994978471234524653e-01
9.943187426714259480e-01
9.986727938554988970e-01
9.960793120600279771e-01
1.004272124074861994e+00
9.993765368620004530e-01
9.979773556778435140e-01
9.972713898573714042e-01
1.000258021317513624e+00
9.994167450591215918e-01
1.004798405618706925e+00
9.989603878021846572e-01
9.960198824353962976e-01
1.001073957683164650e+00
9.968802095962540077e-01
9.975147932763699377e-01
9.956700047503703743e-01
9.972073275994441932e-01
9.965013324414343510e-01
9.973468002743998140e-01
1.001700168174494365e+00
9.950617656389212362e-01
9.972756726422362661e-01
9.981629267767393454e-01
9.995805190529166717e-01
9.975942870272739293e-01
9.985792672442351803e-01
9.968747282357204309e-01
1.000953440933961769e+00
9.964087335215766617e-01
9.970336007691694702e-01
9.951185223247046574e-01
9.968338965524576878e-01
9.990883248689732543e-01
9.985434204956670223e-01
9.960372401036412526e-01
9.970092384168490751e-01
9.980163707086712188e-01
9.996089724207386507e-01
9.987787631573706859e-01
1.000263966067352239e+00
9.990394157553420529e-01
9.986104745806161365e-01
9.988792588034058895e-01
9.979511430374430336e-01
9.998960777913583620e-01
9.979039400077410749e-01
1.000811583745703448e+00
9.992185283456304079e-01
9.984654405116212272e-01
9.972349784463599986e-01
9.968336657469929474e-01
9.986363625375792585e-01
9.991898598440155377e-01
1.004862892097995175e+00
1.000895576334620340e+00
9.992680765194039694e-01
9.990044907880192282e-01
9.981050848942768505e-01
1.000308967337805832e+00
9.995665460443713402e-01
9.972191244726190673e-01
1.000170275575543943e+00
1.002747714559336201e+00
9.971040426653849931e-01
9.987381433063226011e-01
9.975191662722766583e-01
1.001751272979450880e+00
9.995956295287429239e-01
9.975300050052181566e-01
9.976563681469307054e-01
1.000087170872810294e+00
9.985863006780675288e-01
1.001462424443379629e+00
9.988247317826403071e-01
9.968594079140903341e-01
9.996661426502014836e-01
9.995382646738475430e-01
9.987587007987568377e-01
9.992334789424212049e-01
9.979822071422137508e-01
9.993978413453246112e-01
9.976577585294994499e-01
9.992963013975547648e-01
9.972118684520855370e-01
9.959763936187137068e-01
9.976592876911734020e-01
9.974379713399456060e-01
9.964146058773892811e-01
9.990251944255889027e-01
1.000178740993522331e+00
9.983442076039894530e-01
9.983779450374483666e-01
9.980559138530064045e-01
9.981746447164724367e-01
1.001612713576168989e+00
1.002469823301201490e+00
9.981915558778846620e-01
9.971885498390807845e-01
9.987519966764371038e-01
9.986385184909580826e-01
9.959077758571525107e-01
9.978352108912568186e-01
9.974255788008511425e-01
9.961543355320708892e-01
9.967628640081434011e-01
9.959478050975469898e-01
9.964622760004268054e-01
9.979123630486573804e-01
9.981094996926523910e-01
1.001138170511774339e+00
9.991861405081184921e-01
9.987604380565811013e-01
9.989294187790458412e-01
9.982753864845848035e-01
9.988238875399595429e-01
9.998725477076240153e-01
9.988299680058628782e-01
9.999621564184788536e-01
9.962011886741579669e-01
9.913981692903515164e-01
9.777364083589976662e-01
9.656541738524982987e-01
9.552607032235027607e-01
9.447893685663268926e-01
9.344612443980062633e-01
9.238291836580632133e-01
9.111718307728141619e-01
9.035393107024312087e-01
8.891781369166485982e-01
8.803932748068422631e-01
8.699197871139195959e-01
8.579906173062726848e-01
8.483450403491746838e-01
8.384383680406946038e-01
8.286128000830103035e-01
8.172247161483436884e-01
