0.000000000000000000e+00
0.000000000000000000e+00
0.000000000000000000e+00
0.000000000000000000e+00
0.000000000000000000e+00
0.000000000000000000e+00
0.000000000000000000e+00
0.000000000000000000e+00
0.000000000000000000e+00
0.000000000000000000e+00
0.000000000000000000e+00
0.000000000000000000e+00
0.000000000000000000e+00
0.000000000000000000e+00
0.000000000000000000e+00
0.000000000000000000e+00
0.000000000000000000e+00
0.000000000000000000e+00
0.000000000000000000e+00
0.000000000000000000e+00
0.000000000000000000e+00
0.000000000000000000e+00
0.000000000000000000e+00
0.000000000000000000e+00
0.000000000000000000e+00
0.000000000000000000e+00
2.615540877100226355e-02
5.100477619614526281e-01
1.705590482561544219e+00
2.119941999418294198e+00
1.541552561411384081e+00
8.725945428512806856e-01
4.878802421609103046e-01
3.101735333920544457e-01
2.635395617317145001e-01
2.533870742252447017e-01
2.665117409689207739e-01
2.653350266572918614e-01
2.649407496317217614e-01
2.562893086188350877e-01
2.519121605681577947e-01
2.784791148443584996e-01
3.453217900524007677e-01
4.413176346089695001e-01
5.735905899224846838e-01
7.278685219664267070e-01
9.049433059187583783e-01
1.079591493000278124e+00
1.229518180193446275e+00
1.328098267990702075e+00
1.430489540122409364e+00
1.519323398120002722e+00
1.560318298591842678e+00
1.565584826003091345e+00
1.498160920421257147e+00
1.417267813869713677e+00
1.288437755162453291e+00
1.159605677643396504e+00
1.063350886090551173e+00
9.798992345183494823e-01
9.282513402973412431e-01
9.113862301881499040e-01
8.923001990056738109e-01
8.858696295209125271e-01
8.895710784864049314e-01
8.855540212175789794e-01
8.955250214769209238e-01
9.222869292119306728e-01
9.302303242084433155e-01
9.541589836763242349e-01
9.579264809827168214e-01
9.880804153140634316e-01
9.900835342081513168e-01
1.005195295745751283e+00
1.015725591505715508e+00
1.013928310329634597e+00
1.022208004773570655e+00
1.022062679938696705e+00
1.023279993120899345e+00
1.015090212174615703e+00
1.008873642871340959e+00
9.983391633939051601e-01
9.833298395482931165e-01
9.754513308537350325e-01
9.727004099022387162e-01
9.704871019186714909e-01
9.700175731612499241e-01
9.625793865174696595e-01
9.633206478559884767e-01
9.701770117018065909e-01
9.740567352152253999e-01
9.845402963339812130e-01
9.923753066390608168e-01
9.867440200363202241e-01
9.947129135023902169e-01
1.005873982395162569e+00
1.009706257564403575e+00
1.009528710422602282e+00
1.009774377875789053e+00
1.014210483695721532e+00
1.010396442401805261e+00
1.008347541655111312e+00
1.011335152953444894e+00
1.002958013925368208e+00
1.000916606158685385e+00
1.000721691282625558e+00
9.994142987157372815e-01
1.000558667455708317e+00
9.891707720177789209e-01
9.905642826458391781e-01
9.924068520975822816e-01
9.912395870182886259e-01
9.811206218411534508e-01
9.854311633641972268e-01
9.903582555713358326e-01
9.905340352355068712e-01
9.931830144729294485e-01
9.914828231474961395e-01
9.955491683738075803e-01
9.938139548728499584e-01
1.004587514881161825e+00
9.956128121128787756e-01
9.982639562025619195e-01
9.993821370850569652e-01
9.976399001868443417e-01
1.002074172548277797e+00
9.997600958991549325e-01
9.961719060667950654e-01
9.946399371103076259e-01
9.978812339723317493e-01
9.932317248420191591e-01
9.955652396755213518e-01
9.936853104380934942e-01
9.944964722659628276e-01
9.919823300278702849e-01
9.904233225832982379e-01
9.922377890404484591e-01
9.945728917913209122e-01
9.919649186072883040e-01
9.939193872183275102e-01
9.943169374160700791e-01
9.988888780581517413e-01
1.000391864755484583e+00
9.970114475831660661e-01
9.945468978013566330e-01
9.971904543048768499e-01
9.963492235674048514e-01
9.962973205665783816e-01
9.986188630059265048e-01
9.937489752644599328e-01
9.991066478822613339e-01
9.981549862488374725e-01
9.966692204000140443e-01
9.991039909167070965e-01
9.952528019458896091e-01
9.971739158495893651e-01
9.963232494595435362e-01
9.937577032100685104e-01
9.952673606489004232e-01
9.984068271279492590e-01
9.969556694729602153e-01
9.981494158969322905e-01
9.972048933736459286e-01
9.962993469877513553e-01
9.950585762281352054e-01
9.918108563040021197e-01
9.974892373253341216e-01
9.965509490787736180e-01
9.965493223690743418e-01
9.971493667381839954e-01
9.969515758289602125e-01
9.959665000954408542e-01
9.988142321839839077e-01
9.928125340531155363e-01
9.945128021405253982e-01
9.978992089131720755e-01
9.948078310805339441e-01
9.957014217966106973e-01
9.961546402725750537e-01
9.962603137459923319e-01
9.913829172559417424e-01
9.981829139594964317e-01
9.944651691230850243e-01
9.959636354834360272e-01
9.974127856741077380e-01
9.999461718686905032e-01
9.988248601473849186e-01
9.995194298940240918e-01
9.981518205320727422e-01
9.982723006356339912e-01
9.988831576811910695e-01
9.969167535047219753e-01
9.994096276290138636e-01
1.001282974518809876e+00
9.997806936530473365e-01
9.972927764127680339e-01
9.982096451791793168e-01
1.000495565945456189e+00
9.970595958690535721e-01
9.983285693216148449e-01
9.998691689595268217e-01
9.983296132837963244e-01
9.953981648047598441e-01
1.002500474038267253e+00
9.949018565894069965e-01
9.982780814978143846e-01
9.981197670377406350e-01
9.965373870673429613e-01
9.967387488425684117e-01
1.000326563963514159e+00
9.986556733001950015e-01
9.976552661785976772e-01
9.971300977646923025e-01
9.974832641653151866e-01
9.977360611382658506e-01
9.977173597097691582e-01
9.976542771508990493e-01
9.999206066119058489e-01
1.001281356014913859e+00
9.985368872122283301e-01
1.000596332810659073e+00
9.992781518775012417e-01
9.992867553922534229e-01
9.990228284626873068e-01
9.994208536441451241e-01
9.976347994336215441e-01
9.986094102061213729e-01
1.000495650038626838e+00
9.984599025618565715e-01
9.989012824194107854e-01
9.991074615231730904e-01
9.986983867127089409e-01
9.987691100690593293e-01
9.995720991992619320e-01
1.000587567317098969e+00
1.002943832162632942e+00
1.001380845362230820e+00
1.001139873483846587e+00
1.000397504888389077e+00
9.992736371512682680e-01
1.001315018659549860e+00
1.002665372642245867e+00
1.001613174952471486e+00
1.000651649823109723e+00
1.002711431289635469e+00
9.990993872561910738e-01
9.982304126878984718e-01
9.989460613286654800e-01
1.000616551789681674e+00
9.996372135903111023e-01
1.003901340516679230e+00
1.001443934806969027e+00
9.975564288390780243e-01
9.995873086444234668e-01
1.000497427984669674e+00
9.999680769015397708e-01
9.984147733492391152e-01
1.003652117289023815e+00
1.000711279311705892e+00
9.997103996913423440e-01
9.990686943787654428e-01
1.000246656457085104e+00
1.000178045007148020e+00
9.899421769426349771e-01
9.811797179666463808e-01
9.691359947186125590e-01
9.562957457323024713e-01
9.456526417677583174e-01
9.336180119675119293e-01
9.234560580625302828e-01
9.147524812131730965e-01
9.013798903093096504e-01
8.936128847654919438e-01
8.814054636649820695e-01
8.678502868372257595e-01
8.591851730960953226e-01
8.503848461591262398e-01
8.380450507096089963e-01
8.277302314506652658e-01
8.193398030624968742e-01
