0.000000000000000000e+00
0.000000000000000000e+00
0.000000000000000000e+00
0.000000000000000000e+00
0.000000000000000000e+00
0.000000000000000000e+00
0.000000000000000000e+00
0.000000000000000000e+00
0.000000000000000000e+00
0.000000000000000000e+00
0.000000000000000000e+00
0.000000000000000000e+00
0.000000000000000000e+00
0.000000000000000000e+00
0.000000000000000000e+00
0.000000000000000000e+00
0.000000000000000000e+00
0.000000000000000000e+00
0.000000000000000000e+00
0.000000000000000000e+00
1.303985025014465547e-05
3.714254210620011182e-02
1.087138135643212600e+00
3.517625234529560441e+00
3.447066030405411041e+00
1.900834777855348712e+00
8.582877645577051684e-01
3.941742253813114716e-01
2.000719259570795661e-01
1.207391847352236730e-01
1.903198802035566961e-01
7.313905093456118944e-01
1.525517567810228403e+00
1.784207517235685270e+00
1.489286117176080060e+00
1.091186498259362425e+00
8.286913147388537126e-01
7.163473724120557051e-01
7.054069705046533967e-01
7.559926112083287242e-01
8.344858076717642792e-01
9.234697883084663772e-01
1.002886602590123077e+00
1.073732425582250682e+00
1.129840392946802385e+00
1.171230197848727839e+00
1.193518443193666734e+00
1.195144273028847737e+00
1.182180517400276853e+00
1.151096924633743468e+00
1.117113779019744513e+00
1.082132074403648447e+00
1.050723550616960100e+00
1.023263500875848830e+00
9.952328051638902329e-01
9.746251802397752906e-01
9.592989639399288615e-01
9.437023709992049536e-01
9.351736746626164720e-01
9.313001675038935501e-01
9.295475751941782994e-01
9.331831239088884677e-01
9.431051330821317302e-01
9.472614864776371935e-01
9.630085363457238090e-01
9.713527088308602231e-01
9.811552998675177051e-01
9.900547809766254703e-01
9.957167114938042518e-01
9.989850954228279845e-01
1.004498375047727876e+00
1.008775286403115867e+00
1.012122828932915608e+00
1.013641666431653432e+00
1.015223371606672975e+00
1.013131579233208512e+00
1.013957718786754114e+00
1.014147713382176352e+00
1.010257092469024176e+00
1.007041382500559967e+00
1.006414765649394694e+00
1.005098781680527242e+00
1.002262825186952311e+00
1.001470013682339566e+00
1.000925822738949256e+00
9.993494425297964057e-01
9.987222148915824160e-01
9.994724786927046134e-01
9.984546169958008477e-01
9.985824744104486728e-01
1.000023513126688801e+00
9.966802028718962925e-01
9.967471071876081723e-01
9.976038413147328976e-01
9.974310073424469403e-01
9.959931022246659715e-01
9.957852093001394733e-01
9.970696498173281519e-01
9.966970459914983316e-01
9.976736834093762329e-01
9.975590462483818754e-01
9.994620589393031773e-01
9.992831727082200910e-01
9.997647136931564482e-01
1.000498629052146704e+00
9.993838822635873198e-01
1.000014680378347842e+00
1.001084235458628902e+00
1.000428222101271469e+00
1.000587672805308026e+00
1.001005751921082654e+00
1.001682635718988967e+00
1.000468914228811235e+00
1.000468039302612855e+00
1.000101354336469184e+00
1.001310220484167735e+00
1.000873321963295037e+00
1.000781388696203367e+00
1.000194017646017564e+00
1.001972067928808219e+00
9.999717024997863968e-01
1.000600812479342849e+00
1.000900870108010876e+00
9.998809811272256765e-01
1.000004341284498111e+00
1.000278697342839029e+00
9.992932316618540201e-01
9.993804065986873209e-01
9.988844392437821185e-01
9.999209962595149159e-01
9.996853667424383527e-01
9.998020970537612184e-01
9.992572693367394177e-01
9.992724915045140266e-01
9.990355978847538232e-01
1.000039900316414654e+00
9.988572750814881385e-01
9.998638363461974654e-01
9.998357916969281556e-01
9.996694557552281424e-01
1.000602139910296673e+00
1.000323830962750016e+00
1.000353157799233950e+00
1.001024736827543116e+00
1.001249122324691543e+00
1.001691243643162199e+00
1.001065243319392950e+00
9.995972025256163462e-01
1.000235186326439596e+00
1.000972216319350405e+00
1.000152143453811870e+00
1.000330057422211150e+00
9.989822452904157934e-01
9.991786803747387813e-01
9.994909360910935181e-01
9.994035830475442861e-01
9.995901997206458889e-01
9.989281159263005971e-01
9.996895416237207010e-01
1.000152171897676245e+00
9.999980186120709380e-01
9.987326509298619648e-01
9.988689225107281189e-01
9.998715441015841865e-01
9.998291111596666614e-01
9.998767808258006706e-01
9.996461479909486414e-01
9.997541250650194833e-01
1.000348196938245504e+00
1.000273200807455298e+00
1.000394346006891588e+00
1.000349802844334501e+00
1.000707284074062731e+00
1.000227343963442816e+00
9.997612269082970515e-01
1.000780423765731175e+00
1.000101982254254285e+00
1.000066257242727019e+00
1.000321891250983253e+00
1.000675287376234346e+00
1.000282161610262177e+00
1.000441562908499948e+00
1.000007841700954803e+00
1.000994817768858791e+00
1.000197814302273391e+00
9.998282307044067396e-01
9.996923738959946348e-01
9.993603423654633389e-01
1.000235948192295110e+00
9.997605382918279826e-01
1.000197970755500876e+00
1.000180925636325213e+00
1.000178882475119213e+00
9.994181620795455911e-01
1.000825333116110771e+00
1.000101765033826418e+00
9.994432540660219688e-01
9.999193882439834091e-01
1.000094430083108943e+00
9.998356322604333712e-01
1.000205769595414074e+00
1.000196421007361280e+00
9.997306637917483529e-01
1.000104299891308335e+00
1.000096750968762160e+00
9.998676761148318493e-01
9.999301871053568602e-01
1.000129254863136419e+00
9.998986242687254444e-01
1.001013245251582529e+00
1.000305963891091832e+00
9.995829555998406724e-01
1.000374268971866210e+00
1.000130657622100072e+00
9.993829019318425377e-01
9.997779022496520174e-01
9.995043849850169249e-01
1.000280534859489201e+00
1.000803287098576577e+00
1.000085973631144043e+00
1.000055310765893379e+00
1.000665122476620761e+00
1.000779739201021146e+00
9.997768171399811221e-01
1.000043863906322494e+00
9.994084338651257893e-01
1.000308374085872032e+00
9.997309050769092043e-01
1.000040498587574600e+00
1.000399779260088939e+00
9.995198443627892892e-01
1.000316000986400056e+00
9.994318762254865707e-01
1.000324235151293095e+00
9.999762488540938632e-01
1.000182363547085007e+00
9.996993406747783917e-01
1.000406530248968417e+00
1.000243834654160668e+00
9.998110364704216879e-01
9.996651618282923479e-01
9.999246976403295406e-01
1.000437882887335261e+00
1.000633542869262538e+00
1.000192904501344904e+00
9.994416696689680801e-01
1.000282369160570672e+00
1.000308620960774553e+00
1.000291580884144160e+00
1.000526457330306540e+00
1.000248791849968288e+00
9.998693750439741068e-01
9.996532821428731896e-01
1.000477589663741895e+00
9.999550686959095547e-01
9.998985527214756530e-01
1.000645357643412892e+00
1.000120646092292676e+00
9.996363454939816151e-01
1.000546939131455426e+00
1.000240284403917324e+00
1.000297391821841186e+00
9.986323007192720036e-01
9.905519273046409223e-01
9.788706646419927937e-01
9.678419832789220134e-01
9.570137022131386395e-01
9.459383732890681573e-01
9.348422829372380338e-01
9.235489352937543694e-01
9.131649130753567434e-01
9.021660016276229488e-01
8.915987551586644910e-01
8.808909047439794637e-01
8.705719156759200716e-01
8.602655995479924211e-01
8.496933915284826666e-01
8.394023518157575081e-01
8.296153641478178908e-01
8.192873871061840951e-01
