0.000000000000000000e+00
0.000000000000000000e+00
0.000000000000000000e+00
0.000000000000000000e+00
0.000000000000000000e+00
0.000000000000000000e+00
0.000000000000000000e+00
0.000000000000000000e+00
0.000000000000000000e+00
0.000000000000000000e+00
0.000000000000000000e+00
0.000000000000000000e+00
0.000000000000000000e+00
0.000000000000000000e+00
0.000000000000000000e+00
0.000000000000000000e+00
0.000000000000000000e+00
0.000000000000000000e+00
0.000000000000000000e+00
0.000000000000000000e+00
0.000000000000000000e+00
0.000000000000000000e+00
0.000000000000000000e+00
0.000000000000000000e+00
1.556296161955849917e-04
4.209368906988683601e-02
9.229428573757126886e-01
3.207209175321370953e+00
3.643761709712753483e+00
2.328616412681132619e+00
1.137526349175902007e+00
5.400540223326890654e-01
3.003658711249868607e-01
2.320897308574161599e-01
2.386109472734047610e-01
2.531567572707104641e-01
2.996436796160459326e-01
3.323744273768631796e-01
3.496842150814333250e-01
3.613631830291600955e-01
3.745543967144501774e-01
4.379285992349108425e-01
5.378700249127470467e-01
6.859373544254955268e-01
8.509157820641639614e-01
1.033201288779250993e+00
1.193313927175173594e+00
1.311301868378565993e+00
1.411412327542404865e+00
1.478925005076615840e+00
1.522231405395818582e+00
1.561545752584937885e+00
1.526794730318445037e+00
1.462051780564294967e+00
1.335802764519606889e+00
1.192375561528306926e+00
1.065782644021797898e+00
9.772985469995031371e-01
9.096628766360250751e-01
8.732445474021048870e-01
8.671584329160408888e-01
8.669771958307453952e-01
8.703344604165182963e-01
8.818108812000037267e-01
9.064870378821372476e-01
9.360929914428007814e-01
9.556082418710504234e-01
9.692098238938559041e-01
9.866183617933108607e-01
1.005141847526824561e+00
1.018167321538008041e+00
1.032424187355699186e+00
1.038912504725403529e+00
1.056546010193429419e+00
1.039146730417285225e+00
1.040156487143751418e+00
1.039068778762903600e+00
1.026503529522002633e+00
1.015203023497332602e+00
1.003445061108797720e+00
9.960878756854247840e-01
9.852795319189124879e-01
9.758600964037743575e-01
9.672834594555872467e-01
9.646432466069322365e-01
9.706535185035513047e-01
9.677351291554736612e-01
9.786893447217913655e-01
9.830913991693318588e-01
9.856021001441110929e-01
9.923881602882509423e-01
9.956146082456167612e-01
1.001172843138567359e+00
1.005343194161571807e+00
1.011692659614017220e+00
1.016739000287758099e+00
1.014943889532578636e+00
1.013853416744670666e+00
1.008798864349190971e+00
1.013178078669312088e+00
1.003458151146529476e+00
1.005278080427486342e+00
1.003930898720089226e+00
9.980782877957240506e-01
9.965023378774718887e-01
1.001993061284748965e+00
9.939714851960598230e-01
9.948637212295983190e-01
9.911838183541687997e-01
9.999134929687623075e-01
9.954349127630068850e-01
9.967516999906095299e-01
9.936833003641410977e-01
1.004004539617659786e+00
1.003172397241890668e+00
1.007121950914041664e+00
1.003890041460502536e+00
1.004049850847251957e+00
1.004313185585520740e+00
1.005360804404328290e+00
1.005498283580467556e+00
1.003761848539182822e+00
1.004841139751018408e+00
9.995154984860765701e-01
1.000569975433879488e+00
9.994751253250762080e-01
1.000596764916669157e+00
9.990315300706558155e-01
1.007247020992911857e+00
9.998710557251037079e-01
1.001308378310806102e+00
9.990669908983091929e-01
1.001102960149354626e+00
9.986846760311969273e-01
1.001198006058277912e+00
9.984660602821771036e-01
1.001758109051689161e+00
9.983832581595571964e-01
1.000708643095299388e+00
1.002007700957606051e+00
9.999115676856000778e-01
1.000202899643381604e+00
1.002325221229555696e+00
1.004692663413645937e+00
1.003468655880434435e+00
9.975792392957939514e-01
1.001567747328447000e+00
1.002885216561853809e+00
9.981450934313762513e-01
9.983502923143797725e-01
9.982274016352237211e-01
1.001709369494458102e+00
9.982215760609953747e-01
9.985307326183440191e-01
9.950896890502514136e-01
9.984436760218308171e-01
9.969265068424744136e-01
9.974077211160133904e-01
1.000028550551142592e+00
9.976410488307160263e-01
9.985532182877273621e-01
9.965113804755239002e-01
1.001144804343370609e+00
9.983470255165562968e-01
9.955865079739172341e-01
9.983546346527881754e-01
9.986521021883737470e-01
1.000472118064998472e+00
9.977886137688604107e-01
1.001892091210540681e+00
1.000792609540491318e+00
9.985700796006437008e-01
9.985151070206095270e-01
9.998588181987826395e-01
9.967930739142626395e-01
1.001129577136148585e+00
9.972242000068278767e-01
9.999342227637800784e-01
1.000582734795890882e+00
1.000333103414613234e+00
1.001879088342950030e+00
9.960023059805264145e-01
1.002382533626223093e+00
1.002874000478161776e+00
9.998511202264761533e-01
9.950246235310941101e-01
9.990877233346096009e-01
9.987493584353697162e-01
1.002301431045300228e+00
1.003144822156753380e+00
1.000926996419101878e+00
1.001169439173239972e+00
1.000937498040814555e+00
1.002655364263158155e+00
9.996933408476590399e-01
1.001463545824198054e+00
9.976450565675267779e-01
9.990804869541622946e-01
9.998402676203785866e-01
1.000877280468768893e+00
1.000291465330408913e+00
1.001365253053900117e+00
9.980514732822149959e-01
1.001539266949660334e+00
9.993947088152733693e-01
9.996598830706825423e-01
1.000054129516084078e+00
9.959610668423160007e-01
1.001308548267438203e+00
9.977108024699528066e-01
9.983594323472311238e-01
9.981253958298693663e-01
1.000363661270810445e+00
9.998161374970336857e-01
9.998061854110853464e-01
9.968354391142799642e-01
9.966741407059169777e-01
9.979059523927561459e-01
9.995868854955302085e-01
9.989321305948837271e-01
9.994548075741329640e-01
1.001001422806511609e+00
9.979414457570475738e-01
9.993826548601594251e-01
9.982157302698720924e-01
9.972163959403966826e-01
9.990705527107974770e-01
1.001360300998220154e+00
9.973763766246006579e-01
9.983848344602203051e-01
1.000519656045917083e+00
9.984654394334289140e-01
9.976679302110974534e-01
9.983122201543263019e-01
9.984142947545934232e-01
9.981958107919783885e-01
9.996755246793662675e-01
9.991129916867536043e-01
9.967359532815203149e-01
9.985166363727804306e-01
9.964982956849516293e-01
9.946702887425551420e-01
9.963713007265500021e-01
9.989727479921624020e-01
9.975289379910591281e-01
9.979300319225362648e-01
9.965819356741949520e-01
9.975310426961487842e-01
9.979632023154779707e-01
9.948725872858072972e-01
9.968191635418995888e-01
9.978590235087895222e-01
9.974695465688762086e-01
9.978272323019924395e-01
9.965815873704138017e-01
9.963844742010052880e-01
1.000444532821379351e+00
9.986014308265753758e-01
9.979363519137184335e-01
9.972249523591231180e-01
9.962611479736300790e-01
9.974007029747989916e-01
9.965383242749736858e-01
9.965102813282812333e-01
9.956125319704128840e-01
9.907729380027519017e-01
9.796156039617760491e-01
9.718172273078967693e-01
9.568883047765700534e-01
9.489908831008818657e-01
9.371322783892055419e-01
9.273274475718790155e-01
9.162374270473000459e-01
9.061902622181976508e-01
8.934640462988859833e-01
8.851537151271808845e-01
8.761528336444730503e-01
8.645647254700558060e-01
8.543295792291970558e-01
8.433573026995996313e-01
