0.000000000000000000e+00
0.000000000000000000e+00
0.000000000000000000e+00
0.000000000000000000e+00
0.000000000000000000e+00
0.000000000000000000e+00
0.000000000000000000e+00
0.000000000000000000e+00
0.000000000000000000e+00
0.000000000000000000e+00
0.000000000000000000e+00
0.000000000000000000e+00
0.000000000000000000e+00
0.000000000000000000e+00
0.000000000000000000e+00
0.000000000000000000e+00
0.000000000000000000e+00
0.000000000000000000e+00
0.000000000000000000e+00
0.000000000000000000e+00
0.000000000000000000e+00
3.422551405117783829e-02
1.009706243662475522e+00
3.288427631353854075e+00
3.262482949961173162e+00
1.817860679157084380e+00
8.348146473115432009e-01
3.846889567602002069e-01
1.986011141806939273e-01
2.303896356509722299e-01
8.466240274113608910e-01
1.734677507470065994e+00
1.901625487021082472e+00
1.457344201002774398e+00
9.953646306647734310e-01
7.265986283887003738e-01
6.217669837111496900e-01
6.228987364479853239e-01
6.797639092467603339e-01
7.598525416540760080e-01
8.510433868557861770e-01
9.419572546642676070e-01
1.024430726079745835e+00
1.095815061285478453e+00
1.148304532472587791e+00
1.188028371336300237e+00
1.206186980789876406e+00
1.202039653603115044e+00
1.181044715717932903e+00
1.150805475244469189e+00
1.111480575487592715e+00
1.074108357165139527e+00
1.038241216888466267e+00
1.002775756180640521e+00
9.721789450255953202e-01
9.545774723853915900e-01
9.351753537650451253e-01
9.280036183518951542e-01
9.274817710034943818e-01
9.244401109547337736e-01
9.256442179805122183e-01
9.336910562254416845e-01
9.436667232138767902e-01
9.568444780451296205e-01
9.683565515703774773e-01
9.785084904878478262e-01
9.906832968316656718e-01
9.972473450023526809e-01
1.006073300734674714e+00
1.009193010711497029e+00
1.011714616713299320e+00
1.016327918417271770e+00
1.018587993653982116e+00
1.019304569105599967e+00
1.019955272606145380e+00
1.016850716117034148e+00
1.016191030566888420e+00
1.012163000461979045e+00
1.008261565153676820e+00
1.003811218696977869e+00
1.001955087519157850e+00
1.000918847178236426e+00
9.995490068015475682e-01
9.984391877705175444e-01
9.968395382629361423e-01
9.972948263575630579e-01
9.955990758522322848e-01
9.952869001328816800e-01
9.950925994585436696e-01
9.962907787854691222e-01
9.968811451101228238e-01
9.950798617720593153e-01
9.964157252233675210e-01
9.958073109636785825e-01
9.978097491591083612e-01
9.968701264077731716e-01
9.981044973779399365e-01
9.988197185719257520e-01
9.994093153654746153e-01
1.001368599031787765e+00
1.001265038705793753e+00
9.995641682731133404e-01
1.000754667839728329e+00
1.001149842048137284e+00
1.000121480988225287e+00
1.001175815951525827e+00
1.001376306622144163e+00
1.001516428998308728e+00
1.001210364832427091e+00
1.001033168675687479e+00
1.001371759379682036e+00
1.001375734380307359e+00
1.002466758092964261e+00
1.000808575990886906e+00
9.983054551199298521e-01
1.000707158277661657e+00
1.001486393047694268e+00
1.000422035143801791e+00
1.000206437716682162e+00
1.000308601077263049e+00
9.996358518554766537e-01
9.996442108132432836e-01
1.000081183379990746e+00
9.999706770132481548e-01
1.000623161634570657e+00
9.999254509974688787e-01
9.992631009781547391e-01
1.000409038780565307e+00
9.993417093217866753e-01
9.991755999212109662e-01
9.993935420738139230e-01
9.996537943036923890e-01
9.999939721755624067e-01
1.000439191551065754e+00
1.000408866191278667e+00
1.000423712153498679e+00
1.000083100198622343e+00
1.000201306821782321e+00
9.997814916534343288e-01
1.000865816784260343e+00
1.000078116723233324e+00
9.993460534834245346e-01
1.000012470382066976e+00
1.000808731584746258e+00
1.000333780465612943e+00
9.992107838043934320e-01
9.996922934958875073e-01
9.995531907944795735e-01
9.991729905429789227e-01
9.998000066288671439e-01
9.989770130516493207e-01
9.995393676030955854e-01
9.997263230428197200e-01
9.996133154648576546e-01
9.995408265375660406e-01
1.000952317933931690e+00
1.000020883611313360e+00
9.996376841404078784e-01
1.000460362304130379e+00
1.000659326619235179e+00
1.000041961534477553e+00
1.000703190653930541e+00
1.000899420958397679e+00
1.000137331136663477e+00
1.000352527292931226e+00
1.000058415035423032e+00
9.994282119722106561e-01
1.000203145723198794e+00
1.000172962400423415e+00
9.998457341366852047e-01
9.998153808069887294e-01
9.991260229951385297e-01
9.999354757965648322e-01
1.000222903926733409e+00
1.000342738932560982e+00
1.000567661086615656e+00
1.000224691255773291e+00
1.000098767485743778e+00
1.000420154277993801e+00
1.000353001584831647e+00
9.999420740207396463e-01
1.000691977686301026e+00
1.000503611789977931e+00
1.000769549313788698e+00
1.000247598718053021e+00
1.000830143136535177e+00
1.000366337011650453e+00
9.997859189420453818e-01
9.999233437227054155e-01
1.000503019979274377e+00
1.000205655198577404e+00
9.999102672661307478e-01
1.000317949500426185e+00
9.999899731421527660e-01
1.000079526061969259e+00
1.000283412833742780e+00
9.998226347316955254e-01
9.997290806882203063e-01
9.997286067422168632e-01
1.000132883584547105e+00
1.000758532360850772e+00
1.000138698484450694e+00
9.995234245790516336e-01
1.000584712488168826e+00
1.000839943295241952e+00
9.999076381903910793e-01
1.000379704650525170e+00
1.000349369081573681e+00
1.000575085323836433e+00
9.997075606759929789e-01
1.001282863423948788e+00
9.996794944732230181e-01
9.993307576934408187e-01
9.998297455148722479e-01
9.999354887537401648e-01
1.000124897727100004e+00
9.997690621806529787e-01
1.000015020173371072e+00
1.000571256066693060e+00
9.999247969779890832e-01
1.000521761193819525e+00
1.000252779054569441e+00
9.996840378979440223e-01
1.000142145134520266e+00
1.000847785633717901e+00
1.000048361798579144e+00
1.000373269502938589e+00
1.000405629546110564e+00
1.000464440569173163e+00
9.999963642681807263e-01
1.000039457343907978e+00
1.000552813533146068e+00
9.997627449320639625e-01
1.000191695074323928e+00
1.000186948056482450e+00
1.000176457498503257e+00
1.000055049528357998e+00
1.000872840456914492e+00
1.000210229820262864e+00
9.998513493995464518e-01
9.997586627021134431e-01
1.000025403200198282e+00
9.994256782986092880e-01
1.000598768958219420e+00
1.000238394294722166e+00
1.000110619570767634e+00
1.000077047506381156e+00
1.000122906436118120e+00
1.000439940384854287e+00
1.000243830469822903e+00
1.000231688348734327e+00
1.000101580545485147e+00
1.000208114933190950e+00
1.000493879865487212e+00
9.999837389100728613e-01
9.999604757637305941e-01
1.000414452957329781e+00
1.000284398846049028e+00
1.000495394131694971e+00
1.000160220360243546e+00
1.000377096559962986e+00
9.999511408861023742e-01
9.999609476841574418e-01
1.000658009193403197e+00
1.000155948749694490e+00
9.960128638971231796e-01
9.846761525808641613e-01
9.738492411845964813e-01
9.626484621712819711e-01
9.519385395688819695e-01
9.406817493727859247e-01
9.298555223248782253e-01
9.196057664665733267e-01
9.082462673369881001e-01
8.979164452693447762e-01
8.874583549364144508e-01
8.769323273538843777e-01
8.665036789698622455e-01
8.562720497943643316e-01
8.461110230942031629e-01
