0.000000000000000000e+00
0.000000000000000000e+00
0.000000000000000000e+00
0.000000000000000000e+00
0.000000000000000000e+00
0.000000000000000000e+00
0.000000000000000000e+00
0.000000000000000000e+00
0.000000000000000000e+00
0.000000000000000000e+00
0.000000000000000000e+00
0.000000000000000000e+00
0.000000000000000000e+00
0.000000000000000000e+00
0.000000000000000000e+00
0.000000000000000000e+00
0.000000000000000000e+00
0.000000000000000000e+00
0.000000000000000000e+00
0.000000000000000000e+00
0.000000000000000000e+00
0.000000000000000000e+00
0.000000000000000000e+00
0.000000000000000000e+00
0.000000000000000000e+00
0.000000000000000000e+00
2.944649011624829102e-02
4.661834967352075920e-01
1.635962609631844922e+00
2.014360199794532846e+00
1.465332395806028920e+00
8.308963958777358938e-01
4.680655460472373242e-01
3.199109330707573529e-01
2.775656153709932239e-01
2.698337605991540378e-01
2.912187561156241444e-01
2.785493029821803912e-01
2.745446438088582908e-01
2.602384445335461094e-01
2.606464404046129335e-01
2.861931349905683097e-01
3.418593317687789734e-01
4.358259424787181424e-01
5.691863248636378492e-01
7.282468269254055437e-01
8.873824300888951688e-01
1.068382416221427489e+00
1.182604737839499265e+00
1.311315590974304390e+00
1.405903953190793310e+00
1.472259499813153294e+00
1.513664918538897952e+00
1.533493182917882613e+00
1.476920918261916515e+00
1.386679497223009649e+00
1.267430263559773396e+00
1.159959268967593493e+00
1.059062530060264296e+00
9.880017094937799671e-01
9.277465183156671236e-01
9.032630316239945723e-01
8.816409029709647571e-01
8.842895976973044192e-01
8.848237865296583182e-01
8.842784926998332740e-01
8.947033657142893226e-01
9.120757085463485625e-01
9.287261769997291472e-01
9.440476107329022204e-01
9.612579934114074964e-01
9.844049069790201667e-01
1.012577752626791838e+00
1.005249871827870400e+00
1.018705175404805985e+00
1.023188668977194515e+00
1.023540045198830573e+00
1.022793662834352801e+00
1.029070757727379659e+00
1.017774849617605337e+00
1.004508518055306165e+00
9.982048350872781972e-01
9.893603592056734453e-01
9.841811828246760374e-01
9.699120582434940241e-01
9.647038595664979566e-01
9.701004423126972087e-01
9.647220163179376362e-01
9.687532155857011551e-01
9.685861130156546706e-01
9.734493532351989886e-01
9.790988488239661391e-01
9.862940155227558625e-01
9.914819410486038764e-01
9.919829541884214175e-01
9.980750568629331854e-01
1.003529566403021711e+00
9.998493756329672744e-01
1.004470944104928432e+00
1.002510167996228718e+00
1.004922835453370134e+00
9.994963641381984232e-01
1.001540649327242072e+00
9.978104252326307488e-01
9.980297734735552595e-01
9.971189040700509931e-01
9.944473063974479388e-01
9.959971350482779151e-01
9.966698549733152834e-01
9.977577726070423481e-01
9.981970783179545670e-01
1.000618684294392269e+00
1.002932340916070419e+00
1.000342074911553469e+00
1.002936901297660777e+00
1.001896789320844805e+00
9.980388056530019592e-01
1.001868137543294290e+00
9.977609739897613794e-01
9.987933919805600524e-01
9.986746140651819870e-01
9.961418948787960082e-01
9.991652299443849472e-01
1.003680147634474107e+00
1.007394479567039758e+00
1.005079547530246975e+00
1.008461177568782396e+00
1.000970469574950839e+00
1.004825479685093725e+00
1.005476795928099243e+00
1.001707319152374653e+00
9.958996953661758411e-01
9.938072740308622199e-01
9.974845954722075803e-01
9.991250891587944993e-01
9.944326572550543641e-01
9.866945645826274980e-01
9.981677650718292494e-01
9.932987846579406366e-01
9.963565184086544679e-01
9.984756206384971522e-01
9.985107682759132297e-01
9.992961387612883106e-01
9.987134412257421268e-01
1.000476534152465513e+00
1.000047870990861121e+00
9.997209613612467738e-01
9.961624312039735196e-01
9.998231606276150041e-01
9.961337861643763114e-01
9.985691746209137687e-01
1.001398701344667241e+00
9.983032815511773128e-01
9.996175762267981435e-01
9.958399076031640984e-01
9.997782230812074511e-01
9.980195284416589763e-01
9.976847570630928974e-01
9.970821846407481592e-01
9.966819328717293480e-01
1.000067812399251244e+00
9.985825491436490786e-01
1.000870801102806684e+00
9.945524375352753355e-01
1.001838888471247246e+00
1.000184784985428843e+00
9.981231970075097326e-01
9.997610186885673711e-01
9.983192761001835613e-01
9.956198874831243550e-01
9.989950072451090346e-01
9.969451737127706936e-01
9.967165454492412646e-01
9.953444423284055764e-01
9.982584823507058003e-01
9.966394928668538267e-01
9.949865246544998820e-01
9.963525638240162685e-01
9.941047505201980883e-01
9.965573038859393273e-01
9.985013807021735355e-01
9.986854439541227313e-01
9.989266844801314438e-01
9.974195800700732528e-01
9.956463137248748874e-01
9.982215890186415530e-01
9.975897565938309786e-01
1.000160082497605352e+00
9.969187032208061128e-01
9.994911363228338175e-01
1.001357073305737533e+00
9.969262109230412339e-01
9.986804345201991673e-01
1.000081187621634227e+00
1.000821724317863204e+00
9.975539803562718522e-01
9.970859318957850936e-01
9.965089453882296500e-01
9.986248500049212939e-01
9.991097642762388764e-01
9.972491595545135423e-01
9.987677836981730950e-01
9.963305561463068338e-01
9.993131810312616548e-01
9.993458318082787395e-01
9.980190142603977410e-01
9.999003109370011577e-01
9.985406072684334111e-01
1.000112793997186555e+00
9.969181910565216853e-01
9.989687335482795305e-01
9.991385522174272005e-01
9.991425291695434918e-01
9.980579487244786163e-01
9.974741564052064247e-01
9.982528343307475183e-01
9.984494320042713866e-01
9.978687464967790355e-01
9.978971086733219309e-01
9.984614456333130716e-01
1.000076311693050668e+00
1.000272483109665433e+00
1.001677982662819266e+00
9.971574314079461043e-01
9.981740448151403822e-01
9.990580560476481908e-01
9.993133694199519690e-01
1.001182429068582014e+00
1.000314140423210540e+00
9.982353945076227753e-01
9.986955902375794780e-01
1.000460305520684212e+00
9.996980206644907607e-01
9.987547893300008361e-01
9.985837923213020106e-01
9.998731024029661185e-01
9.992904409623946105e-01
1.001341656694454851e+00
1.001214646076773240e+00
9.994596255895767944e-01
1.000610156187873745e+00
1.000705860060973729e+00
1.001949675042650645e+00
1.001381725756296248e+00
1.000283253716629295e+00
1.000138578696269986e+00
9.980373654992856780e-01
1.001393627559281407e+00
9.982432494648529886e-01
9.988806668532526079e-01
9.977124552553152670e-01
9.981915430039773884e-01
1.001019508661778801e+00
9.988047730886161490e-01
1.002118559725087232e+00
9.995145420631521560e-01
9.970662609600549064e-01
9.988509555814900631e-01
9.986729569969804432e-01
9.993114747640386986e-01
9.990559534080195592e-01
9.985567621941638938e-01
9.977902008202544915e-01
9.872511477560498294e-01
9.751511608350194038e-01
9.653561760260108704e-01
9.553551868653571422e-01
9.439693473094434850e-01
9.334259965980333806e-01
9.218613610659441848e-01
9.127458106679842142e-01
9.003834438861132439e-01
8.903948504211186554e-01
8.794558036474443563e-01
8.694917063775352561e-01
8.615149909924478822e-01
8.495334535925995745e-01
8.403849722711408399e-01
8.278716162787438382e-01
8.197603197077201198e-01
