0.000000000000000000e+00
0.000000000000000000e+00
0.000000000000000000e+00
0.000000000000000000e+00
0.000000000000000000e+00
0.000000000000000000e+00
0.000000000000000000e+00
0.000000000000000000e+00
0.000000000000000000e+00
0.000000000000000000e+00
0.000000000000000000e+00
0.000000000000000000e+00
0.000000000000000000e+00
0.000000000000000000e+00
0.000000000000000000e+00
0.000000000000000000e+00
0.000000000000000000e+00
0.000000000000000000e+00
0.000000000000000000e+00
0.000000000000000000e+00
0.000000000000000000e+00
3.581539011717704141e-02
1.084599157903152200e+00
3.509668147131194793e+00
3.460805002273804387e+00
1.916094213707313809e+00
8.676712253409880615e-01
3.972229203377579121e-01
2.027212304252633546e-01
1.246264385307144229e-01
1.919989980171398214e-01
7.340659653284574704e-01
1.534605561250586669e+00
1.788134563752683537e+00
1.490821429202155768e+00
1.091613978108192384e+00
8.234915315021544835e-01
7.123807575846559104e-01
7.065159067233978130e-01
7.571382840043250351e-01
8.372010344823694883e-01
9.222201106924301506e-01
1.005616019638035485e+00
1.076242583890575366e+00
1.132172166815242687e+00
1.174664354793545584e+00
1.197735327007282802e+00
1.201793688446983088e+00
1.186411862552682051e+00
1.158235743584109523e+00
1.122752005455113222e+00
1.089169505468885246e+00
1.051855498413768686e+00
1.023194129310961875e+00
9.989551815590118622e-01
9.775257297896211561e-01
9.582815710325103264e-01
9.454439917972224938e-01
9.341202559193885202e-01
9.274762565435641370e-01
9.280273071868309076e-01
9.295498171524433362e-01
9.355275018366571160e-01
9.471719060253190881e-01
9.596328734670267480e-01
9.681866749003745776e-01
9.784353282969621146e-01
9.879314791615029234e-01
9.941569673146554154e-01
9.998671627495443470e-01
1.007337458476836423e+00
1.009270129943796279e+00
1.012915552257698248e+00
1.016265067955329116e+00
1.018707786226478396e+00
1.019358535539047095e+00
1.019144388502820187e+00
1.015838546361488515e+00
1.012331092131724342e+00
1.011073854339460398e+00
1.009893382302920140e+00
1.003807648635758554e+00
1.001852558065499776e+00
1.002587392912394515e+00
1.001224223829546345e+00
9.970186576313148086e-01
9.972146645775634699e-01
9.955616547024506158e-01
9.943164484469176889e-01
9.942039227980172811e-01
9.946982135107004241e-01
9.950094091139852770e-01
9.933948942489422285e-01
9.956896726902236816e-01
9.961552510078617306e-01
9.974653439591629756e-01
9.995891789810135153e-01
9.995593825603971139e-01
1.000338124947326879e+00
1.001672756965707789e+00
1.002110015175561086e+00
1.000265836879894232e+00
1.001508860065269957e+00
1.002185982931530495e+00
1.000738811142209972e+00
9.997611494742103533e-01
1.000974677931886436e+00
1.000590935271516546e+00
1.001781634475013893e+00
1.000252308065878726e+00
1.000615207894627323e+00
9.998384638390396262e-01
9.996819870125706053e-01
1.000644142713571716e+00
9.991336865791280442e-01
9.989459756354205355e-01
9.997317420940881050e-01
9.996026698061580840e-01
9.986548678578932581e-01
9.989691689643893646e-01
9.988163881091715046e-01
9.997547707048080046e-01
1.000479510937338556e+00
1.001070247994258144e+00
1.000799863534627354e+00
1.000231841623112183e+00
1.002164248636729482e+00
1.001520536947321460e+00
1.001285926071347587e+00
1.001420861322275924e+00
1.000549912749259640e+00
9.999626792191333990e-01
1.000317144879563802e+00
1.000819276237942423e+00
9.998052284190197536e-01
9.994787097060892078e-01
9.995350640334663694e-01
9.987849595153889259e-01
9.988037425071394360e-01
9.979652748669571860e-01
9.977059174817942688e-01
9.985732185944214967e-01
9.986778868587282698e-01
9.997801776275437868e-01
9.986239163456230861e-01
1.000187601607134935e+00
1.000341636109593146e+00
1.001423504741760784e+00
1.002617601264238045e+00
1.002060971591948402e+00
1.001815551914749358e+00
1.002610208944567649e+00
1.001237523736902224e+00
1.001844394718106379e+00
1.001707359793122531e+00
1.001179949351397536e+00
1.000684370667600964e+00
1.000550099228445289e+00
1.000170127307271395e+00
9.997046324408506157e-01
9.992268472780740929e-01
9.988421291615796616e-01
9.979178080401986950e-01
9.988540782936716766e-01
9.979686699532364091e-01
9.980093703726270471e-01
9.983819529471220644e-01
9.982346587760217993e-01
9.978285641273832995e-01
9.983268628751298390e-01
9.990751640399531119e-01
9.998785980197193446e-01
9.996409284840439557e-01
1.000602030579564650e+00
1.000354105297839746e+00
1.000885716075228471e+00
1.001265482341060276e+00
1.000974767851248171e+00
1.000508908224405413e+00
1.002174787005722267e+00
1.001504694987932709e+00
1.001450268704953350e+00
1.001279167649815172e+00
1.000843432865016425e+00
1.000459826819368736e+00
1.000044923650010853e+00
1.000130976957872786e+00
1.000193675932015136e+00
9.993226800595441661e-01
9.999983836692506456e-01
9.992871825460555302e-01
9.994717326535764723e-01
9.994093187903633213e-01
1.000373716147916481e+00
1.000368359385009009e+00
9.996573901915265514e-01
9.997383557735065596e-01
9.998315878211986307e-01
9.997026012126652983e-01
9.997904688389764871e-01
1.000195698063123917e+00
1.000803216906388071e+00
9.990784840888646823e-01
1.000388028954785069e+00
1.001017027106027468e+00
9.998313734442568768e-01
1.000671669999148694e+00
1.000210003183028107e+00
1.000312411352709541e+00
1.000324609292913225e+00
1.000279063894385922e+00
1.000454761093409806e+00
1.000234476468272238e+00
9.997655600433552614e-01
1.000548349016449512e+00
1.000473071468206632e+00
1.000847072148837835e+00
1.000126569378711805e+00
1.000081980932309600e+00
9.999426851237486202e-01
1.000510354340719665e+00
1.000647440859084636e+00
1.000065174473096175e+00
1.000244735934204821e+00
9.995211021264043261e-01
9.997373914435342401e-01
1.000437066633719008e+00
1.000070255968535049e+00
9.995134323788036346e-01
1.000062716837023968e+00
1.000624145498185014e+00
9.998586249096996781e-01
1.000099350497392958e+00
1.000438427344538139e+00
1.000239802220155738e+00
1.000207181712547744e+00
9.999802064902345577e-01
1.000351429692512450e+00
1.000240339889310048e+00
1.000633088041736007e+00
9.999185840543771686e-01
1.000215620459955046e+00
1.000231581504799072e+00
9.998245210901467450e-01
1.000274395434812114e+00
1.000373592757065166e+00
1.000026016290594066e+00
1.000122628557282622e+00
1.000133675985874770e+00
9.996395433253676410e-01
9.998346654421245150e-01
9.999551605169656465e-01
9.998955594471999886e-01
1.000322144178639849e+00
1.000090934095359652e+00
1.000748631546286793e+00
1.000522482233839439e+00
1.000037602467655162e+00
1.000623197016148547e+00
1.000957536462655950e+00
1.000190572028479163e+00
1.000491502469115224e+00
9.991052171015328831e-01
9.894388114635754850e-01
9.780234295379528486e-01
9.671429634269688158e-01
9.560557575250400175e-01
9.447564827038978930e-01
9.339706236789080407e-01
9.237504515619998635e-01
9.122557881091289955e-01
9.012241860437670837e-01
8.909548843092205406e-01
8.798472950918551083e-01
8.697626773261527555e-01
8.592169028894987015e-01
8.492993927285856781e-01
8.388319237677704931e-01
8.290501809960626467e-01
8.184991618111573386e-01
