0.000000000000000000e+00
0.000000000000000000e+00
0.000000000000000000e+00
0.000000000000000000e+00
0.000000000000000000e+00
0.000000000000000000e+00
0.000000000000000000e+00
0.000000000000000000e+00
0.000000000000000000e+00
0.000000000000000000e+00
0.000000000000000000e+00
0.000000000000000000e+00
0.000000000000000000e+00
0.000000000000000000e+00
0.000000000000000000e+00
0.000000000000000000e+00
0.000000000000000000e+00
0.000000000000000000e+00
0.000000000000000000e+00
0.000000000000000000e+00
0.000000000000000000e+00
3.661749648408629820e-02
1.076318919256271212e+00
3.514611596072307442e+00
3.450119345017505168e+00
1.908256458207078010e+00
8.632267922264454940e-01
3.965452888505232032e-01
2.002920354105252876e-01
1.229928495730076704e-01
1.936208778474333148e-01
7.323002992414274770e-01
1.530804821048219910e+00
1.777635175658237809e+00
1.487164858501464515e+00
1.086419343482174948e+00
8.286296402663184679e-01
7.182732885980418480e-01
7.077778050107810248e-01
7.578158803109861230e-01
8.365828955516552146e-01
9.258937197129346597e-01
1.007442871966960141e+00
1.079139090362903231e+00
1.131734899691384300e+00
1.172983452844083230e+00
1.194873127670652346e+00
1.202734403611915637e+00
1.185637899733313683e+00
1.158972833363589361e+00
1.122298088065610377e+00
1.085667729498676737e+00
1.056634342744026345e+00
1.024356781465639132e+00
9.973726136870031400e-01
9.774258219545716164e-01
9.584134139863594859e-01
9.435277491318775356e-01
9.329956749312172670e-01
9.276420359122120596e-01
9.283757962130865238e-01
9.284746571243392976e-01
9.363627174142694631e-01
9.454128219347772699e-01
9.576226175414670472e-01
9.665485297016376265e-01
9.769305433590724785e-01
9.863822429046787965e-01
9.923721520197286150e-01
1.000195211008501284e+00
1.005369371169958281e+00
1.011524846039435932e+00
1.015244855346614905e+00
1.016108485636535219e+00
1.019114871517999843e+00
1.018864404602958462e+00
1.018217820513779737e+00
1.016431405698614565e+00
1.014854846153217638e+00
1.011281828525384174e+00
1.007708999375859671e+00
1.004926460703407631e+00
1.003888845349210968e+00
1.002457575831557923e+00
9.981898271890653485e-01
9.982673735978352392e-01
9.955827590571747487e-01
9.960854625512002292e-01
9.948892450283762789e-01
9.948859422421917342e-01
9.920437063096032571e-01
9.927330058025335413e-01
9.946597651566052578e-01
9.945822115453775147e-01
9.965545162990807615e-01
9.972161255033444860e-01
9.981012108487957724e-01
1.000620940756115740e+00
1.000335503698573936e+00
1.001818918073001496e+00
1.003893335341430104e+00
1.001440698312552557e+00
1.001533478967637558e+00
1.001479706089004607e+00
1.001067955609969529e+00
1.000895424475793494e+00
1.000953747122991677e+00
1.000063914749650174e+00
1.001128174447847519e+00
9.996762045092518756e-01
9.995748952143199695e-01
1.000357293916013024e+00
9.997415166838400369e-01
1.000694496367133146e+00
9.996828204716942112e-01
9.981481842117053693e-01
9.996160921752317297e-01
9.988602485363111683e-01
9.983401463740938508e-01
9.985572704839390523e-01
1.000163509981023324e+00
9.989775575673879304e-01
1.001420153829380766e+00
1.000001948913957106e+00
1.000818632155948462e+00
1.001446231106083440e+00
1.001272646582792580e+00
1.001886193067893061e+00
1.000773765313024644e+00
1.001217075758341180e+00
1.001154853461461824e+00
1.000077958641175213e+00
1.001060822511439907e+00
1.000123126978698762e+00
9.997194623420005977e-01
9.988675044343072740e-01
9.990993046921616827e-01
9.975695467134023664e-01
9.984190952602868263e-01
9.991973107709013480e-01
9.983344095593534862e-01
9.985389776148033691e-01
9.985199715074651872e-01
9.992801156355469727e-01
9.986093349236102590e-01
9.996684066471420715e-01
1.000504004132216851e+00
1.000722981466887873e+00
1.001878873790914337e+00
1.003635819698896592e+00
1.002090262356332806e+00
1.002747940935071025e+00
1.001687089978985146e+00
1.002039855676000180e+00
1.001186861257863825e+00
1.000461146262838774e+00
1.001100678221155560e+00
1.001007714493087120e+00
1.000546248168101116e+00
1.000145977637797445e+00
9.986379478805802457e-01
9.991055465413311021e-01
9.988947148790590091e-01
9.981707641439961920e-01
9.986458258619598238e-01
9.981328347420983516e-01
9.987905364797245999e-01
9.983561329940559004e-01
9.986396999473535763e-01
9.989390125459735037e-01
9.983906577723705711e-01
9.994963933627343255e-01
1.000319444659484525e+00
9.999218167271304303e-01
1.000088319467701270e+00
1.000993689288045108e+00
1.001443128512965020e+00
1.000945276388757188e+00
1.000312291879184690e+00
1.001094450785687817e+00
1.001326053960383655e+00
1.000862453029498944e+00
1.001620749555043544e+00
1.000947583854388201e+00
9.999862843073726859e-01
1.000363774636067848e+00
1.000620087313623729e+00
1.000069740387435235e+00
9.990917064838717998e-01
9.999072549322810533e-01
9.997869560972779679e-01
9.998584501831683236e-01
9.996201992191521279e-01
1.000383783061332910e+00
9.994657891802990468e-01
9.999012143619984139e-01
1.000291779311964557e+00
9.999800227071775627e-01
9.997831078149140849e-01
9.996146291698648767e-01
1.000319975821412299e+00
9.996764264549709011e-01
1.000459649844934296e+00
1.000369171750410180e+00
1.000468165880703308e+00
1.000004106014549032e+00
9.997794837085084430e-01
1.000152274635810024e+00
1.000557886897019522e+00
1.000558803761538718e+00
1.000382858788540164e+00
1.000514197606696021e+00
9.998621705548709215e-01
1.000220768476493438e+00
9.996875920248272651e-01
1.000385197947550431e+00
1.000530867053381234e+00
1.000599720209231380e+00
9.992049315189817094e-01
1.000193113863603545e+00
9.999449718319879388e-01
9.997206070070069339e-01
1.000147343644011588e+00
9.998017736968735081e-01
9.995610412952207202e-01
9.998833311496069243e-01
1.000037840575603632e+00
9.995192433112881636e-01
9.999170544782689518e-01
9.998937509788353717e-01
9.998205270853921522e-01
1.000304701951633124e+00
1.000096430896083133e+00
9.998515095612565684e-01
1.000445765361807515e+00
9.997454136089511945e-01
1.000245338469384127e+00
9.999283482978429394e-01
1.000308985161120212e+00
1.000038451530906425e+00
1.000530838821130697e+00
1.000194140594448999e+00
1.000326933352946979e+00
1.000266448885614334e+00
9.998902901958980349e-01
9.997581301820785971e-01
9.999786820581455515e-01
1.000035582117737132e+00
1.000167599829027809e+00
1.000320031462178072e+00
9.997363498107928459e-01
1.000032864350931083e+00
9.997512618298550757e-01
1.000052897464268620e+00
1.000283065577844965e+00
1.000044087585363117e+00
9.997904965407384825e-01
1.000463876219690906e+00
1.000277273007998291e+00
1.000435885513043077e+00
9.999841911386563309e-01
9.998787653198980552e-01
9.986116171143041287e-01
9.901596405397457001e-01
9.787239820178670335e-01
9.671963790064895816e-01
9.562269301720974779e-01
9.454121636119732219e-01
9.345139515142310005e-01
9.233917923923592452e-01
9.125398880563403425e-01
9.017107284469453310e-01
8.912184864239064419e-01
8.805330337274467345e-01
8.695363215757504483e-01
8.599588518239196233e-01
8.495261909256759392e-01
8.387823254962789576e-01
8.289071235181378894e-01
8.187574448390696480e-01
