0.000000000000000000e+00
0.000000000000000000e+00
0.000000000000000000e+00
0.000000000000000000e+00
0.000000000000000000e+00
0.000000000000000000e+00
0.000000000000000000e+00
0.000000000000000000e+00
0.000000000000000000e+00
0.000000000000000000e+00
0.000000000000000000e+00
0.000000000000000000e+00
0.000000000000000000e+00
0.000000000000000000e+00
0.000000000000000000e+00
0.000000000000000000e+00
0.000000000000000000e+00
0.000000000000000000e+00
0.000000000000000000e+00
0.000000000000000000e+00
0.000000000000000000e+00
3.419766031248085147e-02
1.013151575255601289e+00
3.297552725675672924e+00
3.282094615113672287e+00
1.827462888174048894e+00
8.349101852985655325e-01
3.865016382907590642e-01
2.004394354590868788e-01
2.305452257793304816e-01
8.498263271669513896e-01
1.739873506669443293e+00
1.906787024737771619e+00
1.466341173868412229e+00
9.974929347939707203e-01
7.268412147347380614e-01
6.224476667358374016e-01
6.221801764011835045e-01
6.744273959060097523e-01
7.547675378447250560e-01
8.481121726894111923e-01
9.400539357753505687e-01
1.024090601337146023e+00
1.096621377385980312e+00
1.150260809021580455e+00
1.191640558543125117e+00
1.206644417736453700e+00
1.203196752187835283e+00
1.181534799287458748e+00
1.153927843935050213e+00
1.112255638783383738e+00
1.077796212416226140e+00
1.035682258043318260e+00
1.002843018586023094e+00
9.755399962754228715e-01
9.510506088812143988e-01
9.361612736645953392e-01
9.305373938999335071e-01
9.250516254150161766e-01
9.239815751501239127e-01
9.270385206992944882e-01
9.353654954510017827e-01
9.476415355386681449e-01
9.588041711302516257e-01
9.714388546421646176e-01
9.839437416091570965e-01
9.916727487164108679e-01
9.990195115657822811e-01
1.005005471996663013e+00
1.008589218145437671e+00
1.014439852277735366e+00
1.017967774524141333e+00
1.018126551632122734e+00
1.021726677665176553e+00
1.020903986046358014e+00
1.016915393419955072e+00
1.013558221794951253e+00
1.009846264262310944e+00
1.008403298409628501e+00
1.005316328920712765e+00
1.002133693384206881e+00
9.986044192447970369e-01
9.985638870911837106e-01
9.992144062385668324e-01
9.983304322642143624e-01
9.984990270168409010e-01
9.987135922370696806e-01
9.990566030845887679e-01
9.975366938732110889e-01
9.976800796076888966e-01
9.978343739803027246e-01
9.985084206950343155e-01
9.980172706925438675e-01
9.973116578251346453e-01
9.961419528602432072e-01
9.991447852110544314e-01
9.977260704019842441e-01
9.981087961857468827e-01
9.991119850691450033e-01
9.995036250684778967e-01
9.985910110485580748e-01
1.000366477034655643e+00
9.998820093658636887e-01
1.000775579139546956e+00
1.000956738924659417e+00
1.001892189757972895e+00
1.000300183326985559e+00
1.001918626270908108e+00
1.002514181402754279e+00
1.002044545422695387e+00
1.002211739544229374e+00
1.001210941434753421e+00
1.001632878055356279e+00
1.001402424283478920e+00
1.003304708080491103e+00
1.000061273701049247e+00
1.000166259668385127e+00
1.000522952828883261e+00
1.000404436166146604e+00
1.000647633329384112e+00
1.000470954857030526e+00
1.000312275054135114e+00
1.001084066261297645e+00
9.998834911510319223e-01
9.994913234271904923e-01
1.000589297966373747e+00
9.993510238686608149e-01
9.996271655310876580e-01
9.999152946229277195e-01
1.000049449071201968e+00
1.000174458567548719e+00
1.000240172503483294e+00
1.000389586705491718e+00
9.999066210150001632e-01
1.000116773520762337e+00
9.997049353570076624e-01
1.000640407912136931e+00
1.001410427104752143e+00
1.000581868823798182e+00
1.000771442340668393e+00
1.001423947934765302e+00
1.000620159882155136e+00
1.000024959440705574e+00
1.000665470755236708e+00
9.998742479129935079e-01
1.000397927976693913e+00
1.000797243252745217e+00
1.000696904527882625e+00
1.001333310933854026e+00
1.000822541227879281e+00
1.000040695112322187e+00
9.996812962187915375e-01
9.991356391282829597e-01
1.000785240894973782e+00
1.000039701119624480e+00
1.000496467097269138e+00
1.000193160849745189e+00
1.000550928743041856e+00
9.996037844765468527e-01
1.000197148590065810e+00
1.000748149962173539e+00
9.998845761220636064e-01
9.997068480131757751e-01
1.000705008910958815e+00
1.000853978937164435e+00
9.994368295001471170e-01
1.000864369363011264e+00
1.000940635671343726e+00
1.000532503108670257e+00
1.000157625478206302e+00
9.996782124033198880e-01
1.000439039127726470e+00
1.000813182368307297e+00
1.000444433772406772e+00
1.000554358560912238e+00
1.000800776460725183e+00
9.997958562902944379e-01
1.001073040197060449e+00
9.998282266810594177e-01
9.997436514855212453e-01
1.000575562154431442e+00
1.000549472257196593e+00
1.000714337137892818e+00
1.000874076666208756e+00
9.992161928752723021e-01
1.000114195937395145e+00
9.993773073717334698e-01
1.000682650016085473e+00
1.000247035365182668e+00
1.000225813654442186e+00
9.995803781041017189e-01
9.999681652907581597e-01
9.999677315153382429e-01
9.999620404209791369e-01
1.000784592824593089e+00
1.000060383625307914e+00
1.000046451177839080e+00
1.000671023841712914e+00
1.000453720203126728e+00
9.995359212273070559e-01
1.000473339252402338e+00
1.000118780020482268e+00
9.993389368335126033e-01
9.998363071373854716e-01
1.000511156921499722e+00
1.000919163182070859e+00
9.999596662995755558e-01
1.000452813350162673e+00
1.000006193835820678e+00
1.000539795163680301e+00
1.000922301620573940e+00
1.000014025870978207e+00
1.000557621980526557e+00
9.995769828970969550e-01
9.999211569539525613e-01
1.000011703529220863e+00
9.996266569429447246e-01
9.999879872058075048e-01
9.996650550067697205e-01
1.000369142877778561e+00
1.001046681212686140e+00
1.000249325113107268e+00
9.999811278292800587e-01
1.000314747462934806e+00
1.000005407029431748e+00
1.000129432035543831e+00
9.998918942519237074e-01
9.999333604280334908e-01
1.000582923765208632e+00
1.000148928343261412e+00
1.000284892317406138e+00
9.997232150192261191e-01
9.997353041133573148e-01
9.996831922666404857e-01
9.998845944334796565e-01
9.997699188497394251e-01
1.000800881404664278e+00
1.000208544290556834e+00
1.000536031876090304e+00
1.000780841813699640e+00
1.000105738168823644e+00
1.000493487341779231e+00
1.000286717412278037e+00
9.999331663901527278e-01
9.998732517679774778e-01
9.999815428621727786e-01
1.000236756632683521e+00
1.000134116309930210e+00
1.000229451545820103e+00
1.000103498686356396e+00
9.996903998334772945e-01
9.998224152119031816e-01
9.999970983893257115e-01
9.999681809543130573e-01
9.999507833457856876e-01
9.999453344185399439e-01
1.000129776400827675e+00
1.000125607375623948e+00
1.000183310185746910e+00
1.000590687113114052e+00
1.000148927555421174e+00
9.995630240878525807e-01
1.000149993282897443e+00
9.996807089451467121e-01
1.000201301854228397e+00
9.968475932122129457e-01
9.868062637018346628e-01
9.757035529378526029e-01
9.645887342514287699e-01
9.534889968209573352e-01
9.428249337913563455e-01
9.317869350217200530e-01
9.209217888502809757e-01
9.098484173722151125e-01
8.997442177385971407e-01
8.892563115389489070e-01
8.786484947635682108e-01
8.681510640506657772e-01
8.578154619827734750e-01
8.475809152942668234e-01
