0.000000000000000000e+00
0.000000000000000000e+00
0.000000000000000000e+00
0.000000000000000000e+00
0.000000000000000000e+00
0.000000000000000000e+00
0.000000000000000000e+00
0.000000000000000000e+00
0.000000000000000000e+00
0.000000000000000000e+00
0.000000000000000000e+00
0.000000000000000000e+00
0.000000000000000000e+00
0.000000000000000000e+00
0.000000000000000000e+00
0.000000000000000000e+00
0.000000000000000000e+00
0.000000000000000000e+00
0.000000000000000000e+00
0.000000000000000000e+00
0.000000000000000000e+00
0.000000000000000000e+00
0.000000000000000000e+00
0.000000000000000000e+00
3.047705849398489424e-04
3.629269360763209135e-02
8.443086852813868060e-01
2.843883771173075115e+00
3.327586294642734810e+00
2.149108047262343391e+00
1.069463896834869976e+00
5.079600180309770119e-01
2.937584514409689596e-01
2.158398498019331313e-01
2.247213234172188712e-01
2.475166778703315196e-01
2.823421538824195109e-01
3.032630577208135225e-01
3.226452049849363735e-01
3.051092767968998642e-01
3.323913094819089808e-01
4.025065065130843389e-01
5.096924996742190350e-01
6.703306345188908555e-01
8.628346641051328758e-01
1.022842370780706611e+00
1.210489660344876484e+00
1.327752211199145105e+00
1.414347303117434063e+00
1.511748586329562993e+00
1.601335040102298990e+00
1.619427478690245836e+00
1.578702894877931140e+00
1.494862487926558181e+00
1.371952371708652363e+00
1.229170803487304564e+00
1.106839187113023204e+00
1.015164885742472878e+00
9.197560077035729087e-01
8.913225948123635334e-01
8.611518381619188700e-01
8.817968670270728282e-01
8.843907680592564269e-01
9.073480858115996472e-01
9.263566516875717527e-01
9.491636481330273378e-01
9.628672200024483985e-01
9.902861408119203457e-01
9.968720863113198494e-01
1.028693957765467681e+00
1.039217025589832977e+00
1.057413954257130140e+00
1.048669158848476002e+00
1.061477604208411307e+00
1.065841050295543768e+00
1.068414837031041120e+00
1.057672682123323549e+00
1.046820995270309806e+00
1.040539992728041208e+00
1.021851826217122561e+00
1.005713473795714519e+00
9.944067706795395312e-01
9.891558072614183850e-01
9.861788792884707000e-01
9.819887657483939991e-01
9.845564065443963564e-01
9.824398267840745991e-01
9.907008718652198231e-01
9.873605440221413510e-01
1.001463193389143802e+00
1.008382927505466320e+00
1.013648060681684004e+00
1.018964243730186681e+00
1.025036173799530159e+00
1.024621290130699025e+00
1.030498709416683978e+00
1.026188207043930767e+00
1.021586629907014210e+00
1.023201341602379522e+00
1.023159049020649469e+00
1.012608591543039616e+00
1.018150200275581563e+00
1.007366871437276767e+00
1.006355762238812401e+00
1.007326488901062689e+00
1.008983861669251247e+00
1.002384515556474565e+00
1.004071953418523400e+00
1.001859295097346170e+00
1.007173998964550288e+00
1.000729994564425240e+00
1.003360772742906359e+00
1.008964047716043977e+00
1.003491908498567842e+00
1.007741439913814485e+00
1.012146592762100283e+00
1.014190106236218414e+00
1.014626250774863792e+00
1.009991183531165904e+00
1.009032832051192319e+00
1.020088759701958336e+00
1.012463545957258182e+00
1.013436290619089242e+00
1.007815146481823465e+00
1.005642626887984115e+00
1.012425514450179254e+00
1.004874384604689475e+00
1.002420600339343215e+00
1.002525092611555202e+00
1.000804866589522835e+00
1.006303466943084368e+00
9.995953145157705499e-01
1.005167465988491493e+00
1.006159663477002475e+00
1.008133979114212320e+00
1.001270923684488334e+00
1.008335991085414607e+00
1.004619423595907168e+00
1.003499050448447782e+00
1.004103200761574222e+00
1.007804723559430293e+00
1.000308675987161777e+00
1.011276803485787523e+00
1.003113423744957267e+00
9.974004358017131144e-01
9.997089132408643053e-01
1.000548799257757304e+00
1.007194504749680641e+00
1.002303998472155788e+00
1.005165161161697851e+00
9.995257825985804923e-01
9.997265384445888081e-01
9.979479428452247003e-01
1.001457546394139531e+00
1.000109707103823853e+00
1.003745412269947623e+00
9.973311468473072816e-01
1.004090197247961669e+00
9.990491019817502316e-01
9.971332221743636204e-01
9.975312163640159824e-01
9.989512712589071475e-01
9.998382700025258973e-01
9.933944791332665059e-01
9.938619494275958699e-01
9.991486459742052739e-01
9.949311913272093078e-01
9.982750352978509989e-01
1.001037894627522240e+00
9.991320100367621082e-01
9.981207371741467327e-01
9.976373424988430605e-01
9.954071348283404230e-01
9.970883427184705772e-01
9.954932023729035073e-01
9.905014061552036564e-01
9.949203900932714895e-01
9.968310822910108060e-01
9.918319690581413051e-01
9.921063124037163838e-01
9.980081072339765935e-01
9.920397568507105523e-01
9.924593049211110074e-01
9.945441462152795342e-01
9.933651487533432523e-01
9.982258542091305697e-01
9.953664830378308181e-01
9.909967112099707931e-01
9.943460366078301638e-01
9.984103363455347768e-01
9.974745497659180948e-01
9.915196427701024051e-01
9.930503727529091940e-01
9.925272982777032516e-01
9.948256226327206742e-01
9.954884517616606754e-01
9.901679265619373060e-01
9.911564417022884488e-01
9.953856291429923342e-01
9.940329282487636586e-01
9.945236599628393126e-01
9.968303066580629368e-01
9.924439265811710875e-01
9.937991821212491805e-01
9.904999070238695857e-01
9.920657239386249104e-01
9.912764847892965303e-01
9.912127356590321181e-01
9.929227792603295688e-01
9.906657220035838263e-01
9.919907362756683611e-01
9.894998393069412979e-01
9.930570529620906806e-01
9.899014591204495783e-01
9.917241833260053152e-01
9.936359925896147693e-01
9.930540081196531643e-01
9.942004705192069025e-01
9.917279987662557250e-01
9.963946791517628299e-01
9.888151047630987511e-01
9.915308811893797092e-01
9.945977938876210400e-01
9.934679384270882485e-01
9.918721850587158828e-01
9.941191522847309114e-01
9.944440361685343843e-01
9.960716790455577119e-01
9.968163141403388883e-01
9.957767715054506308e-01
9.933230150899391431e-01
9.953228384659433825e-01
9.922591608891939696e-01
9.951845981783852269e-01
9.964104596798758484e-01
9.962765486876019594e-01
9.948335139446337072e-01
9.958770382500418128e-01
9.955879387633127520e-01
9.934571677345495067e-01
9.948986557500645311e-01
9.950242662141195460e-01
9.966665095532019070e-01
9.948076070986238140e-01
9.949289811504182790e-01
9.927537576842068168e-01
9.977686051962090241e-01
9.963171094234916092e-01
9.928596433001174448e-01
9.948159131695620827e-01
9.968755602664929327e-01
9.983330349445683760e-01
9.929205686622245564e-01
9.936039008457993038e-01
9.947627948029358347e-01
9.928349675139869213e-01
9.960571899559723663e-01
9.967933350805159298e-01
9.949939212372153063e-01
9.979391915297792792e-01
9.947112309632114568e-01
9.974325000619879145e-01
9.965307775768798004e-01
9.976035173637713971e-01
9.960581679544390221e-01
9.999532980229131063e-01
9.965513909243209900e-01
9.969642244950911447e-01
9.971757706361300544e-01
9.959107594022148513e-01
9.996232020444388855e-01
9.952863762177848184e-01
9.976831876409592015e-01
9.965549107445210719e-01
9.906816188716053295e-01
9.787418995795663657e-01
9.712252846582689614e-01
9.596002093937155975e-01
9.468193471556193286e-01
9.371896767792687877e-01
