0.000000000000000000e+00
0.000000000000000000e+00
0.000000000000000000e+00
0.000000000000000000e+00
0.000000000000000000e+00
0.000000000000000000e+00
0.000000000000000000e+00
0.000000000000000000e+00
0.000000000000000000e+00
0.000000000000000000e+00
0.000000000000000000e+00
0.000000000000000000e+00
0.000000000000000000e+00
0.000000000000000000e+00
0.000000000000000000e+00
0.000000000000000000e+00
0.000000000000000000e+00
0.000000000000000000e+00
0.000000000000000000e+00
0.000000000000000000e+00
0.000000000000000000e+00
0.000000000000000000e+00
0.000000000000000000e+00
0.000000000000000000e+00
0.000000000000000000e+00
3.066206003618203446e-02
7.475658643525365799e-01
2.665986905185468103e+00
3.150382179013316630e+00
2.013050717092018438e+00
1.020169257441208233e+00
4.848518030079368435e-01
2.660119076274695127e-01
2.102706683009746003e-01
2.111684264049393800e-01
2.387763592705751947e-01
2.765396565061655210e-01
2.962003765846419889e-01
2.982920110220454446e-01
3.082364868212584819e-01
3.223120770325430540e-01
3.868419653191018104e-01
5.098309088196232297e-01
6.317697083166962102e-01
8.077606592006226771e-01
1.003097052566505720e+00
1.169135425269224093e+00
1.291829337451378734e+00
1.389516221158861864e+00
1.485203489689162826e+00
1.536359369728006907e+00
1.561423813730827170e+00
1.550827457216013006e+00
1.465338192496084213e+00
1.344680392400479318e+00
1.199855632879929690e+00
1.062745932271615290e+00
9.628051793392792268e-01
9.116754557643309553e-01
8.785504471220787481e-01
8.580946814665852962e-01
8.649024688360679169e-01
8.716816912687782581e-01
8.735250987092867403e-01
8.903583788909336105e-01
9.183005688461222116e-01
9.455785248817342170e-01
9.549491660577859031e-01
9.633735889807252262e-01
9.904260290278830148e-01
1.006217972245180503e+00
1.023715268268286627e+00
1.033710719067134631e+00
1.038012191124805028e+00
1.043129074058944061e+00
1.040231074882068008e+00
1.037283426820222676e+00
1.022048726805760754e+00
1.012532987528092177e+00
1.009624289042425849e+00
9.913306666039887194e-01
9.791061655282669030e-01
9.730657628934308301e-01
9.735916599244565095e-01
9.674150601129177796e-01
9.608339459242457581e-01
9.696756822571445111e-01
9.774344552131060126e-01
9.823779973291629775e-01
9.818562450040159151e-01
9.964848436054676295e-01
1.004059160095816416e+00
1.007910436318678604e+00
1.003834821658886378e+00
1.006629122952116928e+00
1.009106926688265515e+00
1.009419732657705238e+00
1.005677891766207033e+00
1.011287974326336325e+00
1.005402024117270754e+00
9.998387225440164006e-01
9.984358379891817847e-01
9.997527424006199537e-01
1.000525192809550434e+00
9.975336263581974228e-01
9.931766987547621106e-01
9.897099725747559029e-01
9.857565054844774632e-01
9.927977649914353497e-01
9.950549536818205087e-01
9.969633111944875559e-01
9.972896660150671888e-01
9.959002939429792978e-01
9.989917353091514185e-01
9.964654088237344665e-01
1.002090732821440566e+00
9.983729608969648117e-01
9.943577875324569604e-01
1.006112063478061813e+00
1.000040846143773976e+00
1.003632143713871550e+00
9.995967259495146529e-01
9.941446312355088910e-01
9.997600849505883236e-01
9.972425922258532083e-01
9.955956562169234747e-01
9.963338640770219579e-01
9.953060099326144217e-01
9.936686338510385408e-01
9.928792618369109979e-01
9.965089648291801661e-01
9.972690174030723886e-01
9.903067677701822280e-01
9.938385719705659094e-01
9.945876384506598944e-01
9.993115501864543448e-01
9.924897272943941084e-01
9.880338232734086068e-01
9.996724222303328133e-01
9.939086738569177237e-01
9.924238031012195815e-01
9.948468688215894584e-01
9.944016952389292952e-01
9.991670885706313010e-01
9.919304580168415431e-01
9.948303383160554958e-01
1.003244260229664508e+00
9.946902467676361770e-01
9.974907507816633823e-01
9.952328448725067389e-01
9.943681795209888818e-01
9.984848548276434865e-01
9.978459479052336212e-01
1.000399815843738383e+00
9.997922426327703338e-01
9.965602997508439254e-01
9.969890205913590764e-01
1.001581780878912031e+00
1.001428378750194748e+00
9.963102059088431162e-01
9.996355936498543260e-01
9.974367835334025933e-01
9.963108305207377668e-01
9.978887752425029678e-01
9.992196213194775023e-01
9.951690995672575202e-01
9.935521587218788531e-01
9.989579405440349724e-01
9.947907571046094022e-01
9.983249428020558591e-01
9.938605910956096468e-01
9.981524344952731331e-01
9.958782134699188937e-01
9.966893786033635960e-01
9.947190701428917370e-01
1.000610638644849004e+00
9.991936518704009895e-01
9.969378882851397394e-01
9.990851066899620880e-01
1.000254022238991736e+00
9.955466359534058673e-01
9.997340494019080204e-01
9.994474179684065263e-01
9.999932122222183750e-01
9.947180476659847059e-01
9.973984536660573941e-01
9.962615751588760338e-01
1.001159589222251123e+00
9.987104543016247504e-01
1.000093189566343632e+00
9.986243979252792391e-01
9.975556884948979519e-01
9.989137732859705299e-01
1.000469070126877247e+00
1.004033566240017050e+00
9.957508724964527769e-01
9.997465067391977378e-01
9.960406558050582948e-01
9.986868146781672229e-01
1.000751966384387792e+00
9.986306772246850150e-01
9.986738334615694601e-01
1.000737469124996171e+00
1.000247419889430001e+00
1.000060280639965438e+00
1.001427904322986118e+00
9.985264544612583171e-01
1.001183313002470543e+00
1.004429323492339154e+00
1.001065590186448029e+00
1.000602070581900316e+00
9.997467364012615487e-01
1.001075145926838550e+00
1.000930164038468240e+00
1.000243377749898466e+00
1.000554352487298626e+00
1.003548988618741866e+00
1.000073305474769247e+00
1.001274748344258558e+00
1.002378660157478896e+00
1.002650062675900289e+00
1.001063543739360684e+00
9.999638423585788249e-01
1.000191427587921122e+00
1.000995974326363669e+00
1.002452079121544992e+00
1.005095146505953219e+00
1.004797103910573641e+00
1.002671827830021956e+00
1.003164241816920654e+00
1.001606415007600503e+00
9.995498704589440564e-01
1.002909780320043742e+00
1.003883893892479229e+00
1.002519451021947949e+00
1.002616402134221651e+00
9.999807678988126280e-01
9.996955202438889687e-01
1.002743957759157700e+00
1.001720071646016619e+00
9.990433076070563967e-01
9.990520595916243529e-01
1.001369201550338595e+00
9.984280912814175180e-01
1.000670207217306373e+00
1.000198953946218605e+00
1.000533365345819936e+00
9.976998941039543212e-01
1.001094847848916114e+00
1.000403729357843163e+00
1.000977398924264516e+00
9.982016082094196108e-01
9.969562032782549599e-01
9.970259453154111107e-01
9.982952715529846976e-01
9.983904605342017735e-01
9.985455802995718555e-01
9.974900764243473938e-01
9.995638909756865420e-01
9.989654634661023769e-01
1.002077796728057857e+00
1.000003639023941737e+00
9.985452289724064956e-01
1.000976992850966196e+00
9.935453869043415764e-01
9.989813962971256789e-01
9.968355286486710876e-01
1.000517701765778478e+00
9.969436951685243242e-01
9.982437658386922319e-01
9.974847314968147138e-01
9.983527409052348478e-01
9.967027438950341045e-01
9.986232473736365023e-01
9.876046480127423921e-01
9.785464145640559996e-01
9.677984929134886283e-01
9.579613945975079536e-01
9.428697714487638271e-01
9.371162234286829484e-01
