0.000000000000000000e+00
0.000000000000000000e+00
0.000000000000000000e+00
0.000000000000000000e+00
0.000000000000000000e+00
0.000000000000000000e+00
0.000000000000000000e+00
0.000000000000000000e+00
0.000000000000000000e+00
0.000000000000000000e+00
0.000000000000000000e+00
0.000000000000000000e+00
0.000000000000000000e+00
0.000000000000000000e+00
0.000000000000000000e+00
0.000000000000000000e+00
0.000000000000000000e+00
0.000000000000000000e+00
0.000000000000000000e+00
0.000000000000000000e+00
0.000000000000000000e+00
0.000000000000000000e+00
0.000000000000000000e+00
0.000000000000000000e+00
3.047844785432235492e-04
3.713840269248470244e-02
8.511207097354922535e-01
2.981424067136888567e+00
3.505679847725980736e+00
2.252009671701713955e+00
1.149755600457254889e+00
5.022672113243813463e-01
2.930789849128868085e-01
2.226968848944961554e-01
2.235018465066161975e-01
2.523188252045314162e-01
2.704071227148225343e-01
3.013252939092902483e-01
3.177225008397201456e-01
3.225956511324086229e-01
3.433379499178694227e-01
4.057119091011022749e-01
5.071833635731172185e-01
6.434809950984645699e-01
8.291499368313143270e-01
1.019088737654086918e+00
1.152412289766852727e+00
1.311269817919509473e+00
1.383142886923273140e+00
1.460442888213631552e+00
1.540066528970369664e+00
1.571763405302375904e+00
1.531975204821957037e+00
1.454083089867741041e+00
1.340044558945002517e+00
1.198279356288288300e+00
1.079549837287697267e+00
9.695557152337214157e-01
9.193702231757773236e-01
8.658322115272927277e-01
8.502437511310971807e-01
8.569236809288199863e-01
8.598869746762329846e-01
8.906456022541409112e-01
8.979436937624432069e-01
9.200359813269318732e-01
9.430099307121291297e-01
9.734248550411768175e-01
9.864281771419998179e-01
9.890048946562257637e-01
1.001972953558996071e+00
1.024284489245792962e+00
1.025046252770108968e+00
1.038833682736214126e+00
1.042516745742661843e+00
1.037969945877821987e+00
1.025017872723148704e+00
1.017288925607793049e+00
1.010420309649560977e+00
1.003804794748319740e+00
9.904841804763486746e-01
9.788883943569575141e-01
9.800339160849641518e-01
9.704520227455147863e-01
9.623790235274225502e-01
9.695086418423938257e-01
9.778383710632924108e-01
9.760725645570434983e-01
9.864711090767259716e-01
9.909558288787750913e-01
1.001324767611132760e+00
1.004406151957314863e+00
1.011183995214583131e+00
9.990047998785648309e-01
1.010858513083290555e+00
1.011526894780064634e+00
1.015624861735849871e+00
1.004156554057697548e+00
1.002805279775006220e+00
1.000436574522600486e+00
9.987420727286870914e-01
1.000844825267501292e+00
9.988444042401417589e-01
9.941378218059195859e-01
9.974700914965954901e-01
9.839274048408235274e-01
9.929285796368746420e-01
9.833922321421905144e-01
9.919110962342815307e-01
9.810795623405009769e-01
9.917246533160161137e-01
9.905140241795232781e-01
9.870354429665266771e-01
9.919477216281080700e-01
9.895743549730295907e-01
9.935393538428026750e-01
9.946615370515257126e-01
1.002493200897109027e+00
9.947008592073395272e-01
9.938571224420369443e-01
9.910771085742167141e-01
9.926412589269365538e-01
1.005398528594078522e+00
9.971243593490306534e-01
9.951589379383947165e-01
9.912357154248258029e-01
9.931316366476666824e-01
9.923138854853080781e-01
9.930079379972680531e-01
9.951115811655503185e-01
9.961748634358383869e-01
9.944243902003798707e-01
9.963024700769518294e-01
9.959801366648922683e-01
9.944648544948078150e-01
9.934935494473762230e-01
9.925322383588827124e-01
9.923646992032573166e-01
9.891129207068946050e-01
9.964014631948859835e-01
9.977660422663102713e-01
9.950083075654028164e-01
9.925538212784156267e-01
1.001790792464405389e+00
9.993474537762027099e-01
9.984667005330533085e-01
9.941663544301108102e-01
1.001218809836189161e+00
9.977115643648902799e-01
1.001518846423284481e+00
9.989493322459088720e-01
9.947737706700789939e-01
9.968132915235619063e-01
9.965876657634376024e-01
9.970278736141164888e-01
9.991980086405373163e-01
9.938878448048816816e-01
9.981982658963316490e-01
9.950815739245126856e-01
1.000055563551149662e+00
9.986776356555145950e-01
9.936091517445528876e-01
9.985742486890200054e-01
1.002775807312365597e+00
9.976126364253271595e-01
9.985528972339009490e-01
9.969037987643712961e-01
9.979683771598478748e-01
9.998913102796120889e-01
1.002489234642756966e+00
1.006770306063525133e+00
1.002796432352698996e+00
1.000088873447311455e+00
9.946234417581939491e-01
1.001012670188202280e+00
1.001495075363820764e+00
1.001814211138092992e+00
9.995247340781824308e-01
9.985098739766881115e-01
1.004480177585665102e+00
1.003040642314698472e+00
9.986501880501632566e-01
9.993331157841487400e-01
1.003234828456875949e+00
9.996509956324309831e-01
9.989253962416231314e-01
9.984945088214558506e-01
1.002679222695342043e+00
9.969866931175032088e-01
9.983437553694741728e-01
9.995670336886096630e-01
9.960353295867990786e-01
9.969865341438531869e-01
9.925529976041553848e-01
9.988950710393597054e-01
1.000503052758686673e+00
9.992971542269423191e-01
1.001601207306366925e+00
9.990205794352710056e-01
1.001116640740542518e+00
1.000963871144347150e+00
1.000742281170000636e+00
1.003260556278912752e+00
1.002393904955605874e+00
1.001391179432322698e+00
9.978951328053885517e-01
9.988864603585200230e-01
9.996211389748931309e-01
9.984649145301145445e-01
9.981356080902010763e-01
1.000265726122339327e+00
1.001623842525384056e+00
9.984104092881092019e-01
9.996245935187805243e-01
1.000772789040003996e+00
1.003078054422925636e+00
1.002873969969954482e+00
1.000476847829538496e+00
1.003144223172748983e+00
1.002660660711040874e+00
1.002532204649923209e+00
1.003991201599532923e+00
1.002201325574141322e+00
1.000318965871455523e+00
1.001704901814299165e+00
1.001936694256616800e+00
9.985267033624497524e-01
1.002731565271587577e+00
1.000986420939616206e+00
1.002332283523132750e+00
1.001636953783305417e+00
1.001216651832083304e+00
9.978555400556995414e-01
1.002770705336653245e+00
1.003792697753505658e+00
1.004150862814353840e+00
1.001565433401373939e+00
1.001689958477460562e+00
1.004199344399028471e+00
1.002156586892218204e+00
1.002286268563623572e+00
1.001896302683424000e+00
1.001491114013586037e+00
1.003320762902114138e+00
1.002366033234655118e+00
1.003837400660714696e+00
1.000391744590464427e+00
9.999588690376428612e-01
1.000836861007463163e+00
1.002280052150175349e+00
9.990816701105682540e-01
1.000409246492792725e+00
9.995579205761955244e-01
1.001632944406351866e+00
1.001904391510478609e+00
9.987410289484950354e-01
9.984831827812340466e-01
9.995761993142081581e-01
9.966027869188595067e-01
9.984438792447744015e-01
9.979463079608176246e-01
9.959099955710785101e-01
9.965708957591135064e-01
1.001248760976838348e+00
9.982874107869297298e-01
9.978963599635553017e-01
1.000646707838699800e+00
9.999246968049800843e-01
9.988278000089758635e-01
9.967194857925703033e-01
1.000181402089241667e+00
9.993976704259716071e-01
9.983964301793154528e-01
1.000342838894121789e+00
9.914164148468381788e-01
9.784707169970003893e-01
9.701207828177141890e-01
9.586650147698491109e-01
9.457844307620583146e-01
9.362252609275567572e-01
