0.000000000000000000e+00
0.000000000000000000e+00
0.000000000000000000e+00
0.000000000000000000e+00
0.000000000000000000e+00
0.000000000000000000e+00
0.000000000000000000e+00
0.000000000000000000e+00
0.000000000000000000e+00
0.000000000000000000e+00
0.000000000000000000e+00
0.000000000000000000e+00
0.000000000000000000e+00
0.000000000000000000e+00
0.000000000000000000e+00
0.000000000000000000e+00
0.000000000000000000e+00
0.000000000000000000e+00
0.000000000000000000e+00
0.000000000000000000e+00
0.000000000000000000e+00
3.243926994465300140e-02
9.946342516326415195e-01
3.298274080883731418e+00
3.293759086534013392e+00
1.853739082507659397e+00
8.516926320886070156e-01
3.919602035998202560e-01
2.043201174402004272e-01
2.255314895981292145e-01
8.320278866236474613e-01
1.720133765132749737e+00
1.894745445644928861e+00
1.471644422390845808e+00
9.946680821507564163e-01
7.084318307856841690e-01
5.966774305502116071e-01
5.848400724164160014e-01
6.357208531995494072e-01
7.212843236430159788e-01
8.209698209562262816e-01
9.161971985441584865e-01
1.011026016419487306e+00
1.092374041160299791e+00
1.155633906015020917e+00
1.201437365177969729e+00
1.221408792860141146e+00
1.228578668903500315e+00
1.206730096279537312e+00
1.172449953950438717e+00
1.128480793910355828e+00
1.086175328483002689e+00
1.047476024927986860e+00
1.009756995021139803e+00
9.819020224414234388e-01
9.579862848824429733e-01
9.435417456550319049e-01
9.318794012412408012e-01
9.256369226900281744e-01
9.216235587871483004e-01
9.231305202491790762e-01
9.295342595731062030e-01
9.374756793225700324e-01
9.504404752052352245e-01
9.654167834077146404e-01
9.770398557606175816e-01
9.885507593450708619e-01
9.974674163200353272e-01
1.005217152454818574e+00
1.013816187033582006e+00
1.017673032896615704e+00
1.021298913028472866e+00
1.023751470920963191e+00
1.023805628987173755e+00
1.020568793063963531e+00
1.019774129292685627e+00
1.015904528578099653e+00
1.013038154156923776e+00
1.007274563573005821e+00
1.003850468329365198e+00
1.000780371177190542e+00
1.000287474672398425e+00
1.000013709498448033e+00
9.980826997636161879e-01
9.983321203402828470e-01
9.980510139533471659e-01
9.984882753425630142e-01
9.959130234951746319e-01
9.974233205306897165e-01
9.984518140302262035e-01
9.970171457107848134e-01
9.983143298980734492e-01
9.984077901901582397e-01
9.979571093067232113e-01
9.982882225614561067e-01
9.969039669680490601e-01
9.992402377920551748e-01
9.985787328752765424e-01
9.972717957173768966e-01
9.995633574586366699e-01
9.982182241893494679e-01
9.989531421762022356e-01
1.000029092108679851e+00
1.000783737077215463e+00
1.000950282490323140e+00
1.001643486710994235e+00
1.000541505020651645e+00
1.002097417526077283e+00
1.001980577475870993e+00
1.002460771804013495e+00
1.001525866365860162e+00
1.002381699614190103e+00
1.001859292102150079e+00
1.000203523052581644e+00
1.000256839742991621e+00
1.002191180290121109e+00
1.001475896748410754e+00
1.000502821187378766e+00
1.000855433177428866e+00
9.991364173936934101e-01
9.993241433285261488e-01
1.000427775371977912e+00
1.000242690152672198e+00
9.995646220910633373e-01
9.999421514440475223e-01
9.985304810348326621e-01
9.993398010766775252e-01
1.000331458354928316e+00
9.998671241896411876e-01
9.995168402006657793e-01
9.992040274573860126e-01
1.000063588213641053e+00
1.000283961087574669e+00
1.000040501479803723e+00
1.000407347773715871e+00
1.001548063339877226e+00
1.000348838424863329e+00
9.993684995858604925e-01
1.000439342870794723e+00
1.000916435089481693e+00
1.000357125396745150e+00
1.000253183825378089e+00
1.001098262886501056e+00
1.000078338743246142e+00
1.000127346591061839e+00
1.000127491875765884e+00
1.001095816835535945e+00
9.998967404700471739e-01
1.000341695166654388e+00
1.000550102055571822e+00
9.994839637977747104e-01
9.998603245105264214e-01
1.000022558698224984e+00
9.994944023153936596e-01
9.996333347166772576e-01
1.000573928673838875e+00
1.000049030194052335e+00
1.000117078242629187e+00
9.999090841784794570e-01
1.000130238178837505e+00
1.000894173133962006e+00
1.000293885696352136e+00
9.997641651072946001e-01
1.000362815797674498e+00
1.000903231446486075e+00
9.995014645625520666e-01
9.988894236230284607e-01
1.000749885800247041e+00
9.993951927926743029e-01
1.000477827227987726e+00
1.000400583179400282e+00
1.000326495566614460e+00
1.000371629382643235e+00
1.000111961523482140e+00
9.994297193981004357e-01
1.000159700558118203e+00
1.000275175932346938e+00
1.000490903521674690e+00
1.000490868860592242e+00
1.000434248935874404e+00
1.000428605796621406e+00
1.000790240854465996e+00
1.000191209083841848e+00
1.000278774982630292e+00
9.995947076372851958e-01
1.000231397803647448e+00
1.000661464583368687e+00
1.000129577897621580e+00
1.000079029044487200e+00
1.000228866404982098e+00
1.000077531001090980e+00
1.000681960156177164e+00
1.000261187813907826e+00
9.999398253477859155e-01
1.000202348067653402e+00
1.000237514591969301e+00
1.000740893210677607e+00
1.000266137851506754e+00
1.000415816014140979e+00
1.000396112169083418e+00
9.997556241326915893e-01
1.000371214689553589e+00
9.993190881993324615e-01
1.000094258952641368e+00
1.000335485553192738e+00
9.995824005963928061e-01
1.000285003819351815e+00
1.000576277291912008e+00
1.000158829893680767e+00
1.000154802333039550e+00
9.999587597044546916e-01
1.000658356936486415e+00
1.000703044142337461e+00
1.000565631733849603e+00
9.999846141804096256e-01
1.000376398607497608e+00
1.000461389511335897e+00
9.998404840677734828e-01
1.000435913567544466e+00
1.000296730415165980e+00
1.000188921009904863e+00
1.000748392156953770e+00
1.000853537567017337e+00
1.000362648312835612e+00
1.000119793026717163e+00
1.000130226731333449e+00
9.989674162006587643e-01
1.000609195917241845e+00
9.998288218346911282e-01
1.000381138212581122e+00
9.999503106749884074e-01
1.000456395929138376e+00
1.000396857794183303e+00
1.000825465191368391e+00
9.998011053358065725e-01
9.999470227948693557e-01
1.000172318423630857e+00
1.000963564838482478e+00
9.994852920321978251e-01
1.000043717470042060e+00
1.000033917599076672e+00
1.000072166579284216e+00
9.999061610911799125e-01
1.000305864871748662e+00
9.999728588368584914e-01
9.998707462726057482e-01
1.000018222258233891e+00
1.000548872955992152e+00
9.998212786378608552e-01
9.996913604197938952e-01
1.000695728636599169e+00
9.995695582347479125e-01
1.000204291276626689e+00
1.000579391624820680e+00
9.999408915784920859e-01
1.000493264116115055e+00
9.998072218693561108e-01
1.000279845763164754e+00
9.995701767818843120e-01
1.000084937043360434e+00
9.999408452736958663e-01
1.000093006265373896e+00
1.000140641452533119e+00
1.000421879267119785e+00
1.000347682479671318e+00
9.994384073945257185e-01
1.000478053548224500e+00
9.999318301894380978e-01
1.000031266730471602e+00
9.995445774628050062e-01
9.996456304637606483e-01
1.000246563839285674e+00
1.000149726692231233e+00
9.995164555413282859e-01
9.926403774115355461e-01
9.818111428057333390e-01
9.707182538255363369e-01
9.599980085910905236e-01
9.495772122853295416e-01
9.390365563125140369e-01
