0.000000000000000000e+00
0.000000000000000000e+00
0.000000000000000000e+00
0.000000000000000000e+00
0.000000000000000000e+00
0.000000000000000000e+00
0.000000000000000000e+00
0.000000000000000000e+00
0.000000000000000000e+00
0.000000000000000000e+00
0.000000000000000000e+00
0.000000000000000000e+00
0.000000000000000000e+00
0.000000000000000000e+00
0.000000000000000000e+00
0.000000000000000000e+00
0.000000000000000000e+00
0.000000000000000000e+00
0.000000000000000000e+00
0.000000000000000000e+00
0.000000000000000000e+00
3.393440493079799558e-02
1.002407241664634352e+00
3.320448106126593135e+00
3.311143621313134222e+00
1.865841983309641350e+00
8.423444179020819211e-01
3.911322050805259853e-01
2.027229467913681527e-01
2.266050617873006101e-01
8.296337352497451523e-01
1.727294537454530321e+00
1.907616986275311177e+00
1.474338910106544720e+00
9.964187570583513676e-01
7.112821354478554570e-01
5.908893490695779072e-01
5.815474349464968551e-01
6.313798562284589355e-01
7.190756399165844082e-01
8.158341789297139934e-01
9.194209986269411550e-01
1.011034258603357383e+00
1.093310504148860218e+00
1.156884184763570023e+00
1.199974532461433707e+00
1.226739907050467870e+00
1.228884693171517162e+00
1.207241862936767829e+00
1.174088507872134146e+00
1.130008626630855995e+00
1.088483399092914139e+00
1.046904753781993547e+00
1.013119387168575303e+00
9.812898724202331335e-01
9.591378977014998197e-01
9.416893017945648925e-01
9.317594363122704282e-01
9.248399482625488943e-01
9.225788156439135301e-01
9.214535031201994686e-01
9.294256046762883194e-01
9.407967849749118150e-01
9.518078066973519880e-01
9.670014585196849977e-01
9.761748382944120950e-01
9.878037551479396106e-01
9.965457654668599119e-01
1.007230702191258098e+00
1.011948910071750696e+00
1.016168222657470421e+00
1.021461033311353850e+00
1.020498426729076646e+00
1.023183812820310790e+00
1.023531537313288053e+00
1.017834527107959408e+00
1.017144919251609547e+00
1.014182008322690232e+00
1.011041130035002400e+00
1.004074879945303866e+00
1.003459824881268503e+00
1.002511983313753685e+00
9.987854859782016037e-01
9.987702987285997924e-01
9.991251882286501518e-01
9.971720678941362603e-01
9.980808615554095375e-01
9.985528601684497962e-01
9.985327549213068865e-01
9.984853190548824697e-01
9.979847261551543225e-01
9.972492906707426386e-01
9.983605031400545338e-01
9.980734393378656311e-01
9.957458026347194568e-01
9.971012711331324052e-01
9.988579236687448182e-01
9.975877885073094475e-01
9.976959612074782768e-01
9.982639459514344171e-01
9.985375711047286273e-01
9.989696536558979600e-01
9.999969769573866518e-01
9.999206425056833547e-01
1.000687170172674723e+00
1.001748474586645177e+00
1.000421588699649256e+00
1.001571188615458352e+00
1.001846484736333531e+00
1.003199368115852197e+00
1.002132487032116881e+00
1.002070294394752148e+00
1.002198390309638976e+00
1.001024697824633991e+00
1.001281130183732992e+00
1.001778890039452863e+00
1.000677692327771817e+00
9.999775158471062575e-01
1.000104955392342010e+00
1.000317692433768002e+00
1.000122211198777755e+00
1.000508509836521176e+00
9.997903289436940177e-01
9.991661342796642753e-01
9.984902518366631785e-01
1.000592349627973832e+00
9.993556539987956677e-01
9.992345002873214144e-01
1.000935012405288926e+00
9.995675697055758091e-01
9.992984002885639816e-01
1.000292409409270888e+00
1.000276047404534019e+00
1.000718288908799769e+00
9.998071011808318254e-01
1.001070989808457101e+00
1.000363488757985753e+00
9.998829574764773742e-01
1.001000929128159189e+00
1.000689805333995208e+00
1.000885085852471379e+00
9.998375238169774359e-01
1.000488008706283516e+00
1.000396671635633838e+00
1.000828133904715811e+00
1.000036508078615327e+00
1.000442519493391913e+00
9.995239838003322497e-01
9.999037457288444397e-01
9.991750396414695867e-01
9.991990639651392447e-01
9.995952005035690924e-01
1.000344887320553600e+00
9.998426887900847548e-01
9.997230698115993075e-01
1.000297899344186003e+00
1.000589358186217748e+00
1.000597451875942179e+00
1.000519132933599176e+00
1.000635839845117392e+00
9.993524297452233141e-01
1.000647892507569248e+00
9.994608186843390030e-01
1.000589441506224864e+00
1.000373583061335614e+00
9.995473570887056791e-01
1.000880712750929380e+00
9.998846079667755848e-01
9.993361838011804998e-01
1.000283359752019763e+00
9.996086518482247829e-01
1.000300776102343914e+00
9.995529791824762089e-01
1.000343975610157532e+00
9.994268418543523769e-01
9.992453728307286731e-01
1.000056523307908174e+00
1.000551764722045878e+00
1.000677064718376919e+00
9.999540555616627246e-01
1.000470196565129033e+00
9.997695097790811891e-01
1.001216636426171425e+00
1.000185779693514521e+00
9.999674535287013111e-01
1.000114701801156691e+00
9.998641879641949615e-01
9.994291472960740164e-01
1.000421743118243612e+00
1.000766316041374893e+00
1.000334477143774548e+00
1.000016836154318689e+00
1.000547767601356330e+00
9.991196997741592645e-01
1.000135292523563590e+00
9.999568282775757044e-01
9.990012610121523640e-01
9.995326311596481883e-01
1.000395273467422852e+00
9.998014146150534520e-01
1.000257709671719786e+00
1.000407953614129042e+00
1.000227088053978752e+00
9.995278537989412682e-01
1.001107213589236711e+00
1.000170289114770572e+00
9.999122577729476768e-01
1.000665664402730082e+00
1.000092862098396429e+00
9.998060800952005556e-01
1.000630956694976703e+00
9.996807696539689037e-01
1.000095607693261446e+00
9.995714156148223228e-01
9.999496125290697757e-01
1.000106361623539497e+00
9.995860431032183024e-01
1.000115052422936301e+00
9.999238428567450709e-01
1.000358564381255366e+00
9.996983723573972247e-01
1.000508343536332889e+00
1.000133405181313107e+00
1.000414286123143981e+00
1.000047374229637409e+00
9.998804004952113189e-01
9.999965437668369983e-01
1.000225422001552511e+00
1.000426624429910927e+00
1.000446098618706259e+00
9.998161726341535660e-01
1.000494394611713744e+00
1.000434507600985068e+00
1.000284725965299826e+00
1.000186112746916933e+00
1.001111996004642846e+00
1.000335624343543950e+00
9.997863507856696863e-01
1.000299427519027784e+00
1.000961920692397644e+00
9.997696830279958480e-01
9.999097711608574413e-01
9.996117412034882799e-01
1.000631097349130805e+00
1.000120305816789790e+00
1.000522410449197208e+00
9.999960559979602648e-01
1.000077496192017135e+00
9.997859920943811263e-01
1.000540717191960249e+00
1.000311157698751563e+00
1.000692697269689457e+00
9.998813035990323783e-01
9.998122401410258764e-01
1.000211659758790228e+00
9.999067616431585037e-01
9.998817121187978385e-01
1.000445582225621299e+00
9.999962006298537265e-01
9.995898172208241839e-01
9.999253761133879426e-01
1.000084277647218967e+00
1.000434075111705789e+00
1.000528071082083192e+00
1.000920573938480107e+00
1.000400650244693157e+00
1.000243084973067909e+00
9.998136980831859866e-01
1.000274263882808823e+00
9.998420479929325255e-01
1.000236553467657830e+00
9.999940823423837388e-01
1.000247694900475492e+00
9.996139549477007780e-01
9.923476498029765169e-01
9.816004351520631888e-01
9.707572626702120067e-01
9.597942805607000416e-01
9.500936581451526752e-01
9.391308896805315998e-01
