0.000000000000000000e+00
0.000000000000000000e+00
0.000000000000000000e+00
0.000000000000000000e+00
0.000000000000000000e+00
0.000000000000000000e+00
0.000000000000000000e+00
0.000000000000000000e+00
0.000000000000000000e+00
0.000000000000000000e+00
0.000000000000000000e+00
0.000000000000000000e+00
0.000000000000000000e+00
0.000000000000000000e+00
0.000000000000000000e+00
0.000000000000000000e+00
0.000000000000000000e+00
0.000000000000000000e+00
0.000000000000000000e+00
0.000000000000000000e+00
0.000000000000000000e+00
3.155138322807345824e-02
9.489521810449779160e-01
3.203229170935308456e+00
3.258063894180727171e+00
1.857631825403283532e+00
8.639163434577856737e-01
4.099611087124848674e-01
2.103153078331279624e-01
2.314640209360559475e-01
8.120401677513718885e-01
1.693223061106462701e+00
1.888458699242199668e+00
1.475846990582918794e+00
1.021882374097125679e+00
7.475303903688825802e-01
6.419951314166435496e-01
6.348365234393277268e-01
6.878668554807479962e-01
7.599670272317995412e-01
8.471917389131563558e-01
9.401629915696396722e-01
1.019187698834068678e+00
1.086820196306946595e+00
1.144316262603763290e+00
1.180121163997823741e+00
1.196364246710133417e+00
1.195903023935100062e+00
1.178950376772011310e+00
1.148275420043449069e+00
1.111604115339115628e+00
1.074763178964135868e+00
1.038667516651382350e+00
1.006342508768048427e+00
9.766980902539975640e-01
9.559968464904234908e-01
9.396546877219541516e-01
9.319736673250667014e-01
9.261084802816277328e-01
9.274006647282193594e-01
9.292707681311660473e-01
9.368347325549204463e-01
9.458566944557983414e-01
9.581995647736051280e-01
9.705672268186964491e-01
9.800542627413852959e-01
9.893223133147324155e-01
9.937618173892811546e-01
1.001381094868430965e+00
1.007933682353995497e+00
1.009626442529249379e+00
1.015324498840244782e+00
1.016140244865878506e+00
1.017772705612583595e+00
1.017288743696508568e+00
1.018205980184730075e+00
1.014240855966400234e+00
1.011276842226528805e+00
1.009254020839377652e+00
1.004817278381211487e+00
1.002620273673898055e+00
1.003210509510838344e+00
1.001353567329211991e+00
9.990773560917011187e-01
9.962546077952513235e-01
9.982385554471564504e-01
9.969496922143999962e-01
9.976765793097598367e-01
9.964122982393490702e-01
9.961177456939344088e-01
9.939684291703742014e-01
9.955261054952490030e-01
9.954922373887680198e-01
9.946251380569360867e-01
9.945301379322246671e-01
9.947725992714837595e-01
9.953776444715960459e-01
9.970799530315969106e-01
9.984512189533722992e-01
9.966920003654059501e-01
9.975203087903138366e-01
9.993816731466631520e-01
1.000869695870849174e+00
1.001779246918880872e+00
1.001886831901908970e+00
1.001412583745018736e+00
1.002344126649267642e+00
1.000909055585423202e+00
1.001859104169095405e+00
1.001768812035369383e+00
1.001680432025610301e+00
1.001110380017689705e+00
9.995562119502860998e-01
9.999671127840485951e-01
9.998956039793557293e-01
9.997887216136267519e-01
1.000218974479800016e+00
1.000333322308339712e+00
9.987135181403697937e-01
9.978419834459389959e-01
9.985597395353550398e-01
9.994450943262312981e-01
9.998847882542513110e-01
9.986594649186734118e-01
9.983881912422221117e-01
9.997858567008450770e-01
9.980928362299604784e-01
9.982442723491661285e-01
9.993069403220461444e-01
1.000039028605244740e+00
9.994373607646650504e-01
1.000240671274067905e+00
9.999291943940455951e-01
9.993627916288769786e-01
1.000368960791289785e+00
9.997392669380114061e-01
1.000706247093896106e+00
9.996821872068307746e-01
1.000235873183414448e+00
1.000519366883425798e+00
1.000310684308052034e+00
9.998714584311200193e-01
1.000460562098144157e+00
9.997953717046498268e-01
1.000168578427027777e+00
1.000238468090572708e+00
9.989407795158271597e-01
1.000342004801127116e+00
9.994603432842534829e-01
9.999716232779018998e-01
9.989868167453229697e-01
9.987462609163336724e-01
9.987530490628451219e-01
9.991950703333675188e-01
9.997121962676914775e-01
9.989887104668309092e-01
1.000010047118916168e+00
9.993591817816996903e-01
9.996286863383131438e-01
1.000051854403206653e+00
1.000764314349167350e+00
1.000775989118644516e+00
1.000387073159132889e+00
1.000331108764531463e+00
1.000858377145942946e+00
1.000954648411612968e+00
1.000322120430945816e+00
9.999225985476015710e-01
9.995953286866571252e-01
9.997521399015287802e-01
9.995482110002112952e-01
9.999117630391672895e-01
9.988856965036276847e-01
9.989858159184257236e-01
9.993434923176104379e-01
9.987476943458284406e-01
9.986738215966340926e-01
9.993366708607190896e-01
9.996753840035256244e-01
1.000027872672592411e+00
9.992703110829476154e-01
1.000238269280944170e+00
9.996964670054303559e-01
1.000371433914221786e+00
9.999907586754797073e-01
1.000479433992157663e+00
1.000569346490007394e+00
1.000516817942833647e+00
1.000227472055779110e+00
1.000004309399329827e+00
9.995925175057037704e-01
1.000131299832367926e+00
1.000571034039886120e+00
1.000058946508008972e+00
9.996235235672636943e-01
9.993934544052680558e-01
9.995916613234417936e-01
1.000005007979271943e+00
9.997886888121478854e-01
1.000313542185957028e+00
1.000170073232460988e+00
9.997545084930751225e-01
9.996919677322743114e-01
1.000170609983066949e+00
9.999436450582569469e-01
9.999968161133021560e-01
9.998812520978697105e-01
9.994547446933649271e-01
1.000343372845720502e+00
1.000768293944685361e+00
9.999828239685792930e-01
1.000155053654576021e+00
1.000718089242166986e+00
9.998535147227721742e-01
9.995431271737437173e-01
9.998840809492994808e-01
9.999354840246104104e-01
9.998271055211900293e-01
9.999843774974749300e-01
1.000241368852044621e+00
1.000083067642106194e+00
9.996984375528393807e-01
9.999167796512719031e-01
9.998575936702519540e-01
1.000354259046416061e+00
1.000104669068633934e+00
1.000320141404193341e+00
9.999627476107494362e-01
9.999364460515408615e-01
9.998270848842711889e-01
1.000289836747899841e+00
9.998228630164960329e-01
9.997087474507189153e-01
1.000522345022986315e+00
1.000268130750371132e+00
9.999181206952184597e-01
9.998319076172247355e-01
1.000360609010961577e+00
1.000221301100618465e+00
1.000421580573326530e+00
9.997287658389522047e-01
1.000441767777521029e+00
1.000347709136044649e+00
9.999612352751807709e-01
1.000406123993347274e+00
1.000490880077853806e+00
1.000034069305484774e+00
1.000253209326750659e+00
1.000400059454306989e+00
9.997765901710108372e-01
1.000073094893585868e+00
1.000074440381596874e+00
1.000558981100963640e+00
9.999125180026975368e-01
1.000174298485804414e+00
9.998611853696841578e-01
1.000386517361354199e+00
1.000492110694986447e+00
1.000090963808628830e+00
1.000470084887279398e+00
1.000439565467964087e+00
1.000544910242286978e+00
1.000147705517022034e+00
1.000331254824405436e+00
1.000213874500850642e+00
9.992960465962449357e-01
9.914043144169193411e-01
9.805292187224570188e-01
9.697182796753855971e-01
9.580412892553208382e-01
9.472347210492714220e-01
9.367104264814668513e-01
9.254694968810446287e-01
9.149222209741546541e-01
9.047397222251962745e-01
8.942826205365582704e-01
8.837351063136474894e-01
8.733768971998874253e-01
8.626672502658675468e-01
8.523591156973558958e-01
