0.000000000000000000e+00
0.000000000000000000e+00
0.000000000000000000e+00
0.000000000000000000e+00
0.000000000000000000e+00
0.000000000000000000e+00
0.000000000000000000e+00
0.000000000000000000e+00
0.000000000000000000e+00
0.000000000000000000e+00
0.000000000000000000e+00
0.000000000000000000e+00
0.000000000000000000e+00
0.000000000000000000e+00
0.000000000000000000e+00
0.000000000000000000e+00
0.000000000000000000e+00
0.000000000000000000e+00
0.000000000000000000e+00
0.000000000000000000e+00
2.413981858360557335e-05
3.148275123609611814e-02
9.478261774889873426e-01
3.195349450011955472e+00
3.253533282416460004e+00
1.850828607051182129e+00
8.643455475163049906e-01
4.046927023684138147e-01
2.123514449671211335e-01
2.293916629877273961e-01
8.104305171836730937e-01
1.683062751140725455e+00
1.884665493730645736e+00
1.474052874821100367e+00
1.019247424676237745e+00
7.524597835330110174e-01
6.406893046657747837e-01
6.394953792096450540e-01
6.846982477632721498e-01
7.620164729352666422e-01
8.514715328766283564e-01
9.431256228433487765e-01
1.022178621774316065e+00
1.088367418375778106e+00
1.144107431797750429e+00
1.180298593276302377e+00
1.195099322035439338e+00
1.194724606226484687e+00
1.176967526504986594e+00
1.146699596028677437e+00
1.109870503768860761e+00
1.075077436994628766e+00
1.037130738586099277e+00
1.006827710263322295e+00
9.773836806378429776e-01
9.570914846514718688e-01
9.394094254300452418e-01
9.335253565935045517e-01
9.292775097509300419e-01
9.280351089317301350e-01
9.304484908840759960e-01
9.362031896644663620e-01
9.478808924583108642e-01
9.583651743999239692e-01
9.693801676702349379e-01
9.806687161021849786e-01
9.902340069710794390e-01
9.966146111340224989e-01
1.003856060152997776e+00
1.007018941748947460e+00
1.011329515701002935e+00
1.017498306139354769e+00
1.016281966750296695e+00
1.019874504369972845e+00
1.018637523101664444e+00
1.017922678162101136e+00
1.015847696878757755e+00
1.013174878480722185e+00
1.008879946190127663e+00
1.006112222639184539e+00
1.003384045078846931e+00
1.001313820820274536e+00
1.002619311346224729e+00
1.000481336828452417e+00
9.993140819778170147e-01
9.992078842024038066e-01
9.984657426315896034e-01
9.965618933739663898e-01
9.958331251771689319e-01
9.973007210506785736e-01
9.944769758883954536e-01
9.951022468461530046e-01
9.940125157276709089e-01
9.960128797245315635e-01
9.954510971102745742e-01
9.958193396219855442e-01
9.971958465268560001e-01
9.963683429766805322e-01
9.977850462812053456e-01
9.990312860092986913e-01
9.998501266326355053e-01
9.988524662618801786e-01
1.002070920751200633e+00
1.001282753489447064e+00
1.002440213605218844e+00
1.003374175173135763e+00
1.001059857220078841e+00
1.002741083357360008e+00
1.001351593765538173e+00
1.001677684093566167e+00
1.001879307959282706e+00
1.001338500161599310e+00
1.000910045768858447e+00
1.000129469644094327e+00
9.998713304757734788e-01
1.000641480240136216e+00
9.993394901177703460e-01
1.000124663273657566e+00
9.997382464244624067e-01
9.992351909167219715e-01
9.978882358243811312e-01
9.995326076609041266e-01
9.999842791721513802e-01
9.995713228544292894e-01
9.993999620158690034e-01
9.993804164239413756e-01
9.997742675823202418e-01
9.988759375022187026e-01
1.000211233148395440e+00
9.991043878942769130e-01
1.000058165519107867e+00
1.000248644739476722e+00
1.000492633364824524e+00
1.000943594082179811e+00
9.995588567293980375e-01
9.999707789280840586e-01
1.000325250626097340e+00
1.000504215661544904e+00
1.001128084205425983e+00
1.000692818941448348e+00
1.000551921838101377e+00
1.001087407246366245e+00
1.002172626356985896e+00
1.000562277655034249e+00
9.999111928477076860e-01
1.001021547639581399e+00
1.000248677894048033e+00
1.000697007763626356e+00
9.992322851583259613e-01
9.991188105349583237e-01
9.993241190280708341e-01
9.990362658040803367e-01
9.998327874656699477e-01
9.990390360646772550e-01
9.997008508905875779e-01
9.987349247118122442e-01
9.999038876214298988e-01
1.000424072468023118e+00
1.000280606307532905e+00
1.000291356058042203e+00
1.001386298783133455e+00
1.000486482080984008e+00
9.997621473445326146e-01
1.001126182548611521e+00
1.000557202080621044e+00
1.000835833811603237e+00
1.001642394325252594e+00
1.000450895883194802e+00
9.996700554258639571e-01
1.000419302982295866e+00
9.992910062153230744e-01
1.000177924479467295e+00
9.996127988809870857e-01
9.993044428523202294e-01
9.996814386709461653e-01
9.987057194844851660e-01
9.994715298729750508e-01
1.000050643009215756e+00
9.996199215863361687e-01
9.991975899987214360e-01
9.999302376063525788e-01
1.000482579659717874e+00
1.000593379240317660e+00
1.000794406474401432e+00
1.000338768887334195e+00
1.000672091809643227e+00
1.000420298943914155e+00
1.000774003804719037e+00
9.998620010701521066e-01
1.000055381475941862e+00
1.000172023619171346e+00
1.000448510397638602e+00
1.000060035074996190e+00
1.000157176779840729e+00
1.000069065978528071e+00
9.999253333963409318e-01
1.000280391833791471e+00
9.997622395886172075e-01
1.000325372417509406e+00
9.995590785084998986e-01
9.995342488037716189e-01
1.000077970546626061e+00
9.993208919686227265e-01
1.000612671457044467e+00
1.000141936376109486e+00
1.000388339717061648e+00
1.001085650120605353e+00
1.000014021966648015e+00
9.996571243445916410e-01
1.000375790361919259e+00
1.000082781144172817e+00
1.000059316662969211e+00
1.000200543861470281e+00
1.000128330227845641e+00
1.000220421895668066e+00
9.997507032364553181e-01
9.999145996591130015e-01
1.000132983985832391e+00
9.996848146883581254e-01
1.000263144593689590e+00
1.000401945029947726e+00
9.999047618555203520e-01
1.000023775139648130e+00
9.999405846470728054e-01
1.000294837435757866e+00
1.000137085389032121e+00
1.000013350406030455e+00
1.000071067353226262e+00
1.000278291125360042e+00
1.000120211120780978e+00
1.000244262528170669e+00
1.000278319954726713e+00
1.000263070784060737e+00
1.000126643268524074e+00
9.996488591381733624e-01
1.000187619663565286e+00
1.000046441278314324e+00
9.997782931849124033e-01
9.997600776741840667e-01
1.000297362232484444e+00
9.998313269307738116e-01
1.000139877853925663e+00
9.999582440879797307e-01
1.000031916033280233e+00
1.000098869921045797e+00
9.999677601720444731e-01
1.000599249422772674e+00
9.998742761665626588e-01
1.000194712879838077e+00
1.000277424205897603e+00
1.000519138051347623e+00
1.000677925045648786e+00
1.000171005707723326e+00
1.000262659608936344e+00
1.000576426573523525e+00
1.000463192587550676e+00
1.000259480403793200e+00
9.999813303716977853e-01
1.000001822152177366e+00
9.999227769906472441e-01
1.000097116006003706e+00
1.000008754591801940e+00
9.998506877969448592e-01
1.000162215009418709e+00
1.000006599137906127e+00
9.991928283137546662e-01
9.914044322867150427e-01
9.800105301772674693e-01
9.696541743789617307e-01
9.585211171337130187e-01
9.478896275774216784e-01
9.363346610639202705e-01
9.252844447338309797e-01
9.147665672573912499e-01
9.041728787423695124e-01
8.936653271410351929e-01
8.835064281374809259e-01
8.730053871782798014e-01
8.624551121460481973e-01
8.526443604053687286e-01
