0.000000000000000000e+00
0.000000000000000000e+00
0.000000000000000000e+00
0.000000000000000000e+00
0.000000000000000000e+00
0.000000000000000000e+00
0.000000000000000000e+00
0.000000000000000000e+00
0.000000000000000000e+00
0.000000000000000000e+00
0.000000000000000000e+00
0.000000000000000000e+00
0.000000000000000000e+00
0.000000000000000000e+00
0.000000000000000000e+00
0.000000000000000000e+00
0.000000000000000000e+00
0.000000000000000000e+00
0.000000000000000000e+00
0.000000000000000000e+00
1.206970442896861119e-05
3.178947020092941916e-02
9.492329438110529427e-01
3.221804079912183649e+00
3.270836216285307074e+00
1.866126360960007613e+00
8.705576391366468547e-01
4.084153881047097867e-01
2.133720960869226746e-01
2.305594312667228751e-01
8.144031358643352148e-01
1.698387214536877243e+00
1.892154743894532087e+00
1.478751716305324315e+00
1.025128906356916225e+00
7.469846493814259469e-01
6.386565221369864265e-01
6.310034142405146484e-01
6.838790382405561807e-01
7.598479356342814350e-01
8.511108147134381907e-01
9.404055903759963586e-01
1.019119586236144848e+00
1.087660078577840750e+00
1.144226444591714520e+00
1.178357450041045418e+00
1.200782814218876560e+00
1.199477961407536819e+00
1.182030966353470713e+00
1.147605723400876965e+00
1.114807078993123257e+00
1.074330486697601783e+00
1.042515349131704738e+00
1.007353118744592768e+00
9.823869816914022612e-01
9.569073335250712908e-01
9.425942334894169550e-01
9.346788288722436278e-01
9.297658583995281889e-01
9.296630432533821153e-01
9.318783929889540296e-01
9.380022119941454628e-01
9.468947324289633816e-01
9.600109962860012836e-01
9.699283683585481208e-01
9.812540782007959095e-01
9.919128127912812953e-01
9.990885645646958579e-01
1.004078044317284535e+00
1.008794814146221297e+00
1.012339260149646147e+00
1.014881098392037995e+00
1.020243260802291330e+00
1.018305881065829643e+00
1.016698043457073597e+00
1.017601085088005508e+00
1.014487718776213132e+00
1.014382516596734174e+00
1.008377085871536183e+00
1.007508005877331358e+00
1.006796942706673859e+00
1.004801890510480522e+00
1.002010477440408165e+00
1.001082170956088646e+00
9.988829042429211436e-01
1.000547037314954091e+00
9.983682157274238467e-01
9.978404933667562871e-01
9.972614532070258608e-01
9.983251214991508693e-01
9.959430886478025657e-01
9.978225590517334487e-01
9.969514626486728481e-01
9.958214429238583243e-01
9.955075576467847798e-01
9.970568854050178009e-01
9.980332372753734083e-01
9.972907958303925957e-01
9.993133739652977354e-01
1.000374399095856681e+00
9.988511996164511908e-01
1.000053430022797674e+00
1.001761843370198912e+00
1.001730989543497152e+00
1.002981632622721664e+00
1.003576952800860012e+00
1.001967043000201896e+00
1.003290012692729993e+00
1.001744059767768924e+00
1.002328408401902848e+00
1.001513434457485197e+00
1.000706169299855786e+00
1.000892292731341726e+00
1.000574874867000474e+00
9.996474707867051279e-01
1.000919372985722200e+00
1.000481356657622278e+00
1.000822102268640323e+00
1.000067830785042355e+00
9.995401098300857878e-01
9.997182149326520051e-01
1.000504757999254313e+00
9.995623598355527495e-01
1.000429917251323575e+00
9.998576232908658046e-01
9.993374255972752307e-01
9.992349163476572649e-01
9.995216553735671861e-01
9.997592750908095294e-01
9.995717894075129006e-01
1.000271012498673340e+00
9.992375023287131119e-01
9.992094448190244060e-01
9.998444330738416319e-01
1.001029433756747578e+00
1.000238738334219946e+00
1.000784590922896955e+00
1.000515477334426695e+00
1.000346267920125154e+00
1.000308341588254324e+00
1.001233289949197802e+00
1.001149847590717012e+00
1.000827775118739993e+00
1.000261578803925300e+00
9.997759813632044468e-01
9.995926699279034100e-01
1.000380220182588431e+00
9.994407009508317064e-01
1.000027951985620556e+00
9.995747345325434186e-01
9.998377240966949131e-01
9.990483285738710473e-01
9.995558526233491170e-01
9.988690616721501714e-01
9.994127637488838811e-01
9.996051361671771662e-01
1.000626687699180062e+00
1.000181304008372907e+00
1.000370567752204787e+00
9.995021504845632565e-01
1.001550918882511354e+00
1.000388828957662124e+00
1.000508166104417951e+00
1.001531536848833559e+00
1.000925029837555380e+00
1.000611329196002597e+00
1.000455679162340905e+00
1.000363278329245098e+00
1.000509426535100888e+00
1.000392013865283092e+00
9.999452884212062242e-01
9.994858992274516796e-01
9.991662785059437502e-01
9.996065542384237057e-01
9.997961541867406154e-01
9.997978930473725434e-01
9.989993436169660734e-01
9.989738724331412856e-01
1.000073323477787435e+00
9.999692173273223572e-01
9.993195945783389655e-01
9.999450975796194685e-01
9.998696887800972988e-01
1.000429326325297463e+00
1.000186669975308140e+00
1.000866915241342969e+00
1.000556232137323587e+00
1.000249579002288725e+00
1.000007710104634739e+00
1.000309325751096878e+00
1.000446023627020065e+00
9.997702149299702024e-01
1.000048465352817439e+00
1.000169639651236064e+00
1.000462667183781074e+00
1.000130017253999748e+00
9.993672895600543837e-01
1.000057748270088087e+00
9.998844413136660503e-01
9.997605501495748781e-01
1.000247794881114372e+00
1.000282263611722122e+00
9.995848590788029009e-01
9.998707543572014078e-01
1.000933731508701241e+00
1.000384909343277950e+00
1.000240564104980079e+00
1.000173327440278870e+00
9.999208761876886564e-01
1.000713885524248781e+00
9.995977797626087735e-01
9.997975555369807976e-01
1.000439728541213436e+00
9.997034987481614454e-01
1.000062630077322767e+00
9.997419680171433232e-01
9.996226862745691832e-01
1.000181884692183276e+00
1.000431751950162873e+00
9.998319441169963850e-01
1.000257941671374384e+00
1.000034330649028247e+00
1.000648169032645862e+00
9.996605764756137935e-01
9.999383962242119894e-01
9.995995258961281049e-01
1.000095132405123266e+00
9.995583116369199939e-01
1.000278675088458469e+00
1.000283859135746800e+00
9.996088809612591053e-01
9.999931841159609425e-01
1.000388921481501825e+00
1.000741981201467956e+00
1.000400677618459966e+00
1.000184872219998855e+00
9.996682951376892889e-01
1.000189954107914891e+00
1.000580709216214670e+00
1.000192459633228115e+00
1.000143760012876193e+00
1.000193024701420574e+00
1.000198337228329182e+00
1.000218189042922701e+00
1.000282856550738675e+00
1.000131229873070682e+00
9.999219327415919123e-01
1.000065676755902855e+00
9.999748602814958476e-01
9.999392024188635819e-01
9.999727539998259918e-01
1.000180065779753713e+00
9.995681562372060736e-01
1.000200682129769536e+00
9.996852775123106216e-01
1.000270838728088529e+00
1.000061225545734400e+00
1.000143769020798379e+00
1.000054359952931460e+00
9.997860393702626691e-01
1.000337844354156625e+00
1.000127013624065864e+00
1.000287870251944655e+00
9.997337380748415603e-01
1.000116824522388148e+00
9.996533862600615050e-01
9.918183867000923692e-01
9.806130172688589663e-01
9.689662394018282443e-01
9.581174492071146132e-01
9.466537739837149745e-01
9.364683608877578669e-01
9.253524613107810826e-01
9.145979753866328998e-01
9.043183809293222630e-01
8.938541477769899046e-01
8.828917253667163401e-01
8.728674643676735956e-01
8.626307023945932739e-01
8.524933259247656769e-01
