0.000000000000000000e+00
0.000000000000000000e+00
0.000000000000000000e+00
0.000000000000000000e+00
0.000000000000000000e+00
0.000000000000000000e+00
0.000000000000000000e+00
0.000000000000000000e+00
0.000000000000000000e+00
0.000000000000000000e+00
0.000000000000000000e+00
0.000000000000000000e+00
0.000000000000000000e+00
0.000000000000000000e+00
0.000000000000000000e+00
0.000000000000000000e+00
0.000000000000000000e+00
0.000000000000000000e+00
0.000000000000000000e+00
0.000000000000000000e+00
0.000000000000000000e+00
0.000000000000000000e+00
0.000000000000000000e+00
0.000000000000000000e+00
0.000000000000000000e+00
4.174350805364132611e-02
7.541775968889888881e-01
2.707848659468479191e+00
3.031006393812386346e+00
1.946937447506685182e+00
9.072962006567998339e-01
4.892440451964683024e-01
2.599820122244598242e-01
2.233185477659246077e-01
2.068485666248825738e-01
2.594775112430309782e-01
2.700960306421258950e-01
2.783299413579353176e-01
2.798182727546801307e-01
2.901061290491955269e-01
3.071334525213293420e-01
3.878154607518829455e-01
5.172715714576874291e-01
6.932742839597819673e-01
8.904066906495605727e-01
1.091992715178282447e+00
1.234436010410593809e+00
1.382789081498493999e+00
1.551795791017020587e+00
1.609543096736196111e+00
1.721203008107609733e+00
1.711421725958033324e+00
1.699070088828425362e+00
1.588938692383496720e+00
1.418527752513999873e+00
1.236085063055704092e+00
1.102139532189402749e+00
9.896732172824473928e-01
8.956180079183432285e-01
8.470398398810572438e-01
8.625663645272287905e-01
8.617842611883745896e-01
8.665906713089528424e-01
8.716093167546142828e-01
9.091323223109811780e-01
9.245494346244874651e-01
9.593443025356547249e-01
9.846123953519928529e-01
9.933464387028491105e-01
1.018292138273943381e+00
1.034195481868216637e+00
1.025344234623452255e+00
1.075689872669085112e+00
1.043932775871512897e+00
1.045215674230208336e+00
1.037092392693431897e+00
1.077688793797173972e+00
1.041226390881287100e+00
1.024799459774306198e+00
1.025257921752345869e+00
1.007155200135567918e+00
1.011862082468673707e+00
9.899894409433275255e-01
9.672317261339447025e-01
9.807192471497437891e-01
9.641371912594182136e-01
9.907462291021033041e-01
9.998111139238841094e-01
1.001199488487520606e+00
1.003150128178572409e+00
1.013475113685881279e+00
1.009695612411370291e+00
1.032841555533922540e+00
1.018525729677433933e+00
1.023027464370886541e+00
1.033072902189129394e+00
1.030479449548606485e+00
1.034890661207937157e+00
1.005850763753546095e+00
1.017426692741754124e+00
1.010969743070816440e+00
1.010207529904447732e+00
9.890256061343900562e-01
1.004487692679402411e+00
9.833299152514372032e-01
1.005956296139780104e+00
9.998347570319575661e-01
1.006840700777714481e+00
1.013468034995749001e+00
1.005730861971927181e+00
1.015221902236349116e+00
1.003894254371543893e+00
1.001441119291194726e+00
1.007639328319530625e+00
1.011691577643515583e+00
1.007550743234159274e+00
1.004836607543258431e+00
1.004907369676051099e+00
9.859874765345610914e-01
9.990079105793288061e-01
9.969737004695365945e-01
1.013218438138408395e+00
1.007806940513625849e+00
9.930031471461182591e-01
9.975215178974841113e-01
9.958362894429395595e-01
9.999981969776032820e-01
1.002748059212670961e+00
9.924744240569551845e-01
9.979833930332586700e-01
9.998025468027829099e-01
9.997586510393632331e-01
9.973915120378818999e-01
1.003799578663755465e+00
9.922058474668584704e-01
9.844548596692056508e-01
9.953672735063719967e-01
1.001172346301721028e+00
1.000890149178443433e+00
9.910975640418873134e-01
9.864790714428752771e-01
9.899250282033869031e-01
9.899446639212999832e-01
9.905963425723075533e-01
9.924548345699015783e-01
9.877729790002478527e-01
9.884873629430643849e-01
9.849065107697698718e-01
9.897818477116332447e-01
9.864703409935067224e-01
9.887064252811827991e-01
9.873599956057985683e-01
9.851771387768117894e-01
9.961235987667382830e-01
9.928697856242425512e-01
9.893825650607972477e-01
9.967168062325684197e-01
9.862795828939455722e-01
9.865148119015112460e-01
9.847006015999093531e-01
9.898706674467309119e-01
9.960996892820229709e-01
9.925710340041620228e-01
9.904625153507407020e-01
9.906797917164760214e-01
9.906903726197998639e-01
9.900461893925699419e-01
9.961963394372612690e-01
9.929564840983413632e-01
9.905342224115070149e-01
9.945481608807311691e-01
9.977444828122861153e-01
1.001556280803278298e+00
9.948462023603797943e-01
9.966184659874042229e-01
9.956087844843981571e-01
9.926407716287309890e-01
9.950342797217359703e-01
9.928566578083709571e-01
9.937154869346581654e-01
9.928742350600769928e-01
9.960185977273270375e-01
9.979711279014242820e-01
9.983998629453069151e-01
1.001624158500726613e+00
1.004425500556732631e+00
1.002438359217094677e+00
1.000609506611692678e+00
1.000129115996644780e+00
1.002910926088819377e+00
9.928083288805348294e-01
1.001542886812760713e+00
9.995972106053772066e-01
9.969029685441591626e-01
1.000855603727153875e+00
9.983596755509366316e-01
1.003639517011715387e+00
1.001403689535648400e+00
9.931796303466995379e-01
9.954302085237779485e-01
1.000070266428238375e+00
9.978466611527880836e-01
1.005396786488546690e+00
9.947410012152583247e-01
9.991243772078802765e-01
9.962618083590052409e-01
9.932988994816628336e-01
9.964777988448937363e-01
9.931987516898425072e-01
9.972315555469312143e-01
9.891911420425746337e-01
9.893682421164904373e-01
9.948967584367213179e-01
9.900591294832790101e-01
9.912665121615464869e-01
9.900793500356678267e-01
9.916551718583687114e-01
9.868764527011809617e-01
9.906017938279307877e-01
9.948691973325112237e-01
9.897750378009860794e-01
9.924034601672552247e-01
9.918986850396804833e-01
9.992767872769428017e-01
9.939348269682491965e-01
9.916483411371894707e-01
9.973578930701567646e-01
9.915925901402802278e-01
9.944040764120413156e-01
1.001188078093889100e+00
9.868104582025939431e-01
9.957402410265523418e-01
9.976494126348539604e-01
9.966891191573932218e-01
9.999642606892361618e-01
9.930067599991996286e-01
9.981537079884885699e-01
9.883058343613867480e-01
9.882173503628033373e-01
9.927147074456325049e-01
9.946653787607722119e-01
9.934175327645183851e-01
9.935160366153649170e-01
9.943209714557410539e-01
9.917756200861740368e-01
9.943571045780811302e-01
9.930213741221981527e-01
9.994471432651093057e-01
9.965685547172317138e-01
9.936596541119541159e-01
9.973517898936009596e-01
9.936840328656727506e-01
9.912624705531218883e-01
9.936339555930691070e-01
9.963971724268703145e-01
9.910997922704490870e-01
9.999810337840110419e-01
9.948044626935728107e-01
9.927307946828294316e-01
9.922453648094960998e-01
9.988471933675837633e-01
9.969837338065798971e-01
9.979153426522435755e-01
9.969234542291713908e-01
9.993934527647246879e-01
9.879261760991079333e-01
9.893597371564553100e-01
9.979979483274992180e-01
9.964281826988375945e-01
9.904311003003223313e-01
9.924173046578876889e-01
9.894152946018461847e-01
9.925277831880595647e-01
9.953416749267461894e-01
9.931713212562138793e-01
9.939519253237057983e-01
9.947542806133397031e-01
9.939627666881772905e-01
9.932477426713678392e-01
9.933671550564905361e-01
