0.000000000000000000e+00
0.000000000000000000e+00
0.000000000000000000e+00
0.000000000000000000e+00
0.000000000000000000e+00
0.000000000000000000e+00
0.000000000000000000e+00
0.000000000000000000e+00
0.000000000000000000e+00
0.000000000000000000e+00
0.000000000000000000e+00
0.000000000000000000e+00
0.000000000000000000e+00
0.000000000000000000e+00
0.000000000000000000e+00
0.000000000000000000e+00
0.000000000000000000e+00
0.000000000000000000e+00
0.000000000000000000e+00
0.000000000000000000e+00
0.000000000000000000e+00
0.000000000000000000e+00
0.000000000000000000e+00
0.000000000000000000e+00
0.000000000000000000e+00
3.203537221211961300e-02
6.364147435219920101e-01
2.251229757437250623e+00
2.662593861730391698e+00
1.700287724214436302e+00
8.550342888835628097e-01
3.988981967753360558e-01
2.026044885406639573e-01
1.777529008175537384e-01
1.697200792359881971e-01
1.933537382004867078e-01
2.246037711294103512e-01
2.442094422729566561e-01
2.372254198840339778e-01
2.553068161506115707e-01
2.713367840993253233e-01
3.698502960250485971e-01
4.896551645675276121e-01
6.702469228075519370e-01
8.817895915831418518e-01
1.120645072415901833e+00
1.282304805390580560e+00
1.433138275805146744e+00
1.495419122533331979e+00
1.653841225999959086e+00
1.696925041545406687e+00
1.770195432223844678e+00
1.698364818660350162e+00
1.624872944104913230e+00
1.416174544199033880e+00
1.265789955257041077e+00
1.071870076367567703e+00
9.678949445425412135e-01
8.976375476597796554e-01
8.671811408357767981e-01
8.615222340153252389e-01
8.534292662099097759e-01
8.756317848870851517e-01
8.813070032082415128e-01
9.405343531669166923e-01
9.383715309719242725e-01
9.550512150058415584e-01
9.876501236493594460e-01
9.872812875531000731e-01
1.019718865868740609e+00
1.039773145694300904e+00
1.033483483848096407e+00
1.036883774678319936e+00
1.064372242833068638e+00
1.037128452472942497e+00
1.050925229361264757e+00
1.026975631200036432e+00
1.035749526697631318e+00
1.015568005841194887e+00
1.013759788885335134e+00
9.968176339911031247e-01
9.822920813889070013e-01
9.766220263081083486e-01
9.648670252467610453e-01
9.736354290314448434e-01
9.501364413917746665e-01
9.575760472072009089e-01
9.822368526713295411e-01
9.855514435166001785e-01
9.830418808696221866e-01
9.856378997813768361e-01
1.011192898350001368e+00
9.898880442765034537e-01
1.013387523668664247e+00
1.013048576777101806e+00
1.012710623739309312e+00
1.002537229862217494e+00
9.997481552437829100e-01
1.010785171517757597e+00
9.951607086300816585e-01
9.933948747076134511e-01
9.836625265708950350e-01
9.773576082085543293e-01
9.897433043103106565e-01
9.938410483687342145e-01
9.804210234774907162e-01
9.876343648360957905e-01
9.803343835605184964e-01
9.971542166992761747e-01
9.940311460174576785e-01
9.890486840351316866e-01
1.011398992666755259e+00
9.962426122344378854e-01
9.946416778494021615e-01
9.977639905665030007e-01
9.893199338566710521e-01
9.885919083308156718e-01
9.907669062927610959e-01
9.927654552173752478e-01
9.967866134342125983e-01
1.000919530352130327e+00
9.977690973377141281e-01
9.884015945625951316e-01
1.002264212550971312e+00
9.951484331237717695e-01
9.958656417254769799e-01
9.922153340374476604e-01
9.861544486858783154e-01
9.975105161371912166e-01
9.852485727231337087e-01
9.758813009079162493e-01
9.956224506112785200e-01
9.957625533894861602e-01
9.963144568376454124e-01
9.983372221859981854e-01
9.807306453688086068e-01
9.961358686505500382e-01
9.870367342878740846e-01
9.994971251682324143e-01
9.982240246741743706e-01
1.000572251174274729e+00
9.940133950727895185e-01
9.902759632238052889e-01
1.001929078415871199e+00
9.931697655351465759e-01
9.880605538114711761e-01
9.912712179560546621e-01
9.928178493809175498e-01
9.816120655028105491e-01
9.905837525360323692e-01
9.809192717727798216e-01
9.956837116533197030e-01
9.842435635742543543e-01
9.991674071944567359e-01
9.992330430060855084e-01
9.928182994778828041e-01
9.972988654231113026e-01
9.984595566770246844e-01
9.917061216286779946e-01
9.961797574098276709e-01
9.986582151522039874e-01
9.962584325212981984e-01
9.967681140438755527e-01
9.913729094411641851e-01
9.900625943588367006e-01
9.902417725305553420e-01
9.906732165602207818e-01
9.923602681399011916e-01
9.945689264668738927e-01
9.943250525047963029e-01
9.907804111278805115e-01
9.943423356413571002e-01
9.827477145880115783e-01
9.881242421590006320e-01
9.982041918202854136e-01
9.930768763628783358e-01
9.947984552660675828e-01
9.879100938058734682e-01
9.852373039748693051e-01
9.767560628044725801e-01
9.859263739128347748e-01
9.886678774361291611e-01
9.920653666241721069e-01
9.887520311652131522e-01
9.936940835167570318e-01
9.919021968124396293e-01
9.910107781748437317e-01
9.842393232089871047e-01
9.931712588417068721e-01
9.946021110833593859e-01
9.875960826555882921e-01
9.949214010418676590e-01
9.949353882025301354e-01
9.911426006645128739e-01
9.931181903127472843e-01
9.867532842609896271e-01
9.927230666409393445e-01
9.935430667540848804e-01
9.835554677124777045e-01
9.883449255592029470e-01
9.905111732130341684e-01
9.929691344392677088e-01
9.900363918417043330e-01
9.897604482357418298e-01
9.875349726470615819e-01
9.893144753865257268e-01
9.877362565481614398e-01
9.993410358764573953e-01
9.907917978240957657e-01
9.978825280043286394e-01
9.896649465553825076e-01
9.927306935801869514e-01
9.969690562522154353e-01
9.921536929496570512e-01
9.928475096107765019e-01
1.001039233566181963e+00
9.880078379645992337e-01
9.949397733558518198e-01
9.974806859127943737e-01
9.996804848238075580e-01
9.880504553936769740e-01
9.899864509742708485e-01
1.001005868932060450e+00
9.967130963278274525e-01
9.954523642060540967e-01
9.987019399610767012e-01
9.943567603135685662e-01
1.005341222445011784e+00
1.000003775934472872e+00
9.993073875125076944e-01
9.962821643341799316e-01
9.917831164874953975e-01
9.954080342325868358e-01
9.969447512648410559e-01
9.995171825953248490e-01
9.939294517644040594e-01
9.971497295044181586e-01
1.000035790956606219e+00
9.922577033532684609e-01
9.913281973512155787e-01
1.004652792431343755e+00
9.936124830175881995e-01
9.955129630234333948e-01
9.973767769779033898e-01
9.981119071806847654e-01
9.969965325408013390e-01
9.962939480309502827e-01
9.948088926547217214e-01
9.984287423689718333e-01
9.970667136396720309e-01
9.919585293849815244e-01
9.962684405381518893e-01
9.930836536534651815e-01
9.903616909854801031e-01
1.001708463032910945e+00
9.955184063764960234e-01
9.961895850724369339e-01
9.997448742383373554e-01
9.960362729585285901e-01
9.984597849103321598e-01
9.950686462846082270e-01
9.936955897686611250e-01
9.981885944108709330e-01
9.973036958849008649e-01
9.986788197230589414e-01
9.963611166334698233e-01
9.875889937843117528e-01
1.001031020969228802e+00
9.992722430395077904e-01
9.951577383644703012e-01
9.951072205014267480e-01
9.956397122617814954e-01
9.936648917957036087e-01
9.911278711076787484e-01
9.972912032303721253e-01
9.985326315415471443e-01
9.953298768874372371e-01
9.937389278464009434e-01
9.935951586744949937e-01
9.964758598410267121e-01
