0.000000000000000000e+00
0.000000000000000000e+00
0.000000000000000000e+00
0.000000000000000000e+00
0.000000000000000000e+00
0.000000000000000000e+00
0.000000000000000000e+00
0.000000000000000000e+00
0.000000000000000000e+00
0.000000000000000000e+00
0.000000000000000000e+00
0.000000000000000000e+00
0.000000000000000000e+00
0.000000000000000000e+00
0.000000000000000000e+00
0.000000000000000000e+00
0.000000000000000000e+00
0.000000000000000000e+00
0.000000000000000000e+00
0.000000000000000000e+00
0.000000000000000000e+00
0.000000000000000000e+00
0.000000000000000000e+00
0.000000000000000000e+00
0.000000000000000000e+00
2.426896710346025665e-02
7.020264254262537085e-01
2.325495221918600031e+00
2.760488686180599061e+00
1.767004174483456813e+00
9.079555373082224268e-01
4.357933140563453045e-01
2.474258969986913304e-01
2.047511943895944930e-01
2.010101137522588843e-01
2.199000118804842474e-01
2.298136909493281033e-01
2.379221516138819714e-01
2.580917462450646460e-01
2.670376272028754938e-01
3.044328328817245688e-01
3.658143831682967306e-01
4.962905507327447507e-01
6.719079956219247141e-01
8.486259208359911987e-01
1.060561292013225909e+00
1.248131996049663517e+00
1.429765656136902541e+00
1.489499149159557279e+00
1.570346864710796320e+00
1.674380804023299474e+00
1.683774687503473810e+00
1.637650734384063833e+00
1.561776104208157268e+00
1.386191516326826134e+00
1.249380647996914062e+00
1.105873554380290669e+00
9.577648663720913502e-01
8.998417575549897407e-01
8.593259406014065460e-01
8.811753580577341705e-01
8.898071061267311954e-01
8.950162560617026530e-01
8.883431697396620974e-01
9.233771323534630815e-01
9.314457609617143863e-01
9.688886335135340477e-01
9.851457452542936588e-01
9.722022603262424623e-01
1.007945360858503614e+00
9.940360927125565516e-01
1.046562400599883036e+00
1.052606752604565044e+00
1.076982020461646705e+00
1.065439941531818091e+00
1.050028260158249349e+00
1.053286238834946875e+00
1.044252415875562612e+00
1.033690513446343884e+00
9.980669611753467674e-01
9.950536782807775094e-01
9.766742141845496938e-01
9.742929435796707782e-01
9.615067983742705549e-01
9.778692107198040384e-01
9.749979747036249256e-01
9.731752585919878351e-01
9.753002219871689249e-01
9.886040167804663881e-01
9.988729845417281261e-01
9.927190137824317695e-01
9.960258517411317847e-01
1.006405200624689300e+00
9.908461772591344863e-01
1.007453179525333642e+00
9.994788625220449862e-01
1.012695749804136902e+00
1.002726187334559427e+00
1.004788283520940739e+00
1.003248740258121607e+00
9.919469139000575142e-01
9.938858469164771892e-01
9.867813223755563801e-01
9.834859142373677532e-01
9.801872555789717945e-01
9.952714903005177582e-01
9.707034897735565826e-01
9.857323925139147569e-01
9.929072809414398737e-01
9.972852091094470683e-01
9.962768536795838514e-01
1.001740180554771209e+00
1.005160956488303947e+00
9.832128857433274360e-01
9.958755143632095352e-01
1.006298984653387185e+00
9.847207932296074828e-01
9.900706071454308255e-01
9.998584313458499517e-01
9.820547001483962424e-01
9.889525529778083746e-01
9.959624858095925681e-01
9.867085156056359940e-01
9.981973444318249511e-01
1.000595734895781908e+00
9.916465381859100869e-01
9.931518000617950426e-01
9.934451847908690736e-01
9.922239536442289953e-01
9.902449888494737618e-01
1.002783990426161065e+00
9.927278981503003807e-01
1.005640993384636195e+00
9.888297712366220793e-01
1.000246151524425864e+00
1.000010204804614444e+00
9.952105639203079335e-01
9.974446085701388354e-01
1.001922112644949125e+00
9.986677153910501481e-01
9.914152226908687915e-01
9.975659620368650948e-01
9.998101367245638693e-01
1.001121494877314833e+00
9.953967850383537153e-01
9.923145104570767483e-01
1.000408912955310425e+00
1.001773879385433386e+00
1.003759992361879849e+00
1.000798520514756040e+00
9.970470181427253387e-01
1.008023276375214605e+00
9.972633775908661402e-01
1.003872558918722957e+00
9.899129584300274676e-01
9.980295528593762233e-01
1.001773449869952204e+00
1.003462808944002749e+00
1.012277028364149123e+00
1.002472420589800572e+00
9.959519430830594544e-01
9.951345039579727603e-01
1.005053592985233557e+00
1.001730055898143235e+00
9.994308007481573775e-01
1.002147717744801270e+00
9.982462036553827467e-01
1.002588137447842032e+00
9.969154434481091176e-01
9.942487554896881630e-01
1.006449651805255696e+00
9.993116580199987720e-01
9.995619024885850079e-01
9.997955315552480293e-01
9.918702589312440310e-01
1.007885931692132919e+00
9.940585360881215582e-01
9.989004704374805366e-01
1.005972205260955210e+00
1.000375847718859346e+00
9.993639356050959544e-01
1.002724002130584990e+00
9.994852323049272513e-01
1.003347088899710693e+00
9.956867240879273551e-01
1.002312650780536885e+00
9.972260303639404189e-01
9.948778161965350364e-01
9.997881026475304855e-01
9.996724063948966288e-01
9.941267607589341360e-01
1.001418281447137071e+00
1.000683408027293275e+00
9.951451240127113795e-01
9.935750497155838579e-01
9.973308591432956671e-01
9.970945103143100674e-01
1.000508453974140455e+00
9.941679266781906499e-01
9.874463125127269647e-01
9.984472258465585393e-01
9.973434598216486258e-01
1.002942907026355579e+00
9.994000114332259876e-01
9.869208418379495917e-01
9.915764472145246478e-01
9.947878793757896076e-01
9.861928660121305201e-01
1.004490423978944280e+00
9.882060368742205947e-01
9.894550761718763354e-01
9.967848387088245055e-01
9.937571438582356587e-01
9.945809351152316014e-01
9.920138666373216063e-01
9.917711835288803846e-01
9.941123766227458747e-01
9.941820167296195887e-01
9.977479213763938981e-01
9.971410782570450104e-01
9.922990445719863661e-01
9.962427197605199236e-01
9.941475257679431854e-01
9.948194930736261599e-01
9.934627825921878985e-01
9.949297192415806901e-01
9.945925036139852127e-01
9.914252352532479939e-01
9.949270481863962123e-01
9.971873900703949190e-01
9.956418947474851011e-01
9.964376470036440114e-01
9.883085873096828511e-01
9.910058500532885617e-01
9.942486501799688847e-01
9.962526056233366178e-01
9.911006882749924252e-01
9.960521410387335184e-01
9.946446261654355858e-01
9.946637210235312887e-01
9.953100484227199729e-01
9.937861175891198329e-01
9.944826051321745686e-01
9.996023424012498992e-01
9.961266541724751455e-01
1.000893201665238985e+00
9.965016560113745259e-01
9.956023890079723770e-01
9.932758713779972215e-01
9.994496424246983590e-01
1.000620463580104147e+00
9.909281573543967658e-01
9.929940947062486645e-01
9.976702122817272533e-01
9.958789552245114196e-01
1.004076430312426771e+00
1.000525931065054941e+00
9.937074437908688385e-01
9.978775939018045271e-01
9.963868466434827598e-01
1.000407507955107356e+00
9.994829455007856467e-01
9.972436909724086140e-01
1.002930708994016484e+00
9.947519688171404528e-01
9.944788677003173483e-01
1.002245535709092250e+00
1.000985262631678863e+00
9.946643754268863491e-01
9.987633179326613764e-01
9.984185669894252158e-01
9.974193295353049882e-01
9.914864891003561942e-01
9.970169716887692379e-01
1.000615377759711988e+00
9.959769874157544667e-01
9.938661436436355689e-01
9.954091495363153186e-01
9.934789350567728716e-01
9.956007307724835664e-01
