0.000000000000000000e+00
0.000000000000000000e+00
0.000000000000000000e+00
0.000000000000000000e+00
0.000000000000000000e+00
0.000000000000000000e+00
0.000000000000000000e+00
0.000000000000000000e+00
0.000000000000000000e+00
0.000000000000000000e+00
0.000000000000000000e+00
0.000000000000000000e+00
0.000000000000000000e+00
0.000000000000000000e+00
0.000000000000000000e+00
0.000000000000000000e+00
0.000000000000000000e+00
0.000000000000000000e+00
0.000000000000000000e+00
0.000000000000000000e+00
0.000000000000000000e+00
3.406836324894462614e-02
1.035532544063155536e+00
3.388468873761612432e+00
3.333719642571297825e+00
1.839086017531328832e+00
8.290071634561511082e-01
3.769852310572803233e-01
1.938698156445987364e-01
2.220010434169474023e-01
8.417836906579527767e-01
1.746460523142882471e+00
1.909509684472109559e+00
1.453347759729357591e+00
9.638797800918100789e-01
6.707788558411360569e-01
5.494969769714005414e-01
5.365452469143457970e-01
5.898688319576306238e-01
6.800841199770647494e-01
7.873598677095049458e-01
8.976702429925795812e-01
1.006191500727794841e+00
1.090867615924941081e+00
1.167193409964357720e+00
1.217234124798598938e+00
1.249644856617384336e+00
1.260215680518435466e+00
1.237603685858981617e+00
1.198167157793210258e+00
1.147597636636097818e+00
1.099887444392249503e+00
1.058103546900649228e+00
1.017337413423347714e+00
9.825978702522298880e-01
9.599942244369544797e-01
9.396298755565987149e-01
9.352221213800436805e-01
9.207110951075737626e-01
9.156613780322695462e-01
9.163255736423782105e-01
9.193828228950671200e-01
9.296040217156399388e-01
9.423394775586265704e-01
9.570655665537342038e-01
9.705983339408057464e-01
9.872225309959981043e-01
9.970158334064537220e-01
1.008119805601613184e+00
1.014656409777449753e+00
1.020273750707289206e+00
1.024536591201094415e+00
1.029334589805985356e+00
1.026543816197554415e+00
1.022165913418025429e+00
1.017394632978275926e+00
1.015438218113910551e+00
1.011963357758271620e+00
1.009387744031466250e+00
1.005657220783557459e+00
1.003071560865484102e+00
9.987358788627345163e-01
1.001099853137869644e+00
1.000540692136723253e+00
9.995587213532148851e-01
1.000791801229118150e+00
1.001091731783441352e+00
9.987613960352462739e-01
9.981097037348293233e-01
1.000219266912905747e+00
9.991947846394793054e-01
9.987739340441820213e-01
9.977322130862180671e-01
9.992394663497073948e-01
9.966226874259384028e-01
9.950366171498361556e-01
9.963961175385727120e-01
9.969522600203699625e-01
9.951384289667616345e-01
9.990667471107861353e-01
9.967100114939240196e-01
9.979332684386222896e-01
9.983715263149025576e-01
9.992372510281111175e-01
1.000281725362909491e+00
9.998632586053383120e-01
1.001159828631339233e+00
1.002353695048734172e+00
1.003028769307765078e+00
1.004416167072237132e+00
1.004158422112731763e+00
1.002352826975558386e+00
1.003308473708254933e+00
1.001006508550045027e+00
1.003261432435127665e+00
1.001140888895259540e+00
1.002484782027665222e+00
1.001677723761905447e+00
1.000376443892308842e+00
9.996432169511723087e-01
9.995817075074138192e-01
9.976114095063484122e-01
9.981890299350916207e-01
9.992282670816255985e-01
9.983894809640012635e-01
9.986718908504359504e-01
9.988844417822978494e-01
9.991906241708776726e-01
1.001116360749737311e+00
9.983798578714228045e-01
1.000849439173027378e+00
1.001430171741837682e+00
1.002707630742420086e+00
9.995576337426744784e-01
1.001311192301783670e+00
1.001023666057589523e+00
1.003152763046503360e+00
1.000312788228733929e+00
1.002449992036178239e+00
1.001235987597471233e+00
1.001040439366781332e+00
1.001877253539021906e+00
1.000696494876455400e+00
1.000169485556308802e+00
1.000923936299679795e+00
9.992863673959422322e-01
1.000539329473286498e+00
9.997964158645101795e-01
9.983353121988144396e-01
9.995782392225861512e-01
9.989936771507180735e-01
1.001254374047848783e+00
1.000739461396076946e+00
9.997798580054076956e-01
9.995221985418154542e-01
1.000374551975735216e+00
9.997420707577405752e-01
1.000837208463080108e+00
1.000493683935380407e+00
9.999929846590082105e-01
1.000404805183793711e+00
1.001096571259753487e+00
1.000151694960530246e+00
1.000187254466951670e+00
1.001278977337384246e+00
1.000739198134990904e+00
1.000212143086628869e+00
1.000495066050373527e+00
1.000343229381392973e+00
9.998234020224856522e-01
1.000621733220706799e+00
9.998946297178484821e-01
1.000109198648526210e+00
1.001470928966459173e+00
9.993479279991195341e-01
1.000451698144965595e+00
9.995143060555695680e-01
9.999910084782857034e-01
1.000617041805560437e+00
1.000381584754897801e+00
1.000169120919892629e+00
9.995897174295964582e-01
1.000926426809560343e+00
1.000213190161080457e+00
1.000223950559439468e+00
9.997675915611450304e-01
9.996676156033501570e-01
1.000080822093649902e+00
9.996920923544346804e-01
9.994301106077684294e-01
9.998231891110721525e-01
1.000885507366056970e+00
1.000106722313128138e+00
1.000168267222876661e+00
1.000823878055863370e+00
1.000743873127086569e+00
1.000831696987607655e+00
1.000270971080900129e+00
1.000658862695430029e+00
1.000326279415327813e+00
1.000796520313311566e+00
1.000754094352776624e+00
1.000699755931707902e+00
1.000251740429348724e+00
9.998474505684294966e-01
9.998446374982290497e-01
9.997031722305265156e-01
1.000159817320052325e+00
9.999294255231063744e-01
9.999831537399375136e-01
9.993966609785165378e-01
1.000021278875624198e+00
1.000844216333933057e+00
1.000170039616247397e+00
9.995512704317260910e-01
1.000140667790138327e+00
9.995190872557759842e-01
1.000604770193015636e+00
9.993536960610349684e-01
9.998658229702843681e-01
9.999423167212870833e-01
1.000389060078659575e+00
1.000066721837118866e+00
1.000831061911560349e+00
1.001344493680092818e+00
1.000879449462185322e+00
1.000940725045219581e+00
1.000939036621552480e+00
1.000195544451312202e+00
1.000187711047187733e+00
9.996934096293690342e-01
1.000272125931507938e+00
1.000135732440021741e+00
1.000034916251914874e+00
9.998401955981151001e-01
1.000213921137676376e+00
1.000107577900784417e+00
1.000071918310442065e+00
9.996167185610610462e-01
9.995034518835788084e-01
9.997654934482160805e-01
1.000194778782305116e+00
9.997550866253402946e-01
1.000087339482644389e+00
1.000419008802028165e+00
9.997882971570902777e-01
1.000279364250514114e+00
1.000788782710711811e+00
1.000485637899097169e+00
1.000602254856015394e+00
1.000219497460068663e+00
1.000641714908746316e+00
1.000258246331453549e+00
9.997332074076999975e-01
9.994278186840424016e-01
9.999218004063428200e-01
9.998348295127108543e-01
9.998248282462316450e-01
9.998871463030748474e-01
9.999811533034052013e-01
9.999342916181402918e-01
1.000607575043140463e+00
1.000280543840648573e+00
9.999937982249214041e-01
1.000031827513987004e+00
1.000476715107383896e+00
1.000194173146284671e+00
9.999002332957281913e-01
1.000253533196501898e+00
1.000456120071209876e+00
1.000501843875526209e+00
9.999687165956461232e-01
1.000035403837226555e+00
1.000427194149439813e+00
9.995684688886671276e-01
9.995312111131033905e-01
1.000052765661767262e+00
1.000042527010905902e+00
9.999203041677998671e-01
1.000575787494017543e+00
