0.000000000000000000e+00
0.000000000000000000e+00
0.000000000000000000e+00
0.000000000000000000e+00
0.000000000000000000e+00
0.000000000000000000e+00
0.000000000000000000e+00
0.000000000000000000e+00
0.000000000000000000e+00
0.000000000000000000e+00
0.000000000000000000e+00
0.000000000000000000e+00
0.000000000000000000e+00
0.000000000000000000e+00
0.000000000000000000e+00
0.000000000000000000e+00
0.000000000000000000e+00
0.000000000000000000e+00
0.000000000000000000e+00
0.000000000000000000e+00
0.000000000000000000e+00
0.000000000000000000e+00
0.000000000000000000e+00
0.000000000000000000e+00
0.000000000000000000e+00
3.383546481387422061e-02
8.036561307961587186e-01
2.784550721064162460e+00
3.213421082507099680e+00
2.027022791432411264e+00
1.009592110303016321e+00
4.996302029826452107e-01
2.754991891872835552e-01
2.188349722620065441e-01
2.247408112880812658e-01
2.442793105605799986e-01
2.758462389543055449e-01
3.049421842239088964e-01
3.157116997599524466e-01
3.164322099159594948e-01
3.393595286889098950e-01
4.039897569693414736e-01
5.111158136732647517e-01
6.604787629357298240e-01
8.696701673773787888e-01
1.053613635506759350e+00
1.210404539516630962e+00
1.333776042923507932e+00
1.421409209529922002e+00
1.491696396744134123e+00
1.563103760655093710e+00
1.601628655264375700e+00
1.559099873684338888e+00
1.472182181531033196e+00
1.340507412788331409e+00
1.200592699132867258e+00
1.069098411757228417e+00
9.666758033139524198e-01
9.104353410172957295e-01
8.622113694350693747e-01
8.636699873874160716e-01
8.590332498644661641e-01
8.685349112136869776e-01
8.833792925725498790e-01
9.076959400027175828e-01
9.349286107314793703e-01
9.447532419843099882e-01
9.701123036158272317e-01
9.878117534868822158e-01
1.002663719534225839e+00
1.010780578901538718e+00
1.022999490009353307e+00
1.034235574224082521e+00
1.041469775837621237e+00
1.035529005567717542e+00
1.039949763829114193e+00
1.034379188811957340e+00
1.022278361182884954e+00
1.011776438288520374e+00
1.007224297361320353e+00
1.000460653088592444e+00
9.888461692481863574e-01
9.867009167705834694e-01
9.751077613490379825e-01
9.786152443242798205e-01
9.747249190517929263e-01
9.757325244979331291e-01
9.790446605108807931e-01
9.898132147925522428e-01
9.974156706708428022e-01
1.003802047140786247e+00
1.007871891413158583e+00
1.007296962723823519e+00
1.005434156957052627e+00
1.009641857243574137e+00
1.008453893084618080e+00
1.011944582447876995e+00
1.010293633918735168e+00
1.006145990401744683e+00
1.013271692269377855e+00
1.001643751330019594e+00
1.001590594028863856e+00
1.002026160497495377e+00
9.974592224093947745e-01
9.979759433263581947e-01
1.000304553481598413e+00
1.000677785578817591e+00
9.903551051580431475e-01
9.994895555811112997e-01
9.924222696546897149e-01
9.932678541211540368e-01
9.890280435551318527e-01
9.960711686943157783e-01
9.937442759858223784e-01
1.001545298346698809e+00
9.998808860737778970e-01
1.000912982748167757e+00
9.997238485892105953e-01
9.930376484225440503e-01
9.994039518784687548e-01
9.994709908006655930e-01
1.001442834291441208e+00
1.002044278655249254e+00
9.977801840985472959e-01
9.949066028811395235e-01
9.954753594868567257e-01
9.939065431474333190e-01
9.988709262882368156e-01
9.926223357397768732e-01
9.920581973520511410e-01
9.890744907993834767e-01
9.952446346600993810e-01
9.944924211679900816e-01
9.957577607571567180e-01
9.942203773954347845e-01
9.957102677134721525e-01
9.933009691823773135e-01
9.958186754676888741e-01
9.957733926876268793e-01
9.923696032328134242e-01
9.921015887312580883e-01
9.972322676192014734e-01
9.950067229678009051e-01
9.980207821341858798e-01
9.985962605926731461e-01
9.999993545607694934e-01
9.988280569086905869e-01
9.991114346390432832e-01
9.994070154297608477e-01
9.981096783906661107e-01
9.950387357193221094e-01
9.964205941974266789e-01
9.991825401877590940e-01
9.978937034635396719e-01
9.986961870839572430e-01
9.992174273554288444e-01
9.996744204730281247e-01
1.001903964370205680e+00
9.964875683521938754e-01
1.000233596379009215e+00
1.001261147039015142e+00
9.977134943117792476e-01
9.961627946522297883e-01
9.975105376707036342e-01
9.961671783719655560e-01
9.974669203085463343e-01
9.959210378528645657e-01
9.995038282784581840e-01
9.994490694180445667e-01
9.973640336878992763e-01
9.967954248604741219e-01
9.967166058793961447e-01
9.994833467456513132e-01
1.000664515898953777e+00
9.984074163061099627e-01
9.981978099893331624e-01
9.992934427255142360e-01
1.001216452438688842e+00
9.966801859485957538e-01
9.990642165224101756e-01
9.994979013485596475e-01
9.983577672082802890e-01
9.972893662397696035e-01
9.990018258467802115e-01
9.987014127657078966e-01
1.002322265337514784e+00
1.004287238600759746e+00
9.971590748112052482e-01
9.998360209926817621e-01
1.000275979285287997e+00
1.001211520024545054e+00
9.986592570340768749e-01
1.001005396963214444e+00
9.983182596351078963e-01
9.977916456880767671e-01
9.976620682523631434e-01
1.001935765001445322e+00
9.981334545604769737e-01
9.990809854609817853e-01
1.000277013882467925e+00
1.001308696222985350e+00
9.988437247302685007e-01
9.988971198386004113e-01
9.964140715688812877e-01
9.999568329350797535e-01
9.972905950626376193e-01
9.964427367561606852e-01
9.965652293595298472e-01
9.968592337257708991e-01
9.982286593887975679e-01
9.983923556350320361e-01
9.985962481283313652e-01
9.965997121385814506e-01
9.956361068949367565e-01
9.938005083969060349e-01
9.949340294423995035e-01
9.980578563290636307e-01
9.963853218128801981e-01
9.963176092518583049e-01
9.969696510778658372e-01
9.977152723144655511e-01
9.988438645221624501e-01
9.975155239160852227e-01
9.953161414597067047e-01
9.951450298431968600e-01
9.977827520765804037e-01
9.961902398835672523e-01
9.962750549719653348e-01
9.973711376701720477e-01
9.958343468070895987e-01
9.990062566657067489e-01
9.976973994546709523e-01
9.980594639230404574e-01
9.953887866462188816e-01
9.973298336389183616e-01
9.965395868149803382e-01
9.966912880390781382e-01
9.976749540586380416e-01
9.964704425069882410e-01
1.000104367871270661e+00
9.987675147775301188e-01
9.978166220496578198e-01
9.987119597235333268e-01
9.983713912470703056e-01
9.980295978451790839e-01
9.961874279511330199e-01
9.950803848009583952e-01
9.997581194795719384e-01
9.983936594341097370e-01
9.970489935792203884e-01
9.951224264552194221e-01
9.964057877960874610e-01
9.963643269062338881e-01
9.986223814997059467e-01
9.986992588878733645e-01
9.984072657589344590e-01
9.985733450789824328e-01
9.989679849799635303e-01
9.985055044307690197e-01
9.982373847250312071e-01
9.980943468905495441e-01
9.984487362744874916e-01
9.960618768515208110e-01
9.990417008856936620e-01
9.981362864573199989e-01
9.981313711122217214e-01
9.865374208804030820e-01
9.736976213645559541e-01
9.623279983220809353e-01
9.499822594852511681e-01
9.390926074765888476e-01
9.294488180306382796e-01
9.203333747594854009e-01
9.102145789277487076e-01
9.000284086060768018e-01
8.903816233285877235e-01
8.783092278001614073e-01
8.669637679872792546e-01
8.581546668879412865e-01
8.469585120385538790e-01
