0.000000000000000000e+00
0.000000000000000000e+00
0.000000000000000000e+00
0.000000000000000000e+00
0.000000000000000000e+00
0.000000000000000000e+00
0.000000000000000000e+00
0.000000000000000000e+00
0.000000000000000000e+00
0.000000000000000000e+00
0.000000000000000000e+00
0.000000000000000000e+00
0.000000000000000000e+00
0.000000000000000000e+00
0.000000000000000000e+00
0.000000000000000000e+00
0.000000000000000000e+00
0.000000000000000000e+00
0.000000000000000000e+00
0.000000000000000000e+00
3.603306091689603116e-05
3.408099733630812200e-02
1.019052616764507091e+00
3.326713467370335131e+00
3.290528032244220302e+00
1.825744289879562832e+00
8.390409793904710645e-01
3.883263706563488404e-01
2.001968081465774485e-01
2.314056328543443175e-01
8.518332268171063815e-01
1.750386392139302361e+00
1.912349868519988227e+00
1.468868575569207025e+00
9.976484608305881130e-01
7.256010101320560235e-01
6.200079065738960393e-01
6.172087488915708464e-01
6.686605120198196861e-01
7.538262549312798599e-01
8.461573230136785195e-01
9.354665030717540519e-01
1.020065934764183613e+00
1.094914660765744507e+00
1.145846606339661733e+00
1.184932917245835160e+00
1.203990211578171987e+00
1.202419507651639741e+00
1.181298378742532629e+00
1.148693973617743946e+00
1.112171244694428296e+00
1.071016847979777031e+00
1.035663185379440687e+00
1.002597679972700329e+00
9.724970979055719278e-01
9.508708945893479259e-01
9.376602073247976010e-01
9.272315153302713719e-01
9.256935382857210959e-01
9.240693908577773952e-01
9.283699461758601057e-01
9.345807068218614511e-01
9.465274220674423367e-01
9.600385008668816944e-01
9.720617267789867233e-01
9.793503136924517349e-01
9.913558426709780935e-01
9.971504744636400241e-01
1.003442279428110595e+00
1.009083994857395750e+00
1.012936559192227470e+00
1.015671758622935572e+00
1.016033308629726406e+00
1.016372181052001444e+00
1.016898099567933311e+00
1.017135391517157483e+00
1.014860476888632901e+00
1.010722774014026770e+00
1.006605284010563262e+00
1.005392460804789945e+00
1.003417792549919252e+00
1.001559751425874722e+00
1.000523732560965717e+00
9.976871529754384182e-01
9.990628222297658345e-01
9.988487800254641780e-01
9.977776884399225388e-01
9.991517660064930251e-01
9.979996561617209272e-01
9.975373266438327668e-01
9.973009820906438838e-01
9.956902900773840770e-01
9.955383854635079244e-01
9.965089838125916755e-01
9.973231734835489304e-01
9.973429819950507813e-01
9.981106286396413951e-01
9.972653348053434064e-01
9.970804900193516174e-01
9.991335087567549955e-01
9.990893400324990514e-01
1.001405597970781436e+00
1.001749284329989997e+00
1.000188127737151156e+00
1.001114593550407328e+00
1.001955196674461535e+00
1.001216007631321236e+00
1.002438259436658319e+00
1.002678339953026132e+00
1.002100789563975081e+00
1.002072382613223844e+00
1.001665711642398593e+00
1.000411422084764412e+00
1.001580463745965321e+00
1.000414755501288333e+00
1.000177169716938375e+00
1.000106053905492010e+00
1.000615767352777130e+00
1.000284957650173112e+00
1.000219583447741201e+00
9.998409215783563564e-01
9.987310992187539149e-01
1.000569507394634794e+00
9.993021408395790228e-01
1.000127188384421606e+00
1.000176660483877988e+00
9.987558899398234491e-01
9.999735914527504432e-01
1.000115928634239593e+00
1.000457954024045026e+00
1.000704397952334235e+00
1.000486072202197985e+00
1.001490313301641955e+00
1.000958021804919440e+00
1.000468924678417082e+00
9.991988401204421333e-01
1.000157549543306601e+00
1.000497837280901248e+00
1.000429278927670751e+00
1.000714379798540499e+00
1.000064466073602221e+00
9.997653369795058698e-01
9.999374691292731709e-01
9.998074148938650429e-01
9.993540202224689972e-01
1.000695882440699958e+00
9.994532222599536997e-01
1.000325568358938488e+00
9.997477661955277428e-01
9.993350721045273222e-01
9.995397953066668117e-01
9.997684116558868128e-01
1.000465392524401587e+00
1.000154558820087525e+00
1.001468400613077625e+00
9.999444501307788169e-01
1.000198097859039237e+00
1.000234043056474897e+00
1.000729241476151721e+00
1.000684334199354319e+00
9.997918432897954233e-01
1.000298911566267934e+00
1.001090825050155342e+00
1.000717568317049944e+00
1.000644300473706449e+00
1.000558710178834909e+00
9.998355114123705922e-01
9.998845196968935145e-01
1.000136131487025404e+00
1.000441903176312319e+00
1.000518190469869451e+00
9.997184340481946041e-01
1.000553684919358588e+00
1.000346663478842713e+00
1.000734059920336705e+00
1.000036176543874333e+00
1.000082951601950265e+00
9.997839695548593753e-01
1.000714726686684042e+00
1.001150644346449958e+00
9.999471528529595421e-01
1.000513313667036774e+00
1.000600966538271797e+00
1.000103867430764071e+00
9.999538336436712971e-01
9.999666284871849831e-01
1.000887330304759182e+00
9.999874709250116123e-01
1.000742274392749431e+00
1.000285590463496854e+00
1.000221122297207721e+00
1.000858006710887205e+00
1.000269786251108295e+00
1.001135446140707375e+00
1.000560155282812724e+00
1.000382897675598848e+00
1.000975396520329852e+00
9.994492667427892219e-01
1.000936104864080134e+00
1.000476907776310931e+00
1.000299056077676774e+00
9.993476624974210187e-01
1.000316668836827461e+00
9.999417565798436325e-01
1.000360630253368965e+00
1.000483838204273557e+00
1.000400399939655349e+00
9.999200891746771180e-01
1.000188943637429606e+00
1.000154510386996209e+00
9.994556483329666285e-01
9.998023080339248914e-01
9.998523355696168347e-01
1.000058254499001764e+00
1.000158066000357726e+00
1.000394292631732851e+00
1.000458329700891325e+00
1.000479644533991630e+00
1.000682209521419175e+00
1.000084786187786401e+00
1.000162279618065586e+00
1.000150891160906275e+00
1.000548317386956487e+00
1.000284507329681549e+00
1.000924081449355851e+00
1.000350177465163970e+00
1.000012382187463356e+00
9.997561810726668385e-01
9.995317081566162942e-01
9.994725514490122587e-01
1.000105243877522643e+00
1.000613423253946976e+00
9.999501771751863055e-01
1.000646081790366626e+00
9.995496689737033424e-01
9.998415522301562497e-01
9.998430095116824790e-01
1.000069718112521988e+00
9.997095886348749127e-01
1.000358565285808909e+00
9.998989759600008798e-01
9.996367936153099931e-01
9.999267384505414746e-01
1.000236282231084850e+00
9.996974140306580381e-01
1.000314469329904865e+00
1.000112084507693622e+00
9.999621451857739762e-01
9.996686641704950471e-01
1.000720080183243876e+00
1.000383208301540927e+00
1.000349527336803490e+00
9.998423456476940308e-01
1.000114694383714697e+00
1.000297101025149349e+00
1.000124214708234982e+00
1.000116295284811052e+00
1.000142442607826476e+00
1.000191970749771952e+00
9.997515300843553554e-01
9.999677585131256929e-01
9.999749194175541200e-01
1.000023724368738653e+00
9.999755806163292959e-01
9.998294316399105597e-01
9.969430785422450647e-01
9.863919152443404448e-01
9.752357516588288089e-01
9.644919311627111469e-01
9.538141785563500896e-01
9.423006556512376619e-01
9.316214379526813749e-01
9.207910885698958880e-01
9.103922558462641534e-01
8.990348035654380787e-01
8.888744453454797689e-01
8.784316924337340904e-01
8.685774631429659109e-01
8.580926608027950042e-01
8.479177793695498178e-01
