0.000000000000000000e+00
0.000000000000000000e+00
0.000000000000000000e+00
0.000000000000000000e+00
0.000000000000000000e+00
0.000000000000000000e+00
0.000000000000000000e+00
0.000000000000000000e+00
0.000000000000000000e+00
0.000000000000000000e+00
0.000000000000000000e+00
0.000000000000000000e+00
0.000000000000000000e+00
0.000000000000000000e+00
0.000000000000000000e+00
0.000000000000000000e+00
0.000000000000000000e+00
0.000000000000000000e+00
0.000000000000000000e+00
0.000000000000000000e+00
0.000000000000000000e+00
0.000000000000000000e+00
0.000000000000000000e+00
0.000000000000000000e+00
0.000000000000000000e+00
2.428453647335253318e-02
7.474497387406444648e-01
2.555843773657815898e+00
2.923236074854173250e+00
1.935806055485823851e+00
9.730455381967901829e-01
4.679030326516968596e-01
2.529669062906744204e-01
1.829308558614802516e-01
1.857484754035008401e-01
1.874609695037963708e-01
2.038830560454518714e-01
2.376255765145927068e-01
2.356704562357151700e-01
2.417026308208828633e-01
2.799805936413006235e-01
3.609141160279240035e-01
4.735271310894678676e-01
6.436294569980661739e-01
8.616113012550228323e-01
1.073141776928606017e+00
1.268798828230788933e+00
1.399605478015856885e+00
1.495825709797671710e+00
1.556916930169808255e+00
1.644244665099050762e+00
1.648413893250344264e+00
1.659099188614694187e+00
1.561453948323850094e+00
1.416004927661907331e+00
1.214908051956709700e+00
1.086002841775950856e+00
9.557044562267711374e-01
8.564871870190587932e-01
8.429259337996587442e-01
8.083917655037896610e-01
8.464519825018721466e-01
8.572634060063676342e-01
8.743432754257303152e-01
8.752276976580027901e-01
9.003862724997938605e-01
9.235130720713253805e-01
9.475112685356360531e-01
9.704026755155258366e-01
9.658262120197000922e-01
9.850143034167504474e-01
1.001761055517016219e+00
1.001723668214251850e+00
1.017685326503707577e+00
1.019344704606809371e+00
9.955125995184070931e-01
1.004415769349101595e+00
9.928602970574930131e-01
9.853526314565645983e-01
9.681223606553874816e-01
9.366172621709808466e-01
9.486741139941319290e-01
9.457744101483182009e-01
9.216236029727571388e-01
9.492123763053318397e-01
9.481435892433526247e-01
9.484710365768621587e-01
9.445721368903180482e-01
9.671386771598028398e-01
9.783784191168628519e-01
9.680572428652061134e-01
9.809705331937189632e-01
9.849016159165656648e-01
9.868572082630365783e-01
9.950128536924449651e-01
1.019514317418041438e+00
9.872961319710727990e-01
9.662888268970187822e-01
9.767844074522559206e-01
9.830909702476524625e-01
9.873295137610865746e-01
9.954432724715531755e-01
9.659489277549816455e-01
9.699637017631532743e-01
9.769980401486414445e-01
9.717316096902683942e-01
9.707136885497504863e-01
9.631324281771567186e-01
9.749773097798652977e-01
9.702121532679188753e-01
9.840335298957728627e-01
9.756045167433656795e-01
9.700677806406083903e-01
9.835984692254507999e-01
9.707836108068741421e-01
9.700081141962678677e-01
9.773468264624373125e-01
9.915293668807529937e-01
9.728781344186578917e-01
9.746335208582833642e-01
9.807988244398118116e-01
9.804685578470520024e-01
9.793851908794759531e-01
9.773832166729653492e-01
9.590558403981974678e-01
9.814133141048421161e-01
9.677737611039175514e-01
9.895358719467811648e-01
9.854002347296421105e-01
9.758504437908718243e-01
9.703766671658830001e-01
9.811266922904385845e-01
9.856681952038539585e-01
9.730883061305796167e-01
9.735103232640088811e-01
9.691007529281872035e-01
9.765911763768929665e-01
9.735592766896973282e-01
9.720034780848572087e-01
9.811622199558915902e-01
9.788345633537387513e-01
9.833770318087325935e-01
9.793592831214704697e-01
9.728965024129762051e-01
9.914669486108078633e-01
9.900566379411344098e-01
9.803292088675499283e-01
9.905988532293806825e-01
9.806273032634238440e-01
9.760025539592250832e-01
9.786656744246177153e-01
9.879724973737459282e-01
9.840226566495042793e-01
9.913793316484337259e-01
9.843023754909057121e-01
9.847450870401430745e-01
9.848516171170264011e-01
9.821292476311811459e-01
9.798344883647446268e-01
9.929844117363265665e-01
9.804792779617789167e-01
9.849464884919093555e-01
9.862968300692575019e-01
9.894463021511290535e-01
9.929518507208713318e-01
9.979011482753321616e-01
9.866952992029245362e-01
9.928738935911645136e-01
9.973547596168416129e-01
9.845962339394541685e-01
9.858859748329895645e-01
9.922421525666247355e-01
9.959784287821625837e-01
9.952325025693535832e-01
9.918012650733193381e-01
9.938471563806418052e-01
9.936012205456898894e-01
9.917617028899965437e-01
9.963870527779576936e-01
9.847051776384900812e-01
9.927145660951272044e-01
9.904807893528887464e-01
9.925207373317481707e-01
9.948354347228293149e-01
9.986081061957678973e-01
1.003690067989067680e+00
9.978658333471766007e-01
9.985348420770455702e-01
1.000216127151454693e+00
1.007438401557356755e+00
9.986638200772356422e-01
1.000079763062875049e+00
9.969782569436421715e-01
9.979262645477190441e-01
1.002194479498180746e+00
9.951609144928975637e-01
1.000286470545859174e+00
1.000210961203549020e+00
1.000866047027923367e+00
9.975237985105015470e-01
9.959920167717996042e-01
9.983878566119710474e-01
9.905533470932221807e-01
9.978750262927879033e-01
1.000877085690845991e+00
9.988394189571857540e-01
1.002670431897310310e+00
9.972720628282886191e-01
9.964159495963604840e-01
9.986849860417544855e-01
9.942528329621329597e-01
9.911117295799428684e-01
9.993889477697963653e-01
9.967572726855752352e-01
9.934739843948373617e-01
9.992769160057679567e-01
9.980791530983393889e-01
9.990530285015426504e-01
1.000200790883240654e+00
9.950536027016996243e-01
9.963918157108923035e-01
1.002199641619365922e+00
1.001344113296823934e+00
9.938263172531531797e-01
9.949524523798674025e-01
9.991582919582632227e-01
9.991709025405759448e-01
9.922565291507635665e-01
9.970534982681307223e-01
9.979470999928066188e-01
9.924521214148969150e-01
9.988922042880227226e-01
9.973450918454825898e-01
1.003471411770103350e+00
9.964948297952599399e-01
9.923128172175215145e-01
9.933854409488842574e-01
1.002201185988985221e+00
9.933170557698526304e-01
9.982093949866581717e-01
9.963418068979795761e-01
1.000467692565866429e+00
9.913608135867318927e-01
9.962163271989007418e-01
9.998408493719860290e-01
9.969339603562605845e-01
9.945834187097266632e-01
9.897852972243196268e-01
9.978721273586519391e-01
9.935148821666025531e-01
9.994201227141966681e-01
9.955788151881388437e-01
9.991798330860527377e-01
1.001092212513121193e+00
1.000926355857320926e+00
1.005988272570961461e+00
9.957909092706914711e-01
9.948022776723619565e-01
9.971659196462377972e-01
9.959284419513525499e-01
9.954731399747619447e-01
1.001306669085284984e+00
1.000853729492468869e+00
9.983789124726749620e-01
9.970516364767048056e-01
9.955829338407574669e-01
9.993128405073021803e-01
9.989612725810422811e-01
9.977472981843513722e-01
1.004918473051419570e+00
9.949322520165700956e-01
1.004349622441549128e+00
1.004083925339700478e+00
1.002343676918304949e+00
1.002087306241810749e+00
9.969655037351558002e-01
1.003113705392240540e+00
9.962036626205906797e-01
9.973904451753246025e-01
9.979376494477012471e-01
