0.000000000000000000e+00
0.000000000000000000e+00
0.000000000000000000e+00
0.000000000000000000e+00
0.000000000000000000e+00
0.000000000000000000e+00
0.000000000000000000e+00
0.000000000000000000e+00
0.000000000000000000e+00
0.000000000000000000e+00
0.000000000000000000e+00
0.000000000000000000e+00
0.000000000000000000e+00
0.000000000000000000e+00
0.000000000000000000e+00
0.000000000000000000e+00
0.000000000000000000e+00
0.000000000000000000e+00
0.000000000000000000e+00
0.000000000000000000e+00
0.000000000000000000e+00
3.579992958018989035e-02
1.039082219418071551e+00
3.388865593347071048e+00
3.342206212864721415e+00
1.841715707984487693e+00
8.255014319782283394e-01
3.733904413411013867e-01
1.898808523731017883e-01
2.219433249715039302e-01
8.400006854388045729e-01
1.743260518319989183e+00
1.902791648154587012e+00
1.460942692896237238e+00
9.690507851888536806e-01
6.695296354229876012e-01
5.466012485303088919e-01
5.374284282173050764e-01
5.913773993102717785e-01
6.789185148975352968e-01
7.864586499836345723e-01
8.980688890139040259e-01
1.009901916357907048e+00
1.097019479979721046e+00
1.169824251759803646e+00
1.219121776396062673e+00
1.251390014017078833e+00
1.261408422132540785e+00
1.239025637681471448e+00
1.200785823712467559e+00
1.149743187256253574e+00
1.101213670737391404e+00
1.054476992696436799e+00
1.017123813689520651e+00
9.843128725948443458e-01
9.603764616255333619e-01
9.417304589269582804e-01
9.307514794363992428e-01
9.198711419177991733e-01
9.149696888552131258e-01
9.167635336856228001e-01
9.221859865576487181e-01
9.283714542189328567e-01
9.454485391923781457e-01
9.560463637565859152e-01
9.724113113375795203e-01
9.842822870893299658e-01
9.974312655346154743e-01
1.008961385574233427e+00
1.018014980567449213e+00
1.023746750744186418e+00
1.027169194082441894e+00
1.027973629044688808e+00
1.026802437089539222e+00
1.022135800968766883e+00
1.019190883876470499e+00
1.015619960463397753e+00
1.011914524961991413e+00
1.008379067038170263e+00
1.002299385586144842e+00
1.001907608006946004e+00
1.000889629986461360e+00
9.996624022613948002e-01
9.985234367076682993e-01
9.974226970359676425e-01
9.977578768713557533e-01
1.000228784065720022e+00
1.000303634386071394e+00
1.000388359070301103e+00
9.987981844066483594e-01
9.967885219700721722e-01
1.000487546739449618e+00
9.989384746744767174e-01
9.974593313084492152e-01
9.996105947427433858e-01
9.983760089347476496e-01
9.968581842994126418e-01
9.974999951553182864e-01
9.971192689265827580e-01
9.969203146443361696e-01
9.971829764708349808e-01
9.965597404489159317e-01
9.966061208517709158e-01
9.978438819173801599e-01
9.997553273082818714e-01
1.000729972032910586e+00
1.000570020827467932e+00
1.001235187225959278e+00
1.002895476128512264e+00
1.001950178903297628e+00
1.004213422346933671e+00
1.003266765482712986e+00
1.003197865119085597e+00
1.003634346005271905e+00
1.002563869757145731e+00
1.000959218450476529e+00
1.001957782438385625e+00
1.001677545118409451e+00
9.999569097183923505e-01
1.000295218521742191e+00
9.993315863556954115e-01
9.988186133244713050e-01
9.988257367899637806e-01
9.975129127573946208e-01
9.975463965819598711e-01
9.992550360641719864e-01
9.981874644231889526e-01
9.991295062175014063e-01
9.986403597489844630e-01
9.994404469799431645e-01
1.000220171760600296e+00
1.000882986469205482e+00
1.000033416476324488e+00
1.000221678926857649e+00
1.000875378047774600e+00
1.000296376793696984e+00
1.000186715627991552e+00
1.000101635735724193e+00
9.998574961986058662e-01
9.996772669520775922e-01
1.001571689319791680e+00
1.001052212963034371e+00
1.000641883371508056e+00
9.996502119957535459e-01
9.990436202029328028e-01
1.000162857608164702e+00
1.001416335670035185e+00
9.994541105359402433e-01
1.000908508245910822e+00
9.998761102053616012e-01
9.985074256154343741e-01
1.000086374526491406e+00
1.000182129284493904e+00
1.000193596892538395e+00
1.001683377355071958e+00
1.000384212274585849e+00
1.000759551323174401e+00
1.000462262958843995e+00
9.991943894942343363e-01
1.000461992664487765e+00
1.000261958470175738e+00
9.999007909881272305e-01
9.990937191430901976e-01
1.000294311975783224e+00
1.000120445056002838e+00
1.000355845999288285e+00
1.000162756156926402e+00
9.992310592270265968e-01
9.998313036871024906e-01
1.000701082757063487e+00
9.999188852967900720e-01
1.000477074916950260e+00
9.993284206092866162e-01
1.000500036671866599e+00
1.000400873377158550e+00
9.997635145891254904e-01
9.999734346359216985e-01
1.000687077491870358e+00
1.000764706682906624e+00
1.000091568236676443e+00
1.001247614075090997e+00
9.992132256552272995e-01
1.000589527714099480e+00
1.000035519415905849e+00
1.000549925812052265e+00
9.997411320854796557e-01
1.001074678898021153e+00
1.000544965102885486e+00
9.999558113428295147e-01
9.995004939419599443e-01
9.997115101514220115e-01
1.000385258175143788e+00
1.000434038765512623e+00
9.998863843230045845e-01
1.000353461457492932e+00
1.000348669294959914e+00
9.999964033827872800e-01
1.000311562605628257e+00
9.997792505754842241e-01
9.999337039597677723e-01
1.000853486427901951e+00
9.997207187656118599e-01
1.000817631423365661e+00
1.000396188189184521e+00
1.000936169555256328e+00
9.999458405800359939e-01
1.000649881581712641e+00
1.000666672985841998e+00
1.000224074054877788e+00
1.000734138675302365e+00
9.994836368264867765e-01
9.995885524052070537e-01
1.000277785623056248e+00
1.000658760913933687e+00
9.999436990974238659e-01
1.000012144545478820e+00
1.000564024932223850e+00
1.000438067489712646e+00
9.998830532250299052e-01
1.000607300119201071e+00
1.000724450640475549e+00
1.001001792273502389e+00
1.000619884152422312e+00
9.996222418634767015e-01
9.997625847246944808e-01
1.000211014464579051e+00
9.999637597011854506e-01
1.000084439118902546e+00
1.001176719006905191e+00
9.998611720351835430e-01
1.000239833482162277e+00
1.000256275822591912e+00
1.000486756592552817e+00
1.000074229988624275e+00
9.999958768437980927e-01
9.996500518994291262e-01
9.994709924485691843e-01
9.992236205850077990e-01
1.000682500124811192e+00
1.000373441150012921e+00
1.000474513378788011e+00
1.000194476535934518e+00
1.000193164595127415e+00
1.000196935718460800e+00
1.000855172761680789e+00
9.999742307551234832e-01
1.000354397915815596e+00
1.000026742428862025e+00
1.000397917099043799e+00
9.997324753605072445e-01
1.000219956256255927e+00
9.998624414042949216e-01
1.000928623813293061e+00
9.997557578391457200e-01
1.000381565285820340e+00
1.000106888397138682e+00
9.997330079919263257e-01
9.997764499656126569e-01
9.999476621656412378e-01
1.000140739603450957e+00
9.996721474973744304e-01
9.994992511977643934e-01
9.997236913032186978e-01
1.000204096360912898e+00
1.000126151272146879e+00
1.000072532118782220e+00
1.000500333648878470e+00
9.997047653502412201e-01
9.998540711170572637e-01
1.000582753720878904e+00
1.000313588369713846e+00
1.000167175241331474e+00
9.992364947275998999e-01
1.000551658582746750e+00
9.998626370939726060e-01
1.000629785422629592e+00
9.994925722332026474e-01
1.000130950085934556e+00
1.000147769513468621e+00
1.000028442995593014e+00
