0.000000000000000000e+00
0.000000000000000000e+00
0.000000000000000000e+00
0.000000000000000000e+00
0.000000000000000000e+00
0.000000000000000000e+00
0.000000000000000000e+00
0.000000000000000000e+00
0.000000000000000000e+00
0.000000000000000000e+00
0.000000000000000000e+00
0.000000000000000000e+00
0.000000000000000000e+00
0.000000000000000000e+00
0.000000000000000000e+00
0.000000000000000000e+00
0.000000000000000000e+00
0.000000000000000000e+00
0.000000000000000000e+00
0.000000000000000000e+00
2.696896062257845504e-05
3.444916062256360434e-02
1.037674403391684486e+00
3.408870923841913481e+00
3.331046653780183497e+00
1.829922579176178843e+00
8.246592887158787910e-01
3.712239778795143330e-01
1.959812778850795745e-01
2.237660453057454535e-01
8.436771052517346714e-01
1.748464180910318744e+00
1.903424634449838226e+00
1.453296800632091657e+00
9.694667501050358016e-01
6.692362031581393644e-01
5.496217710349771135e-01
5.361617796390028001e-01
5.898647466664627137e-01
6.806417682431924465e-01
7.877712391919509116e-01
8.989937850857071533e-01
1.005841645458580125e+00
1.093596634552743918e+00
1.164920262020622710e+00
1.223628975716968936e+00
1.253236297581366454e+00
1.256969213118601880e+00
1.234404341146583040e+00
1.195724124939542055e+00
1.149578377537452623e+00
1.097358557396938883e+00
1.053987927968800031e+00
1.014704268905641138e+00
9.830495477007152871e-01
9.623592804330842743e-01
9.427869474609336109e-01
9.266719359390195310e-01
9.221392756737509799e-01
9.209740868873496078e-01
9.142630621535021707e-01
9.190926835819830387e-01
9.312505492151652575e-01
9.449147118622387431e-01
9.574965391209188104e-01
9.756325369597437236e-01
9.857899478183467235e-01
9.959287811938364321e-01
1.009642777037043970e+00
1.016618747434993697e+00
1.021995388230444224e+00
1.029072219268052368e+00
1.024991840209224847e+00
1.025206883617965081e+00
1.025509671014643187e+00
1.020068239159841683e+00
1.016112804034671857e+00
1.011279758657399164e+00
1.006751010513107447e+00
1.004416326271643012e+00
1.000382984804041975e+00
1.000160102106958604e+00
9.999550314030701825e-01
9.961901341821063349e-01
9.999627910299592193e-01
1.000372355592030749e+00
1.001496851763194362e+00
9.977319059115730138e-01
1.001544836719316045e+00
1.002242949091981083e+00
1.000871871256820755e+00
9.987816742894178867e-01
9.987426272705887120e-01
9.989534209939826548e-01
9.990585197378833993e-01
9.968013155188090169e-01
9.985734777638278770e-01
9.983549974034120478e-01
9.961249429505084629e-01
9.964954224085147416e-01
9.951850455688768804e-01
9.993069980678883635e-01
9.975800261728875462e-01
9.980570480636057340e-01
9.964680046899500043e-01
1.000825663119644382e+00
1.001454352974084028e+00
1.003828315112194725e+00
1.001985806861324990e+00
1.002733106108262273e+00
1.002960875455463530e+00
1.002004502294287169e+00
1.001743652417769859e+00
1.002598848815679622e+00
1.001817618808036769e+00
1.002119815403878622e+00
9.999544802880855343e-01
9.999247696879932645e-01
1.000914324993342541e+00
1.000384702895154687e+00
9.988191018401459953e-01
9.991205661396270754e-01
9.991391160023481710e-01
9.995364117451523978e-01
9.991680133161749966e-01
9.978377594459252320e-01
9.982211370431098851e-01
9.981092822812527299e-01
9.986050887358361994e-01
9.991079984328080643e-01
9.999863545247563712e-01
1.000008603974068988e+00
9.990441382461975328e-01
9.997924870781464968e-01
1.000761198699178900e+00
1.001284451179394352e+00
9.997997589654633588e-01
9.993907481102061174e-01
1.001064760075885074e+00
1.000960784763460953e+00
1.000451723155509898e+00
1.001303737413612005e+00
1.000349182964895611e+00
1.000689692615087001e+00
1.001200965251135555e+00
9.999010063948262639e-01
1.000363255546117269e+00
9.995765239244444045e-01
1.000634078574852426e+00
1.001081971274822902e+00
9.992051191676886157e-01
9.991589656221718796e-01
1.000034242322804134e+00
1.000647207308282827e+00
9.985490705847894777e-01
9.995363485833550499e-01
9.990941258650148926e-01
9.998983221788574349e-01
9.998786188175126100e-01
9.997293049151766420e-01
1.001095404723826965e+00
9.995552713599862305e-01
9.996712735942760997e-01
9.989612789647647206e-01
1.000584907705543758e+00
9.995640924322700682e-01
1.001353082033818565e+00
9.997116146177348339e-01
9.999591760346354663e-01
1.000440825121251542e+00
9.997503343092815076e-01
9.992144313385722398e-01
1.000692680982073535e+00
1.001406812974086291e+00
1.000484331449491338e+00
9.994592457430439003e-01
1.000032203956938481e+00
9.997037960785767341e-01
1.000439654584303950e+00
9.995874847989467682e-01
9.997724476560020390e-01
1.000519350650814321e+00
1.000950435268721295e+00
1.000187180744891879e+00
9.997188517596158341e-01
9.993749835798327874e-01
1.000611002858652565e+00
9.999047176377325874e-01
1.000711680306474838e+00
1.000932185037940902e+00
9.984580729777777774e-01
1.001216752874902305e+00
1.000638972455813125e+00
9.998004090970158408e-01
9.998646322195244851e-01
9.997434451724538373e-01
1.000717884257622536e+00
9.993650707849081050e-01
1.000424569200356384e+00
1.000431858773565219e+00
9.993393751381295376e-01
1.000370560351605764e+00
1.000419640734454108e+00
9.989960753183029230e-01
9.991776667433996950e-01
9.999240338814257001e-01
1.000824563279532731e+00
9.994465799589279387e-01
1.000215911307389849e+00
1.000525016340980233e+00
1.000530849520406163e+00
9.997463932308849888e-01
9.998606765096830218e-01
9.996229846090181059e-01
1.000979414675772228e+00
9.993720012387887763e-01
1.000387501214531127e+00
9.998689233889558325e-01
9.995355661142768522e-01
1.000112464713607929e+00
1.000676026428797938e+00
1.000243876375126018e+00
9.994897207408883766e-01
9.998364927525213997e-01
9.995918869968944964e-01
1.000143119783902579e+00
9.998446625110758434e-01
1.000300720392894638e+00
1.000015957833108704e+00
9.995715970455369970e-01
9.993020937613882326e-01
9.999075645218674646e-01
9.996455977685660965e-01
1.000114664700352485e+00
1.000636678822693471e+00
1.000294330579843516e+00
1.000194160078296424e+00
9.998597258142082334e-01
1.000002092511528939e+00
9.998220360479275204e-01
9.999253290519376502e-01
1.000484654753703184e+00
1.000532711749547055e+00
1.000236690553676144e+00
1.000716502783760786e+00
9.999316311077894870e-01
9.991394794246964972e-01
9.992053642906922883e-01
1.000025057584256194e+00
1.000167716060533563e+00
1.000712668242545567e+00
1.000500915178303307e+00
1.000080543886372242e+00
9.997331936944100494e-01
9.998307565566957322e-01
1.000138746592112771e+00
9.999252227595041287e-01
1.000360051330394739e+00
1.000361931398944249e+00
1.000154197929202571e+00
1.000013865003311686e+00
1.000389152371429891e+00
1.000168127389893025e+00
9.999359177239085517e-01
1.000391636066554568e+00
9.997817738904118956e-01
1.000110850261408002e+00
1.000762714757591931e+00
1.000370145748426420e+00
1.000160136125070931e+00
9.999699444840537410e-01
1.000422141238769935e+00
9.998742073075783665e-01
9.998217071303584502e-01
1.000525421881425459e+00
9.992434531364733363e-01
1.000017867110364111e+00
9.995481435427032713e-01
1.000229167363936522e+00
1.000394259283013954e+00
