0.000000000000000000e+00
0.000000000000000000e+00
0.000000000000000000e+00
0.000000000000000000e+00
0.000000000000000000e+00
0.000000000000000000e+00
0.000000000000000000e+00
0.000000000000000000e+00
0.000000000000000000e+00
0.000000000000000000e+00
0.000000000000000000e+00
0.000000000000000000e+00
0.000000000000000000e+00
0.000000000000000000e+00
0.000000000000000000e+00
0.000000000000000000e+00
0.000000000000000000e+00
0.000000000000000000e+00
0.000000000000000000e+00
0.000000000000000000e+00
2.697700905479093674e-05
3.551407545878782629e-02
1.028107862879503731e+00
3.384656937860896608e+00
3.325902087556009246e+00
1.826057378961846389e+00
8.259225406248220658e-01
3.744232271636375176e-01
1.937225646289335301e-01
2.229859610818898663e-01
8.369692711815891473e-01
1.741341363145767707e+00
1.909456654891333649e+00
1.449285168242486765e+00
9.622018824933122882e-01
6.738534974876738692e-01
5.525433468091148770e-01
5.384665730219055924e-01
5.957091893027710583e-01
6.839697874040300274e-01
7.904258287203751454e-01
8.990579742795109519e-01
1.000975369373087842e+00
1.094917776826506373e+00
1.168497394418151814e+00
1.218429442963739895e+00
1.248995543972088118e+00
1.252555025149777235e+00
1.233403792248233932e+00
1.193392354903979768e+00
1.144199186772439480e+00
1.100161363113498547e+00
1.053113570419697442e+00
1.013854263203517680e+00
9.873093880584595805e-01
9.579087435893808289e-01
9.437112736739738938e-01
9.293629586696292577e-01
9.202674105644278457e-01
9.141033328719176954e-01
9.114287465149885081e-01
9.219422772387517728e-01
9.275661434264690364e-01
9.437569918194065322e-01
9.565067336296152467e-01
9.721099321942962002e-01
9.855508501500764851e-01
9.971742453312519849e-01
1.007295542693541268e+00
1.019342434688911725e+00
1.022257115064724831e+00
1.023783290423858405e+00
1.025707624378639382e+00
1.024104444766578137e+00
1.021848245055009707e+00
1.020722782877069967e+00
1.016673757996516381e+00
1.010609383195015587e+00
1.006812253269442348e+00
1.003221649990283737e+00
9.991627157406816062e-01
1.001080078258994588e+00
9.991405519335082586e-01
9.988683782517607801e-01
1.000296172545519724e+00
9.988918096580566841e-01
9.988814778548432693e-01
9.991448834725543682e-01
9.994230695450936341e-01
9.978337965255101860e-01
9.993459229819335876e-01
1.000254031168210656e+00
9.979354214130742307e-01
9.987028567551281544e-01
9.951589010843547856e-01
9.970068267413559893e-01
9.975893330346001786e-01
9.971524431465249583e-01
9.968184457103654861e-01
9.952889694768373152e-01
9.969313941748483288e-01
9.973334474349728751e-01
9.978216702560686047e-01
9.963267599789510376e-01
9.982346435338903534e-01
9.999191982685379232e-01
9.981172058567625571e-01
1.001043957139068130e+00
1.002557468389240425e+00
1.003362462697753310e+00
1.001913639542746370e+00
1.003040542890078823e+00
1.000376183159873644e+00
1.000625287378580364e+00
1.002375166969297071e+00
1.001382748475565965e+00
1.001407563749228569e+00
1.001438734291627108e+00
9.994672500067123266e-01
1.000172706428847924e+00
9.991577696240263595e-01
9.991928916083963053e-01
9.980900371649807923e-01
9.989612151682286667e-01
9.982028442301313920e-01
9.972680000352771579e-01
9.990320466261580767e-01
9.988515067652284918e-01
9.983750506670018288e-01
9.981708383868691525e-01
9.981880226725629024e-01
1.000474917176378931e+00
9.996445229118828824e-01
9.998122282588597365e-01
9.990929175405866003e-01
1.000080673681597032e+00
1.000519884399131865e+00
1.001581873736187900e+00
1.001148354024666398e+00
1.001987258355531374e+00
9.997089095366377132e-01
1.000950733863186448e+00
1.000456153397651704e+00
1.000276358605404203e+00
1.000924089882115231e+00
1.000892547426499357e+00
1.000203740059912194e+00
1.000474223672914720e+00
9.994178593950147071e-01
1.000000253672608697e+00
9.994182734235059762e-01
9.992783336188463261e-01
1.000655003696166334e+00
9.996214373649682239e-01
9.990674987447099031e-01
1.000443390561431833e+00
9.990826284835174764e-01
1.001132960464319543e+00
1.000049311717874589e+00
9.992970970598866742e-01
9.988314176645762821e-01
1.000891787824275792e+00
9.999485775575499558e-01
1.000616334780497052e+00
1.000561301851541796e+00
9.996194373240596676e-01
1.000909993288812361e+00
1.000269475789262508e+00
1.000784872851296914e+00
1.001057940861480811e+00
1.000716845039283154e+00
9.996837704051699802e-01
9.999921879837853078e-01
1.001916239935690900e+00
1.001616254261624261e+00
1.000592457683270542e+00
1.000573474328060541e+00
9.999715674538762755e-01
1.000271985663499619e+00
9.997123849132734108e-01
1.000293661480097462e+00
1.000973266411156359e+00
1.000267256696822926e+00
1.000267468843079044e+00
9.999962524586993862e-01
1.000597522304931708e+00
1.000427479193907176e+00
9.998009117098668463e-01
9.990091104396677801e-01
1.001142764758132797e+00
1.000365814076928705e+00
9.997840189148102796e-01
1.000535198725804653e+00
1.001679047595324779e+00
1.001246324795598941e+00
9.995410303172171940e-01
1.000050951882481165e+00
9.998682377647717390e-01
1.000079068405826277e+00
1.000007336311400818e+00
9.998203912424546980e-01
9.999971374066454199e-01
1.001424452874944082e+00
1.000452208985445957e+00
1.001259999398063538e+00
1.000312681790763047e+00
9.996360255102573200e-01
1.000220235791219547e+00
1.000947176257274585e+00
9.997465528212597929e-01
1.000648021633903761e+00
1.000070154007375089e+00
1.000584203308275688e+00
1.000491248909709086e+00
1.000728326285739822e+00
1.000987847395493402e+00
1.000325866703825728e+00
1.000625376478317952e+00
9.997782830175123703e-01
9.997868887009472294e-01
1.000060287980640616e+00
9.995555525766509630e-01
9.996659347465313150e-01
1.000144487757982370e+00
1.000735475098014637e+00
9.993523123252767704e-01
1.001434261363133960e+00
1.000095742189288650e+00
1.001056463173261912e+00
9.999412263667560863e-01
1.000247893624502504e+00
9.995930144048780219e-01
9.999231200142726372e-01
1.000647950118135787e+00
9.998245182448443069e-01
1.000690043218173564e+00
1.000130762654429128e+00
1.000373204499883428e+00
9.997302844512275799e-01
1.000139962328783438e+00
1.001020317442331109e+00
9.999988334483035368e-01
9.999555539315440056e-01
1.000332670510370559e+00
9.999626324792421084e-01
9.999384778517443895e-01
9.999456007372172772e-01
1.000256288200848553e+00
1.000399296525642745e+00
1.000708133314134107e+00
1.000487812943658739e+00
1.000260661204613211e+00
9.998483793351615745e-01
9.994805208554818909e-01
9.994655072743882096e-01
1.000589371306007225e+00
1.000376410699922225e+00
1.000633185179687246e+00
9.999523163479413501e-01
9.996983318331312818e-01
1.000295429416180992e+00
9.999637677644702682e-01
1.000008145586478436e+00
9.998033679284925590e-01
1.000360065867011983e+00
1.000120486462887426e+00
1.000437466341834503e+00
1.000279378432904043e+00
9.999760135626394320e-01
1.000306238546791571e+00
1.000733325522765726e+00
9.999285453046996563e-01
9.999331908631671206e-01
1.000511465916799514e+00
1.000172534274162972e+00
1.000599755989175055e+00
9.999082646844916766e-01
9.998295553146014925e-01
1.000586466362173965e+00
9.999510839051822808e-01
