0.000000000000000000e+00
0.000000000000000000e+00
0.000000000000000000e+00
0.000000000000000000e+00
0.000000000000000000e+00
0.000000000000000000e+00
0.000000000000000000e+00
0.000000000000000000e+00
0.000000000000000000e+00
0.000000000000000000e+00
0.000000000000000000e+00
0.000000000000000000e+00
0.000000000000000000e+00
0.000000000000000000e+00
0.000000000000000000e+00
0.000000000000000000e+00
0.000000000000000000e+00
0.000000000000000000e+00
0.000000000000000000e+00
0.000000000000000000e+00
0.000000000000000000e+00
3.516593330864432876e-02
1.046755209227151484e+00
3.385983593727949437e+00
3.323146555409592029e+00
1.829121963833123088e+00
8.243898787781753779e-01
3.708346503685727158e-01
1.907234300907558744e-01
2.248185365703729843e-01
8.423763393941424704e-01
1.727577431623897208e+00
1.911226153070969325e+00
1.448684355389188605e+00
9.636143156751749705e-01
6.773873751421941591e-01
5.532087181601654802e-01
5.401993645919687115e-01
5.914139267193281313e-01
6.821330919124104497e-01
7.899660194552227122e-01
9.045577248558337446e-01
1.007587018872661666e+00
1.094667294021079096e+00
1.169684242542161856e+00
1.218839102248929773e+00
1.246529520712848171e+00
1.256515438577840760e+00
1.232002542442446780e+00
1.193540420378179645e+00
1.147218134338487294e+00
1.096673622987450969e+00
1.053657550884022021e+00
1.013217632323004214e+00
9.847744660339686762e-01
9.586952263421725240e-01
9.384973375475604840e-01
9.284446506203117844e-01
9.205632434504101846e-01
9.155837130988919714e-01
9.175278857457582760e-01
9.207949691869068420e-01
9.286622002747316751e-01
9.457545373109279563e-01
9.574343511850191835e-01
9.746945705654718184e-01
9.856555218145139907e-01
9.968647508460989348e-01
1.005317690998857039e+00
1.014537865065832545e+00
1.023621611680355592e+00
1.021905673414312377e+00
1.026575756446205245e+00
1.026330699461077245e+00
1.025265949976738478e+00
1.019267524534254621e+00
1.015443116678063529e+00
1.010955505388915654e+00
1.006112648529953857e+00
1.003094521538715256e+00
1.001773957585322616e+00
9.981431108302319943e-01
9.984719641283766878e-01
9.984221645382064247e-01
9.982057397274629595e-01
9.993843791666000564e-01
1.000212707240399235e+00
9.994683781238338227e-01
1.000707494337331083e+00
9.996544664851068074e-01
9.991964224533824712e-01
1.001235536110781421e+00
9.959766638053367815e-01
9.973249290785631826e-01
9.976227067372300805e-01
9.966999458770612330e-01
9.974806943020226857e-01
9.986796542040226043e-01
9.970571183715597474e-01
9.971660065944475404e-01
9.992622959273051997e-01
9.982622954427899931e-01
9.959769126897179969e-01
9.989306304200256115e-01
9.986224664566462073e-01
9.992955478304560435e-01
1.001926145733719409e+00
1.002691735407155393e+00
1.001797304350458884e+00
1.003490132409439628e+00
1.002218754628208863e+00
1.000244177083331021e+00
1.002552524961723313e+00
1.001077465050593807e+00
1.001220446862997493e+00
1.001333585892737021e+00
9.995290658274084139e-01
1.001664985257387119e+00
1.000847863804067428e+00
9.997606256602147301e-01
1.000032599302453029e+00
1.000143332068337498e+00
9.993772520780457302e-01
9.992039665823926331e-01
9.999939654924917543e-01
9.992893336886964351e-01
9.983091454577723844e-01
9.999992153783746618e-01
9.995640783011155994e-01
9.999891830279002969e-01
1.001431926169963127e+00
1.001375794491199844e+00
9.998317706733984567e-01
9.985779472645305299e-01
9.996824819585433675e-01
1.000361785871393350e+00
9.991020014126401616e-01
1.000684386146105442e+00
1.001974714668211197e+00
1.000054546787926046e+00
9.990620176148281573e-01
1.000060589553341650e+00
1.000643134392056544e+00
1.001272040564900712e+00
1.001154259922284684e+00
1.000809750857013070e+00
9.998287098869789169e-01
9.995358723752605368e-01
1.000231295093787054e+00
1.000248058146046892e+00
1.000151606304144236e+00
1.000851915141916404e+00
1.000476789190438254e+00
9.988621805773617579e-01
9.992339850812924640e-01
1.000153794143725294e+00
9.992784462581334459e-01
1.000242466789933893e+00
9.997592290093164635e-01
9.995189088433645841e-01
1.000831837639376776e+00
1.000074441414986692e+00
9.994827325076589553e-01
9.999351091375241474e-01
1.000500892325747238e+00
9.997358051129626721e-01
1.000410612114693398e+00
1.001016231312391147e+00
1.000558351082335484e+00
9.988689007086216654e-01
9.998984989248783650e-01
1.000543810262546796e+00
1.000692031634371038e+00
9.993916283503636588e-01
1.000845204673572297e+00
1.000642255911234457e+00
1.000059505124810677e+00
1.000807878561277953e+00
9.990442206306008321e-01
1.000309656678713965e+00
9.990265681895986738e-01
1.000239884910309796e+00
1.000175820839075636e+00
1.000079547925352141e+00
1.000925683602393867e+00
1.000628165849622775e+00
1.001329854312540846e+00
1.000466975661796099e+00
1.000935154759218237e+00
1.000531760263813741e+00
9.998089558319317449e-01
1.000006106009758922e+00
9.995100031712875754e-01
1.000399398147264973e+00
1.000099575571302690e+00
1.000425831650994191e+00
1.001014861909409914e+00
1.000044762562220635e+00
1.000694973823563760e+00
1.000433068485711008e+00
9.993403957639518387e-01
1.000257179597085377e+00
9.993758279956143076e-01
1.000549407940563462e+00
9.999822425732273201e-01
1.000596014915407395e+00
9.999318679061611759e-01
1.000377872024883263e+00
1.000583942138871363e+00
1.000270914030356728e+00
1.000480464982124396e+00
1.000253014391151885e+00
9.993045245822942402e-01
1.000264401420554394e+00
1.000889446560697893e+00
9.998649317465875264e-01
1.000202459850905390e+00
9.995706962085195713e-01
1.000701513740312576e+00
9.999629370821082608e-01
1.000070773380487665e+00
9.999740023157581703e-01
1.000752317757034993e+00
1.000073198707481126e+00
1.000551925107350915e+00
1.000413487242597599e+00
1.000105637833726080e+00
1.000447868059318290e+00
9.999375697522301376e-01
9.995103938256884035e-01
1.000442264149171701e+00
1.000277563105939516e+00
1.000519839528253740e+00
1.000533802685982021e+00
9.998044396629351960e-01
9.998450424416077675e-01
1.000173819781420947e+00
1.000530937751844984e+00
9.995078807839704593e-01
1.000452938073788767e+00
9.996193318273876027e-01
1.000485316809428316e+00
9.997916813072966757e-01
1.000615151387092672e+00
9.993036739331574436e-01
1.000419027478138378e+00
1.000422913219942478e+00
1.000161766325396551e+00
1.000117964225719192e+00
1.000334484982826400e+00
1.000569414294656623e+00
1.000156124554771653e+00
1.000394426949923865e+00
9.995999459772693108e-01
1.001272158065836582e+00
1.000633058359644112e+00
1.000355766681506831e+00
9.997011053289089899e-01
9.997398115258149254e-01
9.997960249016302203e-01
1.000455447585852031e+00
1.000475680443548399e+00
1.000218173382024789e+00
9.996121779076287961e-01
9.996193203125430804e-01
1.000190194810150590e+00
9.998511379644565711e-01
1.000479378751756743e+00
1.000400637087671019e+00
1.000259287884012638e+00
1.000090026267216547e+00
9.996502348302431784e-01
1.000632424923588282e+00
1.000170061325144522e+00
9.995491244791853136e-01
9.999759502777220144e-01
1.000455796659077912e+00
9.997829793693474576e-01
1.000193099069031533e+00
9.990708654492130858e-01
