0.000000000000000000e+00
0.000000000000000000e+00
0.000000000000000000e+00
0.000000000000000000e+00
0.000000000000000000e+00
0.000000000000000000e+00
0.000000000000000000e+00
0.000000000000000000e+00
0.000000000000000000e+00
0.000000000000000000e+00
0.000000000000000000e+00
0.000000000000000000e+00
0.000000000000000000e+00
0.000000000000000000e+00
0.000000000000000000e+00
0.000000000000000000e+00
0.000000000000000000e+00
0.000000000000000000e+00
0.000000000000000000e+00
0.000000000000000000e+00
0.000000000000000000e+00
0.000000000000000000e+00
0.000000000000000000e+00
0.000000000000000000e+00
0.000000000000000000e+00
0.000000000000000000e+00
2.344766312410036593e-02
3.657959454392483711e-01
1.307985504548212496e+00
1.610604264402547559e+00
1.251833348992959172e+00
7.023133533385714777e-01
4.365157253611318677e-01
2.787883272489189435e-01
2.573280894332448665e-01
2.477397854533231747e-01
2.654998195719939225e-01
2.491874694450727512e-01
2.408553236046223622e-01
2.385249972604217561e-01
2.353251498041294132e-01
2.543356719539308086e-01
3.172664830865998264e-01
4.577527388145888887e-01
5.804435261627772791e-01
7.642502098750982853e-01
9.504620672220496225e-01
1.139457496636302913e+00
1.265453865432929703e+00
1.421304007250762114e+00
1.504791644781831694e+00
1.612327442536118038e+00
1.659513589309555170e+00
1.660193724582213370e+00
1.615131767176106070e+00
1.440266046850771309e+00
1.315245015410271723e+00
1.160917133105558996e+00
1.063054607251557870e+00
9.643615644758554151e-01
9.048518326056517180e-01
9.045758381798840730e-01
8.886774369385312955e-01
8.914569310967350724e-01
8.942715153965389296e-01
8.984959419995636187e-01
9.090645737958295003e-01
9.631456725756639692e-01
9.436533594745067921e-01
9.651058141879732544e-01
9.805965251751049827e-01
9.967818840774084199e-01
1.019477151771631451e+00
1.018384888611361117e+00
1.026478055192467931e+00
1.033556866042864897e+00
1.067268605916525503e+00
1.021150452680584797e+00
1.033354583652011938e+00
1.042228283370694397e+00
1.023915993081791820e+00
1.014910123864454228e+00
1.002843610186768597e+00
1.009105588886915150e+00
9.718017250677718488e-01
9.803802491139961273e-01
9.821420190045200282e-01
9.729851436698858658e-01
9.739972654396946705e-01
9.893591534967839385e-01
9.789560723398808006e-01
9.880451847764286644e-01
1.003751297250265129e+00
1.011630977228794581e+00
9.868674440864027009e-01
1.003504724033857487e+00
1.004955208731966643e+00
1.012926089453131562e+00
9.983703525714892058e-01
1.010074486353782053e+00
9.915084663295502532e-01
9.953416239609124139e-01
9.992760648689641423e-01
1.007792716473142614e+00
9.911307234003111644e-01
9.829652217627304900e-01
9.828866773453578398e-01
9.927301087915793021e-01
9.868814877063512014e-01
9.932212121037748975e-01
9.895680939445661295e-01
9.918199429275388335e-01
9.879544067797019213e-01
1.000024272871782971e+00
9.944404617217709186e-01
9.948246623536389777e-01
1.007716628083679122e+00
9.817627297312039314e-01
9.943469820437795814e-01
9.886149958885580569e-01
9.881979379432120902e-01
9.958710415128034787e-01
9.967979462945926183e-01
1.002185518306301537e+00
9.864908736054310845e-01
9.886073090298250765e-01
9.851001206086892337e-01
1.000504213057819447e+00
9.908570728281383966e-01
9.840191408038180265e-01
9.852802678011863824e-01
9.834942746077156572e-01
9.973708564159583512e-01
9.951994274808497742e-01
9.936010911072648000e-01
9.917260911667835632e-01
9.915315155194250885e-01
9.802277896158633208e-01
9.775592870564816517e-01
9.933819745219651942e-01
9.866329552886538012e-01
9.836924523975866252e-01
9.866734149770104434e-01
9.759767819334994599e-01
9.921068345751640205e-01
9.882245432701470822e-01
9.809793143855993769e-01
9.867069069313821883e-01
9.945814445260560133e-01
9.905454883232935881e-01
9.846673578099244262e-01
9.957616697336328926e-01
9.995700914076466326e-01
9.893845065178893394e-01
9.973705399505696789e-01
9.880436609022402727e-01
9.903571574527552102e-01
9.966218377593102362e-01
1.002335427994837991e+00
9.886412205621364357e-01
9.911402842137662095e-01
9.931735122944134186e-01
1.000345308547508694e+00
9.889100120742201350e-01
9.896789743846398091e-01
9.886015876673428515e-01
9.918744763524751651e-01
9.994833772241793479e-01
9.988844664271032681e-01
1.006575785750841279e+00
9.964345979419272359e-01
9.941874748027513808e-01
9.889368076906300820e-01
9.826685337121334740e-01
9.942822934476264196e-01
9.881166043687686917e-01
9.931910952546915139e-01
9.930500881046852024e-01
9.941110054489521453e-01
9.888511862950005726e-01
9.918148234057889701e-01
9.988125102710195824e-01
9.908237369436529995e-01
9.907744004477601063e-01
9.997823549519078146e-01
9.941241956082810249e-01
9.943436773591834976e-01
9.904734871916819339e-01
9.909672907970475952e-01
9.910286639185199586e-01
1.001543841491019160e+00
9.905004664673250359e-01
9.943862082200950470e-01
9.967842631531407260e-01
9.918543436732932816e-01
9.866798809937996628e-01
9.910444188141751543e-01
9.909300831861734826e-01
9.857858171700178973e-01
9.935545274029700114e-01
9.978587783027783598e-01
9.920187888633147377e-01
9.923494984215772696e-01
9.919259305960994588e-01
9.942196404940515375e-01
9.926314395962205772e-01
9.979787314906278795e-01
1.003421868696654506e+00
9.961230288458882143e-01
9.978024532719830253e-01
1.003017548015543658e+00
9.937171735193683908e-01
9.993096905638007010e-01
9.984966705621567407e-01
9.937897885602398063e-01
9.980915385228675829e-01
9.954134541120049917e-01
9.897345922729888779e-01
1.001530150484374770e+00
1.003144266312874677e+00
9.916680502370270878e-01
9.938108184846415893e-01
9.885834927963844665e-01
9.942626485217995747e-01
9.955277835048559343e-01
9.875210183787220819e-01
9.945237943727399665e-01
9.911327338468931547e-01
9.957867349184662542e-01
9.902544067149841034e-01
9.963107611860418933e-01
9.969896191524462159e-01
9.987166886091700668e-01
9.948321590454417551e-01
9.958408536992928717e-01
9.979724363265020104e-01
9.940614234691661499e-01
9.985306513374728743e-01
9.955018022631249019e-01
9.867351603014220540e-01
9.948550734303019949e-01
9.938390842238489231e-01
9.923131151631022773e-01
9.948892460876487265e-01
9.946904498798858629e-01
9.890955003560878422e-01
9.944427566537038521e-01
9.920256999613705773e-01
9.909806623685396554e-01
9.946928826155001513e-01
9.901367896359551946e-01
9.850383679311561780e-01
9.907966434998101146e-01
9.952035175704485592e-01
9.916694965393225702e-01
9.931752725893141509e-01
9.933559234721763831e-01
9.959278445140361535e-01
9.951772307300469356e-01
9.955335156401947660e-01
9.975634492708663759e-01
9.886191523023347694e-01
9.925249989108555493e-01
9.953754879783023313e-01
9.938233714670345886e-01
9.945091223186748319e-01
9.973176586381820030e-01
9.929405077867302643e-01
9.945216907126719352e-01
1.000704775599331908e+00
9.922122147282183002e-01
9.920478181741809731e-01
9.959397359152256657e-01
9.885380424602043803e-01
9.971020394470871961e-01
9.968978347875223633e-01
9.958433464435878513e-01
9.975325725374571961e-01
9.916217840105602255e-01
9.894294532962609745e-01
