0.000000000000000000e+00
0.000000000000000000e+00
0.000000000000000000e+00
0.000000000000000000e+00
0.000000000000000000e+00
0.000000000000000000e+00
0.000000000000000000e+00
0.000000000000000000e+00
0.000000000000000000e+00
0.000000000000000000e+00
0.000000000000000000e+00
0.000000000000000000e+00
0.000000000000000000e+00
0.000000000000000000e+00
0.000000000000000000e+00
0.000000000000000000e+00
0.000000000000000000e+00
0.000000000000000000e+00
0.000000000000000000e+00
0.000000000000000000e+00
0.000000000000000000e+00
3.394929763723406740e-02
1.062537137909779439e+00
3.469044509065373205e+00
3.407944668011676725e+00
1.860787279489624080e+00
8.392021638762814373e-01
3.802353513175987798e-01
1.926815049246808909e-01
1.174676864873119980e-01
1.830302612041794508e-01
7.072698837958729667e-01
1.478029774710868161e+00
1.726143164760455928e+00
1.440793389240325295e+00
1.040864459211300108e+00
7.679047090763888583e-01
6.505824327986535760e-01
6.394166290082400339e-01
6.970851054745834663e-01
7.839145821482597087e-01
8.815811606110847132e-01
9.737979101324829578e-01
1.059542909163587732e+00
1.132870209965393782e+00
1.181215483957799517e+00
1.217675966092749862e+00
1.229318582216662348e+00
1.221681445204471084e+00
1.189596986416159297e+00
1.149695234158208290e+00
1.100646820964575445e+00
1.070858583651290274e+00
1.028319579869074074e+00
1.004662144071162055e+00
9.855490276338974009e-01
9.697096599420489405e-01
9.519856345477776260e-01
9.410299288778806170e-01
9.334716443109412065e-01
9.259399685716035444e-01
9.257939461440155560e-01
9.287624664718813206e-01
9.382909425187052621e-01
9.453661505572971135e-01
9.582033465468144939e-01
9.696087959930879130e-01
9.777723446978221489e-01
9.924346173634974733e-01
1.001692131786841689e+00
1.010951431738995154e+00
1.013890020625740185e+00
1.019298263584927700e+00
1.018567160176291120e+00
1.019473242717193306e+00
1.022617881275434959e+00
1.021552940064133885e+00
1.015790312402600648e+00
1.014218950995694479e+00
1.008283177717856915e+00
1.006292562777989952e+00
1.004460224750567843e+00
1.001729367967594930e+00
1.000415218672855433e+00
9.979619940683068791e-01
9.986603328399489277e-01
9.993251890560419515e-01
9.988174929543572889e-01
9.999637169262554082e-01
9.995436439487601632e-01
9.977520587114696582e-01
9.974286904134130882e-01
9.971678034757786024e-01
9.969223694180476825e-01
9.985206490451271621e-01
9.958656226875511885e-01
9.971036008114549931e-01
9.940532524564648087e-01
9.973854925996231691e-01
9.978085702085423003e-01
9.968460483029305541e-01
9.979153426185478626e-01
9.959083296083827141e-01
9.962305459529117169e-01
9.991775124186924595e-01
1.000201076465834449e+00
1.000649645252760456e+00
1.002146023660678953e+00
1.000991873003219013e+00
1.000440983580376919e+00
1.000942394138414127e+00
1.003486699743194821e+00
1.001874582908713673e+00
1.001948640290903914e+00
1.001732056802557169e+00
1.000178434404786820e+00
9.997886615922575437e-01
1.000142118325541674e+00
1.001220015307352273e+00
9.991307637679203157e-01
9.993901781488315761e-01
9.984857200530253829e-01
1.000282959268278260e+00
9.989590334284024209e-01
9.979052620951234243e-01
9.994257987204540061e-01
9.991347897590510119e-01
9.996707212869426762e-01
9.988657923736399269e-01
9.997325598923982870e-01
9.998670382400094425e-01
9.995202462952174072e-01
9.983785878092023003e-01
9.997637658401200556e-01
9.995046361451892514e-01
9.992407833260087413e-01
1.000815249359870540e+00
1.001148122647671057e+00
1.000784191459703765e+00
1.001980968394029947e+00
1.001138427894594507e+00
1.000757888364982806e+00
1.000274838438134140e+00
1.001038450756319476e+00
9.991079878568224215e-01
9.994516325373200560e-01
9.989042281193665218e-01
1.000258812422357257e+00
1.000025944267478595e+00
9.999091418799544995e-01
9.993721296005927401e-01
9.996761476987742201e-01
9.997338094215947324e-01
9.992225670642950197e-01
9.997369977337029479e-01
1.000471840066614604e+00
9.992749814547521314e-01
1.000534886230129317e+00
1.000269793607084123e+00
1.000444643444435622e+00
9.998033875119942682e-01
9.997243310379828607e-01
9.985585951763102930e-01
1.000430802900793337e+00
1.000792266371770767e+00
9.996794881220179008e-01
9.999165792150833676e-01
1.000699395057422558e+00
9.997789086064748920e-01
9.991321210725482294e-01
1.001667589329381158e+00
1.001315077993180536e+00
9.993721890247134754e-01
1.000340803938785328e+00
1.000817579142656788e+00
1.000294525959747327e+00
9.999038077310936634e-01
9.992317887659245557e-01
9.998644908679704679e-01
9.996929622516140812e-01
9.996876755007844118e-01
9.992935236902714680e-01
1.000564785949677571e+00
9.996016028023573252e-01
9.997740329418521865e-01
1.000001782052538868e+00
1.000690131338715760e+00
9.995174086204229313e-01
1.000191885863271235e+00
1.000071750358755285e+00
9.991010822877705033e-01
1.000777886188778165e+00
9.998596889381136110e-01
9.998776331156659092e-01
9.993852691430121782e-01
9.999867735417142800e-01
1.000039744997371916e+00
1.000096126590566570e+00
1.000289890372630941e+00
9.995983259640643936e-01
1.000376076584242213e+00
1.000390556343436765e+00
1.001185193013488517e+00
1.000178688222942425e+00
1.001159576523390715e+00
9.999125796273728994e-01
1.000322653209014589e+00
9.999734642568054444e-01
9.997562206772193649e-01
9.996828191441503586e-01
1.000438980129186639e+00
1.000421725819016894e+00
1.001265842414903240e+00
1.000644138277226203e+00
1.000020532239842996e+00
1.000318239179509350e+00
9.998274550004816463e-01
1.000947107470878228e+00
1.001200838685617489e+00
9.990946273863987592e-01
1.000535949092493881e+00
9.998371333808124817e-01
9.994623362319248194e-01
9.998972397817885716e-01
1.000804416785670892e+00
1.000615616841985300e+00
1.000440429811460641e+00
1.000148124470911171e+00
1.000519815973187843e+00
1.000168706004919139e+00
1.000435808839681195e+00
9.994332412033571922e-01
9.999151541612455452e-01
9.999311867004930798e-01
9.995097307692439870e-01
9.994868590427589128e-01
9.997726499641217401e-01
1.000036219042661489e+00
1.000214720110619959e+00
1.000456136908862925e+00
1.000254569089604750e+00
1.000822099166840617e+00
9.995156965093057178e-01
1.000197105472673487e+00
9.992376357813054222e-01
1.000629501527747767e+00
1.000314697728948543e+00
1.000537055580094092e+00
9.998020598628130085e-01
9.998955674324280229e-01
1.000617778615716214e+00
9.996796553142363040e-01
9.994824407828301061e-01
1.000166709101287577e+00
9.998958939397112333e-01
9.999691023359793540e-01
9.999089176646280830e-01
9.991209368078574071e-01
1.000403383552260106e+00
1.000117876397256023e+00
9.998819793087588836e-01
1.000187347793133785e+00
1.000518226739604222e+00
1.000180679049109900e+00
1.000022522556428317e+00
9.995523195408739792e-01
1.000406966071779369e+00
1.000092785608065693e+00
1.000106366298962879e+00
1.000066983254677355e+00
1.000201465238598431e+00
9.998986040625036376e-01
9.998145391835523421e-01
9.997613751389705650e-01
1.000427985960252508e+00
1.000323282159205629e+00
1.000266115186461136e+00
1.000321925552339675e+00
1.000071672429497349e+00
9.995713833875291554e-01
