0.000000000000000000e+00
0.000000000000000000e+00
0.000000000000000000e+00
0.000000000000000000e+00
0.000000000000000000e+00
0.000000000000000000e+00
0.000000000000000000e+00
0.000000000000000000e+00
0.000000000000000000e+00
0.000000000000000000e+00
0.000000000000000000e+00
0.000000000000000000e+00
0.000000000000000000e+00
0.000000000000000000e+00
0.000000000000000000e+00
0.000000000000000000e+00
0.000000000000000000e+00
0.000000000000000000e+00
0.000000000000000000e+00
0.000000000000000000e+00
6.257777468095112271e-05
3.520253610938729044e-02
1.031396006364825757e+00
3.358033042106922661e+00
3.303191802675072175e+00
1.826854610658243061e+00
8.298811954443416905e-01
3.777813293677584894e-01
1.961916976177945360e-01
2.267583438401803986e-01
8.433549911876304650e-01
1.746065427419564609e+00
1.907667481008632704e+00
1.460999862490488077e+00
9.822388710838932946e-01
7.008974497892435096e-01
5.874958362029486514e-01
5.793586652374108636e-01
6.326243140143513743e-01
7.163144851522910139e-01
8.185909689052903726e-01
9.179443934265030247e-01
1.014060577779865469e+00
1.089815907393000938e+00
1.157349549144163214e+00
1.205765257347708896e+00
1.225945163111752167e+00
1.232405035132386084e+00
1.209382538257976369e+00
1.174314076114105099e+00
1.132007300554649376e+00
1.087789748265230561e+00
1.046111437148857126e+00
1.007814476414724769e+00
9.795922864690990162e-01
9.557393215156086974e-01
9.391239927207213345e-01
9.309840706599956661e-01
9.198669465712769888e-01
9.173772131894922799e-01
9.188543833455091736e-01
9.263542941430009670e-01
9.371598596437211715e-01
9.509386251620457475e-01
9.648115340037879406e-01
9.797163726592785782e-01
9.878230482498721043e-01
9.947789419868655614e-01
1.005929035033407359e+00
1.010916821851203906e+00
1.016508802703228520e+00
1.020435093352173306e+00
1.024448806387720179e+00
1.023675660209115934e+00
1.022003537201292334e+00
1.020679733080562368e+00
1.015529241333780419e+00
1.012227696431580393e+00
1.006572942168223683e+00
1.003992536434816119e+00
1.001285722588936888e+00
9.992481569741190617e-01
9.984792312401595815e-01
9.975395106092688202e-01
9.961589654843990838e-01
9.978296218046360799e-01
9.977598217507590572e-01
9.980526518553294313e-01
9.972438376016888872e-01
9.965320874295632292e-01
9.966382035929501892e-01
9.974072532891578025e-01
9.966913638515128016e-01
9.957694838322036501e-01
9.976770979412851181e-01
9.969082458105277267e-01
9.964581924745026242e-01
9.972472842452851927e-01
9.970067839491471018e-01
9.979300946682995166e-01
9.974592377287198053e-01
9.994913830227919460e-01
9.976777342343470245e-01
1.000322337565647146e+00
9.997171956789505654e-01
9.996676550852519050e-01
1.001050212899031067e+00
1.001297544217788715e+00
1.002252768482181811e+00
1.001495310965192065e+00
1.002249486872572426e+00
1.002204169790590349e+00
1.001933494134493285e+00
1.001974091791167698e+00
9.983784625653427947e-01
1.000386379973330353e+00
1.001522511123368098e+00
9.986786694952524135e-01
9.996525691309705586e-01
1.000163111903669355e+00
9.985771639576201952e-01
9.998231812439394295e-01
9.993110343979595411e-01
9.986299802062189590e-01
1.000452983733184587e+00
9.984769460827025434e-01
9.997498123365503586e-01
9.993779289438052826e-01
9.995946010351829392e-01
9.992866425412375575e-01
1.000062286939909395e+00
9.997637499453215781e-01
9.993265549349313881e-01
1.000129942978954745e+00
1.000877925582278616e+00
9.994162214666889588e-01
1.001133172324268683e+00
1.000704096839590607e+00
1.000883004358904760e+00
1.000282523551632385e+00
1.000467446348249467e+00
9.999912160174244669e-01
1.000537929066394716e+00
9.999954832333088905e-01
1.000006753343672061e+00
1.000336675507462303e+00
9.991041702725289575e-01
9.994400363007055477e-01
9.993813596126385201e-01
9.998450227293990134e-01
1.000078385506243617e+00
9.996810065627816932e-01
1.000047233156081239e+00
1.000712323353460498e+00
9.996494551030157272e-01
1.000979993208115371e+00
9.997058571068969668e-01
1.000065527129175624e+00
9.996201401679305487e-01
1.000575189422347133e+00
1.000761877141687739e+00
1.000670829407003692e+00
1.000567230367473082e+00
1.000849817122554164e+00
1.001227054405061434e+00
1.000776671703767162e+00
1.000154543548179786e+00
9.997114405262483849e-01
1.000921805867962533e+00
9.996988076814659063e-01
1.000305147063944577e+00
9.995512255698478787e-01
1.000447807071488171e+00
1.000030328933096513e+00
9.989427247657678421e-01
9.998211648236003946e-01
9.996482046463825988e-01
1.000048490646386457e+00
1.000196084926320284e+00
1.000363429714412611e+00
1.000076537919511122e+00
1.000836509405030439e+00
9.999511845574556856e-01
1.000233335496293341e+00
1.000464350687391812e+00
1.000222539679654465e+00
1.000360749723562037e+00
1.000568367110496792e+00
1.000385493114126501e+00
1.000660364611577480e+00
9.996354692439797240e-01
1.000088256615045079e+00
1.000719580656616259e+00
1.000190136383646289e+00
9.998958986038452013e-01
9.997449287066502155e-01
9.997732712951939993e-01
1.000273068381492880e+00
1.000375454025336674e+00
1.000025855976597100e+00
1.000311148264412475e+00
1.000460552615886511e+00
1.000537858886853426e+00
1.000477521233547495e+00
9.997954803199017304e-01
1.000357095212998537e+00
1.000210198686912744e+00
9.991778263701439622e-01
1.000614780920717983e+00
1.000456310040450214e+00
1.001208737177162522e+00
1.000747805836892157e+00
1.000414577313398334e+00
1.000642939729607717e+00
9.997978170641077522e-01
9.998868463615062652e-01
9.999802559361972154e-01
9.999700450043316202e-01
1.000109308678563735e+00
1.000630363279960244e+00
1.000410398281248892e+00
1.000234025115134484e+00
1.000372397206700015e+00
1.000057655944515567e+00
9.999664971056549945e-01
1.000072331113846857e+00
1.000709892480603269e+00
9.999345812823949853e-01
9.989987115471635759e-01
1.000377212959917994e+00
9.996474730278772647e-01
1.000276445821618676e+00
1.000537821110390135e+00
1.000142568665051135e+00
1.000672640080653375e+00
1.000014654327315178e+00
9.998496463625653474e-01
9.997912678465394887e-01
1.000135698190089295e+00
9.998314689211548201e-01
9.998448027229748236e-01
9.999733625981259699e-01
9.996964513330797164e-01
1.000035157332822555e+00
9.998218443351020168e-01
1.000135257648136156e+00
1.000607219148114346e+00
1.000037980809643123e+00
1.000347645861736856e+00
1.000657621909465611e+00
9.999099728234084328e-01
1.000605929416143791e+00
1.000166120249698309e+00
9.997448692849502105e-01
1.000565576549781843e+00
1.000310821879832446e+00
9.999948341024834653e-01
9.995862336106063895e-01
1.000400651598573054e+00
1.000445446900187996e+00
9.991749417910871234e-01
1.000025555336227834e+00
1.000292176149589096e+00
1.000002020186031793e+00
9.999323154162561567e-01
9.998653247312632164e-01
1.000212735957856758e+00
1.000525821050244346e+00
1.000422488599133519e+00
9.997099738074353148e-01
1.000239541839442303e+00
1.000535615931238409e+00
9.999592135636563572e-01
9.993302773051294663e-01
9.910670425604221068e-01
9.806143972080634263e-01
9.698856877185078051e-01
9.591210685939859371e-01
9.484493148577606281e-01
9.384874541157917083e-01
