0.000000000000000000e+00
0.000000000000000000e+00
0.000000000000000000e+00
0.000000000000000000e+00
0.000000000000000000e+00
0.000000000000000000e+00
0.000000000000000000e+00
0.000000000000000000e+00
0.000000000000000000e+00
0.000000000000000000e+00
0.000000000000000000e+00
0.000000000000000000e+00
0.000000000000000000e+00
0.000000000000000000e+00
0.000000000000000000e+00
0.000000000000000000e+00
0.000000000000000000e+00
0.000000000000000000e+00
0.000000000000000000e+00
0.000000000000000000e+00
0.000000000000000000e+00
3.547139595980596666e-02
1.033680456820025295e+00
3.366569197438548322e+00
3.311705272617425422e+00
1.840079622220899047e+00
8.299518554055801411e-01
3.798271106471851066e-01
1.975844445420415763e-01
2.290689860097985253e-01
8.468349498093469263e-01
1.755175011728777879e+00
1.912280557235567446e+00
1.464001288681262114e+00
9.840622593211709734e-01
6.968475542836672920e-01
5.824634987069235992e-01
5.717661009397035921e-01
6.277466903418540412e-01
7.160590119820796629e-01
8.144060544089926079e-01
9.178551849126839191e-01
1.011512897031121350e+00
1.097796943930140490e+00
1.158194348907214399e+00
1.206394800143147705e+00
1.230483213065300063e+00
1.228938556697737106e+00
1.212611591951415990e+00
1.173385438369157763e+00
1.130661141834298000e+00
1.086006985586205564e+00
1.044135930123656131e+00
1.007823460235869106e+00
9.811214732996974552e-01
9.561204943022746372e-01
9.383664729489510359e-01
9.283345252737481568e-01
9.232377314107743649e-01
9.201702151937662943e-01
9.197060382903776699e-01
9.256940828875193095e-01
9.393857401845845390e-01
9.500960034466134907e-01
9.644372921320096825e-01
9.766956502518273631e-01
9.895986015136581937e-01
9.985877175607503764e-01
1.004355365324928417e+00
1.010993153741615913e+00
1.017729999474969116e+00
1.021619831152261071e+00
1.023613268825911415e+00
1.023884088163826922e+00
1.021549070936698778e+00
1.018528974276134536e+00
1.014827886735194307e+00
1.011479941247487524e+00
1.008912224380546396e+00
1.005351712946281006e+00
1.001387761495373452e+00
9.999022012586996633e-01
9.989349806964683554e-01
9.994160926656333599e-01
9.987576546555662071e-01
9.977124951197136049e-01
9.966988862624360790e-01
9.980051842682181595e-01
9.975937010316847653e-01
9.978313228248244515e-01
9.987815311521386352e-01
9.979959333863538395e-01
9.963128564926679864e-01
9.975223364821874661e-01
9.973886193892536056e-01
9.969169963022541658e-01
9.966121462427063316e-01
9.977707966675849471e-01
9.988093555283517055e-01
9.981376319227466265e-01
9.977432928606685403e-01
9.978044460820725270e-01
9.997468082727805072e-01
9.998561395905252169e-01
1.001223356003791309e+00
1.001672826370422875e+00
1.000625108966487709e+00
1.001610753524430963e+00
1.002169599044592685e+00
1.001905994377472187e+00
1.002568027879486623e+00
1.002259804418888622e+00
1.001774966856398441e+00
1.001966707042480476e+00
1.001925226588407547e+00
1.000434162658589310e+00
1.000385648313356413e+00
9.989669676005438204e-01
9.998491682794578006e-01
1.000262290739235116e+00
9.995585497476182635e-01
9.994938110877130688e-01
9.989684406082572909e-01
9.993088976696585801e-01
9.988596516447187934e-01
9.995456545025965811e-01
9.999101616833492301e-01
9.996812019902482360e-01
1.001109536057825045e+00
1.000449497711959790e+00
9.995684889918543536e-01
1.000639715628575788e+00
1.001095177106485323e+00
1.001027019790769357e+00
9.993846196195236287e-01
1.000288046906963491e+00
1.000859837829050525e+00
1.000721110262704938e+00
1.000961251187207024e+00
9.997069741437866197e-01
9.998428726876936734e-01
9.998442130144364892e-01
1.000083490305833100e+00
1.001118548255155671e+00
1.000476393171528811e+00
9.996476098138882271e-01
1.000033103930611622e+00
1.000369780991639201e+00
9.995705385334182624e-01
9.999555309652461421e-01
1.000415089008752201e+00
1.000025388283287242e+00
1.000078962738068178e+00
9.991122029647457881e-01
1.000038873827171049e+00
9.999864870142569639e-01
1.000277698476462307e+00
1.000278129080615974e+00
1.000787840750557267e+00
1.001066080546721304e+00
1.000562332921725472e+00
1.000417806658481013e+00
1.000400258582782920e+00
1.000226872029076564e+00
1.000195402072746598e+00
1.001339784574049263e+00
1.000135032627196940e+00
1.000372566605722380e+00
9.997806371962492111e-01
9.999143722833132575e-01
1.000758385090767311e+00
9.993562383684161388e-01
9.999441087399365546e-01
9.994216750863463838e-01
9.998617470480738456e-01
9.992860613967969874e-01
1.000174534803501158e+00
9.996685048564142306e-01
9.999094709657881941e-01
1.000362011876411161e+00
1.000067854176721172e+00
1.000300891729995811e+00
9.999394766470492968e-01
9.995944629090677269e-01
9.998275115887331754e-01
1.000159498137220604e+00
1.000418763719406190e+00
1.000556323697844974e+00
1.000555456230979745e+00
1.000282442986668574e+00
9.999438791879085020e-01
9.997425030492235187e-01
1.000047813012559406e+00
1.000604800635283453e+00
1.000837112179899568e+00
9.993813343775297398e-01
1.000374136871442277e+00
9.999631972984053263e-01
1.000105516764843161e+00
9.999323789441872945e-01
9.997760691051239546e-01
1.000295419177587908e+00
1.000256905269234275e+00
9.999583841863219913e-01
1.000555130476708632e+00
9.991305370386160956e-01
9.994896531640297122e-01
1.000095703217244614e+00
1.000074375115113323e+00
1.000384227201459142e+00
1.000454301820765224e+00
9.993202656522802707e-01
9.995955246324842447e-01
1.000373723641456936e+00
1.000004257199138324e+00
1.000324639350792078e+00
1.000475518367676564e+00
9.997330148579011144e-01
1.000183151581928831e+00
1.000076446822700360e+00
1.000840184215749273e+00
1.000122150923166142e+00
1.000817703724699914e+00
1.000184957517835649e+00
1.000243275729180814e+00
9.999195776140378245e-01
9.999104535490715984e-01
1.000405098033410267e+00
9.995877327807304313e-01
9.999227593127040237e-01
9.999065556140939171e-01
1.000000061156025133e+00
9.997343130723228555e-01
1.000014964021199715e+00
1.000125692267856525e+00
9.999238861152841551e-01
9.995566415960147610e-01
9.999491013059608191e-01
9.996882058423296469e-01
1.000084157421453179e+00
1.000309936670445099e+00
1.000344128578749547e+00
1.000005263143486589e+00
1.000624015941793621e+00
1.000090666399764183e+00
1.000786696031026768e+00
1.000669208638528485e+00
9.997947448421913297e-01
1.000013078237805608e+00
9.997845713330864026e-01
1.000636514356910256e+00
1.000392300370289256e+00
9.995230864999755660e-01
1.000306365687618992e+00
1.000163048647814801e+00
9.999597962527352335e-01
1.000140378092916338e+00
1.000123772242845099e+00
1.000181994223270365e+00
9.998785914085390747e-01
1.000170226166397169e+00
9.997567776779837656e-01
1.000720332091526998e+00
9.999709256971512916e-01
1.000219417035899561e+00
1.000792891229912662e+00
1.000232656962024347e+00
1.000179183209642053e+00
1.000164519189797208e+00
1.000335198711727047e+00
9.999790544873375930e-01
1.000313677407365320e+00
1.000428289047297747e+00
9.996306682219019413e-01
9.911209389816468818e-01
9.810057337103610386e-01
9.695535814317463030e-01
9.594105816771659745e-01
9.483430191611641469e-01
9.376495681419240169e-01
