0.000000000000000000e+00
0.000000000000000000e+00
0.000000000000000000e+00
0.000000000000000000e+00
0.000000000000000000e+00
0.000000000000000000e+00
0.000000000000000000e+00
0.000000000000000000e+00
0.000000000000000000e+00
0.000000000000000000e+00
0.000000000000000000e+00
0.000000000000000000e+00
0.000000000000000000e+00
0.000000000000000000e+00
0.000000000000000000e+00
0.000000000000000000e+00
0.000000000000000000e+00
0.000000000000000000e+00
0.000000000000000000e+00
0.000000000000000000e+00
0.000000000000000000e+00
0.000000000000000000e+00
0.000000000000000000e+00
0.000000000000000000e+00
1.561609038984295979e-04
3.791274009870838207e-02
8.393306735874122015e-01
2.921293660464863606e+00
3.446737780622795011e+00
2.205799166723871441e+00
1.095156619597342118e+00
5.278211687979363909e-01
2.946463219149620949e-01
2.311279076446807190e-01
2.376928246007080081e-01
2.658480307113511576e-01
3.082659484123492777e-01
3.299093331262245021e-01
3.406956543450399000e-01
3.552667423645634037e-01
3.768046403689295776e-01
4.235840696365195668e-01
5.215931235172139857e-01
6.600899440325943557e-01
8.380564509890481295e-01
1.011189448099873767e+00
1.175449872317848365e+00
1.269783489267701126e+00
1.362667592852250920e+00
1.444069058107745107e+00
1.524928311398290548e+00
1.546906277927568407e+00
1.535578216982453004e+00
1.441496083526668803e+00
1.325939189911633731e+00
1.196172166403912884e+00
1.089096739928449464e+00
9.780261755881373142e-01
9.105494364737358737e-01
8.850169287047024991e-01
8.623838757303320390e-01
8.600472714162117338e-01
8.733536162360459043e-01
8.934699335577648283e-01
9.070578010522239998e-01
9.366008943602923686e-01
9.428016602684285985e-01
9.737119427325070520e-01
9.905858175749964190e-01
1.002304279537877152e+00
1.015079212742210801e+00
1.025276145318825050e+00
1.037554363006292446e+00
1.038721417696832683e+00
1.047102566637599708e+00
1.034629047947582814e+00
1.035391386035174444e+00
1.017162144107378374e+00
1.013039872161777266e+00
9.950635510908963921e-01
9.833724303931874466e-01
9.745010779226663811e-01
9.750179733385450076e-01
9.734764346793134404e-01
9.683170407650288913e-01
9.629896639685143755e-01
9.701992994145020033e-01
9.758224112250483140e-01
9.751005178559004616e-01
9.824127688080298570e-01
9.885075465113415394e-01
9.978040838922562772e-01
1.001183192583088299e+00
1.005461620083995422e+00
1.009761008869552779e+00
1.009540258622132258e+00
1.010707349067221150e+00
1.006575068469480749e+00
1.005430627983426417e+00
1.001429239123140302e+00
1.003783607442595871e+00
1.000929577811161320e+00
9.982477327445878901e-01
9.927953354555698606e-01
9.935943736534132986e-01
9.909011018205501342e-01
9.907690184931303712e-01
9.902206431286002530e-01
9.873048002033023574e-01
9.920836780682872336e-01
9.922609126077225339e-01
9.954566268413567176e-01
9.908830356827971197e-01
9.933140597203498068e-01
9.967361119440919515e-01
9.981424776357081807e-01
9.973567623212685751e-01
1.002269333455017897e+00
1.005632034223602478e+00
1.000383231609367929e+00
1.006090071238738171e+00
1.002082596567168693e+00
1.002680141289276072e+00
9.999465524677527695e-01
9.974657721847989267e-01
9.992741990692609599e-01
1.002395693462576176e+00
1.001121454019648027e+00
9.996541861649375083e-01
9.937420379259347403e-01
9.955006055268992293e-01
9.964815470769970984e-01
9.976160501785655832e-01
9.996952732559457599e-01
9.953914671102571665e-01
9.937356631363959414e-01
9.931625744673296952e-01
9.990593438675917648e-01
9.986706883157370207e-01
9.968485529836158543e-01
9.999578870743154324e-01
1.000115038742790619e+00
9.966058270142580389e-01
9.963404614034383489e-01
9.997599546001435522e-01
9.980354543752169016e-01
9.959056881733269195e-01
1.001030307454591650e+00
1.000719302946920353e+00
1.001389308965472402e+00
9.959813184734848113e-01
9.983119351097358152e-01
1.000742412861997055e+00
9.971609989669608654e-01
9.973988390644671354e-01
9.988823357583364038e-01
1.000306824209064249e+00
9.938739520821207041e-01
9.984084010246144780e-01
1.002461866346709085e+00
1.001154169334683930e+00
9.999419972791385725e-01
9.977745691359176661e-01
9.951165067576727141e-01
1.001275141982533201e+00
1.000777038987427314e+00
9.969042455151253534e-01
9.967368298885468381e-01
9.999368362390541609e-01
9.963422354771369616e-01
9.984107221175650970e-01
9.996139465914312128e-01
9.964229719507206040e-01
9.984853597363962940e-01
9.965506821589946718e-01
9.974491612908368277e-01
9.963401327113117212e-01
9.974145339999884730e-01
9.964161759246256134e-01
9.972071837260059191e-01
9.975157325246208906e-01
9.954468118585448888e-01
9.975910246862492725e-01
9.975692767177962716e-01
9.959055826443419246e-01
9.981353218607926792e-01
9.956253935422735291e-01
9.950789155696422306e-01
9.965493320602897276e-01
9.964583846628948249e-01
9.969402533298770130e-01
9.977642283503876941e-01
9.941261540386102658e-01
9.977330229185483734e-01
9.950867974701776975e-01
9.952622390155357879e-01
9.977318036304811955e-01
9.992537131478467227e-01
9.947761297607831121e-01
9.953480040974010956e-01
9.968873832473735819e-01
9.949521913618155633e-01
9.975789239868916303e-01
9.971617122721367910e-01
9.970542581904586754e-01
9.930916335531198014e-01
9.980663695970437566e-01
9.974035594849528508e-01
9.957082671724281075e-01
9.954820720525269229e-01
9.925430020103833684e-01
9.973915313975342256e-01
9.950945396668929854e-01
9.971106112820218303e-01
9.970760502550618520e-01
9.992936377308906382e-01
9.968683821256085764e-01
9.985500121668301476e-01
9.981529598209719634e-01
9.971684209278156574e-01
9.969336809151490009e-01
1.000012317737070555e+00
9.972939139375347484e-01
9.999960972192826203e-01
1.002255918235783971e+00
9.991144416832987707e-01
9.988775958575953906e-01
9.972453746819034404e-01
9.979460715726515829e-01
9.981780671845422725e-01
9.974930268334956107e-01
9.963794014495345186e-01
9.955223153227947819e-01
9.976141645970868499e-01
9.982322794523555975e-01
9.959237303287327148e-01
9.983381046409571802e-01
9.979632085477878611e-01
9.978543583060618394e-01
9.954008486611842788e-01
9.959209665469608286e-01
9.977540637615036623e-01
9.968107645003040362e-01
9.984728197197937360e-01
9.961418547565746850e-01
9.967512760604277933e-01
9.986402575018001881e-01
9.972220581117502425e-01
9.981136037552266194e-01
9.967719242563175541e-01
9.981395007255000618e-01
9.964470257170081613e-01
9.971088987408581739e-01
9.956302111215687978e-01
9.963666350144809725e-01
9.963421051342294943e-01
9.981387714160491198e-01
9.990017029842068741e-01
9.949540305633285397e-01
9.950605692422258564e-01
9.980527416624990211e-01
9.980513463381071038e-01
9.972791682839715621e-01
9.966661558097246187e-01
9.982957710928561657e-01
9.959133933231365532e-01
9.846269284950192047e-01
9.752815508013678025e-01
9.615957589073944600e-01
9.544700031438754229e-01
9.416690977716279942e-01
9.322635185849409423e-01
9.207856239508205309e-01
9.087423480370229179e-01
8.994142861001510614e-01
8.859212888534014896e-01
8.789255050785402812e-01
8.672057330540650089e-01
8.562912584790636217e-01
8.464283582286593610e-01
