0.000000000000000000e+00
0.000000000000000000e+00
0.000000000000000000e+00
0.000000000000000000e+00
0.000000000000000000e+00
0.000000000000000000e+00
0.000000000000000000e+00
0.000000000000000000e+00
0.000000000000000000e+00
0.000000000000000000e+00
0.000000000000000000e+00
0.000000000000000000e+00
0.000000000000000000e+00
0.000000000000000000e+00
0.000000000000000000e+00
0.000000000000000000e+00
0.000000000000000000e+00
0.000000000000000000e+00
0.000000000000000000e+00
0.000000000000000000e+00
0.000000000000000000e+00
0.000000000000000000e+00
0.000000000000000000e+00
0.000000000000000000e+00
0.000000000000000000e+00
4.310455114968243795e-02
9.017132164480878842e-01
3.195516363349712563e+00
3.725406929386827493e+00
2.409398542884981786e+00
1.194475839319396160e+00
5.637501280557178918e-01
3.150749019023975084e-01
2.477632250135986258e-01
2.414857334282828893e-01
2.656386258570968550e-01
3.080708063763463733e-01
3.428594829340239070e-01
3.643677993514356506e-01
3.745725450718246918e-01
3.933991588454368027e-01
4.507141708163098781e-01
5.595608722020024572e-01
6.918322740550669758e-01
8.666945737701717833e-01
1.037642478950320690e+00
1.166275548080683011e+00
1.285514101951753974e+00
1.381669513196643884e+00
1.452293593345467038e+00
1.489091474093821921e+00
1.538891726785175607e+00
1.523174654778632897e+00
1.437640257924419629e+00
1.321273322297711772e+00
1.193129517736503553e+00
1.066745056110984580e+00
9.789275409408992878e-01
9.083776297982477654e-01
8.816466880004834028e-01
8.694465556476070889e-01
8.655945915808482827e-01
8.758708628146116837e-01
8.885405938270178883e-01
9.126258596940204360e-01
9.386161343773495869e-01
9.514576917929750133e-01
9.683713230895006907e-01
9.909567832196872761e-01
1.008062553445681742e+00
1.015924053808393790e+00
1.029308680209072291e+00
1.035307227557229037e+00
1.041239488529368984e+00
1.037275294133090053e+00
1.031327469339713199e+00
1.030078350783822039e+00
1.033526366967226551e+00
1.017154460222646106e+00
1.004445563603288516e+00
9.927692833508264814e-01
9.859418896146419087e-01
9.798896137285955099e-01
9.700576509478447962e-01
9.667653361612532636e-01
9.721578815295988107e-01
9.787073084456815453e-01
9.849221615447892875e-01
9.794841064106278861e-01
9.913471088353313920e-01
9.924621089059957324e-01
1.001427945435743760e+00
1.006089009347705510e+00
1.010146513418328285e+00
1.008490498950118441e+00
1.014341679213668357e+00
1.008474329823858096e+00
1.005542366977153268e+00
1.009647474220631835e+00
1.008696991720773317e+00
1.007195776960865929e+00
9.994252734130528726e-01
1.006973051458268653e+00
9.966713556553835618e-01
9.948134483324804211e-01
9.911209219288348304e-01
9.944902844844846213e-01
9.873757141225022460e-01
9.939102353975475257e-01
9.895939014958814450e-01
9.865075753503028677e-01
9.902670396520034668e-01
9.995791158908043927e-01
1.002309697779092845e+00
9.987257336356134552e-01
9.983628733035682101e-01
1.002658273176510795e+00
1.002681128317326253e+00
1.005443819906124636e+00
1.006599800482785190e+00
9.943392830007924399e-01
1.001099316481212975e+00
1.000545464073510971e+00
1.000213559866450996e+00
9.991505324698384261e-01
1.003665240052559415e+00
9.989265405983899226e-01
1.003024529158755840e+00
9.988428789337835401e-01
1.001402099781801391e+00
9.976165816817814669e-01
9.966524183350707888e-01
9.958253279064434027e-01
9.961962435689744044e-01
9.984903975897674311e-01
9.981682639965905324e-01
9.950003397518022430e-01
9.966167841486083256e-01
9.945680441349616929e-01
9.949105113584753024e-01
9.964381970140115952e-01
9.966316234073815394e-01
9.980656495629343095e-01
9.945071648573413636e-01
9.989451719801094587e-01
9.957134564227994034e-01
9.937643655264040143e-01
9.987422511918712109e-01
9.932758737028407614e-01
9.982951502033664548e-01
9.950477660168930427e-01
9.987149323150712465e-01
9.964606040333637837e-01
9.988440576880639465e-01
9.991904154558479689e-01
9.986006126807186467e-01
9.970552098465365054e-01
9.961099780433047002e-01
9.909925699915264063e-01
9.983605566949624865e-01
9.961544070505043980e-01
9.956156190998722844e-01
9.939030652361492413e-01
9.966691365759429155e-01
9.959361339655115053e-01
9.946402624584349539e-01
9.924309211344295445e-01
9.966247149562672547e-01
9.969111355402707764e-01
9.950200361343188860e-01
9.967272559555097056e-01
9.944987137780659792e-01
9.936798936365051071e-01
9.942110233495182747e-01
9.957524982638966682e-01
9.948525675815327318e-01
9.952632053558556624e-01
9.935382829450992714e-01
9.934811709415468650e-01
9.943694900148973836e-01
9.941200245618923015e-01
9.935801710212021076e-01
9.934541905105344073e-01
9.948227137907218465e-01
9.968384559660563582e-01
9.940457596216775160e-01
9.961351293091832426e-01
9.940238071903891859e-01
9.965112445992908574e-01
9.931368337699225668e-01
9.918947602327234936e-01
9.930403206913200886e-01
9.940966202910395122e-01
9.943718863821586762e-01
9.935200747298749135e-01
9.965696880578389649e-01
9.998182592500290955e-01
9.954717886735245935e-01
9.932905535601441738e-01
9.952440725047149161e-01
9.948237250679851096e-01
9.940570534196689900e-01
9.938284186101126183e-01
9.935209322310591951e-01
9.952384857713661992e-01
9.916400880660720674e-01
9.971815025793436815e-01
9.950404289479914954e-01
9.962192007860636300e-01
9.976184942219533669e-01
9.948562595624733662e-01
9.961646923575813162e-01
9.946955058464763688e-01
9.961791601691755149e-01
9.952286065403586068e-01
9.947769138129419764e-01
9.973780603073449935e-01
9.957161996638737023e-01
9.955712567652703626e-01
9.973309804851870908e-01
9.953501439369406567e-01
9.975435783894838204e-01
9.936849592882643911e-01
9.952544185503725549e-01
9.958864398878267687e-01
9.950529025356957824e-01
9.960766962246726530e-01
9.962681798923518350e-01
9.961984726270644019e-01
9.938527848188225544e-01
9.932073357830906168e-01
9.969103665068571596e-01
9.959450451887071898e-01
9.963125539944889253e-01
9.962295483672140017e-01
9.943187490097898928e-01
9.954297148929299732e-01
9.944830155499345681e-01
9.970687791476310347e-01
9.980250669370266392e-01
9.962173815434220980e-01
9.975436676565017091e-01
9.962453330685130393e-01
9.984739304679286498e-01
9.989128410443480766e-01
9.986897179486302623e-01
9.973573181909830554e-01
9.980588229302564951e-01
9.976688634688647417e-01
9.987814268232955150e-01
9.997957746020464942e-01
9.995431141707881162e-01
9.985002181613279459e-01
1.000443693545869817e+00
1.001083464299442616e+00
1.001512225655664778e+00
9.998150029451323695e-01
1.001626852306480187e+00
9.996103163671204994e-01
1.000171490032991661e+00
9.992939947721358740e-01
1.001016437353040800e+00
9.970927334866748204e-01
1.000046292518449897e+00
9.985725991839916604e-01
9.972604240815707843e-01
9.875226985090658216e-01
9.763317353122495934e-01
9.647380541347120309e-01
9.518177362514822493e-01
9.441715323092066958e-01
9.334462993351907434e-01
9.213901078004078649e-01
9.103987238527164738e-01
8.997184465599744607e-01
8.884277573723154964e-01
8.799091868069376376e-01
8.679677252564481638e-01
8.607124797078175016e-01
8.498421061507168695e-01
