0.000000000000000000e+00
0.000000000000000000e+00
0.000000000000000000e+00
0.000000000000000000e+00
0.000000000000000000e+00
0.000000000000000000e+00
0.000000000000000000e+00
0.000000000000000000e+00
0.000000000000000000e+00
0.000000000000000000e+00
0.000000000000000000e+00
0.000000000000000000e+00
0.000000000000000000e+00
0.000000000000000000e+00
0.000000000000000000e+00
0.000000000000000000e+00
0.000000000000000000e+00
0.000000000000000000e+00
0.000000000000000000e+00
0.000000000000000000e+00
0.000000000000000000e+00
0.000000000000000000e+00
0.000000000000000000e+00
0.000000000000000000e+00
0.000000000000000000e+00
3.906794393207253108e-02
8.445789160769208159e-01
2.985774517089845759e+00
3.516389345567378921e+00
2.277436796329027846e+00
1.113149464725921911e+00
5.241630291584919998e-01
3.016726528036419719e-01
2.350656211744595603e-01
2.344755121687364385e-01
2.644480177634107032e-01
3.037075136181444646e-01
3.242593649888064200e-01
3.389418530820377251e-01
3.434477694468544562e-01
3.659640955371404880e-01
4.214824420124731463e-01
5.279514442000685648e-01
6.664151734414167638e-01
8.308078395930972304e-01
1.019029131772610564e+00
1.168788502614141800e+00
1.279861147832428436e+00
1.366283171171093658e+00
1.460785360095366636e+00
1.515005818769600499e+00
1.555219936440817019e+00
1.536845771192062227e+00
1.456668019986647078e+00
1.347468820549678759e+00
1.210628458492590376e+00
1.082191169041399226e+00
9.947201801087063311e-01
9.328121150937722650e-01
8.901193659231638744e-01
8.704697823005715929e-01
8.787056682040358391e-01
8.812935474791900869e-01
8.945378354635672435e-01
9.113849830774188865e-01
9.472681342049594777e-01
9.567986722263421839e-01
9.835551970985422221e-01
9.967294951103103928e-01
1.011030568534863727e+00
1.028051150877349995e+00
1.029142081595531888e+00
1.043599497785208108e+00
1.060657343656091989e+00
1.044976175351387093e+00
1.041983535005378991e+00
1.042924660538447013e+00
1.025907488980487337e+00
1.020119587689257257e+00
1.005378448956446347e+00
9.920298717084103934e-01
9.825246548383663736e-01
9.682899276911346442e-01
9.672458045501050039e-01
9.648862518875332972e-01
9.723487891902549141e-01
9.697845075966163852e-01
9.747081284644064647e-01
9.868441990495555594e-01
9.907720658490472010e-01
1.001709612824905671e+00
9.985484781160213208e-01
1.010897654171084792e+00
1.011464050152734107e+00
1.015900733088521468e+00
1.005396871098155787e+00
1.016577248422472879e+00
1.010304260608068772e+00
1.010882808001161814e+00
1.007852616566095483e+00
1.005885448223938106e+00
1.003955621857880676e+00
1.002875620939608137e+00
1.002568585962408498e+00
9.951553192688188387e-01
9.933936255741990795e-01
9.922322016686668800e-01
9.934505696789872609e-01
9.904842161082847429e-01
9.928137932785834341e-01
9.929864556443895873e-01
9.888025486778735385e-01
9.988589533218975580e-01
1.001514948388842363e+00
9.969363904567623003e-01
9.986213656231568425e-01
1.002000525430051470e+00
1.002231349773273550e+00
1.002998673517663253e+00
1.003053033169156283e+00
1.001536992301733875e+00
1.002266380543647584e+00
1.002992950090456414e+00
9.995111850777431695e-01
1.000509832713402547e+00
9.988005759120769378e-01
1.001145441180050888e+00
1.003916908316175194e+00
1.004331786268522375e+00
9.969785009445614188e-01
9.962112372569111862e-01
9.952683826089769870e-01
1.000987743954405707e+00
9.961262987139171132e-01
9.989241893878423317e-01
9.981667478361980761e-01
1.002073451194042786e+00
9.999723629163219663e-01
1.001267203722131072e+00
1.003879414038452156e+00
9.992482542224337960e-01
1.001541972760927823e+00
1.001198969928667637e+00
9.988034335273832109e-01
1.000685761789065431e+00
1.003014560308682634e+00
9.993062232889218244e-01
9.995336024428767008e-01
1.003758267887453703e+00
1.000491611240744705e+00
9.994254516320548731e-01
9.984478939355906357e-01
9.972210121531311922e-01
9.976090242767078342e-01
9.974960778764612179e-01
9.999056720541051879e-01
9.997139869621617381e-01
1.001006577499263805e+00
9.971150890935790434e-01
9.999621294269367411e-01
9.989735024048025380e-01
9.997369808664275936e-01
9.972566429359196460e-01
9.978214470090877031e-01
9.971749490390473536e-01
9.981232660038427129e-01
1.001063252792996350e+00
9.979297220176855943e-01
9.966751452222014640e-01
9.948814562041334852e-01
1.001837474478125545e+00
9.972002606585693707e-01
9.988517966913983415e-01
9.971651289174568999e-01
9.972011209398806697e-01
9.970548498293965167e-01
9.976091194650363869e-01
9.995595144239594054e-01
1.000123684128609858e+00
9.989566330990592435e-01
9.985672961889399124e-01
9.964872368176682649e-01
9.997691861294750737e-01
9.984184650360657942e-01
1.001092128488702215e+00
9.969485273546454529e-01
9.983546556966581553e-01
9.988597365403955042e-01
1.001873827228567437e+00
9.969731168581359437e-01
9.986824774813106709e-01
9.993405490866427154e-01
1.000911012921471999e+00
9.995008519700198102e-01
1.000152827927540455e+00
9.969140268028998664e-01
1.000452816110107612e+00
9.993520204058364831e-01
9.984404447528945070e-01
9.982765340454409220e-01
9.985443257390427263e-01
1.000142157606334736e+00
1.002418877285775167e+00
9.987852505998953134e-01
9.990009349842319253e-01
9.987271908809381982e-01
9.951132386270178376e-01
9.982876480054942991e-01
9.960300272715316705e-01
9.994561269496781142e-01
1.000286035737563806e+00
9.983135521622222841e-01
9.968594524375331556e-01
9.966054319320784005e-01
9.955490326175462368e-01
9.964024838774946380e-01
9.957824067825956638e-01
9.968165542241745891e-01
9.956718408996216851e-01
9.976154459387264195e-01
9.992398479706676717e-01
9.978745252296158386e-01
9.965750781408194703e-01
9.967994319534069225e-01
9.979125173058935871e-01
9.975587468580990880e-01
9.978477458122464450e-01
9.980273076680168387e-01
9.985744248568270143e-01
9.963859510472191650e-01
9.980302103753493359e-01
9.959115763777121044e-01
9.978253103177755490e-01
9.967942440092087963e-01
9.974077521352371356e-01
9.959416918015969733e-01
9.995465501947470299e-01
9.953357712689063774e-01
9.988291528193340429e-01
9.969219002329542390e-01
9.979420208132016024e-01
9.977479219963515389e-01
9.961689103666001577e-01
9.981514617733180383e-01
9.972912227903208970e-01
9.979508316715686167e-01
9.969885522217187823e-01
9.981001465493782865e-01
1.001063612333677799e+00
9.969349875978608111e-01
9.967732774044316679e-01
9.965889617949303947e-01
9.989750954768406022e-01
9.963046570195123186e-01
9.961792835773651822e-01
9.989744243804423718e-01
9.961041725109818223e-01
9.967895329912019875e-01
9.950461250328378471e-01
9.976040327328880020e-01
9.986016563215786013e-01
9.972267661741547329e-01
9.971143337492610614e-01
9.992966243714611618e-01
9.935443979084128685e-01
9.936957393855704312e-01
9.852189625410407992e-01
9.740910680083724182e-01
9.614425070394988504e-01
9.516652464836089509e-01
9.427427217720929509e-01
9.313272135501095006e-01
9.200427449918670009e-01
9.085435947534121759e-01
8.968067884000653356e-01
8.885523748912295128e-01
8.766041847496309769e-01
8.678093466914842402e-01
8.584241593668593406e-01
8.437454633465891751e-01
