0.000000000000000000e+00
0.000000000000000000e+00
0.000000000000000000e+00
0.000000000000000000e+00
0.000000000000000000e+00
0.000000000000000000e+00
0.000000000000000000e+00
0.000000000000000000e+00
0.000000000000000000e+00
0.000000000000000000e+00
0.000000000000000000e+00
0.000000000000000000e+00
0.000000000000000000e+00
0.000000000000000000e+00
0.000000000000000000e+00
0.000000000000000000e+00
0.000000000000000000e+00
0.000000000000000000e+00
0.000000000000000000e+00
0.000000000000000000e+00
0.000000000000000000e+00
0.000000000000000000e+00
0.000000000000000000e+00
0.000000000000000000e+00
1.558007752241801164e-04
3.437351608750430915e-02
7.874566782178169522e-01
2.798304695959769717e+00
3.217944373739724639e+00
2.071755169641483540e+00
1.021249128908537473e+00
4.829627253006063548e-01
2.820139065412796686e-01
2.353449605015699442e-01
2.413088741150759831e-01
2.626377882244367856e-01
2.972350584490423553e-01
3.181742087032784494e-01
3.268480944919988640e-01
3.227377278842938901e-01
3.491926903878600497e-01
4.032736169582731844e-01
5.125209536403859678e-01
6.576759366486578662e-01
8.559135480813451213e-01
1.030181591444857991e+00
1.187617792243520709e+00
1.305322072754123042e+00
1.416663951063147131e+00
1.504521627994200195e+00
1.571505666744132057e+00
1.598314354606713783e+00
1.578083517752172371e+00
1.496180717530727122e+00
1.353076144069217168e+00
1.207773409285348931e+00
1.089456629707694635e+00
9.894594344938194563e-01
9.205566727270644289e-01
8.733359866378782588e-01
8.541336744805428927e-01
8.643689429128392776e-01
8.722241370764937107e-01
8.903167877100844896e-01
9.084280831659909961e-01
9.382816196361704053e-01
9.456804426577498646e-01
9.675255724849513017e-01
9.953954809674019355e-01
1.000359695603239452e+00
1.012791972258092699e+00
1.026118168147698739e+00
1.033097343886474562e+00
1.045898477272671379e+00
1.029199036659712796e+00
1.033948407695903127e+00
1.031306969995926970e+00
1.026868322904658681e+00
1.010678103486260415e+00
9.944544584154673128e-01
9.890109394453201475e-01
9.726487042129202676e-01
9.695094170922587962e-01
9.662003659594889937e-01
9.666397224599488913e-01
9.677794865241222677e-01
9.683084603910652177e-01
9.743877819849867672e-01
9.846636511434918582e-01
9.919276106937232607e-01
9.995682709018635093e-01
1.008941138610956356e+00
1.015829843254459020e+00
1.018139763493897343e+00
1.023979197342532510e+00
1.019835078279297536e+00
1.015220080730052210e+00
1.013422343125893077e+00
1.003698686822637187e+00
1.008490942988084393e+00
1.004023273294352148e+00
9.977011122680105037e-01
9.969617757057547269e-01
9.898217364658733475e-01
9.849037814165207960e-01
9.845481747027172714e-01
9.893922942817834354e-01
9.894998821202003469e-01
9.907702114529062243e-01
9.957452251819772782e-01
9.907499319309690522e-01
9.960948433188293594e-01
9.938664154467825584e-01
9.936307782194376825e-01
9.999365136003006693e-01
1.001087165787738709e+00
9.969239284232640497e-01
9.915915644387160999e-01
9.947356106279310328e-01
9.979176211991843681e-01
1.000335671306324059e+00
9.967989361667726200e-01
1.000156135960883041e+00
9.973872932075172892e-01
9.953141765489686987e-01
9.948251697414314254e-01
9.969625920180986700e-01
9.934046360973227685e-01
9.912296899470665057e-01
9.964822890433721048e-01
9.927421265365381498e-01
9.933812529367599398e-01
9.960830199006626140e-01
9.918489254045768089e-01
9.956182690969541671e-01
9.931625710393854334e-01
9.919316951700529739e-01
1.000515833360710483e+00
1.001903673109231230e+00
9.968335431847497041e-01
9.953451241699201590e-01
1.002361742268786271e+00
9.978452500627954525e-01
9.980170537185613089e-01
9.967357467684383465e-01
9.981698184294485188e-01
9.978769656828387902e-01
9.948391330667838428e-01
9.970050110638893903e-01
9.981829595582417669e-01
9.959216285264145263e-01
9.973778172436287281e-01
9.973267885222111273e-01
9.951203095118205111e-01
9.929185558934657818e-01
9.932941923428288966e-01
9.930674535311257989e-01
9.956131020651569630e-01
9.940282352350484629e-01
9.930775259002646571e-01
9.933440654516694224e-01
9.976159647494670102e-01
9.924099322809133428e-01
9.973959017357104662e-01
9.967195658255040280e-01
9.950032374263918511e-01
9.921832104496245419e-01
9.924531039030207724e-01
9.949296570472832002e-01
9.952604243202949341e-01
9.965188495954715453e-01
9.944207920199876760e-01
9.988862873748317606e-01
9.935229369477392991e-01
9.983836900041250795e-01
9.950251522333918297e-01
9.950291170099848648e-01
9.919536446002487073e-01
9.938483971489543434e-01
9.968993298820092441e-01
9.962218171408581124e-01
9.988206244460874350e-01
9.968011866574715274e-01
9.947691010851492655e-01
9.950524301697779572e-01
9.986369161132557792e-01
9.952626339933551280e-01
9.996320009312953392e-01
1.000636182720038514e+00
9.949009589140515031e-01
9.952101178024096440e-01
9.983023727197047892e-01
9.960141621288612912e-01
9.999674007811906185e-01
9.990967141380732164e-01
9.978733353575777176e-01
1.000290476977486298e+00
9.979725264925574102e-01
1.000656692584761309e+00
9.976674306593470432e-01
9.990945614506219208e-01
9.989031664733463156e-01
9.992393263476720966e-01
1.000290823355493464e+00
9.991291847134069481e-01
1.000943803950204325e+00
9.996495826406218699e-01
1.001281601977898505e+00
9.987312611316033761e-01
9.991886487284198370e-01
1.001046661189761267e+00
1.000305366357723935e+00
1.001327402959331092e+00
9.983877524270511339e-01
9.990452250932897460e-01
9.986948878830995691e-01
9.978933220583242614e-01
1.000536142006833717e+00
9.992509952715461496e-01
9.989707459089278707e-01
1.001066822201331918e+00
9.993669304302196243e-01
1.001135292208619187e+00
1.001873377776010487e+00
1.000463428474357874e+00
9.992689498832009187e-01
9.998505067317794426e-01
1.000001934044122187e+00
1.000359628106449517e+00
9.995224057514096039e-01
1.000068609911614503e+00
9.993795758041028598e-01
9.999942218447784859e-01
1.000664630991712212e+00
9.988992124012623375e-01
1.001596785754149677e+00
1.001081003257623614e+00
9.999779075894710267e-01
1.000553362756995135e+00
1.000957172861111077e+00
9.999273785069792142e-01
1.001760552521666625e+00
1.000402589587893853e+00
1.003473700473976882e+00
1.002210179512111665e+00
9.997280926887177621e-01
1.001595622402033037e+00
1.000424458636242742e+00
1.000449864875162520e+00
9.994195062122996909e-01
1.000676577867878558e+00
1.001924977916308190e+00
9.998317035049150148e-01
1.001131474777878339e+00
1.000808844629873962e+00
1.000727080990422513e+00
1.000850735723947560e+00
1.000682736076536905e+00
9.992458258827983109e-01
9.994930436034579202e-01
1.001921962465319504e+00
1.000569659486394869e+00
1.002010484965517589e+00
1.001809731584296648e+00
9.995792981784364928e-01
9.967316729818009868e-01
9.896764395347638077e-01
9.763695952543448575e-01
9.642840573610665933e-01
9.543518986417338645e-01
9.426276706613658796e-01
9.310842229316325103e-01
9.198721993659763063e-01
9.085901439033036153e-01
8.997429388988010812e-01
8.881928200851131328e-01
8.775383478466353138e-01
8.681619118699580584e-01
8.559934699451836604e-01
8.465172772529000467e-01
