0.000000000000000000e+00
0.000000000000000000e+00
0.000000000000000000e+00
0.000000000000000000e+00
0.000000000000000000e+00
0.000000000000000000e+00
0.000000000000000000e+00
0.000000000000000000e+00
0.000000000000000000e+00
0.000000000000000000e+00
0.000000000000000000e+00
0.000000000000000000e+00
0.000000000000000000e+00
0.000000000000000000e+00
0.000000000000000000e+00
0.000000000000000000e+00
0.000000000000000000e+00
0.000000000000000000e+00
0.000000000000000000e+00
0.000000000000000000e+00
0.000000000000000000e+00
3.425255221755963558e-02
1.006344645225398349e+00
3.301206793818052265e+00
3.275549101733026713e+00
1.832567636866873739e+00
8.436540761973083669e-01
3.894545439511399865e-01
2.019409805657846058e-01
2.310785899096308160e-01
8.466607828029281135e-01
1.737751559576279137e+00
1.908549347789598283e+00
1.474443053416174987e+00
9.980821176449401477e-01
7.264639949141868946e-01
6.225257268220227846e-01
6.229298498870717848e-01
6.737749707099319751e-01
7.530345293677779273e-01
8.445143330206658083e-01
9.347421443879416758e-01
1.021412384103535187e+00
1.091453791513349758e+00
1.147750721281077357e+00
1.183363641951595602e+00
1.202774220521600546e+00
1.202312256193870610e+00
1.183241398961322410e+00
1.149591461456105579e+00
1.111187793265868251e+00
1.072922678839628441e+00
1.036680279995273679e+00
1.004738576279537998e+00
9.758402760238203966e-01
9.532635906281077265e-01
9.404396699586849984e-01
9.301564610497684571e-01
9.228770526224432391e-01
9.238121928682314632e-01
9.267558208518554830e-01
9.344100794271721355e-01
9.447160334444937302e-01
9.574550179358113366e-01
9.704661805401475494e-01
9.806616213077899991e-01
9.893998578599751959e-01
9.956131237858312222e-01
1.002624411566196194e+00
1.007258836906276045e+00
1.009737213588069782e+00
1.015867334345436301e+00
1.015855748340069642e+00
1.016618635170432272e+00
1.017876746093792528e+00
1.015547862195374629e+00
1.015040098193613627e+00
1.011453414591356736e+00
1.009518913265889717e+00
1.004978452670946654e+00
1.004802748623483621e+00
1.002077299417014400e+00
9.999316100560078358e-01
9.998581719246280031e-01
1.000497584566507614e+00
9.979605500005377383e-01
9.969858623133889264e-01
9.953169149123871629e-01
9.944322992221248381e-01
9.968098224093616677e-01
9.942570132025937424e-01
9.964847914880059498e-01
9.962728551705074542e-01
9.960890345996462614e-01
9.955050438153986159e-01
9.960322587957772811e-01
9.953332969545489739e-01
9.969058972816335906e-01
9.959659088272988514e-01
9.959682576201959181e-01
9.974800782016559619e-01
9.987936384366948861e-01
9.995656170001322449e-01
9.994755543869374703e-01
9.987945664842015070e-01
1.001683048671453635e+00
1.001359788512854898e+00
1.001725819891499114e+00
1.002633624047824634e+00
1.002082039791054813e+00
1.001178213842521592e+00
1.001822324400663211e+00
1.000952843954722171e+00
1.000735553595315519e+00
9.998315280399269200e-01
9.993677607684438025e-01
9.993031114685075877e-01
9.995802045117305745e-01
9.998792378553150728e-01
9.995049359664992528e-01
9.986038646837438471e-01
9.992477343707624193e-01
9.979827865460915159e-01
9.984768526853541326e-01
9.976015179036239466e-01
9.978652454204024469e-01
9.986560412364464678e-01
9.975854396077492581e-01
9.992956577061813395e-01
9.981807569305478633e-01
9.993999837572888900e-01
9.998557088059685238e-01
1.000477363271739195e+00
9.996051303949490263e-01
9.994568494384350466e-01
1.000239172286260692e+00
1.001591788694377927e+00
1.001737832156475161e+00
1.001259863669252459e+00
1.001498323207338670e+00
1.000796699615229102e+00
1.000959723608937590e+00
1.000692563569829829e+00
1.000527007233010801e+00
1.000114519611041919e+00
9.992824588378341755e-01
9.995016732791230929e-01
9.988873307823395997e-01
9.985750528074855970e-01
9.986283368636180713e-01
9.984182501735363591e-01
9.989599862895864879e-01
9.987600370508762371e-01
9.990679812928893178e-01
9.990318665322120983e-01
1.000084669547244953e+00
9.985837120293791225e-01
1.000221285571765151e+00
9.999161897176434000e-01
9.997586903760962151e-01
1.000446850136803345e+00
1.000246130737187711e+00
1.001299540543900912e+00
1.000740853913066886e+00
1.000586259623472696e+00
1.000372819912270117e+00
1.000613302969388663e+00
1.001005366273551633e+00
9.991571911394185879e-01
1.000338998435141624e+00
1.000699648313178480e+00
9.997406233498070671e-01
9.998382086012935765e-01
9.999787804502423549e-01
9.998268983528537657e-01
9.993466275416568179e-01
9.997373705391640053e-01
9.993458350241869459e-01
9.994948774471578146e-01
9.991362626853956819e-01
9.996263305322112824e-01
1.000217617328439834e+00
1.000048813053949992e+00
1.000250806707135620e+00
1.000392937823848971e+00
9.996498033572051023e-01
1.000599588612018698e+00
1.000158131779335102e+00
1.000810459692097698e+00
1.000566319580842523e+00
1.000710594765648276e+00
1.000469779506389045e+00
1.000374963444007559e+00
1.000972793878128320e+00
9.999333576522723144e-01
1.000483528307875014e+00
9.996410125003537539e-01
9.998168370947294603e-01
9.999897464899970556e-01
9.999096314328947965e-01
9.998209039617508287e-01
1.000590894787153795e+00
1.000160910868485020e+00
1.000106825075575356e+00
1.000319590681972182e+00
1.000039185730809077e+00
9.999795375869392489e-01
1.000195617301657958e+00
1.000235021779389388e+00
1.000853825619737902e+00
1.000673408990733648e+00
1.000398172712523737e+00
9.995927224592527915e-01
1.000242762424027765e+00
1.000022860697147964e+00
1.000260891433773613e+00
1.000193681369781151e+00
1.000000606626723965e+00
1.000053291126638877e+00
1.000172649300030026e+00
9.998250179055369058e-01
1.000640993208629759e+00
1.000600812810944484e+00
1.000276597578839688e+00
1.000053815021596737e+00
9.998972586914477434e-01
1.000081129118961965e+00
9.998596324554060999e-01
1.000361661101371702e+00
9.995799371327384053e-01
9.996426306444341492e-01
1.000030513745147287e+00
1.000220619709714542e+00
1.000691696301514666e+00
9.999972932829640504e-01
1.000115535740923267e+00
1.000168776874197363e+00
1.000176178496608559e+00
1.000257059792540648e+00
1.000160335907742670e+00
9.998821314016462791e-01
1.000425583754836811e+00
9.997061162869381734e-01
1.000122577061706375e+00
1.000272804598607790e+00
1.000490057002090705e+00
1.000114571101318184e+00
1.000067963757052203e+00
1.000151688035372022e+00
1.000463145747218618e+00
1.000143599224767810e+00
1.000523529971236725e+00
1.000013197605524429e+00
1.000078401689771024e+00
9.998842713922537762e-01
9.999602400228772003e-01
1.000197465808580377e+00
1.000497206782080761e+00
9.999900944278288240e-01
1.000696098097377806e+00
9.999906343923721241e-01
1.000404582301033463e+00
9.999471256043108713e-01
1.000065020393815063e+00
9.999800758192854966e-01
9.966443809972740375e-01
9.870419793113109908e-01
9.744275800164977630e-01
9.637721953234379413e-01
9.533431653027566455e-01
9.417714360550321073e-01
9.310819731228227036e-01
9.209495438078020291e-01
9.096477064753142328e-01
8.989897980516285969e-01
8.888734184848454678e-01
8.779684145535827655e-01
8.677506680357446323e-01
8.578521616394396698e-01
8.475086961504403327e-01
