0.000000000000000000e+00
0.000000000000000000e+00
0.000000000000000000e+00
0.000000000000000000e+00
0.000000000000000000e+00
0.000000000000000000e+00
0.000000000000000000e+00
0.000000000000000000e+00
0.000000000000000000e+00
0.000000000000000000e+00
0.000000000000000000e+00
0.000000000000000000e+00
0.000000000000000000e+00
0.000000000000000000e+00
0.000000000000000000e+00
0.000000000000000000e+00
0.000000000000000000e+00
0.000000000000000000e+00
0.000000000000000000e+00
0.000000000000000000e+00
0.000000000000000000e+00
0.000000000000000000e+00
0.000000000000000000e+00
0.000000000000000000e+00
0.000000000000000000e+00
0.000000000000000000e+00
2.816087049743017795e-02
3.922539938612956689e-01
1.376447575136005907e+00
1.674831911136304807e+00
1.343593372098529581e+00
7.939230791066163029e-01
4.443724344831896933e-01
2.960579832253741328e-01
2.481289970490267172e-01
2.432403568210334543e-01
2.147558176626559456e-01
2.353333884594993597e-01
2.334971210740937886e-01
2.146418621530109261e-01
2.351212366780465191e-01
2.465112603375729239e-01
3.080439274930432125e-01
4.299179931090211793e-01
5.622888264558492111e-01
7.773124191008782269e-01
9.366269930229600416e-01
1.118502016253469566e+00
1.275206845818753987e+00
1.396670507100172376e+00
1.489771884711303285e+00
1.546074377859711468e+00
1.628619755416712112e+00
1.600092878371487393e+00
1.531926283847919068e+00
1.426281911684166070e+00
1.291569396051603258e+00
1.166480094457785333e+00
1.031007676851505961e+00
9.895676687373637925e-01
9.461388279372315857e-01
9.016765599022237287e-01
8.914504302339969488e-01
8.994009057716989552e-01
8.905868713939616432e-01
9.106232051959021190e-01
9.323404014461582623e-01
9.481843452748900392e-01
9.667870034433568849e-01
9.902125279410448622e-01
9.892475084654412942e-01
1.015287852750744957e+00
1.013561976853042834e+00
1.030224970349676861e+00
1.036012792009249228e+00
1.024248784373006371e+00
1.049916980059153238e+00
1.037705859410361864e+00
1.030479577104700395e+00
1.024850877075202726e+00
1.049702616115027798e+00
1.025193190632949447e+00
1.032358654853669178e+00
1.018937492298156888e+00
9.998571780983245283e-01
1.012950017295114025e+00
9.910746263720244809e-01
9.914561103311927415e-01
1.001499885566862869e+00
9.918376712275349671e-01
1.002720719137913052e+00
9.967510046049646855e-01
9.960431547041550537e-01
1.009088625362820624e+00
9.966305610891089684e-01
1.012083735837317144e+00
1.002898140244258052e+00
1.005872312982914574e+00
1.005665671766998948e+00
1.023376962834133153e+00
1.009248386613283088e+00
1.007569863250131537e+00
1.021828519501028598e+00
1.022426479443228065e+00
1.002590054608816894e+00
1.010032282114575963e+00
9.897005947327901509e-01
1.005260440996472715e+00
1.010168759844440878e+00
9.963112590532208213e-01
1.007354644385232811e+00
9.967377161518349293e-01
9.856602335245843172e-01
9.885832527625256771e-01
9.882873167694632421e-01
9.916587039594596531e-01
9.889887649314502704e-01
1.003695084404431670e+00
1.003822294827864781e+00
9.924014955706659258e-01
1.000834380956828085e+00
1.007293254291716789e+00
9.915738650322385439e-01
9.950754195808750868e-01
9.968483259387284079e-01
1.001870949676599398e+00
9.990302128817528660e-01
1.011728147582012571e+00
9.937669543283793594e-01
9.992746445349924844e-01
9.898643448688576596e-01
1.010170817409581590e+00
9.940417645985623052e-01
9.915238126428413956e-01
1.000559639501229503e+00
9.901906255102155274e-01
9.875182538358152629e-01
1.003892872277564630e+00
9.884862900269777430e-01
9.921173737653447011e-01
9.904354873660180525e-01
1.003584923044109845e+00
9.890944685110651946e-01
9.904366464411269444e-01
9.800277994136047388e-01
9.985230744719191254e-01
9.921873559673778376e-01
9.926885977567432295e-01
9.877051129958863696e-01
9.933847621006384188e-01
9.948682297732991398e-01
9.963984412604061092e-01
9.987102362963256041e-01
9.859919781911781200e-01
1.003871648236994041e+00
9.904836409425357147e-01
9.991850046525809770e-01
9.920386967093115516e-01
9.930491238602564552e-01
9.930233739151272943e-01
9.933050555795803760e-01
9.934025298439203011e-01
9.948704445879664737e-01
9.918137069205585910e-01
9.945559912725466800e-01
1.002623599819058242e+00
9.946591223383832725e-01
9.975280440209022270e-01
9.963579945725119513e-01
9.967752773298723667e-01
9.951865618968045446e-01
1.008091929465055658e+00
9.986534044368025054e-01
1.001103920940746628e+00
1.003714295733850737e+00
9.996718517155339656e-01
9.962277236576571049e-01
9.968151765874143644e-01
9.904781053337128327e-01
9.969265907021427342e-01
9.981736145266488780e-01
9.875249938409839112e-01
9.926273432021849308e-01
9.998900425597980757e-01
9.989579679949267543e-01
9.916844185006763457e-01
9.985542002174149223e-01
9.944198289021459747e-01
9.986847367444444679e-01
9.928539045671326280e-01
9.980083586782733107e-01
1.000538363027296818e+00
9.894229519864159439e-01
9.963023760969527132e-01
9.960697731439547287e-01
9.947375699482570166e-01
9.972737557364499406e-01
9.993527641729266220e-01
9.893592985708665744e-01
9.999065255152503884e-01
9.837745662366700339e-01
9.970427326002164747e-01
9.965768071607575829e-01
9.994468692335577442e-01
9.989973095837462180e-01
9.919523317714926680e-01
9.975661238705796352e-01
9.965029832510166052e-01
9.967943508356901239e-01
9.916872792025387406e-01
9.847424452358137792e-01
9.973830392101642461e-01
9.989971228100239520e-01
9.989896871150164559e-01
9.921470682854411915e-01
9.910240412250681530e-01
9.942818454907881298e-01
9.968387130661099382e-01
9.914636758912597214e-01
9.953403218934926411e-01
9.940211303914305851e-01
9.896348109111778868e-01
9.953946368265736977e-01
9.957723295786854445e-01
9.984975968462664886e-01
9.977645509935800794e-01
9.898218854095851560e-01
9.971383448357921120e-01
9.940108360218146144e-01
9.945047657397382279e-01
9.914658859005494040e-01
9.818731741243140743e-01
9.936053085927976092e-01
9.894902663890557948e-01
9.856728868432637070e-01
9.869128811687626346e-01
9.962415545273689554e-01
9.945436746787560400e-01
9.927001005832594149e-01
9.951511854180969951e-01
9.943129629423548277e-01
9.895206677803383144e-01
9.865447777248403938e-01
9.892327965959878400e-01
9.963214261737475264e-01
9.930452501079320982e-01
9.954639364128728962e-01
9.948514748965956445e-01
9.945582483867392298e-01
9.875549918544264116e-01
9.951934493170868645e-01
9.995629676977209055e-01
9.910719125867172297e-01
1.000821652218391478e+00
9.926565715799977596e-01
9.940715292449738838e-01
9.978292072467916940e-01
9.950755290989861113e-01
9.974352983280931895e-01
9.936886388225868449e-01
9.924959565304524167e-01
9.941654522222245216e-01
9.933983843203011421e-01
9.943139511495178162e-01
9.936983725623819153e-01
9.931573667262424410e-01
9.857087379423932205e-01
9.970927966204955473e-01
9.893137055052116935e-01
9.937494908202053612e-01
9.874066985382039530e-01
9.961381183132825834e-01
9.936081355508281643e-01
9.949840605917740222e-01
9.967335749390938693e-01
9.934370131190706221e-01
9.976901880707276238e-01
9.947418929906107765e-01
9.913426428594225293e-01
9.935532719006169300e-01
