0.000000000000000000e+00
0.000000000000000000e+00
0.000000000000000000e+00
0.000000000000000000e+00
0.000000000000000000e+00
0.000000000000000000e+00
0.000000000000000000e+00
0.000000000000000000e+00
0.000000000000000000e+00
0.000000000000000000e+00
0.000000000000000000e+00
0.000000000000000000e+00
0.000000000000000000e+00
0.000000000000000000e+00
0.000000000000000000e+00
0.000000000000000000e+00
0.000000000000000000e+00
0.000000000000000000e+00
0.000000000000000000e+00
0.000000000000000000e+00
0.000000000000000000e+00
3.571247931598249548e-02
1.058791013819382343e+00
3.474925568122955166e+00
3.395242670217365255e+00
1.867646234043344622e+00
8.356093079063461326e-01
3.787326581266920456e-01
1.891609678147171125e-01
1.156604195476432506e-01
1.802335128871409842e-01
7.023266876070786147e-01
1.470021753999426695e+00
1.728449886007562775e+00
1.437264272554753086e+00
1.044441027308704140e+00
7.741733246965757376e-01
6.541212992192464437e-01
6.409064605166813200e-01
7.031183973198327219e-01
7.834141426738833180e-01
8.796189759251512585e-01
9.752803754842099826e-01
1.060998391155176135e+00
1.135198795604734912e+00
1.185258819031787203e+00
1.217346634312899800e+00
1.228249573482458779e+00
1.222209105051395683e+00
1.189618040896470275e+00
1.151505625743636685e+00
1.104141173036049084e+00
1.069367554853583924e+00
1.031666722029571215e+00
1.011321522183568300e+00
9.848904119313670602e-01
9.612956840692199467e-01
9.514885480762955705e-01
9.381349764903618160e-01
9.290193527426889863e-01
9.233460828714958879e-01
9.202899490734546273e-01
9.241641765271849662e-01
9.310121255994275868e-01
9.425665070841595661e-01
9.553795394203821179e-01
9.675817573827890650e-01
9.798747090961579254e-01
9.940547631163902942e-01
1.001276968212563068e+00
1.007164049009821927e+00
1.014706037865561461e+00
1.021876847885272444e+00
1.021644220897955924e+00
1.025302736696431127e+00
1.025391333157432250e+00
1.023696107725762916e+00
1.019072260098455862e+00
1.017626533885043205e+00
1.015825821614917635e+00
1.009607652237734854e+00
1.004766902576918364e+00
1.004083654056942887e+00
1.000113373408241024e+00
9.990981530809447397e-01
9.987496165197353726e-01
9.972980449324129193e-01
9.963389867502280284e-01
9.974093205420678787e-01
9.976429163407151135e-01
9.978999483421118200e-01
9.962687796700464560e-01
9.954158577870182434e-01
9.954671515432680362e-01
9.975090927236075489e-01
9.945259450433788784e-01
9.933109733587075496e-01
9.951761527184379563e-01
9.969538231405586926e-01
9.969660401784992132e-01
9.989478702722439651e-01
9.985609868346674300e-01
9.992530422872674123e-01
1.000895763198264676e+00
1.000349882577360239e+00
1.000648934812681246e+00
9.993631074806241799e-01
9.995217079310788622e-01
1.002364022565140234e+00
1.000595060848441742e+00
1.001620924948227520e+00
9.995685187338165800e-01
1.000176059667092776e+00
1.000828364321437514e+00
9.996238052588508616e-01
1.002251631288123113e+00
9.991862581806687515e-01
1.001343817704445360e+00
9.990853105421640956e-01
1.000353881779182830e+00
9.997323687410596404e-01
1.000212710381024772e+00
9.991073717480700722e-01
1.001720193530348579e+00
1.000690616277212897e+00
1.001390534881529959e+00
1.000336525659785814e+00
1.002503366708891397e+00
1.001206320636701230e+00
1.001608992356659344e+00
1.002374878448884621e+00
9.995380948285909062e-01
1.001069569666697134e+00
9.999525638739100719e-01
9.996000705214805881e-01
9.996946420771398722e-01
9.984768837015772780e-01
9.988201809184357183e-01
9.996710065504278431e-01
9.981989970829207026e-01
1.000044271377215299e+00
9.984068387508283626e-01
9.987517904472368313e-01
9.977708251137357154e-01
9.996995869867778550e-01
1.000096839916906344e+00
1.000501993670504630e+00
9.994234390007743496e-01
1.000248763215829895e+00
1.001638413119835924e+00
1.001390192862081419e+00
9.997672980875967896e-01
1.001556429403983595e+00
1.002420123870977342e+00
1.001572734490216554e+00
9.995533382937856759e-01
1.001332056909487900e+00
1.000890141089940233e+00
1.000950697688181457e+00
1.000966388096264703e+00
1.001690470599732929e+00
1.001003966245092247e+00
1.001599007602435476e+00
1.001152074944001935e+00
9.999749722858041201e-01
1.000175080216665791e+00
1.000657482595052050e+00
9.997734530386939156e-01
9.998775367252589197e-01
9.996115253309990623e-01
1.000069397052341991e+00
1.000155499835381434e+00
9.985717607011248553e-01
9.999287474870779402e-01
9.994847589836440838e-01
1.000382549409744692e+00
9.999361588920370192e-01
1.000512186529847414e+00
9.995574579166789375e-01
1.000949323908928879e+00
9.997042792231101149e-01
1.000366047178885776e+00
9.998762707371092739e-01
1.000148760526490266e+00
9.999330670118796727e-01
1.000190455620507679e+00
1.000690538749565706e+00
1.000410873952317425e+00
9.999583085646261971e-01
1.000081055225757076e+00
1.000209023298707089e+00
1.000849992211623407e+00
1.000439042326720429e+00
9.997942063743905372e-01
9.996902861411944841e-01
1.000227797757907044e+00
1.000097342509226994e+00
1.000406417916793300e+00
9.997574059394280788e-01
9.992416776747783391e-01
9.999860074783138986e-01
1.000425764434361930e+00
1.000842407073082807e+00
1.000259795266887020e+00
1.000124583800762634e+00
1.000437547864551524e+00
9.992893838351412095e-01
1.000210014118766644e+00
9.998392101236766027e-01
1.000271466451723157e+00
9.991089234889722892e-01
9.995716235629644730e-01
1.000571230566337011e+00
1.000435372126996070e+00
9.997259197354713134e-01
1.001090684815055809e+00
1.000016971735417481e+00
1.000004462022765495e+00
9.986781728877566211e-01
9.991812495529600602e-01
1.000291187149097594e+00
1.000046576918964591e+00
9.999370011240786837e-01
1.000266678375467455e+00
1.000211483070964746e+00
9.997304237163069374e-01
1.000108976319685095e+00
1.000107929139310903e+00
1.000018528861767786e+00
1.000333509696838874e+00
1.000115647466391922e+00
1.000530038822889933e+00
1.000456153694938122e+00
9.993105654487465239e-01
1.000454195706073968e+00
1.000472911816534971e+00
1.000217858024097017e+00
9.999662146367407356e-01
1.000387242265027954e+00
9.999585146861436069e-01
1.000138665264881599e+00
9.997875414531489646e-01
1.000562438161803236e+00
1.000107414973633091e+00
9.993216602834570361e-01
1.000460030801641365e+00
9.998207188873807771e-01
9.997726640572762724e-01
9.993622275421235601e-01
1.000661484992998895e+00
1.000268377225228988e+00
1.000693557817353030e+00
1.000056625217108808e+00
1.000773608547683713e+00
1.000026881881260099e+00
9.999291682688655758e-01
1.000083015432581046e+00
9.996709742644799279e-01
1.000788874747653212e+00
9.997940513933645246e-01
1.000267319745177019e+00
1.000460420613441981e+00
9.994842334932769745e-01
1.000690610621142840e+00
9.997439012281156279e-01
9.999610734459671857e-01
9.996244317556827186e-01
9.999261835028818712e-01
9.999873612334161388e-01
1.000230492403439753e+00
1.000388874948191287e+00
9.997076590577217425e-01
1.000412083772729499e+00
1.000005258444209844e+00
1.000302978213308602e+00
1.000814527213452099e+00
1.000832279486630005e+00
9.993655984692432215e-01
9.997127233954405945e-01
9.999554209570483687e-01
