0.000000000000000000e+00
0.000000000000000000e+00
0.000000000000000000e+00
0.000000000000000000e+00
0.000000000000000000e+00
0.000000000000000000e+00
0.000000000000000000e+00
0.000000000000000000e+00
0.000000000000000000e+00
0.000000000000000000e+00
0.000000000000000000e+00
0.000000000000000000e+00
0.000000000000000000e+00
0.000000000000000000e+00
0.000000000000000000e+00
0.000000000000000000e+00
0.000000000000000000e+00
0.000000000000000000e+00
0.000000000000000000e+00
0.000000000000000000e+00
0.000000000000000000e+00
0.000000000000000000e+00
0.000000000000000000e+00
0.000000000000000000e+00
1.062208928099161575e-03
2.941627287811262453e-02
7.826478390767355187e-01
2.759530316802585759e+00
3.318183343239395455e+00
2.122585942447565710e+00
1.059676524585162927e+00
5.301500102764308275e-01
2.776893684357945591e-01
2.471552276760817235e-01
2.169645766452447389e-01
2.292003016705870810e-01
2.503174931653609492e-01
2.566436753260794568e-01
2.649947335678122795e-01
2.664603627939105546e-01
3.257724198793997550e-01
3.750547275285826543e-01
4.956460129963558559e-01
6.493614170528805296e-01
8.359278528192394253e-01
1.028747038085980448e+00
1.216181573097761648e+00
1.368151619307350408e+00
1.504515013640580490e+00
1.598666052375048441e+00
1.638996983683921327e+00
1.674058758351692600e+00
1.670814180021358730e+00
1.593344564461526724e+00
1.415832954028272583e+00
1.285157627873274144e+00
1.151778084957190140e+00
1.008689404357251851e+00
9.497181368116369704e-01
9.141012398546243256e-01
8.912761895961852643e-01
8.709575880788806845e-01
8.722044139776169436e-01
9.129511438862143446e-01
9.368231683634585805e-01
9.649168293494505555e-01
1.014413529534095693e+00
9.918576550488867882e-01
1.033233646308770348e+00
1.015596127544285299e+00
1.060888842682595534e+00
1.053000531759445080e+00
1.054846080303750711e+00
1.068359935078308176e+00
1.078360296165326249e+00
1.070231987605375856e+00
1.056273456828439983e+00
1.050530760625879578e+00
1.045253403001896286e+00
1.059581668233646523e+00
1.028106781764567268e+00
1.013112508838913906e+00
9.874833961506150892e-01
9.930568264513476295e-01
9.844274756081017319e-01
9.805509689450354616e-01
9.866460623623569681e-01
9.982047011139575377e-01
9.892077752906753840e-01
1.010850987190490935e+00
1.014172668139386557e+00
1.040795799237872465e+00
1.026910064798834510e+00
1.030810118045798696e+00
1.035744102282221801e+00
1.034583071593122572e+00
1.017634745024425413e+00
1.028193511282902373e+00
1.021881992983419529e+00
1.027981917811697787e+00
1.016149668613526513e+00
1.001734607549573663e+00
1.012692144216746915e+00
1.015481221336866247e+00
1.004139258703804272e+00
9.900063331398869515e-01
1.004110373291436265e+00
9.911998215921099531e-01
9.897509823355442604e-01
9.965923749596576897e-01
9.967059475412478609e-01
1.002245971031414662e+00
1.001386283683883827e+00
1.010400221525310949e+00
1.007031210467684179e+00
1.018540757595444823e+00
9.907938020540537627e-01
9.986651942222519729e-01
1.008537687221066959e+00
1.001017229095944927e+00
1.003795044987075613e+00
1.003927171721108680e+00
1.004261171051764379e+00
1.000397315209338389e+00
1.007511826952459444e+00
1.012127657602699404e+00
1.007785074858282837e+00
1.001845386589807374e+00
9.983621455034515924e-01
1.010076302534502535e+00
1.011542720261310091e+00
1.002448726605374985e+00
1.004445890020220888e+00
9.931039797629387378e-01
9.917512482526215090e-01
1.008494626496123647e+00
9.932931997445217931e-01
1.011884226158378919e+00
1.005669001540191898e+00
1.015092235873921833e+00
1.015973504816919171e+00
1.007046637887672125e+00
1.006999433820938261e+00
1.004595153948446340e+00
1.010039990072338467e+00
1.018042036352193591e+00
1.016105675382383611e+00
9.987402805954945784e-01
1.018906794695863871e+00
1.012711126323042166e+00
1.006871142856968993e+00
1.006653150462000657e+00
1.015101121495414649e+00
1.003298415520087916e+00
1.006194394682597304e+00
1.002683012711713451e+00
9.979292052643434774e-01
1.000669736308642976e+00
1.001789666263567247e+00
1.001750171518728694e+00
1.000940759460267282e+00
9.999033771935196269e-01
1.009489380050416329e+00
1.007650697693397435e+00
1.001728781655127465e+00
1.014198276400992027e+00
1.004927631814136024e+00
9.983282846302963254e-01
1.000888008358254755e+00
1.002119459337090790e+00
9.949834690594030473e-01
1.005419916518448975e+00
1.004147404617959038e+00
9.964186779889870893e-01
1.004464987537446730e+00
1.006984294960465043e+00
1.003466434167278765e+00
9.999232234867452274e-01
9.973168270201222541e-01
1.001751953274904849e+00
1.006360577622393615e+00
1.003644841145211464e+00
9.979604207508259162e-01
9.998961374785321210e-01
1.000195256797481669e+00
1.004414127047662308e+00
1.003351883243755349e+00
9.962512918668066098e-01
1.009398369849503929e+00
1.006408967623394268e+00
9.998243618955036105e-01
9.985733957227311830e-01
1.005296289887426697e+00
9.966356003315834933e-01
9.979434956219348507e-01
1.001107925844307633e+00
9.983101337042052936e-01
1.000258480516924564e+00
1.001841867694604815e+00
1.001853281107757621e+00
9.966434366331688999e-01
1.008590682568614172e+00
9.995869546037716713e-01
1.001089511703959767e+00
1.000380216988490112e+00
1.013031013217478016e+00
1.005770600145215576e+00
1.004600945561310299e+00
1.000723046109793790e+00
9.969749355571069227e-01
1.005888194509898526e+00
1.006120969105227081e+00
1.000995101495888884e+00
1.001362859944282979e+00
1.009441575077954623e+00
1.004873402938889049e+00
9.996797386975033728e-01
1.002801997810939261e+00
9.970232945747052877e-01
1.001591830967940355e+00
1.007085905966617512e+00
1.002549190415856328e+00
1.004635235963871054e+00
1.006886440124921567e+00
1.003452794278285598e+00
1.010423703108860982e+00
9.997687430432473654e-01
1.011315897303761480e+00
1.005854342355941400e+00
1.002592306638251385e+00
9.980526577451208636e-01
1.007106488971942992e+00
1.003510784188487381e+00
1.006769917525726976e+00
1.009241306302408381e+00
1.005126669018155061e+00
1.003405376840175833e+00
9.967596550376746078e-01
9.994273304323532114e-01
1.002349302916394791e+00
1.000712142003154836e+00
1.003014737686648283e+00
9.993789439679614528e-01
9.987265006146031077e-01
1.001955412281908764e+00
1.001279184448904847e+00
9.954805281828832397e-01
9.979353894745259801e-01
1.001671333069269254e+00
1.000613539644812144e+00
9.931689984793372616e-01
9.956404635707505335e-01
9.946010727859331269e-01
9.943309858013219538e-01
9.950681739479918519e-01
9.956754652592129107e-01
9.914550566964511757e-01
9.980605151288085564e-01
9.889220862635368370e-01
9.920345073006675563e-01
9.878720273979068045e-01
9.976386408597252009e-01
9.903111921414279317e-01
9.947850484872624577e-01
9.933386619114291660e-01
9.928989906124172649e-01
9.933447697354194084e-01
9.949948524634012470e-01
9.954252595552872673e-01
9.895267784891775831e-01
9.924380106481001107e-01
9.908070572922970110e-01
9.916464827962045980e-01
9.872384731082968212e-01
9.930575437938667926e-01
9.889196655520868795e-01
9.884438423558689069e-01
9.939031268401833374e-01
9.930514152778959769e-01
9.929618900354012512e-01
