0.000000000000000000e+00
0.000000000000000000e+00
0.000000000000000000e+00
0.000000000000000000e+00
0.000000000000000000e+00
0.000000000000000000e+00
0.000000000000000000e+00
0.000000000000000000e+00
0.000000000000000000e+00
0.000000000000000000e+00
0.000000000000000000e+00
0.000000000000000000e+00
0.000000000000000000e+00
0.000000000000000000e+00
0.000000000000000000e+00
0.000000000000000000e+00
0.000000000000000000e+00
0.000000000000000000e+00
0.000000000000000000e+00
0.000000000000000000e+00
0.000000000000000000e+00
0.000000000000000000e+00
0.000000000000000000e+00
0.000000000000000000e+00
0.000000000000000000e+00
4.020129342345554052e-02
7.544838135700212556e-01
2.775484264696818304e+00
3.395818146337417076e+00
2.212654014225635013e+00
1.154238854174728823e+00
5.551985799860363890e-01
3.108840411810939175e-01
2.482857299037551646e-01
2.185665774799569472e-01
2.357722446418842599e-01
2.493543872992140253e-01
2.838430381242532663e-01
2.804748375275933348e-01
2.787142491231716090e-01
3.362607530733147110e-01
3.983705714634546147e-01
5.302299076451009174e-01
6.786627472724423571e-01
8.629560552643805726e-01
1.051822889551534468e+00
1.244463008718609931e+00
1.358510648315176095e+00
1.467613077007232203e+00
1.587698524127646671e+00
1.604203989843957734e+00
1.662238955317101752e+00
1.633296938292247980e+00
1.538949273078615620e+00
1.379948450831585127e+00
1.254903702402756949e+00
1.106408023531191720e+00
9.652718260917304560e-01
9.301317162446929299e-01
8.587846569519744788e-01
8.482254949710212877e-01
8.454799661194354332e-01
8.756118970622704945e-01
8.985391152246505753e-01
9.053802707575810960e-01
9.515175837713694129e-01
9.604619035091390700e-01
9.593656277264466237e-01
1.000322750060204768e+00
1.007255437049582536e+00
1.034178702390149196e+00
1.058089703664019554e+00
1.057004897826405054e+00
1.063023215748795769e+00
1.065122843691505894e+00
1.058684765135894157e+00
1.055921719972226613e+00
1.046896414393755359e+00
1.030534961323357201e+00
1.012037094265584303e+00
9.982674026788361799e-01
9.742086392956889052e-01
9.937371790708989794e-01
9.644076051832287666e-01
9.749380219693674077e-01
9.859360159212592345e-01
9.873898452546856497e-01
9.626181394611097453e-01
9.946392560988538412e-01
9.777114211706671165e-01
9.949184327076222578e-01
1.007259457815149251e+00
9.972247750117603227e-01
1.000588762604504245e+00
1.029364740736042227e+00
1.011486181977355070e+00
1.033428578933773156e+00
1.013278029217286713e+00
1.000760926895401637e+00
1.003418131545273484e+00
1.010191250413576158e+00
1.000782604124629271e+00
9.940354559487063479e-01
9.953374684205280598e-01
9.844373887203755613e-01
9.801863258274584600e-01
9.918308111441997976e-01
9.825686030152487316e-01
9.790569156601139911e-01
9.975261874986420807e-01
9.826344105424196229e-01
1.008223407253252990e+00
9.942587084460000613e-01
9.928537458462068921e-01
9.942156348050016357e-01
1.008956838505577824e+00
1.014120868841775103e+00
1.000766263232435449e+00
1.003019323096099535e+00
1.006486029165650331e+00
1.004386234085642871e+00
9.991520534105879925e-01
1.011758799835053901e+00
1.003425729867454930e+00
1.008434306107006462e+00
9.940471820383841584e-01
9.891123916133820471e-01
9.982522781948629520e-01
1.000076434456671493e+00
9.986074986610627979e-01
9.998367402769270385e-01
9.897399420450417873e-01
9.955599143522259054e-01
9.940108594087241345e-01
9.905999420495679164e-01
1.006769094351097849e+00
9.909768449430451653e-01
9.812357900838136748e-01
9.960715572170547594e-01
9.963253956258498745e-01
9.994429563902653690e-01
9.852072910934558392e-01
9.871609181870703020e-01
9.991834075825979378e-01
9.902880268687510590e-01
9.998854388129077009e-01
9.983146655825043680e-01
9.892498483877256721e-01
9.832872658678695199e-01
9.822738630040855901e-01
9.888016674882925683e-01
9.910992548497867816e-01
9.923469147825123571e-01
9.843037289765864672e-01
9.906233523896261772e-01
9.807449465308728520e-01
9.922300305465506787e-01
9.919319493310641001e-01
9.870950775157195656e-01
9.848577847385616701e-01
9.929960072745042110e-01
9.860177512407688472e-01
9.851484220334919550e-01
9.901422376913420198e-01
9.831127802442651831e-01
9.938504103722211047e-01
9.822011735003853827e-01
9.849634509962560402e-01
9.954069064437957026e-01
9.905989601301397052e-01
9.948284403306973944e-01
9.957268972370281190e-01
9.915660634496593628e-01
9.887480836092685799e-01
9.917300805316583423e-01
9.828621097636202064e-01
9.904448532094712876e-01
9.877561425097320935e-01
9.869265631738985967e-01
9.907445128422679437e-01
9.971575937767966913e-01
9.921231678536599485e-01
9.852052154927449790e-01
9.973350009678205730e-01
9.885949614437609112e-01
9.893246304223086707e-01
9.864069125500413149e-01
9.843112002681861927e-01
9.870138564006631920e-01
9.931207060637871065e-01
9.912612312466702047e-01
9.862912407146617877e-01
9.936744553780317846e-01
9.893911808317776835e-01
9.930149409108123271e-01
9.927924634582296903e-01
9.986499576473174544e-01
9.965567031495340400e-01
9.944386504561050222e-01
9.947481615554806256e-01
1.000633108572500207e+00
9.942438777422740737e-01
9.918037849919719706e-01
9.893481220768047812e-01
9.934799542908909764e-01
9.995080593280604164e-01
9.945016802297292902e-01
9.941658698667941163e-01
9.891555562098494070e-01
9.880454490075475382e-01
9.992591093982724493e-01
9.956768028056420805e-01
9.911713867578235693e-01
9.921902976692118514e-01
9.911237306313336326e-01
9.957050186592493191e-01
9.941872896405844484e-01
9.997050767176282049e-01
9.994306891227809908e-01
9.993844909360212192e-01
9.961372589194744664e-01
1.000225121409293427e+00
9.944360268985371620e-01
9.962929433171978655e-01
9.932443271598374590e-01
9.929316684354780875e-01
9.957429010959828464e-01
1.000215957136995071e+00
9.964755816961912149e-01
9.961521542365532333e-01
9.935164575007082721e-01
9.973260768832377110e-01
9.965391487788720637e-01
9.997523305644748781e-01
9.959054181770256031e-01
9.995151470041020447e-01
9.939648323109819827e-01
9.981945198854297319e-01
1.005233131552712988e+00
9.970785738413209254e-01
9.971827786794866810e-01
9.930744905597699290e-01
9.993662666288566365e-01
9.941000329320597295e-01
9.977504481322985175e-01
9.937543484347376443e-01
9.964540674227889694e-01
9.984532107507724241e-01
1.002380915608502177e+00
9.952223694456412417e-01
9.930338426122795603e-01
9.877737957071515140e-01
9.957178451770318794e-01
9.997254507619856012e-01
9.978604267490887025e-01
9.992369220378579664e-01
9.976443443042101178e-01
9.929881287731581185e-01
9.956645745994763264e-01
9.916797345785904882e-01
9.975649838674917058e-01
9.949948394656622508e-01
9.935268112130111184e-01
9.970300762219481694e-01
9.988752238330659283e-01
9.927580226821649534e-01
1.000854239025184445e+00
9.888938856829629920e-01
9.944288700080168297e-01
1.000381399355972700e+00
9.967981948349324828e-01
9.963634496756126335e-01
9.911164908894406489e-01
9.924238049650658811e-01
1.002334637535894135e+00
9.976841913387586303e-01
9.947761767835434643e-01
1.000313819378379820e+00
9.947134130860634249e-01
9.936160154065449834e-01
