0.000000000000000000e+00
0.000000000000000000e+00
0.000000000000000000e+00
0.000000000000000000e+00
0.000000000000000000e+00
0.000000000000000000e+00
0.000000000000000000e+00
0.000000000000000000e+00
0.000000000000000000e+00
0.000000000000000000e+00
0.000000000000000000e+00
0.000000000000000000e+00
0.000000000000000000e+00
0.000000000000000000e+00
0.000000000000000000e+00
0.000000000000000000e+00
0.000000000000000000e+00
0.000000000000000000e+00
0.000000000000000000e+00
0.000000000000000000e+00
0.000000000000000000e+00
0.000000000000000000e+00
0.000000000000000000e+00
0.000000000000000000e+00
0.000000000000000000e+00
3.922089417504272257e-02
8.843194762409247733e-01
3.116949194444404103e+00
3.588933913175483603e+00
2.409748787411785997e+00
1.208390339269985958e+00
6.123910497341226167e-01
3.428789827719216921e-01
2.346506188978686458e-01
2.244599911815876037e-01
2.216063506119598236e-01
2.708925439523252043e-01
2.779493852824518330e-01
2.929508424144435796e-01
2.971053953071697840e-01
3.304306536028358554e-01
3.905968772254776455e-01
5.245832593641138741e-01
6.480002281212903226e-01
8.520107143618695922e-01
1.059526155217151322e+00
1.236504591095215044e+00
1.364449655700384678e+00
1.502586663668423528e+00
1.557515942541889409e+00
1.645464274631353918e+00
1.642529840727013468e+00
1.649727497589522640e+00
1.559895166174534609e+00
1.408719580524083970e+00
1.270019430866096810e+00
1.137172804898844092e+00
1.010404512051447989e+00
9.312525147279389071e-01
9.144427547942199919e-01
8.931742513740799083e-01
8.749859344745057887e-01
8.929179239039799487e-01
9.058162289398016265e-01
9.032372225938471999e-01
9.445349518746699591e-01
9.572926142896643897e-01
9.641269216568839617e-01
1.001141185503104269e+00
1.021911954781194121e+00
1.018016763780540623e+00
1.047116617127846316e+00
1.050942438916719679e+00
1.040363681458582601e+00
1.048467353839181548e+00
1.055555794042827733e+00
1.044048385514669164e+00
1.050296921513103277e+00
1.023398130113291504e+00
1.005381370439769384e+00
9.953184523387046401e-01
9.775716350492810180e-01
9.735974722721488783e-01
9.529784749964232970e-01
9.541329782659199177e-01
9.707613484515886793e-01
9.673654802897447835e-01
9.614550814118031363e-01
9.905715713745655293e-01
9.805006066995297642e-01
9.817638199429821189e-01
9.931722912201216280e-01
9.988673932266712852e-01
1.002488268364688295e+00
9.928087668449331327e-01
9.933108586637753312e-01
1.009602281124970080e+00
1.001408315991625164e+00
1.002078451294269756e+00
9.945328207743729942e-01
9.941585108912621704e-01
9.901396711703878140e-01
9.938564193573368177e-01
9.794469742565048431e-01
9.917978676136325333e-01
9.814497263168189267e-01
9.875049057117906148e-01
9.779917587955726521e-01
9.810640751388329805e-01
9.887010791190325998e-01
9.840474541662731500e-01
9.865304165723536300e-01
9.892738178874226351e-01
9.809274569825439105e-01
9.841505189363839445e-01
9.865417830941191069e-01
9.800614363844959431e-01
9.874676125504996405e-01
9.930321316866241865e-01
9.894761409294450250e-01
9.870427233649821108e-01
9.954834955434596067e-01
9.849912136726092227e-01
9.905520028300579538e-01
9.786528442050731469e-01
9.995563080237247489e-01
9.813051464637576604e-01
9.757789978189548297e-01
9.804231481657595948e-01
9.902453918617470929e-01
9.886817950128687915e-01
9.806715581362179801e-01
9.870274906740345022e-01
9.874305558807130456e-01
9.879945486382075703e-01
9.837457541930419991e-01
9.916301288156535998e-01
9.907837224717851443e-01
9.777912996539539492e-01
9.845321484874760554e-01
9.998982549400395881e-01
9.843822663975407838e-01
9.828618206129741131e-01
9.881934653095555410e-01
9.759071481524478342e-01
9.798582002742192154e-01
9.911573830526905216e-01
9.830685817484162703e-01
9.736612323108808642e-01
9.780828862381960587e-01
9.825266597582258399e-01
9.793504182004703074e-01
9.804775085730216277e-01
9.667428852325864463e-01
9.776969257638697952e-01
9.783745344933800769e-01
9.923372103756623597e-01
9.704963588174980726e-01
9.806509579223502415e-01
9.749851222147909446e-01
9.768843184059784468e-01
9.834781567887345144e-01
9.829056528385843317e-01
9.881177010732623556e-01
9.813720091664767109e-01
9.787209931340686841e-01
9.795359607009729297e-01
9.810117826177520151e-01
9.812607190089075448e-01
9.805699067126446566e-01
9.772832498052161920e-01
9.810957861003174463e-01
9.861045514304970228e-01
9.823749419574884234e-01
9.896808803264635079e-01
9.875026429407394168e-01
9.914713510508547101e-01
9.832255623565095970e-01
9.787241846811018942e-01
9.877789258159327401e-01
9.875311615912484298e-01
9.835897472205945569e-01
9.751759909567062623e-01
9.851234334659411118e-01
9.818542271335286564e-01
9.852693169745299073e-01
9.939081519660428743e-01
9.886310638605764201e-01
9.877347223819193944e-01
9.873526626662391115e-01
9.884352961339486487e-01
9.849032038731219130e-01
9.923352721687591638e-01
9.849662478547250855e-01
9.918886328193424751e-01
9.877903167357066083e-01
9.873570447448659637e-01
9.830565009481853078e-01
9.895057381531110474e-01
9.960329384267073705e-01
9.943071485608976356e-01
9.938385880473945555e-01
9.903295306911408247e-01
9.872570261191845331e-01
9.914245490756985468e-01
9.887903161319909762e-01
9.909756208235340758e-01
9.871045212582083561e-01
9.883664956192788065e-01
9.978407706068821437e-01
9.854612790588056503e-01
9.914318154429663243e-01
9.896069570683964089e-01
9.864577100816316335e-01
9.922355016183442844e-01
9.968614611720075791e-01
9.939046432926472718e-01
9.895176256503722678e-01
9.976306337231837240e-01
9.879128124179883397e-01
9.899236950205637653e-01
9.950813463090316668e-01
9.927517264810955533e-01
9.868112297871143301e-01
9.890975039008613745e-01
9.963957663498960171e-01
9.901650696244812533e-01
9.946624530460960179e-01
9.877463772509776918e-01
9.968089690007243542e-01
9.885627041201062726e-01
9.911062350203081461e-01
9.936285067976592389e-01
9.953110991063233159e-01
9.976130757760757195e-01
9.990353042851072285e-01
9.978099036449722403e-01
9.958122486303945253e-01
9.924004495347588106e-01
9.980821438686733327e-01
9.967117746160499836e-01
9.986098751265639617e-01
9.932427504298556586e-01
9.959958897999866556e-01
9.975188333262369200e-01
9.983914769280426427e-01
1.002375980268603861e+00
9.989663486069025877e-01
1.001743761313939052e+00
1.001576437666203079e+00
9.925999192433514473e-01
1.003543989113355517e+00
1.002772033666528451e+00
9.989942202504418223e-01
1.003081352397604986e+00
1.003860304449750718e+00
1.003850348166333228e+00
1.004695028502658127e+00
9.965550959020473831e-01
1.002705046092349894e+00
1.000133350530311160e+00
1.003921926950936072e+00
1.001108964760309306e+00
9.971433373354006147e-01
9.981764519152878101e-01
9.975555240657572043e-01
9.967631569885601062e-01
9.968993418539804363e-01
9.987837212677829202e-01
9.951869306245717528e-01
9.991891082741064523e-01
1.002551781242967399e+00
9.967957753758789341e-01
1.001096449222525386e+00
9.920470781637461544e-01
9.977460560380394528e-01
1.005263489411967637e+00
9.979651636797824965e-01
9.995095007891108274e-01
1.003038718265052198e+00
