0.000000000000000000e+00
0.000000000000000000e+00
0.000000000000000000e+00
0.000000000000000000e+00
0.000000000000000000e+00
0.000000000000000000e+00
0.000000000000000000e+00
0.000000000000000000e+00
0.000000000000000000e+00
0.000000000000000000e+00
0.000000000000000000e+00
0.000000000000000000e+00
0.000000000000000000e+00
0.000000000000000000e+00
0.000000000000000000e+00
0.000000000000000000e+00
0.000000000000000000e+00
0.000000000000000000e+00
0.000000000000000000e+00
0.000000000000000000e+00
0.000000000000000000e+00
0.000000000000000000e+00
0.000000000000000000e+00
0.000000000000000000e+00
0.000000000000000000e+00
0.000000000000000000e+00
2.036848373461397702e-02
4.215542121464952441e-01
1.511835509070154071e+00
1.955299634146230314e+00
1.460576729098514548e+00
8.416567035182064282e-01
4.814104342099113087e-01
3.403056023247103545e-01
2.731221433105789353e-01
2.612179280846825269e-01
2.774009322114069365e-01
2.807798263760992175e-01
2.677061042795794155e-01
2.490487974960653994e-01
2.489686851065611717e-01
2.754588334530833071e-01
3.313219873980989272e-01
4.154726175991869108e-01
5.377252841836753783e-01
6.995875129549101734e-01
8.682044094346902385e-01
1.016593386355356898e+00
1.176041570393364655e+00
1.283277976981665125e+00
1.379645737657483551e+00
1.476869378782733389e+00
1.510797712222201827e+00
1.528104671616575150e+00
1.497349752596929484e+00
1.409397695943386486e+00
1.286164072935130021e+00
1.167671705752514999e+00
1.064075982950264621e+00
9.991073949908134688e-01
9.584292013559453371e-01
9.233181896766021746e-01
8.912498701154093483e-01
8.943578464446497733e-01
8.978823986179449435e-01
9.137484251553893433e-01
9.048641552402044708e-01
9.274122229575554321e-01
9.356969496555338495e-01
9.555792052505929224e-01
9.615059677791693016e-01
9.799924798390742264e-01
1.001909594930598058e+00
1.023476319112478716e+00
1.032021798467612550e+00
1.040858540150527034e+00
1.042487937652169627e+00
1.040848693646955203e+00
1.036728067968634814e+00
1.031181865386614938e+00
1.016063974166127926e+00
1.008778137502871486e+00
1.004827087238933325e+00
1.000044047960647386e+00
1.000281925945942341e+00
9.786022064368300466e-01
9.832922375270922721e-01
9.828295435670030278e-01
9.806853963806974050e-01
9.839444918484903102e-01
9.923957159131522321e-01
9.945099219912907351e-01
9.953164036437337492e-01
9.968697575679367207e-01
9.998025299929592657e-01
1.018724346967909256e+00
1.017122697787410379e+00
1.015949291415789046e+00
1.016754589382010243e+00
1.015758730487814621e+00
1.010293765952709588e+00
1.015554990764304444e+00
1.009937096459031292e+00
1.004052968660136491e+00
1.004722058205297364e+00
1.005203088847946624e+00
1.002534550342248254e+00
1.001113554576818165e+00
9.999905399206645562e-01
9.967311108017814503e-01
9.959290061323011756e-01
9.942858875643026950e-01
9.937512693959186239e-01
9.967166985558850723e-01
1.000712862409780080e+00
9.966803386718748881e-01
9.938077372685286681e-01
9.930739853641391557e-01
1.006583378004864526e+00
1.003379167997664911e+00
1.009994257695023379e+00
1.009327142548399170e+00
1.006509933937240753e+00
1.008109581508695562e+00
1.011475139960952063e+00
1.003632023192288836e+00
1.005865546236198504e+00
1.010823035496448030e+00
1.002450381543768643e+00
1.003457814008023030e+00
9.996449845493315944e-01
1.006144205167222250e+00
9.981135900851209053e-01
1.003096495555922507e+00
1.000996878808209090e+00
1.002147795095466254e+00
9.975833945690867344e-01
1.002114708611303584e+00
9.977587284376492338e-01
1.001520480574510819e+00
9.993663178270369984e-01
1.001655393602513211e+00
1.008095762911535909e+00
1.006656332775581975e+00
1.002260036541645194e+00
1.009172877751456809e+00
1.004053060429846100e+00
1.005184856338886545e+00
1.003253818292483723e+00
1.005107125992033668e+00
1.001752821879406952e+00
9.940192505614614538e-01
1.001847154461374956e+00
9.973944137337095173e-01
1.005508660016317224e+00
1.000657191255719392e+00
9.983835614665075298e-01
1.005400687440102026e+00
1.001810617531422531e+00
9.987858697315384893e-01
9.982156321419539680e-01
1.000685893990716391e+00
9.998585239039460282e-01
1.006556354306358703e+00
1.003219773545170890e+00
9.994465125760011448e-01
1.004887837748011492e+00
1.006649979187285382e+00
1.004600129521044938e+00
1.000973281643133816e+00
1.001413541810637131e+00
1.004180729902825142e+00
1.005769508987904848e+00
1.001695532978078562e+00
1.003723794532199953e+00
1.005971762154893590e+00
1.003864659141107563e+00
1.006051417287422867e+00
1.003630373625232775e+00
1.000233638185586971e+00
1.002582494540407820e+00
9.995424722016195140e-01
9.948730187682062187e-01
1.001704834867989558e+00
1.000858086627628651e+00
1.001013503319022169e+00
9.979755161051284684e-01
1.000864924889069529e+00
1.005037851785598679e+00
1.005771114462167271e+00
1.001670893624213576e+00
9.998135257185104541e-01
9.966185132718344830e-01
1.001532642964012787e+00
1.000351696250685318e+00
9.981682640600861856e-01
9.980784823775853409e-01
1.001576663433188852e+00
1.000840831305148670e+00
1.002482003234160368e+00
1.003831109773189123e+00
9.964937279422644290e-01
9.991873026885816911e-01
9.985100899436428756e-01
9.975171531368518529e-01
1.000435900028718850e+00
1.001151291590804737e+00
1.002525571061817056e+00
9.978997115996893763e-01
9.974061141986303447e-01
1.002480220926272647e+00
9.988801162920251109e-01
1.002928084275787723e+00
9.966847741405083783e-01
1.000953218025207647e+00
1.000732282183917077e+00
9.986122395792477180e-01
9.987050117748589306e-01
9.976090604708559573e-01
9.999772795545960324e-01
1.000548627107372690e+00
1.004244313790073617e+00
9.985587864922499390e-01
9.968458540197308038e-01
9.998245509826348965e-01
1.000187104345388267e+00
1.001050524536628794e+00
1.001898010310891207e+00
9.983498520559666023e-01
9.981664557587957010e-01
1.003621394459284000e+00
1.002114519654017322e+00
1.001361299555676654e+00
9.973493969220138533e-01
9.972893565086347056e-01
9.984593358869661150e-01
1.000113464799008645e+00
9.985950075236266210e-01
9.978970682005913195e-01
1.002146790417157929e+00
9.951041699390105189e-01
9.991443554123697890e-01
1.000571575299612492e+00
9.963594337864167816e-01
9.962441393306464832e-01
9.986792986315928822e-01
9.959562306798077636e-01
9.977776042917985144e-01
9.981252965453605297e-01
9.974846668663671645e-01
9.960323309733345454e-01
9.947481026586967312e-01
9.982048112337565948e-01
9.990237285603880135e-01
9.990698219978788597e-01
9.957374654008235293e-01
9.966233702933744443e-01
9.935495301455027350e-01
9.965873412587402669e-01
9.977446635828416399e-01
9.987913465160449533e-01
9.966233713677286055e-01
9.979545778853056159e-01
9.960476037746269773e-01
9.946674900355103599e-01
9.972191724298911097e-01
9.992024419997591611e-01
9.980938525451994447e-01
9.997439283892196604e-01
9.986736349709159910e-01
9.985318632290524077e-01
9.952572768989252916e-01
9.954160514062869725e-01
9.796988793758549807e-01
9.711330281088336180e-01
9.637550554811407100e-01
9.501295920646102289e-01
9.413931956498622355e-01
9.293492331610134771e-01
9.214367319537472012e-01
