0.000000000000000000e+00
0.000000000000000000e+00
0.000000000000000000e+00
0.000000000000000000e+00
0.000000000000000000e+00
0.000000000000000000e+00
0.000000000000000000e+00
0.000000000000000000e+00
0.000000000000000000e+00
0.000000000000000000e+00
0.000000000000000000e+00
0.000000000000000000e+00
0.000000000000000000e+00
0.000000000000000000e+00
0.000000000000000000e+00
0.000000000000000000e+00
0.000000000000000000e+00
0.000000000000000000e+00
0.000000000000000000e+00
0.000000000000000000e+00
0.000000000000000000e+00
0.000000000000000000e+00
0.000000000000000000e+00
0.000000000000000000e+00
0.000000000000000000e+00
5.458439730808253842e-02
1.022593754786445208e+00
3.313065944030697541e+00
3.693335301364482071e+00
2.362717160066859279e+00
1.131742324467309935e+00
5.544707647951182539e-01
3.072454665949793107e-01
2.247903779378181144e-01
2.146114840614463393e-01
2.207982386840334765e-01
2.678625558470767998e-01
2.889257610719880298e-01
2.954940086868986793e-01
3.193167252509465093e-01
3.296350834372479555e-01
3.923345048654999778e-01
5.716624879794780512e-01
7.309263420729218419e-01
9.359563125163909980e-01
1.191038592491401094e+00
1.327981625175495450e+00
1.474091058633690166e+00
1.567263582271830602e+00
1.689808596389185125e+00
1.759011810526362352e+00
1.738686977778334253e+00
1.751506305978643319e+00
1.601823880612684547e+00
1.444987638856416678e+00
1.281849748275005973e+00
1.138983459018862554e+00
1.007494286440001163e+00
9.487106456824369038e-01
9.047355410695684386e-01
8.972417268563640524e-01
9.023224402504189667e-01
9.184671729335592838e-01
9.098893957607888661e-01
9.649345718130466487e-01
9.782482043233464708e-01
9.897573045330191333e-01
1.010037827272062927e+00
1.031017443116507115e+00
1.037256910577919911e+00
1.050764748485000011e+00
1.076259677117471725e+00
1.077647606682128334e+00
1.048875803912537874e+00
1.059966680522435034e+00
1.058207141659451400e+00
1.085530052097605891e+00
1.071628451703255047e+00
1.068056370146589051e+00
1.034536352449322072e+00
1.020829547338516274e+00
1.007479835440575844e+00
1.003227982991153233e+00
9.970712846154600184e-01
9.918110615769462068e-01
9.858290086394306817e-01
9.922258080479937625e-01
1.012894353738794218e+00
1.025096683899948680e+00
1.024554502881731111e+00
1.025798113737817596e+00
1.044081167743443839e+00
1.048521447787644556e+00
1.070588556382217948e+00
1.056071668394080287e+00
1.048805691589426159e+00
1.039502339671248388e+00
1.047695163458987277e+00
1.036069119216581402e+00
1.039935002719328816e+00
1.022292615497655710e+00
1.030428661128958367e+00
1.010843313538069221e+00
1.032175650907368070e+00
1.012864045105163813e+00
1.008960136535505203e+00
9.996024850656214378e-01
1.006159455572201322e+00
1.015536751590988551e+00
1.018061187541132284e+00
1.012125817881986745e+00
1.011388382855903378e+00
1.011669068672488514e+00
1.006074939258558398e+00
1.016573484423479279e+00
1.021854995983926484e+00
1.022415890655699489e+00
1.029053949095854570e+00
1.035503832246012834e+00
1.032938691647009133e+00
1.030141096646482568e+00
1.013125099166291898e+00
1.036823791974087472e+00
1.024631281878999545e+00
1.026108865241068147e+00
1.037953982995330815e+00
1.031828638639341600e+00
1.025883989912556693e+00
1.033281323494642967e+00
1.024755715401387102e+00
1.028726603558333563e+00
1.030882369960947953e+00
1.021590953114006384e+00
1.024020602839154970e+00
1.038073959771184551e+00
1.025294256322575537e+00
1.022608367581905764e+00
1.034275432205769008e+00
1.028415508456149485e+00
1.025711207845739992e+00
1.026383259573035778e+00
1.030764703682927275e+00
1.030770699930948053e+00
1.027813599084168139e+00
1.036648763939725049e+00
1.024963493893513711e+00
1.019554294952874418e+00
1.030251034585368375e+00
1.022889990391913306e+00
1.019915665773521551e+00
1.024849867657339653e+00
1.019457223104366372e+00
1.022703325411281394e+00
1.018326493675518085e+00
1.021226633228266900e+00
1.018358117248449268e+00
1.018093304806652943e+00
1.026313583959906239e+00
1.011839748923054616e+00
1.015711811089225591e+00
1.026102318236446154e+00
1.022888638867024858e+00
1.018403820804549609e+00
1.020093428947017156e+00
1.014170743276588293e+00
1.022896359896157348e+00
1.022467878842995948e+00
1.019875476707540418e+00
1.015977486836652677e+00
1.005767971458065846e+00
1.016442620796544682e+00
1.011477181814148363e+00
1.009370203852925307e+00
1.008634284574168039e+00
1.010430235482791428e+00
1.008291856183957780e+00
1.002026595326397373e+00
1.011269828073001920e+00
1.007650223411011403e+00
1.003674480751190812e+00
1.004763932726831399e+00
1.004440771205175942e+00
1.001342729621237604e+00
1.010978319902444245e+00
1.009136391842064162e+00
1.012525473974191348e+00
1.005414244895917353e+00
1.004869742273808875e+00
1.007205917946907725e+00
1.009842944884998373e+00
1.000596284435906203e+00
1.002549805709922026e+00
9.936832356194124083e-01
9.988114909496705884e-01
1.000732384506282990e+00
1.005646667122956250e+00
1.001987477083446487e+00
9.992607048940117531e-01
9.938512327784352340e-01
1.005063655999367755e+00
1.002190409605359322e+00
9.997304695494101390e-01
9.970382444889467344e-01
1.005662313623543191e+00
9.953660105723837193e-01
9.929823786843103850e-01
9.993835526407436332e-01
1.002082120324808256e+00
1.007759769355424329e+00
9.939448691611741937e-01
1.002548942294555712e+00
9.982775236811711750e-01
1.001552117450349444e+00
1.001926483127450362e+00
9.978554194834673430e-01
1.004326818738693561e+00
9.966662289785387374e-01
9.928556734671587503e-01
1.004833232302318580e+00
1.003895067029288546e+00
9.996209907035946696e-01
9.988843677061184367e-01
9.969425786874722695e-01
9.989928125066491749e-01
9.956972007549275139e-01
9.931436471792661758e-01
1.000641735459843362e+00
9.995435136800531195e-01
9.910446048663337226e-01
9.923077141009668534e-01
9.995128984955259366e-01
9.905534475896093927e-01
9.986204976301391589e-01
9.928989000362042905e-01
9.920222285783083516e-01
9.965079889234094157e-01
9.930966418252458183e-01
9.967872283967215141e-01
9.912876684762421675e-01
9.856460925810331952e-01
9.949467045011023414e-01
9.894086451779063873e-01
9.995687395389357688e-01
9.884355766740596794e-01
9.928685434919727326e-01
9.902235210672812871e-01
9.883397814366458034e-01
9.927665061678133673e-01
9.906436273801165759e-01
9.846329207515844839e-01
9.866264735904797245e-01
9.864727427316083430e-01
9.842324064672473005e-01
9.871457399120637799e-01
9.975090261237741229e-01
9.915027280048570590e-01
9.873227520628402587e-01
9.945732894158840764e-01
9.906972140256793402e-01
9.848462016809713671e-01
9.906480332127570732e-01
9.897694314248333125e-01
9.876611240427145555e-01
9.892720230664953096e-01
9.903592123293748495e-01
9.893067008137690355e-01
9.895273080121335108e-01
9.848358453520225098e-01
9.911776980550027760e-01
9.862706955154562083e-01
9.873433631983987713e-01
9.891474570457148285e-01
9.808083081030782857e-01
9.880214862498056805e-01
9.889961496999767343e-01
9.967790144344065295e-01
9.884461691254783355e-01
9.876487979609666068e-01
9.876382955588897117e-01
9.879434595373361994e-01
