0.000000000000000000e+00
0.000000000000000000e+00
0.000000000000000000e+00
0.000000000000000000e+00
0.000000000000000000e+00
0.000000000000000000e+00
0.000000000000000000e+00
0.000000000000000000e+00
0.000000000000000000e+00
0.000000000000000000e+00
0.000000000000000000e+00
0.000000000000000000e+00
0.000000000000000000e+00
0.000000000000000000e+00
0.000000000000000000e+00
0.000000000000000000e+00
0.000000000000000000e+00
0.000000000000000000e+00
0.000000000000000000e+00
0.000000000000000000e+00
0.000000000000000000e+00
0.000000000000000000e+00
0.000000000000000000e+00
0.000000000000000000e+00
0.000000000000000000e+00
3.606688064444271008e-02
8.935827716611892679e-01
3.102887618981013063e+00
3.494561500813647914e+00
2.227382161664134053e+00
1.127041211259230957e+00
5.206464386595039961e-01
2.982622416163508428e-01
2.106831695808746852e-01
2.178199157792036766e-01
2.414341435906978972e-01
2.693062365809235637e-01
2.862386848887616964e-01
2.784056130971220844e-01
2.880525485623370296e-01
3.203799236028065933e-01
3.993515777830163316e-01
5.380060157827697420e-01
7.182407056943277412e-01
9.340924528706313623e-01
1.190498506685405022e+00
1.323957863186171258e+00
1.471370985482635785e+00
1.550380811239487233e+00
1.641273205583649197e+00
1.715370564637584305e+00
1.723256933823319459e+00
1.723323731556308580e+00
1.552089490506555203e+00
1.411995071540570024e+00
1.231712396756484917e+00
1.085237536469376041e+00
9.740022272775076262e-01
9.024597588099437795e-01
8.772152207092809295e-01
8.631778155889445747e-01
8.557834503347561128e-01
8.662677433618951595e-01
8.882493434284313150e-01
9.232423064418978642e-01
9.505290385788714991e-01
9.526902833010710836e-01
9.764291772379531942e-01
9.860918763753165894e-01
9.955856079647156243e-01
1.008229109120282851e+00
1.014820732374323908e+00
1.031883696336819201e+00
1.045301814356387027e+00
1.047353149050558319e+00
1.032470740182357405e+00
1.038801160200646834e+00
1.025148620038713210e+00
1.026458005877111557e+00
1.027778730673331697e+00
9.870444114979044503e-01
9.848267118399428588e-01
9.726462950456880030e-01
9.718557502609310728e-01
9.550267921792064962e-01
9.691524236561975814e-01
9.659369224677543109e-01
9.583916911387463378e-01
9.892225104368377320e-01
9.793490178780144273e-01
9.924235663538316654e-01
1.012570351692693382e+00
1.013392713716191329e+00
1.021344755171821106e+00
1.022985132061026814e+00
1.034064252542079343e+00
1.000014174728126370e+00
1.017483664249479558e+00
9.965371161411106238e-01
9.970330642266301835e-01
1.006726569154716922e+00
1.003539817180706839e+00
9.955184661516448541e-01
9.843043008066286736e-01
9.879637650344301747e-01
9.919917360961413300e-01
1.000836880288840103e+00
9.842233527355414013e-01
9.818887250223027330e-01
9.760382527808302289e-01
9.820750065786246763e-01
9.983961896859184781e-01
9.942497258613921529e-01
9.896508609705738646e-01
1.001645575565062618e+00
9.999628071623190007e-01
9.962749516595901245e-01
9.949548841152799916e-01
9.999477921275158332e-01
9.889645582067103646e-01
9.869383166370446769e-01
9.846727526462639712e-01
9.842503218851962332e-01
9.800548585138743052e-01
9.874816754857883572e-01
9.937030515390127272e-01
9.740930114652515126e-01
9.954513864163009318e-01
9.789817742028210645e-01
9.775291093671889531e-01
9.900391715470991949e-01
9.837272234586648123e-01
9.929467445550130833e-01
9.963385281702584750e-01
9.961909929773787864e-01
9.965262290233890541e-01
9.953838164312185377e-01
9.862224527128888862e-01
9.970495686123422852e-01
9.830017010011156131e-01
1.000947410490243605e+00
9.920739021418942816e-01
9.964617647708192694e-01
9.981378161748831745e-01
1.002738573383633369e+00
1.001549335756924286e+00
9.874799712710423671e-01
1.003594195473493267e+00
1.000673382939470946e+00
9.969181121341226248e-01
9.922503624909274622e-01
1.001676910592115055e+00
1.002185263799983517e+00
9.978602014318204150e-01
1.004132599752187938e+00
1.002978216472173223e+00
9.976299862867147317e-01
9.891418803678901916e-01
9.985777260625092744e-01
9.896091618115938626e-01
9.920813519463788088e-01
1.001173420199862329e+00
1.001468816439383236e+00
9.967732929766717209e-01
1.000457460112599506e+00
9.967821681107260634e-01
9.909960788951793775e-01
9.907446814541612801e-01
9.949842546033139667e-01
9.909131530075645511e-01
1.004096235722291341e+00
1.001990487247118811e+00
9.981829132202078014e-01
1.002461985648390286e+00
9.936909977339624112e-01
9.974446147219712122e-01
9.935610185242073067e-01
9.951943515762108339e-01
9.901034593387207927e-01
9.910647713545734927e-01
1.001128006486187161e+00
9.977664589514111393e-01
9.906686937670154958e-01
9.898034030448095155e-01
9.873156626396022428e-01
9.946616300460190407e-01
9.979480726697653736e-01
9.919117839696171002e-01
9.988104345371041637e-01
9.894795024695468566e-01
9.864552632505362295e-01
9.980989246635131318e-01
9.882521341731193010e-01
9.852766206691588868e-01
9.948108034987467319e-01
9.903820202120582339e-01
9.913274404679038865e-01
9.883349966134089559e-01
9.914178232709001115e-01
9.896906242479659443e-01
9.941615888964084879e-01
9.921875376970266114e-01
9.924300455628377593e-01
9.900481681947947976e-01
1.002581239489666487e+00
9.926223483481678711e-01
9.886661842126588384e-01
9.989479978875268618e-01
9.901032993068321630e-01
9.992337793577509286e-01
9.915507712301226961e-01
9.947243530198730532e-01
9.914910838645135671e-01
9.963965326414315760e-01
9.878304749615570701e-01
9.996920325733558155e-01
9.974164963250341520e-01
9.954352608771152022e-01
9.955065499364094128e-01
9.955615365937042771e-01
1.001350597532113307e+00
9.989708540636990097e-01
9.946341664476155975e-01
9.941548362347212286e-01
1.000461800671938351e+00
9.954230032262945116e-01
9.945735175004334350e-01
9.907118595132206051e-01
9.971754873761699001e-01
9.893469606352354173e-01
1.001196284853433038e+00
9.914297725401761685e-01
9.941544064511689260e-01
9.966565736209594961e-01
9.944572383681201666e-01
9.909104545213361925e-01
9.890880595414500709e-01
9.940043614558516927e-01
9.934653305095183518e-01
9.932763847447475536e-01
9.916314179732482748e-01
9.949143139641166700e-01
9.891404852647097679e-01
9.943439138916080333e-01
9.900762493494695837e-01
9.934916748502045092e-01
9.963705834356273439e-01
9.930337560800318597e-01
9.901699539645640868e-01
9.999375442291562610e-01
9.923639523838104770e-01
9.912631475169291217e-01
9.903574207046728084e-01
9.919604844544375188e-01
9.939286792699116857e-01
9.894750758513528588e-01
9.879897217509727714e-01
9.959817251438310981e-01
9.927780567511516052e-01
9.907331715151465046e-01
9.874479170407876039e-01
9.970697129512354762e-01
9.888894760827852126e-01
9.959880123205443470e-01
9.906186880193745825e-01
1.000086634904903127e+00
9.988970106079343436e-01
9.937194059431767590e-01
9.923194552445502303e-01
9.946747361743779603e-01
9.978345082683481859e-01
9.977817945082548823e-01
9.923929136801252771e-01
9.927510673851975831e-01
9.945667951726480105e-01
9.920537391390455983e-01
9.907864422244397895e-01
9.911909850012513568e-01
9.909838827312826837e-01
9.930670861863468701e-01
