0.000000000000000000e+00
0.000000000000000000e+00
0.000000000000000000e+00
0.000000000000000000e+00
0.000000000000000000e+00
0.000000000000000000e+00
0.000000000000000000e+00
0.000000000000000000e+00
0.000000000000000000e+00
0.000000000000000000e+00
0.000000000000000000e+00
0.000000000000000000e+00
0.000000000000000000e+00
0.000000000000000000e+00
0.000000000000000000e+00
0.000000000000000000e+00
0.000000000000000000e+00
0.000000000000000000e+00
0.000000000000000000e+00
0.000000000000000000e+00
2.705763899057065300e-05
3.699783913607256058e-02
1.056766764413561210e+00
3.403155226485051532e+00
3.317149280459205762e+00
1.817542035009185319e+00
8.149049814377077317e-01
3.706399034128310399e-01
1.871612307060820934e-01
2.203470282723093976e-01
8.420141132032245013e-01
1.744436115407419718e+00
1.908559661000842178e+00
1.448064873197032920e+00
9.615807543214492936e-01
6.725394650270156705e-01
5.479721781008405346e-01
5.374881147351570077e-01
5.914743297765845398e-01
6.791281954234390517e-01
7.888711941055519539e-01
9.041550848695478759e-01
1.007591569207927362e+00
1.093308348100209049e+00
1.169482134474800539e+00
1.224221469009159957e+00
1.252466387994133123e+00
1.258753679913383161e+00
1.236967833099842151e+00
1.194578783034715208e+00
1.144880135594623649e+00
1.098634917864006466e+00
1.048104334182640152e+00
1.010525906684151654e+00
9.808480277636751898e-01
9.543689904780865430e-01
9.425148204121454043e-01
9.269209150322399449e-01
9.208326461727455170e-01
9.144531152845396527e-01
9.134449011526819540e-01
9.227619642376867493e-01
9.295320760268294125e-01
9.453298532919481856e-01
9.594599135049453054e-01
9.746204807013563176e-01
9.873362305094806057e-01
1.000121812490470496e+00
1.007566811579497790e+00
1.017160226051242677e+00
1.022965798324447340e+00
1.026406908545208774e+00
1.027320734334898233e+00
1.024950470368595878e+00
1.022686826770397239e+00
1.019574172773519694e+00
1.012695971331767364e+00
1.010795838668017810e+00
1.006022177703599807e+00
1.001487636991004182e+00
9.991305262865149972e-01
9.995746918509671453e-01
9.977020337693992547e-01
9.929925478722425591e-01
9.971895800738861393e-01
9.989065704336946849e-01
9.980771014814130426e-01
9.972754418613251071e-01
1.000544413932257681e+00
1.000877630230401438e+00
9.989606017206948962e-01
9.992514952305781017e-01
9.991408572071270866e-01
9.988453544849290600e-01
9.990848305253284822e-01
9.984081843473499029e-01
9.956945860277943705e-01
9.950351834485970937e-01
9.944175505563104256e-01
9.950825523864182953e-01
9.964397688163711964e-01
9.963483886125349409e-01
9.980118166817425474e-01
9.984038995025582564e-01
9.974828487040166003e-01
9.991229377508372700e-01
9.987660498788515362e-01
1.001711724825979921e+00
1.000749028199376278e+00
1.000947101761258784e+00
1.001040251794055758e+00
1.000988262938557360e+00
1.002570874922326549e+00
1.000877282026162884e+00
1.001691287168457345e+00
1.001519811429013584e+00
1.001189830712514217e+00
9.995677352681791028e-01
1.000514118653123896e+00
1.000237682236059911e+00
9.996767061357384465e-01
9.970625394470047365e-01
1.000830890985558330e+00
1.000394885141122847e+00
1.000443894497524910e+00
9.999267272417435848e-01
1.001611371850892107e+00
9.994578508623542801e-01
1.000248010740493187e+00
9.992670439616874178e-01
9.998921591857291569e-01
9.982656110093578450e-01
9.968869677890861425e-01
9.994654225645874801e-01
9.984101558737771276e-01
1.000784354576317536e+00
9.991713208203493179e-01
9.988839562598488264e-01
9.987526678277883763e-01
9.980806419159867771e-01
1.000488932551254928e+00
9.999054577524959520e-01
9.993069739974813626e-01
1.000424645015586256e+00
1.000741989970151957e+00
1.000563954651843668e+00
1.000317644897417813e+00
1.000873127852181188e+00
1.001824789710681340e+00
1.001161387886797982e+00
1.000839341364484936e+00
1.000845844723881051e+00
1.001735380849543056e+00
9.997785771427997181e-01
1.001062563551263773e+00
9.987747999817241373e-01
9.993305281092348391e-01
9.996880449076839259e-01
1.000274815653935612e+00
1.000164802309460033e+00
9.998964183005790707e-01
9.992623255000018245e-01
1.000076375530604134e+00
9.987617417061809277e-01
9.990601706901651724e-01
9.981976427175651700e-01
1.000409020717503150e+00
1.000067606994679670e+00
1.000394850972793126e+00
1.000573126740669005e+00
9.993267020047734706e-01
1.000873286793045658e+00
1.000183055888268058e+00
1.000868460117893655e+00
9.993868762364063185e-01
1.000482402499378809e+00
1.001355024150582196e+00
9.998901923619386567e-01
1.000019356693532702e+00
1.000070524579809605e+00
9.992849085662708353e-01
1.000248362419881465e+00
9.996620745001663089e-01
9.988565248740375324e-01
1.000124576887556405e+00
1.000452915108016150e+00
1.000372082542475560e+00
1.001159983773321827e+00
1.000105814173577468e+00
9.994915627263446511e-01
1.001716729870456124e+00
9.986959571182321138e-01
1.000294236750792987e+00
9.999423871639496753e-01
9.997426914190793434e-01
1.000245217647310891e+00
1.000436862811845407e+00
1.000110330785412227e+00
1.000071810245479087e+00
1.000437585995342049e+00
1.000350249013654880e+00
1.000503597582531157e+00
1.001041965391729516e+00
1.000051892333507997e+00
1.000133048136525815e+00
9.989393481834659694e-01
1.000297712487141943e+00
1.000520887257716263e+00
1.000221808501493559e+00
9.995407852239617252e-01
9.999568834003682571e-01
9.998981304371824530e-01
1.000019846840000559e+00
9.997154129596772520e-01
1.001014011161552864e+00
1.000289737991383321e+00
1.000392631608784777e+00
9.997337038599206638e-01
1.000985213496124571e+00
9.996702817289204734e-01
9.990982111623866180e-01
1.001163155407214234e+00
9.999675207015613632e-01
9.992886588753882027e-01
1.000323811421282238e+00
1.000636619695265184e+00
1.000222999521652723e+00
1.000801983173119414e+00
1.000170871473851975e+00
1.000154268008431435e+00
9.994290014139219913e-01
9.999819298695604708e-01
1.000608103968051665e+00
9.997934608159497749e-01
1.000526900298174038e+00
9.994966522995126779e-01
1.000715246436123085e+00
9.999087991558206490e-01
1.000159356161964830e+00
1.000506891057017622e+00
1.000516374325134850e+00
1.000515767081346263e+00
1.000155841163052228e+00
1.000200420685843472e+00
1.000281774720704897e+00
9.996083339007633128e-01
1.000248934138193713e+00
1.000287895826486695e+00
9.999398520365286869e-01
1.000239225059417425e+00
1.000103035031008281e+00
9.996261334513112384e-01
9.994689702566268430e-01
1.000033925695276160e+00
1.000222193919949820e+00
1.000588909709811514e+00
1.000344734518101131e+00
9.997321423092884185e-01
9.997664286053020710e-01
1.000038188938703776e+00
9.997214033840208236e-01
1.000384102532466013e+00
9.998627300963773834e-01
1.000170087508962524e+00
9.997152723467427338e-01
1.000232317054044140e+00
1.000663821532331577e+00
1.000477616094299194e+00
1.001387297874225979e+00
1.000360893632471715e+00
9.999876848474403834e-01
9.999410592827622235e-01
1.000547915180343361e+00
1.000484089587546643e+00
9.997609974700453206e-01
1.000104646418321641e+00
9.996305238848113284e-01
1.000350391584331033e+00
9.997295652212601080e-01
1.000817919410876833e+00
