0.000000000000000000e+00
0.000000000000000000e+00
0.000000000000000000e+00
0.000000000000000000e+00
0.000000000000000000e+00
0.000000000000000000e+00
0.000000000000000000e+00
0.000000000000000000e+00
0.000000000000000000e+00
0.000000000000000000e+00
0.000000000000000000e+00
0.000000000000000000e+00
0.000000000000000000e+00
0.000000000000000000e+00
0.000000000000000000e+00
0.000000000000000000e+00
0.000000000000000000e+00
0.000000000000000000e+00
0.000000000000000000e+00
0.000000000000000000e+00
2.705411927749461836e-05
3.743576206948603935e-02
1.057572576676538256e+00
3.428468826014904991e+00
3.349222920147504556e+00
1.827569904993718408e+00
8.179077225043303034e-01
3.694790727654534424e-01
1.837491580268749425e-01
2.189595043296404253e-01
8.483584873526096581e-01
1.754110294400086367e+00
1.918323123208460768e+00
1.451574772722064699e+00
9.642739273073083206e-01
6.672548411871216389e-01
5.465950092437518171e-01
5.318468761573670323e-01
5.853829187917914956e-01
6.728741839987175677e-01
7.820509025160579109e-01
8.979895580267246435e-01
1.006906496771944104e+00
1.102666956462436287e+00
1.169508018397305005e+00
1.227473194943603740e+00
1.258204081871592717e+00
1.263004911933157892e+00
1.238682611611467754e+00
1.197922627202258727e+00
1.148030812635727482e+00
1.100674317539036107e+00
1.053071460259786152e+00
1.015098362401963383e+00
9.826691138933990599e-01
9.543962049916008272e-01
9.394035255355631664e-01
9.272027471251685915e-01
9.192342139146205682e-01
9.139037458769728728e-01
9.159077893345494159e-01
9.222661115862895720e-01
9.300283149402073235e-01
9.435740212709161634e-01
9.583948242421795882e-01
9.740987679460474391e-01
9.893343735500179648e-01
9.985691021669714784e-01
1.010414194851345648e+00
1.016161552651082545e+00
1.024038465127924846e+00
1.029687807561961543e+00
1.026393116823578033e+00
1.028843949805867464e+00
1.024219500961396134e+00
1.020395119521713134e+00
1.017680455715376686e+00
1.011353510884287710e+00
1.007122170072140888e+00
1.003151196072315399e+00
1.000288587247768257e+00
9.984842269234646128e-01
9.974436021414139208e-01
9.990594768814357041e-01
9.976061279706378571e-01
9.967979433350521168e-01
9.990704114414263870e-01
1.000319743456517196e+00
1.001574327469926917e+00
1.001339421739924740e+00
1.001783856820007035e+00
9.984994306068365466e-01
9.996302216765091675e-01
9.987999725613805335e-01
9.982723334277188165e-01
9.968531522320650540e-01
9.976837578503661152e-01
9.972072911262981343e-01
1.000236415573021231e+00
9.953482362380207116e-01
9.957640988190076259e-01
9.970234540812901169e-01
9.998584022937123672e-01
9.985043828611346317e-01
9.995930101736874018e-01
9.993444310878129011e-01
9.997630432878067408e-01
1.001311796618398198e+00
1.002885019778538833e+00
1.000865265406394311e+00
1.002605971205371205e+00
1.002018795697480869e+00
1.003975100854656022e+00
1.001022500672602344e+00
1.003279281094632269e+00
1.003069678272782150e+00
1.001395576722480030e+00
1.001340368003188486e+00
1.001320930294587574e+00
9.996265905906905891e-01
9.998074585121774494e-01
1.000052643061390745e+00
9.991964746352518523e-01
1.001354035815776866e+00
1.000580801630447603e+00
9.986883839978973887e-01
1.000498988669411338e+00
1.000068638695629675e+00
1.000693634653867070e+00
9.997636098185264109e-01
9.984873852187922116e-01
1.000158587271496424e+00
9.991655475162836142e-01
9.984370191958745755e-01
9.995400132709061358e-01
9.995678042616561454e-01
9.980660498527369473e-01
1.000154260737178946e+00
1.000391734939133803e+00
9.993012545475423725e-01
9.997274178295686431e-01
9.993187536367033053e-01
1.001474142798448819e+00
1.000577802813190864e+00
1.001226137414849227e+00
9.995319161787932227e-01
1.000873143259181308e+00
1.001885002873192709e+00
1.001077212139027672e+00
1.001003171013428839e+00
1.001016408740520891e+00
1.001117463112723094e+00
1.001189933922539632e+00
9.998743919419936788e-01
1.000308263600533820e+00
9.992854111177935650e-01
1.000795862023724281e+00
1.000545442621720404e+00
9.996838951352274849e-01
1.000231824422553650e+00
9.985974056506166097e-01
9.995391220738951699e-01
9.994712824173527244e-01
9.997284839519199329e-01
9.996236016329530516e-01
1.000367027500166373e+00
1.000238685697754093e+00
1.000638716984870946e+00
1.000646815348995133e+00
9.993252032011620267e-01
9.999681155286475054e-01
1.000675817185428862e+00
1.000399953377212547e+00
1.000547491422732360e+00
1.000896703155865763e+00
1.000272139432619722e+00
1.000104467893445648e+00
9.993020976923200349e-01
1.000004908555663263e+00
1.000105607879582692e+00
9.996826637772847635e-01
9.998621084336606346e-01
9.990987630078631554e-01
1.000410115072076556e+00
1.000610497971769153e+00
1.000154231994922371e+00
1.000217104627491471e+00
1.000838908081008505e+00
1.000012842936997659e+00
1.000404976566919180e+00
1.000075114573751645e+00
9.991108739973569852e-01
1.000765595969068444e+00
1.000048298125671531e+00
1.000695699874850186e+00
1.000340334948605081e+00
1.000009857077340802e+00
1.000527447349346177e+00
9.998505193743716379e-01
1.000433449511531681e+00
1.001155029762281545e+00
1.000319115239063139e+00
1.001260057795983149e+00
9.997413925828377845e-01
9.998245698408902982e-01
1.000486474635223555e+00
1.000308930754056469e+00
9.992764436499045333e-01
1.000447454384062906e+00
1.000001239494065164e+00
1.000856441588475976e+00
1.000110238582416988e+00
1.000122705549112423e+00
9.990537322410166787e-01
9.995442095466766652e-01
9.999198925541427085e-01
9.993592573787616340e-01
1.000609428637111442e+00
9.998700874877937128e-01
9.995069630910206060e-01
1.000525477602468127e+00
9.998849075858595725e-01
1.000319818960766938e+00
9.998168112666180329e-01
1.000240392337126583e+00
9.997485668940394588e-01
1.001223583377486959e+00
1.000252356981104818e+00
1.000612269470881666e+00
9.993118978153910925e-01
1.000646129606444612e+00
9.999789518814052869e-01
1.000628777010282855e+00
1.000436784900834875e+00
1.000737341739113440e+00
9.998251116754366397e-01
1.000269936817447691e+00
9.998563465510549308e-01
9.996811978055103465e-01
9.997367885801703435e-01
1.000245258709378859e+00
1.000868390951489051e+00
9.999783616626594096e-01
1.000026584172328148e+00
9.998480560057242394e-01
9.996433969549303189e-01
1.000963433411656833e+00
1.000414519212894371e+00
9.995738805026633811e-01
1.000203921622984771e+00
9.997596411510690784e-01
9.999887077918505618e-01
9.999436066472915385e-01
9.997221031426085647e-01
9.997130266487425088e-01
9.997649176988285813e-01
9.999572443124968846e-01
1.000118491231062112e+00
9.997805184311021609e-01
9.996841805784324464e-01
1.000067943089004929e+00
1.000935786496518487e+00
1.000512937073329001e+00
9.995805755648556890e-01
9.990719081620020869e-01
1.000719751190413787e+00
1.000702894796399622e+00
9.997370593579980591e-01
1.000409032322211456e+00
9.995495275601541385e-01
1.000210551270588555e+00
1.000183860295347227e+00
9.999554267816171960e-01
9.996926402727263072e-01
9.996615829381202412e-01
9.999222619221316277e-01
1.000261607744964865e+00
1.000383294832839498e+00
9.994185962916627419e-01
1.000372287123288961e+00
