0.000000000000000000e+00
0.000000000000000000e+00
0.000000000000000000e+00
0.000000000000000000e+00
0.000000000000000000e+00
0.000000000000000000e+00
0.000000000000000000e+00
0.000000000000000000e+00
0.000000000000000000e+00
0.000000000000000000e+00
0.000000000000000000e+00
0.000000000000000000e+00
0.000000000000000000e+00
0.000000000000000000e+00
0.000000000000000000e+00
0.000000000000000000e+00
0.000000000000000000e+00
0.000000000000000000e+00
0.000000000000000000e+00
0.000000000000000000e+00
2.705685779870848514e-05
3.768554062880345723e-02
1.057028250834167515e+00
3.436969763877006923e+00
3.331526960600041054e+00
1.820882193218332112e+00
8.232856324910471368e-01
3.669150913139985204e-01
1.858678007612066252e-01
2.218172704667971395e-01
8.434322990753844174e-01
1.754242009078827103e+00
1.916643950910023042e+00
1.459625652070414059e+00
9.639989139014683017e-01
6.651927845771968828e-01
5.432615153149147336e-01
5.313265407076129820e-01
5.832478969981341743e-01
6.764627672228683553e-01
7.873438953494202863e-01
8.976578516120224949e-01
1.008053576327663459e+00
1.094641049868223970e+00
1.175564581476936210e+00
1.223834554767535332e+00
1.259798856404934053e+00
1.257351380323478152e+00
1.237343072256565479e+00
1.202095799946894195e+00
1.147701082940763007e+00
1.096043331637774676e+00
1.053524648336537695e+00
1.013997205670613466e+00
9.793149794042421696e-01
9.530639698518821312e-01
9.363101186860410818e-01
9.287722469801631409e-01
9.135682574318878535e-01
9.128911956680278994e-01
9.156245459654046570e-01
9.192233250222977547e-01
9.290947317233353431e-01
9.439938824662666983e-01
9.620647184345146874e-01
9.729143733070677591e-01
9.874954585779884830e-01
1.001156260804376252e+00
1.008991953343948866e+00
1.018670685884327520e+00
1.024318310240357688e+00
1.026428440554144172e+00
1.028489739791710544e+00
1.026392401394836451e+00
1.022884744696311854e+00
1.017944642940730171e+00
1.012583171043571983e+00
1.006729746568504114e+00
1.006209061880869671e+00
1.003605424100503241e+00
9.989753209444856008e-01
9.977326294981027077e-01
9.968745246916519420e-01
9.949783450913066707e-01
9.953211420026434331e-01
1.000086532214232493e+00
1.000987901643434652e+00
9.999025867567636894e-01
1.000334021210924185e+00
9.994616098771783586e-01
9.993691617304769625e-01
9.994277624295492268e-01
9.988408580824934546e-01
9.990038459869111653e-01
9.968464397886611650e-01
9.984005576157730655e-01
9.979545041248770731e-01
9.964791618980292087e-01
9.958118691214392637e-01
9.967677415824910403e-01
9.962094475560510087e-01
9.984049178798835023e-01
1.000074354692995993e+00
9.968844978553113023e-01
9.984871609380036039e-01
9.990286969083196356e-01
1.001377309648640024e+00
9.999832167428713836e-01
1.000771336891205232e+00
1.000880262792129161e+00
1.002567746415958361e+00
1.001521040364941939e+00
1.002298410453422717e+00
1.001247424070115244e+00
9.999464994565540055e-01
1.000128569401071088e+00
9.991196854910742164e-01
1.003165825960507185e+00
9.985657671399249535e-01
9.997437046680690553e-01
1.001240953299960212e+00
9.988827124720528472e-01
1.000000923530142360e+00
1.000117700960473810e+00
9.998859984123827926e-01
1.000661089710003671e+00
9.998590002281565470e-01
1.000158675891390736e+00
9.998045036013775144e-01
9.987919671927378840e-01
1.000125737285026073e+00
1.000939872891751570e+00
1.000495553363186074e+00
9.990383758034426798e-01
1.000176819691353192e+00
9.982412034588526994e-01
9.987164245259060324e-01
9.992286728808768004e-01
9.983491297306283929e-01
9.993731869141651014e-01
1.000155276920569269e+00
9.999072616610108488e-01
1.000043733661130751e+00
9.994485873845945223e-01
9.994799633947810680e-01
1.000524859995709503e+00
1.001321010326883476e+00
1.001036076716887990e+00
1.000512746384332852e+00
1.001043943586503504e+00
1.000762243426386311e+00
1.000064778710710423e+00
9.997371607265215232e-01
1.001021072496712794e+00
9.989820896189745003e-01
1.000260448269951086e+00
9.988085413591083483e-01
1.000280406066267558e+00
9.992011029827708724e-01
9.990804598305336182e-01
9.996874224536631548e-01
9.991671975610310064e-01
9.986046960699016539e-01
9.991957805186520991e-01
9.991288312349756451e-01
9.994460271638428983e-01
9.988761858745921485e-01
1.000387748112241404e+00
1.000107204909018277e+00
1.000758789434992968e+00
1.000501634348047286e+00
1.000672708214549678e+00
9.999363246568777619e-01
1.000693351990474378e+00
9.996459834373613296e-01
1.000093133098542975e+00
9.994554757235839526e-01
1.000587238511772226e+00
9.997163558298794994e-01
1.000415802246447772e+00
1.000508180961877658e+00
9.990187509489871776e-01
1.000225652139262067e+00
1.000230708458221374e+00
1.000093029087316232e+00
9.998264717085454389e-01
9.989218468524762029e-01
1.000080367016361604e+00
1.000694358295589614e+00
9.996951657834552973e-01
9.998839564233652499e-01
1.000714239028458907e+00
9.995929205975004894e-01
1.000581147629695522e+00
1.000144328327473575e+00
1.000398149238292067e+00
1.000240679749098360e+00
1.000662546148884502e+00
9.995037662744580276e-01
9.994805897194284361e-01
1.000677828553478088e+00
9.987464664316189067e-01
1.000401240964017724e+00
1.000600008448982559e+00
9.996163006211080670e-01
9.999432974690480869e-01
1.000084273027917359e+00
1.000369439868147081e+00
1.000896406305380459e+00
1.000365730190964308e+00
9.998995234635367213e-01
9.997884125883359507e-01
9.993369045069527834e-01
9.997192345858653129e-01
1.000657595114847531e+00
1.000403875572779322e+00
1.000592069024954345e+00
1.000961221002074852e+00
1.000310753314360035e+00
1.000255382204887855e+00
9.999530868762601665e-01
9.995053559691168266e-01
9.991545949003195481e-01
1.000652723877544670e+00
9.995153055364169870e-01
1.000315860965363735e+00
9.998234662732051747e-01
1.000369427570348080e+00
1.000189915579631217e+00
9.999509238744374029e-01
9.989900140300382869e-01
1.000008446145088659e+00
1.000126245850813111e+00
1.000984438895117234e+00
9.992476021234546479e-01
1.000629070970122658e+00
1.001161340697624746e+00
1.000379959171784350e+00
1.000104088441732264e+00
1.000093160723181329e+00
1.000561615928508008e+00
1.000433060583204803e+00
1.000670407528188699e+00
1.000024232945203373e+00
9.991761094615188021e-01
1.000059899251186213e+00
1.000245510702957974e+00
1.000239521733677472e+00
9.998693600576419316e-01
9.997769913729303015e-01
9.997270851789583634e-01
1.000088851653323729e+00
1.000281357561016993e+00
1.000375464363495670e+00
9.995262569466508706e-01
9.993919009055854952e-01
1.000089060119582429e+00
1.000615081925970928e+00
1.000162713760181843e+00
9.996755959506198330e-01
1.000331403555990928e+00
1.000216182031911538e+00
9.993265030252076464e-01
1.000526792434615064e+00
1.000195716252101574e+00
1.000443028613867691e+00
1.000234442564327919e+00
9.998764012721881311e-01
9.994135873688491101e-01
1.000434575697825679e+00
1.000677679724271574e+00
1.000351292104929346e+00
9.998408474564250970e-01
9.996738739187752687e-01
1.000200480022080507e+00
9.999656396641711797e-01
1.000287586474687629e+00
9.999177315087453000e-01
9.995508466369760203e-01
9.999855584100273420e-01
