0.000000000000000000e+00
0.000000000000000000e+00
0.000000000000000000e+00
0.000000000000000000e+00
0.000000000000000000e+00
0.000000000000000000e+00
0.000000000000000000e+00
0.000000000000000000e+00
0.000000000000000000e+00
0.000000000000000000e+00
0.000000000000000000e+00
0.000000000000000000e+00
0.000000000000000000e+00
0.000000000000000000e+00
0.000000000000000000e+00
0.000000000000000000e+00
0.000000000000000000e+00
0.000000000000000000e+00
0.000000000000000000e+00
0.000000000000000000e+00
0.000000000000000000e+00
0.000000000000000000e+00
0.000000000000000000e+00
0.000000000000000000e+00
0.000000000000000000e+00
3.805752040482922316e-02
8.923373930755267303e-01
3.146317512668197924e+00
3.639526635676589628e+00
2.355993142430290010e+00
1.158962315752881000e+00
5.445518163149843938e-01
3.041474453390470845e-01
2.417401876022416962e-01
2.352551761711706158e-01
2.583394883245774820e-01
2.837838262592962124e-01
3.198486354382997221e-01
3.377287229203003727e-01
3.484230527592382387e-01
3.705810989815102596e-01
4.215225965822663179e-01
5.342654688014590869e-01
6.889838837266980542e-01
8.514202357698268386e-01
1.035386849423742595e+00
1.188259154710205712e+00
1.297060928660431767e+00
1.384290810645518954e+00
1.461080263414253455e+00
1.526607525259376263e+00
1.557040577363542733e+00
1.531521842683273071e+00
1.441879926286573133e+00
1.320058756183649207e+00
1.182435011692592353e+00
1.067177166709437186e+00
9.895259353237397804e-01
9.202617198216930250e-01
8.823833712276332175e-01
8.589146695031096845e-01
8.576818831431494150e-01
8.799677691432008508e-01
8.858354292299768229e-01
9.093485642928641477e-01
9.313719399912357977e-01
9.544554795845092698e-01
9.734192247586046509e-01
9.902823360128651942e-01
1.008783728567670179e+00
1.020867618983074321e+00
1.031692866967774735e+00
1.040300239403221472e+00
1.045384875172109762e+00
1.057152949938260811e+00
1.043280416243818065e+00
1.039252965110144533e+00
1.035893464175909884e+00
1.022884340639917955e+00
1.011040396673942077e+00
9.974358401899283688e-01
9.849755057381314183e-01
9.751716930541470818e-01
9.776875797910989929e-01
9.714446753965407799e-01
9.729442861670899445e-01
9.711423795960018035e-01
9.730342495198414099e-01
9.855180083192585094e-01
9.957710555910457284e-01
9.980929574598380594e-01
1.007304828546775832e+00
1.009450065134900765e+00
1.007022295563560155e+00
1.015183970024011950e+00
1.020144384693193240e+00
1.012425285404912723e+00
1.010348915992522523e+00
1.013486456381139655e+00
1.007345079441348101e+00
1.003725835324241977e+00
1.008508012581841973e+00
1.007820785868903002e+00
1.000057943688615447e+00
9.952503868925970387e-01
1.001791392329761221e+00
9.949675440646501556e-01
9.949096324441467631e-01
9.943767499593085812e-01
9.942657671002732567e-01
9.948876422251512475e-01
9.940928727099731521e-01
1.001358450545823731e+00
9.997489202706274503e-01
1.002473098713623889e+00
1.000091432214047726e+00
1.006663563808924078e+00
1.006163043569017645e+00
1.003652354576269889e+00
1.004699752530977097e+00
1.009102352317563511e+00
1.004378915322049926e+00
9.998228271365414699e-01
1.003890697941431487e+00
1.003984011958613642e+00
1.000332142153528725e+00
9.987329937697588811e-01
9.980582245877681613e-01
1.001203485691158246e+00
1.001478408670586129e+00
9.949333877355234224e-01
9.917974860230428513e-01
9.959930300059648411e-01
9.990278200927342755e-01
9.974651687151926405e-01
9.961364242198438301e-01
9.951361428008891341e-01
1.000350084576632437e+00
1.000803255480491094e+00
9.962241414263151018e-01
9.988725074079985999e-01
9.988672441755955811e-01
9.983026911920552804e-01
9.999624068617785078e-01
1.001406157682373177e+00
9.988046757171379353e-01
9.981890286678389845e-01
9.940358144034573407e-01
1.004034671840037474e+00
9.989896710853720663e-01
9.968627027421629316e-01
9.961797984708059550e-01
9.964777285970678466e-01
9.965805115586796603e-01
9.956988434827320766e-01
9.991545362077108861e-01
9.988342199592356030e-01
9.960067053857307728e-01
9.944168244178881455e-01
9.986126279614631063e-01
9.968942791531583136e-01
9.937291993597183737e-01
9.979115836577905352e-01
9.919660751438240665e-01
9.948718530458942055e-01
9.958441266210281695e-01
9.948271969500142031e-01
9.945879101192423022e-01
9.924413049627265337e-01
9.977681832552987018e-01
9.913837508221718942e-01
9.925924540268726837e-01
9.971796822566920682e-01
9.935373790545224404e-01
9.933065767911273269e-01
9.946011842302737715e-01
9.918182877143372211e-01
9.913547276948266873e-01
9.952143802996926691e-01
9.943575259874163352e-01
9.927237567147657593e-01
9.934823239211262313e-01
9.944069779814829202e-01
9.942667695271963924e-01
9.927684622446014684e-01
9.947978531008375702e-01
9.960406060417518193e-01
9.978152059726070888e-01
9.953388372836182718e-01
9.959473190993418656e-01
9.937790376248692992e-01
9.936774481390863167e-01
9.958323768413046562e-01
9.935479419211911134e-01
9.935889260274953783e-01
9.935394198716561709e-01
9.915859661481974952e-01
9.942204236120750771e-01
9.901860987246203782e-01
9.958424708671020920e-01
9.954577995716480388e-01
9.977416091184482250e-01
9.954599364935287076e-01
9.946131108533241560e-01
9.940307840949340612e-01
9.954788581201053921e-01
9.957456881595913023e-01
9.973568035291390244e-01
9.961364394722547200e-01
9.971452484767062696e-01
9.957582833962087543e-01
9.964605930777838960e-01
9.972409080266795289e-01
9.974951381196013322e-01
9.996536492758090198e-01
9.959186137670482664e-01
9.967407302642700140e-01
9.975061256100404838e-01
9.979238257594575945e-01
9.985603989085042320e-01
9.957043668672994619e-01
9.975006010503318921e-01
9.969977756999853780e-01
9.980137616178063054e-01
9.952112963814869762e-01
9.970603998946945268e-01
9.974137421785683744e-01
9.985822654004297139e-01
9.980018451659317114e-01
9.975002473025327276e-01
9.968864582673006014e-01
9.999817920127830329e-01
9.978695414317387824e-01
1.001026478643469053e+00
9.972870477056533511e-01
9.971267268379001569e-01
1.000049024441603596e+00
9.997180955619092702e-01
9.979383075998065067e-01
1.000011496157658497e+00
9.988921418229771421e-01
1.002132955981897888e+00
9.973818729302136310e-01
9.998932986587928395e-01
9.992585085194142236e-01
9.973431213135771634e-01
9.979298560187940259e-01
9.988040573769618735e-01
9.963993040909101540e-01
9.976075544418707697e-01
9.988729706946587461e-01
9.977098983015398881e-01
9.965591210773874220e-01
9.975619835023551429e-01
9.990577568386768137e-01
9.971555486279287672e-01
9.995188204474322324e-01
9.992895374192851676e-01
9.972754559807739394e-01
9.997810792678757386e-01
9.967386600453144174e-01
9.971080324064837130e-01
9.977458115542010564e-01
9.979476856085579550e-01
9.966276663895661247e-01
9.946781507202583361e-01
9.851802908060316444e-01
9.759145617555697871e-01
9.641590055874685872e-01
9.546457237996007761e-01
9.406364414870439505e-01
9.313605513877752928e-01
9.202161411879302699e-01
9.088512527299771326e-01
8.996965032892284553e-01
8.886692563251734622e-01
8.788810887917799519e-01
8.673404746934857412e-01
8.580022842771015679e-01
8.467086413442579396e-01
