0.000000000000000000e+00
0.000000000000000000e+00
0.000000000000000000e+00
0.000000000000000000e+00
0.000000000000000000e+00
0.000000000000000000e+00
0.000000000000000000e+00
0.000000000000000000e+00
0.000000000000000000e+00
0.000000000000000000e+00
0.000000000000000000e+00
0.000000000000000000e+00
0.000000000000000000e+00
0.000000000000000000e+00
0.000000000000000000e+00
0.000000000000000000e+00
0.000000000000000000e+00
0.000000000000000000e+00
0.000000000000000000e+00
0.000000000000000000e+00
0.000000000000000000e+00
0.000000000000000000e+00
0.000000000000000000e+00
0.000000000000000000e+00
0.000000000000000000e+00
3.617357426568407891e-02
8.515253360104648728e-01
3.049418779667279367e+00
3.575765520245760332e+00
2.293320462708387630e+00
1.112504873773234371e+00
5.370357937880059218e-01
3.041529405792285923e-01
2.283961579437190637e-01
2.362931286796469410e-01
2.524683368564709651e-01
2.808219656133641995e-01
3.044994864145615932e-01
3.235997396697814499e-01
3.316891841158489673e-01
3.421966265571087518e-01
4.105781952435965665e-01
5.052185030690574674e-01
6.569484170701743730e-01
8.208029528061072666e-01
9.940434995939696483e-01
1.156119363834189562e+00
1.276019867609767822e+00
1.364827186836448547e+00
1.432566863523108802e+00
1.507116522951508220e+00
1.541949797245687037e+00
1.517399419440782049e+00
1.435526003520760652e+00
1.320896602190327673e+00
1.181411597205059616e+00
1.066767742977510425e+00
9.691854881688907186e-01
9.122596083825973423e-01
8.744647511591444600e-01
8.623668580421542940e-01
8.629481989366002415e-01
8.622120827990270575e-01
8.897303264282088175e-01
9.015753668342073590e-01
9.238644291430183619e-01
9.498497000457979400e-01
9.613455776284578480e-01
9.839192996842173189e-01
9.914133580139502522e-01
1.012102736673287762e+00
1.028165590215939895e+00
1.035950148549646510e+00
1.030664503061755610e+00
1.039487668837442591e+00
1.034395801337052001e+00
1.034772703368054048e+00
1.034112013081049941e+00
1.019060623954000766e+00
9.998346342232454775e-01
9.897867905781060349e-01
9.836476488623506764e-01
9.756071867403478537e-01
9.660343222924374640e-01
9.697480312868376195e-01
9.613700309682815526e-01
9.718787924507302778e-01
9.739309812617149564e-01
9.735811738949782246e-01
9.800540199005711717e-01
9.922927124523879261e-01
9.903716492970766616e-01
1.004058349601900435e+00
1.001096928413149234e+00
1.006300184341698989e+00
1.008509809865136386e+00
1.002959359562238806e+00
1.005793606796102191e+00
1.005597015924129645e+00
9.991078099623317277e-01
9.987558292984531905e-01
1.001754704635643201e+00
9.921745253386375918e-01
9.909125165708412286e-01
9.898885757890919512e-01
9.846085698079541926e-01
9.878864563050079317e-01
9.863244204563725859e-01
9.850206334873196079e-01
9.912265895683110006e-01
9.860721689541787072e-01
9.920492903632093240e-01
9.939975464597576860e-01
9.921053899134586462e-01
9.902600858426882091e-01
9.969020829096583158e-01
9.992684761286043660e-01
1.000334680024534073e+00
9.963962960352265030e-01
9.992530353146878985e-01
9.972851795183317325e-01
9.995646080279785295e-01
1.000242450809902151e+00
1.004150537902089857e+00
9.954011808138774065e-01
9.986362271255014855e-01
9.953378846691988135e-01
9.963956030166238875e-01
9.927787525286669856e-01
9.948164299544860478e-01
9.933127942736154070e-01
9.997644004384727001e-01
9.958753024585700331e-01
9.931801189628263193e-01
9.955654600725255543e-01
9.915452459918820960e-01
9.960007155477785812e-01
9.977761409562602157e-01
9.979202907591863125e-01
9.995203260783049881e-01
9.945681659289499210e-01
9.944278103036018335e-01
9.993633908892565199e-01
9.963526265380169278e-01
9.994579243433293625e-01
9.989298036715079654e-01
9.970774583148751535e-01
9.968309932665221362e-01
1.001073823078516112e+00
1.002477816402585820e+00
1.000301604201738748e+00
9.982470342626323934e-01
9.974825814328214246e-01
1.000949827094862687e+00
1.001433809550974718e+00
1.000877316902851311e+00
1.002062302496698587e+00
9.960364186247725460e-01
9.992894538131592563e-01
9.999272228242556126e-01
9.970471684158487280e-01
9.987396120195369820e-01
9.986074977267428432e-01
9.958737907223093044e-01
9.986900721126107383e-01
9.988120904382726817e-01
1.002550725479893101e+00
9.971185077821503873e-01
1.000339788046181289e+00
1.000431130303271354e+00
9.961258606944162208e-01
9.998794142867239998e-01
1.000639216560954114e+00
9.976898271546487118e-01
9.980086590795143042e-01
9.991157222207992517e-01
9.958461224541321766e-01
9.979581437046431969e-01
9.981718672452772889e-01
1.000348233338422155e+00
1.000437900813394121e+00
9.998452624622855556e-01
9.976411705048936485e-01
9.977941545121551403e-01
9.964450920214706908e-01
9.986194324528658850e-01
9.971746501400640117e-01
9.987525061080217981e-01
1.001811066512299675e+00
9.987571840936517731e-01
9.989745132923761872e-01
9.988646158190902513e-01
9.978665683709552203e-01
9.993337014526344486e-01
9.994439168130506701e-01
9.989444988235637313e-01
9.999436951310058941e-01
9.971152701728337453e-01
9.989516505753941455e-01
1.000456325934177437e+00
1.001734450469125237e+00
1.000501750888427743e+00
9.994547339522561469e-01
1.000419977952552664e+00
9.999442807178847703e-01
9.991968538003137557e-01
9.996800456930701184e-01
9.975997647389199807e-01
1.001965255233353780e+00
9.980255491653355904e-01
9.985528002928355518e-01
1.000460085454617509e+00
1.000774499268185291e+00
1.001013680632956149e+00
1.000936403959794996e+00
9.987620898875081421e-01
1.001984786387871473e+00
1.001698844292072454e+00
1.003650139092734150e+00
1.001955994623086710e+00
9.991870626707564096e-01
1.000337693561095920e+00
9.998714221124243018e-01
9.994124151552603585e-01
1.000928701058829251e+00
9.993660943791810025e-01
1.000348948471907473e+00
1.000538192936321291e+00
1.000997602279652288e+00
9.989907896157919076e-01
1.000348174731024997e+00
9.983143801032424713e-01
1.000292602909717443e+00
1.000962373834886066e+00
1.001619482163477626e+00
1.001869651686961848e+00
9.987147347138844999e-01
9.999845190133168638e-01
9.972846096732151944e-01
9.989470315432280589e-01
1.000871119867587922e+00
9.988680909264663343e-01
9.987441310835968311e-01
9.981874803294380483e-01
9.987389285686508744e-01
9.994634484306508249e-01
9.978526589755342124e-01
9.982369632546129745e-01
9.964180543989072936e-01
9.961285046430733425e-01
9.988251274269753788e-01
9.982518434149479924e-01
9.976624195176770904e-01
9.955198903437513236e-01
9.970031246293126204e-01
9.969185305561536481e-01
9.953819829524943597e-01
9.986528401767189589e-01
9.975354875548748668e-01
9.972485529176888797e-01
9.973388556511332270e-01
9.977425245790788599e-01
9.975353189750945093e-01
9.989664389684477230e-01
9.995233501966540590e-01
9.972673056001174485e-01
9.867595525871680762e-01
9.756160798457935712e-01
9.641109863328921614e-01
9.527972614894227865e-01
9.424054651904444357e-01
9.312035667252476223e-01
9.202710367333352126e-01
9.096111444217007680e-01
8.988358444608018916e-01
8.874208950217267189e-01
8.783659378628342340e-01
8.662134384884265792e-01
8.570062264787454698e-01
8.458242930637089874e-01
