0.000000000000000000e+00
0.000000000000000000e+00
0.000000000000000000e+00
0.000000000000000000e+00
0.000000000000000000e+00
0.000000000000000000e+00
0.000000000000000000e+00
0.000000000000000000e+00
0.000000000000000000e+00
0.000000000000000000e+00
0.000000000000000000e+00
0.000000000000000000e+00
0.000000000000000000e+00
0.000000000000000000e+00
0.000000000000000000e+00
0.000000000000000000e+00
0.000000000000000000e+00
0.000000000000000000e+00
0.000000000000000000e+00
0.000000000000000000e+00
0.000000000000000000e+00
0.000000000000000000e+00
0.000000000000000000e+00
0.000000000000000000e+00
0.000000000000000000e+00
4.470266537165149684e-02
9.058341474113866809e-01
3.250582444804176241e+00
3.821445467458441936e+00
2.429889507159286755e+00
1.206296795102856256e+00
5.707099273493111413e-01
3.115219332009734332e-01
2.439043707195035771e-01
2.398978929145543781e-01
2.596104306512184712e-01
3.013282128903130297e-01
3.333516230757498366e-01
3.516888487435100297e-01
3.574266277769053146e-01
3.863612871224118006e-01
4.456658483454026820e-01
5.467879382405186339e-01
6.843912858489085149e-01
8.718586408292724466e-01
1.037656949404523798e+00
1.180865834793569880e+00
1.313341762884587371e+00
1.388070517408129811e+00
1.460157271974013016e+00
1.533260268527707915e+00
1.554307777815604918e+00
1.531998573365863647e+00
1.444327317882676986e+00
1.339697048391731871e+00
1.198329786252165130e+00
1.093448820595447124e+00
9.825161463303575538e-01
9.152047271503596093e-01
8.900484562589601190e-01
8.757840761506960892e-01
8.717343085433046923e-01
8.765446228150554075e-01
8.892508851034730544e-01
9.228634369723044406e-01
9.351809922803057118e-01
9.471185145214237044e-01
9.789912679715989663e-01
9.950274661231567341e-01
1.009583158930133173e+00
1.018147662506184936e+00
1.039039592103508713e+00
1.037733815096914869e+00
1.046335248691345310e+00
1.050841820059241316e+00
1.041367744447400101e+00
1.039175852333296790e+00
1.026801045067910589e+00
1.021802681271182012e+00
1.008981077928355896e+00
9.931299607220418491e-01
9.849290920250696191e-01
9.772664170228507752e-01
9.753690773138019576e-01
9.710903135358348592e-01
9.662685541327650229e-01
9.735503307964167297e-01
9.828298715193249935e-01
9.850825154897898672e-01
9.934234990867126802e-01
9.938351106812082225e-01
1.007405554658966196e+00
1.003582718522058492e+00
1.008526469186812102e+00
1.014428878165348102e+00
1.015886303343826347e+00
1.006657933617512546e+00
1.011728837596333141e+00
1.010853906470857932e+00
1.006711412223888491e+00
1.004363258027447081e+00
1.005727044773414347e+00
9.986283478197702790e-01
1.000141608916976121e+00
9.971316859464152138e-01
9.978988366292075307e-01
9.911763620441179645e-01
9.912429836898292157e-01
9.888073175935282455e-01
9.891629366881330432e-01
9.956965858074446896e-01
9.915132982486613011e-01
9.928304860531589338e-01
9.979491047267948778e-01
1.001576325924234956e+00
1.004170675823230052e+00
1.005069923383460351e+00
1.002767533559894453e+00
1.000932817264840624e+00
1.006220870744607643e+00
1.002680314389839733e+00
9.983834313881826406e-01
1.010114154781835083e+00
1.002727475200777985e+00
1.004484062535777600e+00
9.996968887882373700e-01
9.981999247527079122e-01
1.002799394896298102e+00
1.001566270882403797e+00
9.971097117985111558e-01
9.976108789076542083e-01
1.001710545300906752e+00
1.000907525941207910e+00
1.002706464784896001e+00
1.000849793017438705e+00
9.989952751408121001e-01
1.003106456206065866e+00
9.989303329508817386e-01
1.001188127257164551e+00
1.001608659048448091e+00
1.000793898066661081e+00
9.999837768371049318e-01
1.000885596982478365e+00
1.001020547930865590e+00
9.992702043450384375e-01
1.001715817014393384e+00
1.001868676294395799e+00
1.002729002242574330e+00
9.971985781753540667e-01
1.002057297959779048e+00
1.004016929106718026e+00
1.001629920774401938e+00
1.000973595831840202e+00
9.985862660227622367e-01
1.001666129496544988e+00
1.001524975806904028e+00
1.004528551525649016e+00
1.000879816418803747e+00
1.001385883975725477e+00
1.000770301697330389e+00
1.002031864769958425e+00
9.988925084737221294e-01
9.991739561807557735e-01
1.001522102832839156e+00
1.003169707291194923e+00
1.002299945018539473e+00
1.001520248391023271e+00
9.976651150528585976e-01
9.998284683772833414e-01
1.001261323222657262e+00
9.963506727500838211e-01
9.973205968192587756e-01
9.996520393643120173e-01
1.001292355786247423e+00
9.956576527898172158e-01
9.991309235203668093e-01
9.963505900586859809e-01
9.979259263046486028e-01
9.993474284991638035e-01
9.998769043603070727e-01
9.989220338300042190e-01
9.963110260074552471e-01
9.965636122304208921e-01
1.002265889681997368e+00
9.999290148073812778e-01
9.975875728833735190e-01
9.991789395180311617e-01
9.982378591814216051e-01
9.978260105605155639e-01
1.001005049879435616e+00
1.000143025575737088e+00
9.985233229209679040e-01
1.002213638150554420e+00
9.956329704429577321e-01
9.972002226639602451e-01
9.962434894668847907e-01
9.978498838786891145e-01
9.973404389114050028e-01
9.963135449284364897e-01
9.970666740670593997e-01
9.958166927691117776e-01
9.949987528471196940e-01
9.973134952790815300e-01
9.980750342226372140e-01
9.958830472220631114e-01
9.993951146872533942e-01
9.978062607093085568e-01
9.981790921535260708e-01
9.957303641025911922e-01
9.976842876912207503e-01
9.969232682590927208e-01
9.974479310122105202e-01
9.980352126102325361e-01
9.977171705455236683e-01
9.972356791344065829e-01
9.982903779813681044e-01
9.979393443853413759e-01
9.949124523686171395e-01
9.972013080904131854e-01
9.967418757617497738e-01
9.968707603783727444e-01
1.000244435674040311e+00
9.991550478257847923e-01
9.988575269927137956e-01
1.000905984090858514e+00
9.978096654116744846e-01
9.995760511356682754e-01
9.997156922855028327e-01
9.980647051326801966e-01
9.991621759290449933e-01
9.997561389527609421e-01
9.984557477652009627e-01
9.977689835871527135e-01
9.979135317306785380e-01
9.973451236687177479e-01
9.982606334300725415e-01
9.953890761602591786e-01
9.964664898540747107e-01
9.976356532547143718e-01
9.969302823474442965e-01
9.987248076995123292e-01
9.968637760295805395e-01
9.980942132939601974e-01
1.000769127694800087e+00
9.980306779044432197e-01
9.982774720494833609e-01
9.998564574203454569e-01
9.967221402131439811e-01
9.999927690762444588e-01
9.999789167020556313e-01
9.976894225471861777e-01
9.989900520357648528e-01
9.974048046347950836e-01
9.965386767986966765e-01
9.981742358053153907e-01
9.985505445300130178e-01
9.998014235994316934e-01
1.000061636536753840e+00
9.964056400393426216e-01
9.975521304069504547e-01
9.988855499193940446e-01
9.990051659344341140e-01
9.983204672174932348e-01
9.989552612059658943e-01
9.987434945788244978e-01
9.966721034220302755e-01
9.884091110531703084e-01
9.760034351246921203e-01
9.658002599561373858e-01
9.523113844700556996e-01
9.422083181439027122e-01
9.314659920981783747e-01
9.213879133067548466e-01
9.086978913608622088e-01
9.005092527992585305e-01
8.900653000414392446e-01
8.789363110425688630e-01
8.698598005367640384e-01
8.579803892661473919e-01
8.473695752602299347e-01
