0.000000000000000000e+00
0.000000000000000000e+00
0.000000000000000000e+00
0.000000000000000000e+00
0.000000000000000000e+00
0.000000000000000000e+00
0.000000000000000000e+00
0.000000000000000000e+00
0.000000000000000000e+00
0.000000000000000000e+00
0.000000000000000000e+00
0.000000000000000000e+00
0.000000000000000000e+00
0.000000000000000000e+00
0.000000000000000000e+00
0.000000000000000000e+00
0.000000000000000000e+00
0.000000000000000000e+00
0.000000000000000000e+00
0.000000000000000000e+00
6.015068686915204881e-05
3.246180138969909784e-02
9.772100064469582126e-01
3.229799384634398862e+00
3.244741328991934015e+00
1.830345131400497705e+00
8.407189255580452825e-01
3.933238409329991581e-01
2.059808723432337563e-01
2.270961200981275463e-01
8.232398208244980919e-01
1.707897661024517122e+00
1.883026920274063709e+00
1.465415566810523318e+00
1.006305125039809401e+00
7.385818105632804276e-01
6.364907480755525038e-01
6.338248496854377301e-01
6.828105230178356244e-01
7.610254382709947807e-01
8.502996630891545005e-01
9.401353340426689131e-01
1.020291266943142316e+00
1.089783521651801257e+00
1.145288563261672721e+00
1.180461331993453378e+00
1.196895378027947654e+00
1.198096074238649500e+00
1.176625425056394336e+00
1.146769849868441327e+00
1.110200698819917342e+00
1.070871380844334864e+00
1.034516824538366908e+00
1.002519079139937874e+00
9.756407936082844845e-01
9.510781095106209948e-01
9.369934971817160951e-01
9.274088048174280452e-01
9.252077454887472907e-01
9.267681607560968038e-01
9.286838585678749425e-01
9.375781991701425122e-01
9.460376965262006221e-01
9.598747473126100216e-01
9.722522053316599022e-01
9.819372511240461732e-01
9.914498616545722731e-01
9.972493400802280306e-01
1.005581932417101365e+00
1.008978951972522742e+00
1.013580378167012741e+00
1.017419442781339445e+00
1.018794725331494622e+00
1.019145965316409441e+00
1.016472592560536903e+00
1.015880549033035818e+00
1.013828372821934609e+00
1.011041897331033779e+00
1.007008706879733539e+00
1.004395548127411608e+00
1.001932635358116830e+00
1.001057223481818470e+00
9.978623846752910920e-01
9.995612256960737518e-01
9.973468977842600003e-01
9.983432572749992850e-01
9.966712700974897921e-01
9.975201517596454792e-01
9.980788186324410782e-01
9.977629447380278460e-01
9.968615627915491384e-01
9.969703187876925998e-01
9.968100171754668004e-01
9.964807943221881681e-01
9.980818792656952487e-01
9.989656251418583821e-01
9.984070955517322377e-01
9.992534417611433906e-01
9.987683203070795157e-01
9.998029117097451124e-01
9.994416573202780096e-01
1.000005092342889368e+00
1.000654682483808289e+00
1.002023645545289110e+00
1.001749983532767230e+00
1.001260493225615500e+00
1.001764657563591232e+00
1.003002685669272642e+00
1.001199163989299867e+00
1.002025353930863005e+00
1.002087738869577249e+00
1.001203324404830397e+00
1.002069497520328589e+00
1.001143429109750294e+00
1.000658873516244940e+00
9.999134813084089579e-01
1.000571058608161312e+00
1.000331278939980750e+00
1.000456964495407108e+00
9.999782228461465694e-01
9.995795786854315690e-01
9.993324783004067235e-01
9.997397762345191508e-01
1.000900529567746666e+00
1.000821120377487050e+00
1.000962511493632912e+00
9.997444388592288123e-01
1.000041681973386387e+00
9.987635729449855226e-01
1.000045605461499010e+00
9.996097713491705061e-01
1.000259375988743038e+00
1.000579865678252300e+00
1.000636400159795159e+00
9.995347340136270242e-01
1.000157466620278157e+00
1.000761257244156432e+00
1.000470927246588149e+00
1.001285696972117334e+00
1.000663966928587501e+00
1.001047181307096468e+00
1.001230493328129967e+00
1.000043204757055326e+00
1.001305693564297883e+00
1.000300053326668603e+00
9.996544357297332262e-01
1.000409131417417052e+00
1.000933990020008046e+00
1.000594927375636489e+00
9.997173059974228115e-01
9.998747573004103106e-01
9.999935008076072940e-01
9.997286449795733665e-01
9.997521272525033975e-01
1.000861125551469888e+00
9.998591557101066396e-01
9.996704958789274231e-01
1.000060032703044222e+00
9.991342850494792094e-01
9.996130040959551044e-01
9.990517899733929452e-01
1.000212970659583700e+00
9.999813293878021536e-01
1.000418893427137412e+00
9.994279094420729370e-01
9.999401844202937539e-01
1.000737367149650447e+00
9.996164649022130089e-01
9.999331243238410716e-01
9.997982115009236281e-01
9.998310979762198292e-01
1.000153526906750967e+00
1.000527227229157878e+00
1.000865279609957303e+00
1.000733664384579669e+00
9.997023482636954173e-01
1.000174656441365162e+00
9.999622030865874533e-01
9.996519625471707027e-01
1.000802904770095481e+00
1.000196413844824717e+00
9.999283926624045193e-01
9.998289721224559168e-01
9.999776992621609573e-01
1.000533737704387249e+00
9.993947079043153936e-01
9.992394417940363427e-01
1.000354047268007252e+00
9.999573065073991129e-01
9.995211628624308675e-01
1.000384018584492996e+00
1.000562444663870121e+00
1.000261864730696226e+00
9.995446764383527638e-01
9.998976780673973774e-01
9.997875871655018676e-01
1.001156439230562301e+00
1.000216883182543537e+00
9.999808140526861289e-01
1.000327727451204796e+00
1.000076604207193576e+00
1.000392802522703795e+00
9.993028445754038591e-01
9.998609211513286299e-01
9.993950702639854411e-01
1.000800882101856581e+00
1.000005691998828494e+00
1.000170292907323955e+00
1.000473186505158152e+00
1.000164406584973298e+00
9.997032894247329660e-01
1.000308718976766764e+00
1.000305479527832553e+00
1.000262581736469647e+00
9.999609845263532915e-01
9.999959712591807159e-01
1.000148553576867050e+00
1.000403730180396966e+00
1.000668753352240037e+00
1.000285262208235881e+00
9.997855452729841330e-01
1.000520795434892474e+00
1.000043920786104490e+00
1.000030875160993649e+00
1.000365802355763112e+00
1.000640607091068945e+00
1.000036075171194527e+00
9.998130004180623143e-01
1.000234179698925141e+00
9.998690483356610370e-01
9.999298560192482199e-01
9.997755301225554891e-01
9.996522032614690856e-01
1.000466600156126873e+00
1.000491595744984030e+00
1.000061634793606880e+00
1.000583394651700431e+00
1.000177318872312870e+00
1.000195394642506397e+00
9.997696468818051407e-01
1.000174499258815297e+00
1.000419204544853446e+00
9.999923470445060136e-01
9.996404433974244164e-01
9.998632224321301054e-01
1.000231479325724759e+00
1.000161947443810151e+00
9.999582301503855408e-01
9.994358012212242182e-01
1.000318831366475480e+00
1.000725655487301191e+00
1.000149096550849048e+00
1.000232543789534301e+00
1.000069245211457458e+00
1.000340703426099376e+00
9.999962044211986312e-01
1.000169317006859515e+00
1.000230466021819309e+00
1.000263190115432854e+00
1.000061424655526388e+00
1.000059240046330844e+00
1.000050283949023289e+00
1.000198060024442226e+00
1.000454671746735524e+00
1.000174192493113123e+00
9.983789246139688212e-01
9.882377232428922742e-01
9.774624925490368321e-01
9.662830251554800354e-01
9.549900245181859315e-01
9.441753222233341125e-01
9.332323180838859589e-01
9.222431411826899073e-01
9.118810240710354398e-01
9.009481906920117078e-01
8.900758028991377913e-01
8.800144056050900332e-01
8.699716001974439061e-01
8.592351917464401412e-01
8.493983604801206289e-01
