0.000000000000000000e+00
0.000000000000000000e+00
0.000000000000000000e+00
0.000000000000000000e+00
0.000000000000000000e+00
0.000000000000000000e+00
0.000000000000000000e+00
0.000000000000000000e+00
0.000000000000000000e+00
0.000000000000000000e+00
0.000000000000000000e+00
0.000000000000000000e+00
0.000000000000000000e+00
0.000000000000000000e+00
0.000000000000000000e+00
0.000000000000000000e+00
0.000000000000000000e+00
0.000000000000000000e+00
0.000000000000000000e+00
0.000000000000000000e+00
1.202700739679747087e-05
3.254083001634610478e-02
9.863309805937989783e-01
3.246111382832365333e+00
3.252158183360258192e+00
1.835085048230486127e+00
8.461792810815941257e-01
3.929541545479449116e-01
2.046452850777502330e-01
2.293546432874325192e-01
8.254274450563632293e-01
1.708930759296665380e+00
1.894381752938069319e+00
1.463665063316654136e+00
1.007058390085047606e+00
7.387025291882078903e-01
6.348225989571445460e-01
6.309136670079763531e-01
6.842357789965701764e-01
7.586761940198393228e-01
8.508982594177204595e-01
9.397733694470226107e-01
1.024470087067510304e+00
1.091786737862018963e+00
1.147954394373111642e+00
1.185443202178086741e+00
1.202405479602578042e+00
1.202099587577010631e+00
1.182012196800915182e+00
1.151057852342632470e+00
1.113240029614564586e+00
1.074136155866056264e+00
1.037308719306881066e+00
1.002948813134173056e+00
9.763859901093363547e-01
9.535237741604768447e-01
9.377078522151388595e-01
9.312958482872030208e-01
9.273807230030208792e-01
9.282448546989141569e-01
9.309103012700064017e-01
9.367782946586036275e-01
9.492547357523011264e-01
9.570913029823773233e-01
9.721597063274388661e-01
9.839500769544096137e-01
9.922013438489041270e-01
9.975058691855536175e-01
1.006684240281429332e+00
1.011022099143946695e+00
1.013388935153106241e+00
1.017087478125601629e+00
1.017708394883638956e+00
1.018499980699700158e+00
1.017432296194082042e+00
1.016429480055539125e+00
1.015856260527793431e+00
1.012279646898473162e+00
1.007955114927553630e+00
1.004834125023370772e+00
1.002557389134460353e+00
1.001159789192545668e+00
1.000724546452860464e+00
9.985768921434331480e-01
9.981069119087905284e-01
9.979030079591303393e-01
9.987753184395862238e-01
9.975129558140074515e-01
9.977798320843712654e-01
9.970932156598578677e-01
9.977897700772967449e-01
9.968903463671093812e-01
9.966494026117053151e-01
9.965106952074590518e-01
9.965587533844962875e-01
9.973521350039770139e-01
9.978417105085477523e-01
9.976687757809002965e-01
9.995625828298519977e-01
9.991006635175634365e-01
9.978172616017726426e-01
9.997361257793091482e-01
1.001126720883756205e+00
1.001744096669887840e+00
1.000901440464596615e+00
1.000464074217355837e+00
1.001126510844923212e+00
1.002222911938084771e+00
1.001132827697680083e+00
1.002338090253951819e+00
1.001844060543480408e+00
1.001680901894595577e+00
1.001880726735018934e+00
1.001503867683974036e+00
1.000863648847454490e+00
1.000834550801065426e+00
1.001213242021250505e+00
1.000491022094895710e+00
9.997682471610277455e-01
9.997945868820049542e-01
9.998937252183267566e-01
9.998816837751470787e-01
1.000501446818086615e+00
9.986832404961675236e-01
1.000407762672829382e+00
9.987676445963405980e-01
9.995339493163365452e-01
9.999681246949494451e-01
9.984186270290401621e-01
9.991530141475049032e-01
9.999196295091055120e-01
1.000348253975887447e+00
9.997129140861569230e-01
9.991257801532806848e-01
1.000110592443650859e+00
1.000244777281584563e+00
1.000275120853753696e+00
1.001297905035812619e+00
1.000883657863909315e+00
1.000762704181182849e+00
1.001251783368746651e+00
1.000395392540715189e+00
1.001510279372431755e+00
1.001699985853397701e+00
1.000567386635557110e+00
9.997174476972285895e-01
1.000780598201090887e+00
1.001295651018164312e+00
9.998537425515873212e-01
9.998218778552555586e-01
1.000146190052871642e+00
9.993086218315596625e-01
1.000231504728565701e+00
1.000030788299544948e+00
1.000249163744843184e+00
9.996333983222877029e-01
9.995070076229604084e-01
9.985897513234327505e-01
1.000495025496831447e+00
9.999707891112934455e-01
1.000011382232844692e+00
9.996328011227040289e-01
9.990261261242289192e-01
1.000257473467609737e+00
1.000439955178748841e+00
9.997756576456308109e-01
1.000782673233924891e+00
1.000073335606076474e+00
1.000038726167271186e+00
1.000610926648331844e+00
9.997130629899775300e-01
1.000346248038550767e+00
1.000073648205035193e+00
1.000369634050534140e+00
1.001004417111017508e+00
9.999688146071067374e-01
1.000133879257786296e+00
1.000353401483259352e+00
9.998522058573285909e-01
9.995340096103849659e-01
9.998699707744574949e-01
9.998427810610797106e-01
1.000009031079740041e+00
1.000240289861186627e+00
1.000139525783124705e+00
1.000458295108406670e+00
9.997346042099969354e-01
9.998193915652697772e-01
9.999178364070935299e-01
9.999386915682605403e-01
1.000523151891590024e+00
1.000156875589661931e+00
1.000091949406544334e+00
9.997649378232864592e-01
1.000178465560990881e+00
9.996674761959117861e-01
1.000587135788751025e+00
1.000168808635485185e+00
1.000689872929691582e+00
9.995732839827167204e-01
9.998729254258366117e-01
1.000268378428400551e+00
9.997142942559584800e-01
9.998520459048333420e-01
9.995599897201994377e-01
1.000179264255204314e+00
1.000177710144913856e+00
1.000070565109111076e+00
1.000424105767117489e+00
1.000433657837631163e+00
1.000244380280359557e+00
1.000003955457033245e+00
9.999303669972704478e-01
9.997779671058599771e-01
1.000538383324971914e+00
1.000237307298037504e+00
9.994011946985453809e-01
1.000452141404098327e+00
9.998917820426806990e-01
9.997943456814062380e-01
9.995063209735084442e-01
9.998886140131402200e-01
1.000122537756946262e+00
9.998787579592920416e-01
1.000128589304118298e+00
9.999014783516324556e-01
1.000036164326759236e+00
9.998837661335536753e-01
9.999660150167151151e-01
9.998710979907698970e-01
1.000103808921553705e+00
1.000182623212655386e+00
1.000601612242252747e+00
1.000676306177733288e+00
1.000030705251830021e+00
9.994419673885450717e-01
1.000214298606805885e+00
1.000654869574125083e+00
1.000133043534830790e+00
1.000295512076687654e+00
9.996585214073078207e-01
1.000198062695467627e+00
1.000584997919625296e+00
1.000174871621550166e+00
9.998394106277015414e-01
1.000188305877861117e+00
1.000496864602981262e+00
9.999300990917585619e-01
9.997967284329521975e-01
9.997233182385986128e-01
1.000130592065432422e+00
9.997870032500186799e-01
1.000044958399208150e+00
1.000304835669187487e+00
1.000307677249843152e+00
1.000235884178854784e+00
1.000475162939626461e+00
1.000055276108354541e+00
1.000187846760921984e+00
1.000136555482177059e+00
1.000398704716247700e+00
1.000246105467836655e+00
1.000287805610969638e+00
9.997949667541795593e-01
1.000635022992124590e+00
9.977823765705595704e-01
9.881375012056108353e-01
9.766264343369196466e-01
9.657061983431086682e-01
9.542278728133933852e-01
9.437805538027780328e-01
9.326574826505216187e-01
9.220888158129882939e-01
9.115758381384053699e-01
9.007447115416871153e-01
8.905748911757349617e-01
8.802199873848189915e-01
8.694714424795783048e-01
8.592487443811799297e-01
8.490761859062819772e-01
