0.000000000000000000e+00
0.000000000000000000e+00
0.000000000000000000e+00
0.000000000000000000e+00
0.000000000000000000e+00
0.000000000000000000e+00
0.000000000000000000e+00
0.000000000000000000e+00
0.000000000000000000e+00
0.000000000000000000e+00
0.000000000000000000e+00
0.000000000000000000e+00
0.000000000000000000e+00
0.000000000000000000e+00
0.000000000000000000e+00
0.000000000000000000e+00
0.000000000000000000e+00
0.000000000000000000e+00
0.000000000000000000e+00
0.000000000000000000e+00
1.203016450968010090e-05
3.311811084310006120e-02
9.808475035279682341e-01
3.255340402324541582e+00
3.264096676196401869e+00
1.843762126468327711e+00
8.466030549207606004e-01
3.922015329669801820e-01
2.058132613322024851e-01
2.303095819919578346e-01
8.329329159560032725e-01
1.713323482081712479e+00
1.894189628842656736e+00
1.469960517020413082e+00
1.010835959036704201e+00
7.382263947070510923e-01
6.316341298120042858e-01
6.279258878636674313e-01
6.807312329335185597e-01
7.627253681374542849e-01
8.524410317955829486e-01
9.407011924352366439e-01
1.023854430933426540e+00
1.093692730438976746e+00
1.146187380975597581e+00
1.185383113458840842e+00
1.200983584705561880e+00
1.199515221125209363e+00
1.180727472497058672e+00
1.149632683094974128e+00
1.110871431996104386e+00
1.076095838847291430e+00
1.037667312433955713e+00
1.001689216606062471e+00
9.725412086158246039e-01
9.543273453159345499e-01
9.389233640847989282e-01
9.318706461251170525e-01
9.269120201537945913e-01
9.268688643961415785e-01
9.288835751800910145e-01
9.372033814039494315e-01
9.472308397427054993e-01
9.608174549697742206e-01
9.735610284002499393e-01
9.836402348508197502e-01
9.927270666478665850e-01
9.994090950803402595e-01
1.004800785389577067e+00
1.008789687394905155e+00
1.012048499208864971e+00
1.017857966377513357e+00
1.017948555762843155e+00
1.019677080916506329e+00
1.019392118656324620e+00
1.017752775797854836e+00
1.013808207116950522e+00
1.012190051356385956e+00
1.006867482200478614e+00
1.006921963447824586e+00
1.003275460460136825e+00
1.002808167074807244e+00
9.989099233380230869e-01
9.985590220315060384e-01
9.993228912763805205e-01
9.975659376181050808e-01
9.992558408132918846e-01
9.972972415153874559e-01
9.978680213368954499e-01
9.994311475030815961e-01
9.976880145495023999e-01
9.979529031065214051e-01
9.980976926535890525e-01
9.962233200353612927e-01
9.974703398408026889e-01
9.971909294716213568e-01
9.985847905917693001e-01
9.988142011283507316e-01
1.000237723973736337e+00
1.000387473787739845e+00
9.977828324811005567e-01
1.000036812200839620e+00
9.991370348266368495e-01
1.000783002000166011e+00
1.000912327323734585e+00
1.001835658478023028e+00
1.002182059410239967e+00
1.002205992870724538e+00
1.001710533564267980e+00
1.001615647872266424e+00
1.001895897109688738e+00
1.001323517448954759e+00
1.001913982459921915e+00
1.001113207206485889e+00
1.000644218373925698e+00
1.001857265819287024e+00
1.001961219711748452e+00
9.996523302889723794e-01
1.000054825059895736e+00
1.000509197062095845e+00
9.994851154485390188e-01
1.000550374793502506e+00
1.000233688043815405e+00
1.000739737233730775e+00
9.996770317719179122e-01
9.996940375200537021e-01
9.989769631051026444e-01
9.990215600510324867e-01
9.990466857554088920e-01
9.999317801057974187e-01
9.993448419254847837e-01
1.000202939523437085e+00
1.000224155720323749e+00
9.990333391592122192e-01
1.000693148687486378e+00
9.997221089971687347e-01
1.000648698467705211e+00
9.996436109472554010e-01
1.001709785185499468e+00
1.000755174013854720e+00
1.000923137987771883e+00
1.000946880311285314e+00
1.001008217078132700e+00
1.000685538297354293e+00
1.000754009832036440e+00
1.001048040827672292e+00
1.000538127410853129e+00
1.000650900866089765e+00
1.000757275838612737e+00
1.000078281198281571e+00
1.000050454390905008e+00
9.998586697930421652e-01
9.998755199488250645e-01
9.995376250754216541e-01
9.994101329811714285e-01
1.000127878962718597e+00
1.000444914156342735e+00
9.996890319394061697e-01
9.996753310144225191e-01
9.987586089145018553e-01
1.000036118629282322e+00
1.000173226879421895e+00
1.000141609737924320e+00
1.000464481889888013e+00
9.996456076511374134e-01
1.000303601690827771e+00
1.000584058131477327e+00
1.000687499025614935e+00
1.000522094536778983e+00
1.000533205108314450e+00
1.000911307624682500e+00
9.999990544233516854e-01
1.000472083997643979e+00
1.000385269517739539e+00
1.000290278027564206e+00
1.000132490625097903e+00
1.000330809141629862e+00
9.992880361015129553e-01
1.000463019427850764e+00
9.998563211513391558e-01
1.000620905109076642e+00
1.000379220439129746e+00
9.995941020222707252e-01
1.000295316496613740e+00
9.999644223561001688e-01
9.998884637579954493e-01
1.000254925340022139e+00
9.998974461649899892e-01
1.000222860538827252e+00
9.999048801014029930e-01
9.993744356317674216e-01
9.995705472196396713e-01
1.000756461908864470e+00
9.999769737963828398e-01
1.000157927678747116e+00
1.000158499635569909e+00
1.000592069955664742e+00
1.000361624034807662e+00
9.997247868959292516e-01
9.992873070975866190e-01
1.000026226624577408e+00
1.000278287653536990e+00
1.000168262281003972e+00
1.000875869092187953e+00
1.000250291311276074e+00
9.999469549825017456e-01
9.999130782387161132e-01
1.000265187753634155e+00
1.000498894208953660e+00
9.998469989853313589e-01
1.000015520280898906e+00
1.000230833239036832e+00
1.000230565893134305e+00
9.999684945590990859e-01
1.000441480336210942e+00
1.000297583076636521e+00
9.996968507649177660e-01
1.000684001985626015e+00
9.996104402025710600e-01
9.999796390763907583e-01
1.000608212469998870e+00
1.000424119943387424e+00
1.000732457435040468e+00
9.996599675172304078e-01
9.997496766615073804e-01
9.997263342522814122e-01
1.000234686276885165e+00
9.998543275845325207e-01
1.000327639241593181e+00
9.995889989979870327e-01
9.998654222315620510e-01
1.000475643217578758e+00
1.000091766908684399e+00
1.000354101277417085e+00
1.000052966666678866e+00
1.000197122377985082e+00
9.999792968112207747e-01
9.999866427838446370e-01
1.000107565078650618e+00
9.999475467204446133e-01
1.000171264942407268e+00
9.999834398658611345e-01
1.000784214788175586e+00
1.000048526607676180e+00
1.000258245435006632e+00
1.000244484336054729e+00
1.000478603207648476e+00
1.000075615159452536e+00
9.997245327948457438e-01
1.000390153002850058e+00
1.000092026700314163e+00
9.999499546073898903e-01
1.000138400345802481e+00
1.000543969589951843e+00
1.000035210264221375e+00
1.000118825121644628e+00
9.997938677896286430e-01
1.000074585137332717e+00
1.000385024251684740e+00
1.000489070553439719e+00
9.999189266484380667e-01
9.999253133750952705e-01
1.000311510454386266e+00
9.999890756181343265e-01
9.999096509875472494e-01
9.977141479001185864e-01
9.885392939712961402e-01
9.771871202959092617e-01
9.658014973760147281e-01
9.553266152774074760e-01
9.439735370736324072e-01
9.326887833778305659e-01
9.222901584903666627e-01
9.116839691074182239e-01
9.011759330866774276e-01
8.911901409365590165e-01
8.801464110250094564e-01
8.703507848919979084e-01
8.601043106456799370e-01
8.491707456256550879e-01
