0.000000000000000000e+00
0.000000000000000000e+00
0.000000000000000000e+00
0.000000000000000000e+00
0.000000000000000000e+00
0.000000000000000000e+00
0.000000000000000000e+00
0.000000000000000000e+00
0.000000000000000000e+00
0.000000000000000000e+00
0.000000000000000000e+00
0.000000000000000000e+00
0.000000000000000000e+00
0.000000000000000000e+00
0.000000000000000000e+00
0.000000000000000000e+00
0.000000000000000000e+00
0.000000000000000000e+00
0.000000000000000000e+00
0.000000000000000000e+00
0.000000000000000000e+00
0.000000000000000000e+00
0.000000000000000000e+00
0.000000000000000000e+00
0.000000000000000000e+00
0.000000000000000000e+00
2.311803176679742833e-02
4.650423353682188732e-01
1.655355583444904299e+00
2.043346815607046896e+00
1.511631545858523884e+00
8.596952980045901027e-01
4.820468267655705907e-01
3.163521660365688493e-01
2.606457405916146608e-01
2.492735295049237354e-01
2.519535225889719121e-01
2.521886739759612306e-01
2.556229195004293131e-01
2.384565031102026389e-01
2.476968199261536385e-01
2.737258924632182122e-01
3.347473544774340337e-01
4.323171194787456817e-01
5.473509764486724771e-01
7.165955295039287964e-01
8.847738050359111872e-01
1.037003627748997570e+00
1.165577809854544844e+00
1.248612347580811077e+00
1.377070352595413771e+00
1.466680022074257739e+00
1.515100709612249075e+00
1.529932731026764969e+00
1.474041623414399371e+00
1.402160500362850337e+00
1.272508411139700701e+00
1.149351305708184556e+00
1.073982992077098242e+00
9.996741673830583652e-01
9.400188375674547459e-01
9.191113123748912983e-01
8.985490767134377554e-01
8.935640063366652175e-01
8.898173214199548431e-01
8.987391636894644931e-01
9.243314497339529812e-01
9.226070348520127862e-01
9.335957428066331554e-01
9.547116500180080623e-01
9.719008747311796981e-01
9.878765049965946288e-01
1.004467826727302615e+00
1.018493074996171588e+00
1.035567311161810888e+00
1.040095149373014172e+00
1.043331939484242410e+00
1.036871912448236843e+00
1.043098211034447331e+00
1.029031157125660290e+00
1.023457089004115250e+00
1.005976447281486941e+00
1.001367384302584096e+00
1.001907789665911208e+00
9.838413171311523042e-01
9.792926239981429859e-01
9.821673835184299151e-01
9.758919284935996252e-01
9.841088767199503984e-01
9.879072905349532974e-01
9.935913411480352675e-01
9.886751433420876145e-01
9.976844133844049445e-01
9.971112390714202967e-01
1.004794189929943293e+00
1.002307809833273833e+00
1.012879350368450115e+00
1.014412722022787428e+00
1.007126539626083561e+00
1.009193867771561948e+00
1.005130823598140211e+00
1.002854046881217709e+00
1.005259524636838098e+00
1.008079183195978556e+00
1.001793885679188589e+00
9.997124409837098158e-01
1.002154354937877301e+00
9.913831829529726747e-01
9.922196841962506175e-01
9.934640561346994581e-01
9.937961435339479621e-01
9.897553389736275520e-01
9.868597541251401539e-01
9.918843535190053906e-01
9.975385954544153666e-01
9.927604035691132145e-01
9.929711355307055953e-01
9.998603461416357696e-01
9.967921607123571004e-01
9.992615622025534661e-01
1.001053980627626627e+00
1.003937636318501081e+00
9.977427141682281286e-01
9.982340211137545882e-01
1.008197654932422527e+00
1.005248417484693846e+00
1.005212176677604319e+00
1.004283247055646422e+00
1.000844584379681379e+00
9.966920723293003492e-01
9.965921115781292139e-01
9.942191976057777048e-01
9.985676083522999624e-01
9.963743170606833566e-01
9.933137810196732698e-01
9.932393092422217018e-01
9.977324534911343745e-01
9.974480212639112997e-01
1.001534467734567668e+00
9.948165697962926268e-01
1.002685702770016229e+00
9.995354856703169144e-01
1.001663425887728387e+00
1.000433775919333579e+00
9.997229619903864606e-01
1.005747246111736048e+00
1.001570383154926080e+00
1.001972622594488715e+00
1.001607920027689280e+00
9.980736501397107219e-01
9.987246623386878408e-01
1.001777316672146201e+00
1.006035354558144412e+00
9.979764243162350112e-01
9.993017053179551468e-01
1.008050431718637174e+00
9.982602491602217132e-01
9.957813040172099894e-01
1.002169927974434493e+00
1.000385079450224923e+00
9.997134452854239406e-01
9.930940716170824079e-01
9.987996292181143820e-01
9.992644166497657299e-01
1.000171839128882523e+00
9.981490648256183817e-01
1.001945323758663742e+00
9.968017344807450497e-01
9.987301480433998790e-01
9.991411691893719027e-01
1.001600304533993402e+00
9.972966188911097651e-01
9.989155171631918240e-01
9.975650826568920326e-01
9.998674381395665778e-01
1.005393460099388347e+00
1.002636126474381495e+00
9.977720989332121704e-01
9.992223364648750161e-01
9.994794962792480364e-01
9.969136721894968911e-01
9.971939397819404860e-01
9.952115682713403855e-01
9.996442389604752732e-01
9.986240938479279405e-01
9.980737468800398027e-01
9.986700715861455135e-01
1.001728697256080824e+00
9.969587577851077853e-01
9.943579685210839347e-01
9.953143995944809808e-01
9.943830136057667524e-01
9.964526503376137656e-01
9.970890011992803448e-01
9.967288358670978177e-01
9.984888650883784189e-01
9.995687746340329305e-01
9.938704626924758090e-01
9.935928769739975630e-01
9.987610285886525663e-01
9.991443158121390278e-01
9.966715692651786362e-01
9.982632924667893537e-01
9.969367015344555716e-01
9.981656446108053693e-01
9.932506372643741255e-01
9.930997286628884257e-01
9.996434164773182474e-01
9.951624138216027537e-01
9.954323092325100264e-01
9.931136603699559640e-01
9.966892609122520730e-01
9.922909873373776390e-01
9.963641914568717173e-01
9.963856773275741041e-01
9.946410195390675835e-01
9.982906769573773875e-01
1.002091835326801572e+00
9.983489939362685250e-01
9.968941314319532676e-01
9.980437969201014781e-01
9.970667412258236162e-01
1.000002524486760747e+00
9.936312416252380819e-01
9.983332844569829945e-01
9.978349845845255750e-01
9.942103032485930525e-01
9.942580237465848958e-01
9.987927786578960632e-01
9.983454842580240518e-01
9.983396221754091693e-01
9.976578239637793333e-01
9.960279889945625742e-01
9.971556970415138554e-01
9.958552152434922977e-01
9.968934774082532924e-01
9.963432207979270316e-01
9.985135787462776635e-01
9.993229369964744535e-01
9.971408217274108088e-01
9.970065343025544813e-01
9.983965932042856428e-01
9.988516575440834488e-01
1.000809641864121469e+00
9.995837069402742081e-01
9.976012228432539208e-01
1.000411702285764148e+00
9.977409016011072884e-01
1.001707716985034580e+00
1.000302761615144975e+00
1.000047961847778666e+00
9.993418759819768793e-01
9.990451394812679409e-01
9.977052431279613831e-01
9.993455427790594037e-01
9.988799485302608527e-01
1.000662833854892630e+00
1.001750691191088727e+00
9.998672420788784487e-01
1.001024514590421965e+00
9.990616203241832194e-01
1.002626286499520791e+00
9.973581128287735131e-01
1.001677904710782885e+00
9.982620371786666835e-01
9.971835907383833630e-01
1.000965656899531320e+00
1.001180532246576549e+00
9.990959724017755006e-01
9.999478189335216927e-01
9.965383188728906827e-01
1.001304445277068300e+00
9.958288044434097097e-01
9.831779815149358503e-01
9.730602209608095743e-01
9.610528586970000786e-01
9.503858023295179702e-01
9.423240864500609382e-01
9.325274313591601638e-01
9.203049397591538394e-01
