0.000000000000000000e+00
0.000000000000000000e+00
0.000000000000000000e+00
0.000000000000000000e+00
0.000000000000000000e+00
0.000000000000000000e+00
0.000000000000000000e+00
0.000000000000000000e+00
0.000000000000000000e+00
0.000000000000000000e+00
0.000000000000000000e+00
0.000000000000000000e+00
0.000000000000000000e+00
0.000000000000000000e+00
0.000000000000000000e+00
0.000000000000000000e+00
0.000000000000000000e+00
0.000000000000000000e+00
0.000000000000000000e+00
0.000000000000000000e+00
0.000000000000000000e+00
0.000000000000000000e+00
0.000000000000000000e+00
0.000000000000000000e+00
0.000000000000000000e+00
0.000000000000000000e+00
2.869040245487178634e-02
5.033525711010761183e-01
1.745286315205679895e+00
2.196322409181711954e+00
1.599412315793787176e+00
9.086399443463301084e-01
5.191164722468544213e-01
3.331052840253770908e-01
2.639487696837745645e-01
2.565843286139491419e-01
2.631284505285942377e-01
2.676452212688463228e-01
2.717397480688459321e-01
2.438624405131810946e-01
2.487854000991542025e-01
2.780589658352244919e-01
3.311938634463860720e-01
4.228325040183893435e-01
5.567694318607560033e-01
7.262778548175273796e-01
8.827472195726052684e-01
1.035680003758566725e+00
1.172053094242640148e+00
1.275275511360823844e+00
1.378612332571841792e+00
1.450764345052997006e+00
1.500998509769944755e+00
1.537339803149631479e+00
1.456415101662291489e+00
1.379827372976578648e+00
1.261371859467327550e+00
1.150664395711637145e+00
1.047010468777569203e+00
9.779084375594304657e-01
9.324870748368725426e-01
9.061852695136982661e-01
8.848820139352123748e-01
8.922603924030589884e-01
8.838059034132200731e-01
8.885346307764007134e-01
9.098340168493505020e-01
9.084945917722746511e-01
9.251061557618315279e-01
9.399063789213890630e-01
9.575940511702103475e-01
9.690332714626016530e-01
9.856224324027007544e-01
1.005736272009922549e+00
1.018324528338795165e+00
1.035834708220334965e+00
1.032364646315435452e+00
1.033255003924615112e+00
1.034781118041415704e+00
1.026834740014063385e+00
1.006070792289494253e+00
1.000029875977108684e+00
9.940994173777485399e-01
9.882206084930585943e-01
9.784220280492855748e-01
9.773723947564284531e-01
9.724751924840433492e-01
9.754918862582118155e-01
9.724547548106816652e-01
9.808853610227956654e-01
9.822109847324442811e-01
1.000582702643582955e+00
9.980200111032286880e-01
1.003303920066521915e+00
9.969475707305768264e-01
1.011743072726267512e+00
1.009895354523377309e+00
1.017376651614740002e+00
1.013116424042385111e+00
1.013859945027729692e+00
1.004592069830518186e+00
1.002004109594808234e+00
1.003701233297436213e+00
1.010935201218627011e+00
1.003593080777330560e+00
9.961354400795302544e-01
9.923844622020204786e-01
9.992312087656595176e-01
9.912004033214441012e-01
9.870802385781469734e-01
9.995289006126215625e-01
9.981246061307054163e-01
9.878168435581534679e-01
9.971388945515927693e-01
9.975848923956700531e-01
9.961355731523253709e-01
1.001536405932707652e+00
1.001806293732209863e+00
9.961846133818484939e-01
1.001583302548446630e+00
1.002947750970911267e+00
1.008027914122323843e+00
9.982602306602654796e-01
1.006978788169573535e+00
1.004145007318000271e+00
1.001645945141853344e+00
1.003085538625258843e+00
9.962939468710481083e-01
9.990814596326713648e-01
9.991096576002973517e-01
1.001788114338979296e+00
9.997332209189999652e-01
1.000032930326063108e+00
1.003504562607109740e+00
9.941641804947728422e-01
9.958894811563067107e-01
9.965022255750775049e-01
9.972195047455921779e-01
9.947934547354861934e-01
9.951490507147878750e-01
9.962559700324498113e-01
9.911451263761619224e-01
1.001638191129174515e+00
1.001559205756477944e+00
1.001405196951038468e+00
1.005845932546732602e+00
1.003318159880256299e+00
1.003050211342682241e+00
1.002831531430268264e+00
1.000979638534731153e+00
9.964280250154029517e-01
1.002648524373506378e+00
1.000074072654533630e+00
1.004314584453642079e+00
1.000280947038592050e+00
9.955556938049830995e-01
1.004344110530522638e+00
9.989890983474591923e-01
9.996304980590011713e-01
1.000930935961899637e+00
9.988103139597847013e-01
9.975353707860656893e-01
9.977718653070107857e-01
9.955568550806950245e-01
9.957870640067232326e-01
1.002395779362858175e+00
9.975398062859930359e-01
9.960052448315931395e-01
1.003504443143518943e+00
9.979291487273014294e-01
1.000396598005233395e+00
9.991204446621472224e-01
9.975830249016518492e-01
1.000063405837881447e+00
9.957077936261385931e-01
9.981825098348707792e-01
9.961854112069260525e-01
9.934122883777041224e-01
9.988600019753660630e-01
9.991461717531547881e-01
9.964824721406264629e-01
9.973917267793066532e-01
1.000147861619852474e+00
1.001791345264061217e+00
1.006208335770001128e+00
1.003752080698438132e+00
1.003281581188585125e+00
1.002279864041545787e+00
1.001297933401212870e+00
9.991095708656013707e-01
1.001817466143073210e+00
1.004339774189432655e+00
9.999823340311803088e-01
9.995379818578282727e-01
9.950110665286404643e-01
9.986422765846860727e-01
9.981354711269169178e-01
1.003220020015680891e+00
9.997062097784316093e-01
1.000183879394170638e+00
9.989282452166476922e-01
1.001883472470595171e+00
9.998846095184688032e-01
1.004561061703655778e+00
1.000832518035787544e+00
9.997137487931814226e-01
1.000060682904571063e+00
9.999955587826364622e-01
9.998496705535045992e-01
1.001332488221029493e+00
9.978899035106029158e-01
1.003196848243331774e+00
1.002628230124956499e+00
9.975111804636270785e-01
1.001987105816996682e+00
1.000608087094076115e+00
9.983102046498313342e-01
1.000379223124522987e+00
1.001930178031150920e+00
9.996758044282648692e-01
1.003436439261740087e+00
9.995802087761327392e-01
9.995975962875632836e-01
1.000874896374030820e+00
1.002101467504724841e+00
1.003039977076814582e+00
9.988968999447135344e-01
1.002714177769285175e+00
9.989102778101094371e-01
9.974336069655432846e-01
1.000462888072286782e+00
9.984345279877496759e-01
9.992702714480333759e-01
1.004468504842621623e+00
1.004557725978109328e+00
1.001914244153340849e+00
1.003857917130014155e+00
1.000062752022689683e+00
1.000185613614661184e+00
9.989618869056345885e-01
1.000913393843008148e+00
1.000255794107333340e+00
1.001777278527450799e+00
1.004216723973307079e+00
1.000819891694926467e+00
1.000006006902240063e+00
9.994267123526560104e-01
9.985877788478948469e-01
9.988102515674223136e-01
1.002944295610537884e+00
9.959005141249777093e-01
1.001156881035085044e+00
9.996158140126314429e-01
1.002972210479279758e+00
9.982138089022417615e-01
9.983658608475112217e-01
1.000382292518528393e+00
9.986876462838955026e-01
1.000909371046257101e+00
9.980326427971178971e-01
1.000062751988614496e+00
1.000977014889678163e+00
1.000218691834433571e+00
1.000989893390906937e+00
1.001625784598221047e+00
1.001671424041170599e+00
9.990851414422767807e-01
9.994020092499081853e-01
1.000036509143765295e+00
9.985789120048953471e-01
1.000027120328166985e+00
9.994550082706130656e-01
9.950363189145309262e-01
9.839706133909071895e-01
9.733172577307526163e-01
9.599364976539805916e-01
9.533177632521840916e-01
9.419551158363250742e-01
9.282841877372663975e-01
9.198480465871728962e-01
