0.000000000000000000e+00
0.000000000000000000e+00
0.000000000000000000e+00
0.000000000000000000e+00
0.000000000000000000e+00
0.000000000000000000e+00
0.000000000000000000e+00
0.000000000000000000e+00
0.000000000000000000e+00
0.000000000000000000e+00
0.000000000000000000e+00
0.000000000000000000e+00
0.000000000000000000e+00
0.000000000000000000e+00
0.000000000000000000e+00
0.000000000000000000e+00
0.000000000000000000e+00
0.000000000000000000e+00
0.000000000000000000e+00
0.000000000000000000e+00
0.000000000000000000e+00
0.000000000000000000e+00
0.000000000000000000e+00
0.000000000000000000e+00
0.000000000000000000e+00
3.593555195336926161e-02
7.967421699717519568e-01
2.757291056423405440e+00
3.175946596718761672e+00
1.995062680638954200e+00
9.747808486960338747e-01
4.653832086242542521e-01
2.593153927617157239e-01
2.233262671675934619e-01
2.305144492926484157e-01
2.631449897305426222e-01
2.970042401416099209e-01
3.160681664189655127e-01
3.278144061063428816e-01
3.316559316449795847e-01
3.539084731615961821e-01
4.174990013645334952e-01
5.268440807587292385e-01
6.753071168154909376e-01
8.649586052070094011e-01
1.049521560225500361e+00
1.217321073696883582e+00
1.364019299263952600e+00
1.457059086667637837e+00
1.549028988129364848e+00
1.636294678356793320e+00
1.639363986261714423e+00
1.595209201228692031e+00
1.509558329943072597e+00
1.365053391427596852e+00
1.212357578875620012e+00
1.078329098360971683e+00
9.857574305842068396e-01
9.153450521723872635e-01
8.851257143329921417e-01
8.637135064118530714e-01
8.653202208136514528e-01
8.762981276771981687e-01
8.824432377270217120e-01
9.143315363917687844e-01
9.234980157790059208e-01
9.482311873172926120e-01
9.658933211145469544e-01
9.788137659895085330e-01
9.920995248115324072e-01
1.015407685648478164e+00
1.022717957746054784e+00
1.040719666863832327e+00
1.042582325909267471e+00
1.043568032862221662e+00
1.047386486234760605e+00
1.042599730493859678e+00
1.040592977047198886e+00
1.021064524571934085e+00
9.935063123213636604e-01
9.912465924694592312e-01
9.762524244514058092e-01
9.653420129187323395e-01
9.686793363214628583e-01
9.562154002970810751e-01
9.729015310384001580e-01
9.691651951083629646e-01
9.779310756132697513e-01
9.959816976723661064e-01
1.002385325722359166e+00
1.020166600604743179e+00
1.028294412901334942e+00
1.033853717374392467e+00
1.037503437951167617e+00
1.041549906477535536e+00
1.038227634180841186e+00
1.030359403644544258e+00
1.017735910768486240e+00
1.010390601790236653e+00
9.934562443067811444e-01
9.940555375650538261e-01
9.858076031898002078e-01
9.972936476474651979e-01
9.935171350628217990e-01
9.972985965705148947e-01
9.959990194916075179e-01
9.964766305582772876e-01
1.003185508288643168e+00
1.000620773649659068e+00
1.003961208431384255e+00
9.929028726551317741e-01
9.920385612438541445e-01
9.923794913846774035e-01
9.948889479155992310e-01
9.931258686639140576e-01
9.974651827579735786e-01
9.995889669477114881e-01
9.993449764175247330e-01
1.000816733121138169e+00
1.004700955425229525e+00
1.006619681645390063e+00
1.008169090966247072e+00
1.001790645461944518e+00
1.002640230835353474e+00
1.003369410531599559e+00
9.983203882163149689e-01
1.001188911047074193e+00
9.991770711605882926e-01
9.947155427900851166e-01
9.964014733486067366e-01
9.966835262578632726e-01
9.943219160379360710e-01
9.973431474928309282e-01
9.910358882450388540e-01
9.950577353124858693e-01
9.991931076215664342e-01
9.973192691395983411e-01
1.000308889758612541e+00
9.989196352718743288e-01
9.956300211169321068e-01
9.987848764457774031e-01
9.983893152671486915e-01
9.919915821282029311e-01
9.989089791760689119e-01
9.988830711365972448e-01
9.990845608713982973e-01
9.977081589817471396e-01
9.981087726984543274e-01
1.001350974100987168e+00
9.982477938373379711e-01
9.970580778496715979e-01
9.990863432846681658e-01
9.954749587251917609e-01
9.970728211587226442e-01
9.974343795471527496e-01
9.968955791930825816e-01
9.929551306647508291e-01
9.986802846748645823e-01
9.942201471206240093e-01
9.953266999193228770e-01
9.981755248837198558e-01
9.979433369718302416e-01
9.988365491814383823e-01
9.998631901297493352e-01
9.975808978337858957e-01
1.001385731397056889e+00
1.000053392870444036e+00
9.996172392836669696e-01
9.962908989906745783e-01
9.989913169781395874e-01
9.974475651221695882e-01
9.997274945039081873e-01
9.989370102125987305e-01
1.000517038227362931e+00
9.997326444256445788e-01
9.971417517855846180e-01
9.984814684240543858e-01
9.992726787672409072e-01
9.977509777211771569e-01
9.960247911936460641e-01
9.988908424907194661e-01
9.985272296667558889e-01
9.951511460567024070e-01
9.975074068665384930e-01
9.957963847422293124e-01
9.994379252881487874e-01
9.971729739650517788e-01
9.992347812720181466e-01
9.972557863163298286e-01
9.940260420123807616e-01
9.954476523087977258e-01
9.930684639957859661e-01
9.985442861764255440e-01
9.983684964309760268e-01
9.972574908704830987e-01
9.966918315707642417e-01
1.000021328824656441e+00
9.990695409304620744e-01
9.974622914258959305e-01
9.970441002275969300e-01
9.979974264637281323e-01
9.961859984547053459e-01
9.962370822238467705e-01
9.969023063129052176e-01
9.998846797673615061e-01
9.967208776117592040e-01
9.959360043355023340e-01
9.962141347108542933e-01
9.970365359538359007e-01
9.952882886389329276e-01
9.965035772748216392e-01
9.979657346637375026e-01
9.965232453386611011e-01
9.957318713970795265e-01
9.964154607382020856e-01
9.965162219441070501e-01
9.978717252387477865e-01
9.945644998652285462e-01
9.988739236620577389e-01
9.990460671435454909e-01
9.974236965873896077e-01
9.978242174068883141e-01
9.965673566003543371e-01
9.985380998910208250e-01
9.960984913383891248e-01
9.974383486168508783e-01
9.980043281975705671e-01
9.968236102354398609e-01
9.972837147363973198e-01
9.972524933520889867e-01
9.991487609428448824e-01
9.973232368821640659e-01
9.959795310996282236e-01
9.952130754977772664e-01
9.968616051577942061e-01
9.966466095673782721e-01
9.961615519452904355e-01
9.965423177490594364e-01
9.949027324587361720e-01
9.965751929517706609e-01
9.964469736696941471e-01
9.956592993150293891e-01
9.943931286533747027e-01
9.962610506385687348e-01
9.982614529737604547e-01
9.974433670754352388e-01
9.967006759857710563e-01
9.989621419821689274e-01
9.967236817394367066e-01
9.961267348234745800e-01
9.951543925340988750e-01
9.960236608844134087e-01
9.953291823840020314e-01
9.956708697572986821e-01
9.979357876031564878e-01
9.958531246123824010e-01
9.982643181307742086e-01
9.975104070716801496e-01
9.959496164707065669e-01
9.985270053697572479e-01
9.977014545570088710e-01
9.977225440662902400e-01
9.972535871177736766e-01
9.976225693530128558e-01
9.977644972034896975e-01
9.908450435869616824e-01
9.804143494795195535e-01
9.676198761944919680e-01
9.567126204568952019e-01
9.451275562884821069e-01
9.356036959019603527e-01
9.237728366649979872e-01
9.132512085021032844e-01
9.022286529977909808e-01
8.921194192463065553e-01
8.810534141029455757e-01
8.702858430671803758e-01
8.599888642177545561e-01
8.501771988243267408e-01
8.398126694728298425e-01
