0.000000000000000000e+00
0.000000000000000000e+00
0.000000000000000000e+00
0.000000000000000000e+00
0.000000000000000000e+00
0.000000000000000000e+00
0.000000000000000000e+00
0.000000000000000000e+00
0.000000000000000000e+00
0.000000000000000000e+00
0.000000000000000000e+00
0.000000000000000000e+00
0.000000000000000000e+00
0.000000000000000000e+00
0.000000000000000000e+00
0.000000000000000000e+00
0.000000000000000000e+00
0.000000000000000000e+00
0.000000000000000000e+00
0.000000000000000000e+00
0.000000000000000000e+00
0.000000000000000000e+00
0.000000000000000000e+00
0.000000000000000000e+00
1.551065255138882803e-04
3.779988162323701106e-02
8.213354299624717747e-01
2.805164404180225723e+00
3.278342215873908394e+00
2.069905612546945051e+00
1.017399052368134660e+00
4.845640396555076501e-01
2.698266694070751703e-01
2.202749905720558232e-01
2.358529151885454811e-01
2.715153881924463608e-01
3.089099544236347250e-01
3.313891909255310964e-01
3.471263113653104693e-01
3.494670301111302835e-01
3.664263224076537151e-01
4.148303462072375214e-01
5.037419158786511364e-01
6.637009592835160232e-01
8.448114623764275688e-01
1.025591092646764846e+00
1.192402396231648121e+00
1.342135963273102250e+00
1.446808481942219560e+00
1.528218428961688247e+00
1.619196734083822253e+00
1.627738697231124076e+00
1.580544423600158677e+00
1.496345309440576976e+00
1.355134747809532136e+00
1.204991259861741826e+00
1.066430016961805283e+00
9.848532543799317640e-01
9.117204323331274951e-01
8.907748045187822150e-01
8.639884482084292383e-01
8.720634136207393583e-01
8.814717345138232130e-01
9.050542438697972702e-01
9.165558011938943483e-01
9.317349371222523047e-01
9.590691024548423371e-01
9.791751950736300447e-01
9.839152971656803803e-01
1.009415446474794198e+00
1.025270953930614626e+00
1.039231489878651882e+00
1.047856279364596688e+00
1.048908046268646199e+00
1.054928198242789383e+00
1.062158375936476329e+00
1.042717774981169354e+00
1.036880822046043704e+00
1.022660011196962593e+00
1.003812973562346444e+00
9.956679927397498187e-01
9.793891955438660535e-01
9.748615511003765333e-01
9.659281826833922002e-01
9.646014650137496593e-01
9.669443987996795276e-01
9.704151494803814337e-01
9.874131047762068070e-01
9.996425391091986468e-01
1.016615162958661722e+00
1.025992295771297469e+00
1.032906034987622457e+00
1.047031049948041082e+00
1.049060492561421087e+00
1.045389723408453264e+00
1.044255524852575334e+00
1.039093897446122128e+00
1.027154820834203397e+00
1.019246037858566378e+00
1.009536820358935882e+00
1.003753229302888572e+00
9.989675547269354361e-01
1.003207851436628051e+00
1.003717223117065016e+00
1.008670570610816553e+00
1.007090955586619652e+00
1.007518807623040358e+00
1.008513930027285621e+00
1.015083358223634935e+00
1.006319641773711915e+00
1.004957756074942310e+00
1.005235232184707117e+00
9.970304038435578997e-01
1.002445146556058431e+00
1.004934161350475419e+00
1.000234975541823834e+00
1.003637113522129809e+00
1.008350480770266566e+00
1.010580854566207609e+00
1.006166400436064201e+00
1.008806318787331291e+00
1.007407241370523732e+00
1.006334951544278100e+00
1.006898974466487795e+00
1.008858985975229494e+00
1.012000497529655929e+00
1.005147081580791468e+00
1.003011516309630702e+00
1.001863667562894689e+00
1.004790267609614984e+00
1.000336316316691398e+00
9.993473852715695216e-01
1.002363483221054619e+00
9.990279807072117713e-01
1.003813156530129591e+00
1.003353278661555326e+00
1.008021495369662013e+00
1.001411111180693148e+00
1.005769053932118240e+00
1.007124329898155368e+00
1.005754330149684073e+00
1.005280342274596395e+00
1.007027083829422187e+00
1.004444950089592448e+00
1.005124232911686954e+00
1.008324656052897783e+00
1.008450510766838004e+00
1.005976511578713595e+00
1.006445873739582719e+00
1.004337987105226704e+00
1.003298818770183898e+00
1.007063720045896282e+00
1.004838283078380190e+00
1.000909569051612324e+00
1.002077011142105345e+00
1.003247258623643612e+00
1.005123256311692082e+00
1.005654674747265442e+00
1.005684992400517119e+00
1.005412222671136613e+00
1.002487261009404440e+00
1.006526190724706726e+00
1.000058134986843150e+00
1.004313884305479965e+00
1.003895116192419001e+00
1.002896369205879212e+00
1.000078996346812632e+00
1.001196722524786864e+00
1.003844230555425598e+00
1.001673232300455574e+00
1.002004805325870329e+00
9.990155384428152097e-01
9.991416636466416978e-01
1.001054496218841683e+00
1.002176060031103821e+00
1.002868532616468356e+00
1.003262815888126047e+00
1.002517657538548601e+00
1.001346259119924254e+00
1.004970683164912337e+00
1.001125548241044383e+00
9.974339317298411833e-01
1.002289875113604456e+00
9.998187685641098943e-01
9.991421283136350251e-01
1.003257614983122936e+00
1.003099538775904298e+00
1.002397757874581741e+00
1.001277003397317067e+00
9.999995515505980537e-01
1.001005503385742568e+00
1.003512757351086027e+00
1.000458705891069888e+00
1.002119249777465360e+00
9.993607740172383291e-01
1.001442179471144112e+00
1.001285690451780397e+00
1.004852778918430944e+00
1.000777639760362270e+00
1.003221132250943226e+00
1.001373724576898327e+00
1.001180752052345024e+00
1.005393435189495310e+00
9.990218906193840676e-01
1.001750847188862537e+00
9.990721959696188259e-01
1.000320144043280957e+00
1.003415952841444359e+00
9.988261257912367519e-01
1.000651141305272107e+00
9.989227919688138391e-01
9.976485956209566464e-01
9.982924326244095869e-01
9.961921363248608108e-01
9.979610699946523944e-01
9.979319979944522023e-01
9.993508144256099124e-01
9.987881672714259418e-01
9.979676884597759035e-01
9.993586731390357025e-01
9.993638865222739254e-01
9.985425352302420565e-01
9.975469536726483399e-01
9.955467952837251389e-01
9.973614336755927123e-01
1.000793137793128285e+00
9.996060486604839701e-01
9.998080205160188028e-01
1.000902677493248794e+00
9.997958757268959884e-01
9.970424071531136523e-01
9.972493420890918836e-01
9.991986916109149020e-01
9.993515079376076304e-01
9.989556963054718741e-01
9.977179387971875091e-01
9.991806247498765670e-01
9.978281653394041051e-01
1.000879799456658947e+00
9.980001159310422088e-01
1.000162864023495191e+00
1.000144976869854263e+00
1.001599209067173923e+00
1.000487857550464099e+00
9.984904261716670559e-01
1.000068869515913450e+00
1.001302316405469517e+00
9.989064270435532578e-01
9.991388136940805298e-01
9.974267160120890985e-01
9.983024420939886623e-01
9.979800525189870264e-01
9.983952811426513030e-01
1.000148004766326038e+00
1.001214162792485096e+00
9.984944361884929842e-01
1.000260354394928441e+00
9.977909107484165263e-01
9.992244450884470996e-01
9.964773651773485286e-01
9.978470838788080499e-01
9.948542708109116006e-01
9.980292952139394602e-01
9.971163301675894930e-01
9.978030898678181826e-01
9.902955625931072481e-01
9.793770824252246987e-01
9.678677647046212140e-01
9.570771875465995393e-01
9.450787953287319576e-01
9.350804090526574353e-01
9.246248555949853065e-01
9.140552939113897324e-01
9.022833499616640385e-01
8.917680927483999653e-01
8.804920140220814373e-01
8.697208242677280099e-01
8.606911845298104158e-01
8.505956609152611758e-01
8.402265956744701114e-01
