0.000000000000000000e+00
0.000000000000000000e+00
0.000000000000000000e+00
0.000000000000000000e+00
0.000000000000000000e+00
0.000000000000000000e+00
0.000000000000000000e+00
0.000000000000000000e+00
0.000000000000000000e+00
0.000000000000000000e+00
0.000000000000000000e+00
0.000000000000000000e+00
0.000000000000000000e+00
0.000000000000000000e+00
0.000000000000000000e+00
0.000000000000000000e+00
0.000000000000000000e+00
0.000000000000000000e+00
0.000000000000000000e+00
0.000000000000000000e+00
3.584360993808833327e-05
3.605258137127447665e-02
1.026906241954610666e+00
3.335990915156752390e+00
3.298959702684189477e+00
1.822098992160082975e+00
8.323342197355948491e-01
3.804281471447949481e-01
1.952122911171940423e-01
2.351860551146650047e-01
8.607095917204653501e-01
1.761285235579649555e+00
1.920185606162672087e+00
1.460971194406345708e+00
9.916141615188635017e-01
7.194908141519388289e-01
6.152252569931586645e-01
6.111032394059132677e-01
6.639353942959332899e-01
7.467923197051007378e-01
8.349729044099455377e-01
9.329828476142961735e-01
1.016768473382278160e+00
1.089301240640155655e+00
1.142758756264694142e+00
1.184214175629805688e+00
1.206926895805885414e+00
1.202895061849994063e+00
1.188341168641344758e+00
1.151215469612997921e+00
1.114202508016550519e+00
1.078435492818792474e+00
1.041607412762408202e+00
1.008083428910085511e+00
9.778125407717312978e-01
9.540983570313962270e-01
9.396569468237608858e-01
9.300011847224227690e-01
9.252303248060079754e-01
9.217486721468225452e-01
9.238195159714340798e-01
9.301197343303010401e-01
9.423209566735376574e-01
9.544005621846255449e-01
9.654371705609547938e-01
9.775009904227688340e-01
9.881706731368428143e-01
9.952772484340900450e-01
1.000105820894024111e+00
1.007924850927646387e+00
1.010735040051412348e+00
1.016339699986313461e+00
1.017894340608743065e+00
1.021273684978615703e+00
1.022538862441502827e+00
1.023465474443295831e+00
1.019290214666920047e+00
1.016141289609634679e+00
1.013224389935990954e+00
1.010345526134968974e+00
1.007703749818986694e+00
1.003806192005701758e+00
1.001199324775539967e+00
9.996250466923224387e-01
9.966691313905403637e-01
9.956154954534206514e-01
9.931270219338662608e-01
9.948778440320443783e-01
9.936533598929749855e-01
9.933853518271938965e-01
9.948302404921531839e-01
9.947861190895006533e-01
9.966073355452159666e-01
9.968573757233593069e-01
9.969827906874435541e-01
9.972175208239927313e-01
9.961633445873010473e-01
9.962800206446770224e-01
9.963217354832463180e-01
9.957344176579742134e-01
9.952709090515227119e-01
9.997409693164018840e-01
9.993757573450454679e-01
9.995580369799946796e-01
1.001861720221574048e+00
1.002860636829287611e+00
1.003614558852418792e+00
1.003268732758282988e+00
1.002727552359678143e+00
1.002945084450462376e+00
1.002322587044893520e+00
1.002216997402531007e+00
1.000676663867821503e+00
1.001662322258625393e+00
1.001188889765590506e+00
1.000191600131510095e+00
1.001155595374136897e+00
1.000252394513410970e+00
9.996772153462482047e-01
9.995656101461906085e-01
9.989257137495464178e-01
9.984448936551779674e-01
9.973107777879378633e-01
9.963938083997838646e-01
9.963313511109044285e-01
9.972335650682881969e-01
9.973658410849418621e-01
9.982644149406199041e-01
9.992579415187167191e-01
1.000242295395101122e+00
1.001568171772282634e+00
1.001833517588054834e+00
1.002401292138727973e+00
1.003115280932711961e+00
1.003207308499307837e+00
1.003181341945383220e+00
1.002993463584020528e+00
1.002412716757532074e+00
1.002661744053714665e+00
1.002501534545842787e+00
1.000854965698636079e+00
9.996758528915895559e-01
1.000218748570219196e+00
9.985481894824427274e-01
9.983058899397330155e-01
9.984906676756578614e-01
9.979799985350619185e-01
9.975323817422913075e-01
9.976628311658046755e-01
9.975410026914363071e-01
9.980198747614503763e-01
9.992845077869819681e-01
9.998839104391753496e-01
1.000578160624121749e+00
1.000912359279962027e+00
1.000371187797140626e+00
1.001680904317134191e+00
1.001502971166307043e+00
1.002794838201555905e+00
1.001275943753134889e+00
1.002015635860967979e+00
1.001509044615665145e+00
1.000917692113480140e+00
1.000906080238617379e+00
1.000292773691492831e+00
9.996965187198116887e-01
9.999443595065126145e-01
9.999621697410289167e-01
9.995810050012026160e-01
9.995293541366290224e-01
1.000027054966601270e+00
9.987273222848458420e-01
1.000065659227342252e+00
9.994490129700769332e-01
9.999159701637266862e-01
9.989769034097742972e-01
9.993421004539017050e-01
9.991907930609624788e-01
1.000513449246831721e+00
1.000575999929475213e+00
1.000107458231894064e+00
1.000297668463443479e+00
1.000187235514857109e+00
1.000700043753881996e+00
1.000232275500812618e+00
1.001123333866144494e+00
9.998582244743711156e-01
1.000042864247805641e+00
1.000351198992420310e+00
9.998906799011040292e-01
1.000922977698097238e+00
1.000321627441930650e+00
1.000791791724097157e+00
9.996138315798378526e-01
9.999377664307189661e-01
1.000488442435874203e+00
1.000521698763963130e+00
1.000260032140514399e+00
1.000312140403886829e+00
1.000578934389138697e+00
1.000440358744047575e+00
9.999148464878165887e-01
1.000148548477085342e+00
9.998375049068400910e-01
9.991311628934070876e-01
1.000615489348880338e+00
1.000025675530682001e+00
1.000041078089323632e+00
9.997569502982861511e-01
9.997705571925132872e-01
9.993768895446258904e-01
9.997560879404869816e-01
1.000235822803257513e+00
1.000251767573908657e+00
1.000031066593479734e+00
1.000836885646222196e+00
9.999510207021988784e-01
1.000753809622895396e+00
1.000532600049302445e+00
1.000366118612148858e+00
1.000492750647384632e+00
1.000546432123242013e+00
1.000404740934561554e+00
1.000261009655846856e+00
1.000266768352699565e+00
1.000317130337296856e+00
1.000617663906455457e+00
1.000738617563518673e+00
1.000070419011998224e+00
1.000022310505595646e+00
9.995360404960107470e-01
9.996872000330390140e-01
9.999836636728474115e-01
9.995387162872044762e-01
9.995806951087123915e-01
1.000013145325371999e+00
1.000095207841308120e+00
1.000164383863257012e+00
9.996771276041689358e-01
1.000107294280266901e+00
1.000265576811006918e+00
1.000721739729326210e+00
1.000775045507773520e+00
1.000403676280462895e+00
1.000489872591078022e+00
1.000687207364612696e+00
1.000347796057406535e+00
1.000501872415859861e+00
1.000668081555160960e+00
1.000242582672445479e+00
1.000448720545365378e+00
1.000521665030748686e+00
1.000489998167400030e+00
1.000109543521119582e+00
1.000106579578684762e+00
1.000105563349453108e+00
1.000051948284201186e+00
1.000270143258712219e+00
9.998560447997131284e-01
1.000290720917933474e+00
9.997472419000565935e-01
1.000376005341819363e+00
9.999091687510405224e-01
9.996875621002894174e-01
9.992008106314785865e-01
9.920353065294290618e-01
9.815909286684377788e-01
9.701622271437893019e-01
9.592874509796782689e-01
9.484087059032366707e-01
9.371810482175222390e-01
9.267404902157690971e-01
9.158588140519970944e-01
9.052803363057552177e-01
8.947066487868298168e-01
8.839798154288672771e-01
8.737375550355322984e-01
8.633535572572521577e-01
8.534201019473893757e-01
8.426815585308226053e-01
