0.000000000000000000e+00
0.000000000000000000e+00
0.000000000000000000e+00
0.000000000000000000e+00
0.000000000000000000e+00
0.000000000000000000e+00
0.000000000000000000e+00
0.000000000000000000e+00
0.000000000000000000e+00
0.000000000000000000e+00
0.000000000000000000e+00
0.000000000000000000e+00
0.000000000000000000e+00
0.000000000000000000e+00
0.000000000000000000e+00
0.000000000000000000e+00
0.000000000000000000e+00
0.000000000000000000e+00
0.000000000000000000e+00
0.000000000000000000e+00
2.389771613144380978e-05
3.468677685411299810e-02
1.019125113268430471e+00
3.326200576654156471e+00
3.288155689058624542e+00
1.819453965052795885e+00
8.350346832594137680e-01
3.831689712272027815e-01
1.988639279078518451e-01
2.304676934905000030e-01
8.602894990564521338e-01
1.758439661247109154e+00
1.915313977342748997e+00
1.460223855759329892e+00
9.915231720289829909e-01
7.193311376191865447e-01
6.151215780976541092e-01
6.172143521800770305e-01
6.708379377182588366e-01
7.514924646493567062e-01
8.425037573326611406e-01
9.344014129996217610e-01
1.019079737544010156e+00
1.090097324862397743e+00
1.148653530719491833e+00
1.186277120862655909e+00
1.206703849784976024e+00
1.205610041726455917e+00
1.183046142477933271e+00
1.154987877038891941e+00
1.115850440191880732e+00
1.078346679216756199e+00
1.042422420815369399e+00
1.006863063655350610e+00
9.766996381784373016e-01
9.565268205482477804e-01
9.405480532170424901e-01
9.302208868296648614e-01
9.230922826122940350e-01
9.229513107909904646e-01
9.248179962225495654e-01
9.295619260538792172e-01
9.407094326984732913e-01
9.553314522957038202e-01
9.645065556492340431e-01
9.786623447985089985e-01
9.862535390162104898e-01
9.944071596262938906e-01
1.001320974247970286e+00
1.007778413837743470e+00
1.011323875768394887e+00
1.015906993535671932e+00
1.016004427056682813e+00
1.019546175380567021e+00
1.020383795701719887e+00
1.020858386673687779e+00
1.019488651057037121e+00
1.015861576746234007e+00
1.014952919424772393e+00
1.010663505604640022e+00
1.006670257228242660e+00
1.000834419571980938e+00
9.993288596821803260e-01
9.993878811565699571e-01
9.966235371017923006e-01
9.924371330643598776e-01
9.942522731505524236e-01
9.934054161105195790e-01
9.950969138789718116e-01
9.935458799687421072e-01
9.931501089446378439e-01
9.963093304451157151e-01
9.945178825808601575e-01
9.950985310812555662e-01
9.962356871034208083e-01
9.963852895022342615e-01
9.965542289222837358e-01
9.954262078874072106e-01
9.966303482090320687e-01
9.950542830344351053e-01
9.959688270486501960e-01
9.971447734001300800e-01
9.989894430662145108e-01
1.000164408367658408e+00
1.001144769333678575e+00
1.003085715259032673e+00
1.001419297977770073e+00
1.002522466116797739e+00
1.002606972260878582e+00
1.002639307739494612e+00
1.000601375860639131e+00
1.002415016887089561e+00
1.001135224407377677e+00
1.002152189318416431e+00
1.000808142910557974e+00
1.000001360450962551e+00
9.995431709626317884e-01
9.997243242530731155e-01
9.994168841446291474e-01
9.995286933924552031e-01
9.981439343593899727e-01
9.978528002121549445e-01
9.963319460837173347e-01
9.942870627998299238e-01
9.947939440052747662e-01
9.963801163729183452e-01
9.972891956637753852e-01
9.973879695573101278e-01
9.981996503324287451e-01
9.997122640270228455e-01
1.000195889892503187e+00
1.001140004643960690e+00
1.001269211780602797e+00
1.002391135870032812e+00
1.002375745001905738e+00
1.003348011702720033e+00
1.002784209548773564e+00
1.003432835977730475e+00
1.002850966803061405e+00
1.001296575726846605e+00
1.000943079194306362e+00
1.000805553143110371e+00
9.991011410017266448e-01
9.987139396602081609e-01
9.976319591671634068e-01
9.969049532084098830e-01
9.963102285561586946e-01
9.969237051601670396e-01
9.964168495935239456e-01
9.969257523555207223e-01
9.972014778718396588e-01
9.975253134185551041e-01
9.984799125742742643e-01
9.987763770415142295e-01
1.000689201642226855e+00
1.000109534673814471e+00
1.000230272238144202e+00
1.000768227085861994e+00
1.001325375965544273e+00
1.001144545263162877e+00
1.002065942283096645e+00
1.000925792331059050e+00
1.001139694717667394e+00
1.001546674298548600e+00
1.000905953635250478e+00
9.997172151198334689e-01
9.995744876926775380e-01
9.997135097165034123e-01
9.995761063930135304e-01
1.000065660845003368e+00
1.000151567517685303e+00
9.988536318503288269e-01
9.988384030372720046e-01
9.994856172460753196e-01
9.987320823508374357e-01
9.983942071676893404e-01
9.992839972980781527e-01
9.992007338317867582e-01
1.000193758606259919e+00
9.992933950397185905e-01
9.994873627833332774e-01
9.998641514713717537e-01
9.995191313032188996e-01
1.000426313432629888e+00
9.997937156961250738e-01
9.998114867858912680e-01
1.000401975719905856e+00
1.000771589451643573e+00
9.998225881016152838e-01
9.997651156241063042e-01
1.000046103274908171e+00
9.995408450046417981e-01
9.998078810002716255e-01
1.000091004291640218e+00
9.999640364098532075e-01
1.000513625393104622e+00
1.000139423197154320e+00
1.000123086783625270e+00
1.000184035334794608e+00
1.000518958347502041e+00
9.998821688714401024e-01
9.998852197557567267e-01
9.997408459826500060e-01
1.000256986863262254e+00
9.996629542177672967e-01
1.000720955896692077e+00
9.993134660890732324e-01
9.999525396899867635e-01
1.000103045977419169e+00
9.995209245227396622e-01
9.996394216427721968e-01
9.995348282057319178e-01
1.000085192504431175e+00
1.000027842480565532e+00
9.995931833230158325e-01
1.000193430103553105e+00
1.000309313531727584e+00
1.000101770657758404e+00
9.998499071822092299e-01
1.000678080903385947e+00
1.000416098562540546e+00
1.000543698286252781e+00
1.000339354667260983e+00
1.000193414881766829e+00
1.000317501854756985e+00
1.000274911909692754e+00
1.000576179557502998e+00
1.000159944744343665e+00
1.000518276335085721e+00
1.000422170684098333e+00
9.999704545568075531e-01
9.999709902633838743e-01
9.996351556930797022e-01
9.998820726514533463e-01
9.992111641282751533e-01
9.991463216637601619e-01
9.997810169072729458e-01
9.995452723126916350e-01
1.000215233351839261e+00
9.996013332497355464e-01
1.000118188656696105e+00
9.998902886069055418e-01
1.000313592651095318e+00
1.000093536226469793e+00
1.000655032572397296e+00
1.000316132863093621e+00
1.000511198986732575e+00
9.999712347285946157e-01
9.998359215319628790e-01
9.996629004113031236e-01
1.000576599706551884e+00
1.000277738928288418e+00
1.000458354945878092e+00
1.000401789292975518e+00
1.000019390883536197e+00
9.997458045118794434e-01
9.997460118844857524e-01
1.000687212483445609e+00
9.998783024008290887e-01
1.000169830759849221e+00
1.000310557046937721e+00
1.000461674124400346e+00
9.999228352908567929e-01
1.000004245160280636e+00
9.996281834117225484e-01
9.926252956778246483e-01
9.812676741423996818e-01
9.706468912635222157e-01
9.592192974401653194e-01
9.482627421823933700e-01
9.374548668777549221e-01
9.267517203830234473e-01
9.159775051172588389e-01
9.054039491069728607e-01
8.944888236890474742e-01
8.837761214399908472e-01
8.735718672084762382e-01
8.632920340794210112e-01
8.532252512745610584e-01
8.428265982072447038e-01
