0.000000000000000000e+00
0.000000000000000000e+00
0.000000000000000000e+00
0.000000000000000000e+00
0.000000000000000000e+00
0.000000000000000000e+00
0.000000000000000000e+00
0.000000000000000000e+00
0.000000000000000000e+00
0.000000000000000000e+00
0.000000000000000000e+00
0.000000000000000000e+00
0.000000000000000000e+00
0.000000000000000000e+00
0.000000000000000000e+00
0.000000000000000000e+00
0.000000000000000000e+00
0.000000000000000000e+00
0.000000000000000000e+00
0.000000000000000000e+00
0.000000000000000000e+00
3.446681600980838062e-02
1.023831519432730985e+00
3.328717347328401743e+00
3.282332822929077576e+00
1.818827061226876429e+00
8.317635318784983856e-01
3.804169722828674161e-01
1.994305579135363660e-01
2.304184388251078186e-01
8.586089139045044449e-01
1.754001644380123848e+00
1.912434294167134619e+00
1.462624612941465063e+00
9.911547441946468862e-01
7.200318300405914584e-01
6.162515500191299012e-01
6.129311746701620045e-01
6.679197410496287013e-01
7.489403987140079710e-01
8.411232109443063099e-01
9.340833529550706116e-01
1.018247835868880902e+00
1.090039870935236133e+00
1.146280002875474935e+00
1.183624731651513606e+00
1.202408462410156309e+00
1.200436549344795267e+00
1.181633095390042021e+00
1.152454989941019470e+00
1.116534580367324336e+00
1.078128839374153936e+00
1.039882823810169388e+00
1.004867543428011878e+00
9.784702878714298668e-01
9.553706163315083266e-01
9.392556089892466487e-01
9.314169075175303680e-01
9.239056538851272427e-01
9.214233675930505463e-01
9.238418505839304240e-01
9.280928556593347478e-01
9.406444028899246801e-01
9.545214123369691883e-01
9.668387441135325444e-01
9.779611523792992589e-01
9.876199550718205433e-01
9.946043440678793424e-01
1.000333601626242075e+00
1.007414140985424922e+00
1.011097712024239703e+00
1.014835029651883325e+00
1.020096959231360678e+00
1.017912278035208340e+00
1.022948256348106488e+00
1.021383329563228637e+00
1.019025618832346547e+00
1.017274233824388086e+00
1.013742463135041350e+00
1.010089211811057597e+00
1.005983324789569533e+00
1.002734097663453339e+00
1.000436748667132170e+00
9.970071934144874026e-01
9.959726406876240334e-01
9.954453107742440299e-01
9.942060198349371714e-01
9.934801966603680201e-01
9.946061406012206563e-01
9.939877831964085697e-01
9.944847421506216589e-01
9.947274495136081418e-01
9.951247505691952489e-01
9.942242651084342020e-01
9.959414173727569874e-01
9.970533786913994279e-01
9.971864811144790508e-01
9.948795783140078619e-01
9.959465511284839589e-01
9.944083032669616129e-01
9.967819315445403117e-01
9.979600100689167697e-01
9.991426262921491164e-01
1.000000115119000998e+00
1.002577302441546969e+00
1.002751233600867264e+00
1.002898669887540395e+00
1.002136785621129178e+00
1.002927051275215975e+00
1.001472617538330168e+00
1.001848267604713572e+00
1.000989080494651073e+00
1.001469048456496758e+00
1.001338057252237235e+00
1.000956535998883234e+00
9.992947534928469100e-01
9.995380902015660318e-01
9.995068873311975244e-01
9.996942726288671199e-01
9.972693725898383876e-01
9.986968174043345803e-01
9.971528726540165311e-01
9.973247607893286348e-01
9.966927127307209089e-01
9.961907447928277648e-01
9.967959320210610930e-01
9.974945739487597329e-01
9.977369377454905486e-01
9.991588914566036372e-01
9.991401891666097379e-01
1.000770204873990599e+00
1.000765840002380891e+00
1.002324707914259649e+00
1.002384980364964040e+00
1.003402078238071260e+00
1.002815948662710399e+00
1.002481647017621880e+00
1.001792677694817391e+00
1.001365495876352485e+00
1.001390968379435309e+00
9.998728398243401649e-01
9.996751641287400236e-01
9.989100343718700925e-01
9.986909185208858730e-01
9.968786923621808516e-01
9.967839480085360915e-01
9.972350890399251933e-01
9.968901458366806745e-01
9.975349447256970370e-01
9.977622611085769089e-01
9.978832760581216599e-01
9.972111375190869653e-01
9.990240407123482935e-01
9.997312743749346975e-01
9.997739995727173978e-01
1.000521594744655074e+00
1.001009951121312191e+00
1.000655358632565495e+00
1.001150054272603951e+00
1.001733808177612373e+00
1.001194862998159740e+00
1.001969374031617788e+00
1.001207746765868878e+00
1.000147120274887280e+00
1.000857371258036643e+00
9.995265337232587255e-01
9.998732816080361241e-01
9.999088220082291700e-01
9.989832653609749258e-01
9.993657194101742691e-01
9.978589133421427171e-01
9.996308791162445972e-01
9.990348783883165051e-01
9.991097860740624226e-01
9.989271423954813045e-01
9.995342035615940590e-01
9.996809002412005984e-01
9.992778757222132713e-01
9.994248208643965459e-01
1.000087107312235934e+00
1.000032421580985043e+00
9.992905317359234152e-01
1.000079353001763094e+00
1.000078527285269248e+00
9.997173061002498917e-01
1.000374838751600937e+00
1.000430466874895563e+00
1.000145067568694257e+00
1.000163563679669076e+00
9.997946954941130393e-01
9.999873885154791919e-01
1.000250858610736815e+00
9.997001837922484535e-01
9.997230129791002673e-01
9.999782977982899501e-01
9.999970373320707928e-01
9.999245687895793600e-01
9.998078287181799695e-01
9.994923611660752050e-01
1.000017023526002413e+00
9.995948821742727253e-01
9.997555597892011647e-01
9.994292844462412395e-01
9.999050712473490643e-01
1.000140946925313967e+00
1.000009645350555143e+00
1.000114949524952390e+00
9.994341438955541834e-01
1.000055891629884508e+00
9.998236116539028773e-01
9.999236008381956475e-01
9.999612781537478012e-01
9.996619264490377299e-01
9.997469559505653969e-01
9.996802747860075167e-01
9.999318887056418692e-01
9.997449014087863572e-01
9.995378667975207687e-01
9.999228209549542168e-01
9.999486684117689927e-01
1.000253946828487006e+00
1.000453880989200961e+00
9.998374875591006239e-01
1.000202871397321891e+00
1.000320638920314975e+00
1.000332273093706315e+00
1.000279343042770108e+00
9.999792212902919308e-01
9.997473420793522303e-01
1.000392689012170599e+00
9.999774978674710324e-01
9.996015923536399894e-01
9.994473665317198385e-01
1.000161161177809177e+00
9.995219846525010832e-01
1.000345741550103140e+00
1.000242070060534116e+00
9.995857039523968757e-01
1.000027225488324900e+00
9.999913438995572390e-01
1.000447904187350856e+00
1.000341671333689675e+00
1.000667974504206192e+00
1.000887742643433498e+00
1.000217816332497733e+00
1.000332007030235504e+00
1.000328665751061497e+00
1.000160270046113409e+00
9.998859542910183418e-01
1.000666181653608877e+00
1.000237095966587608e+00
1.000256939258977962e+00
1.000228072187780093e+00
1.000212698041073045e+00
1.000646010700748656e+00
1.000305289246231633e+00
1.000145234169664832e+00
9.996503373208064369e-01
1.000073123054208590e+00
1.000262766797439751e+00
1.000574604130104239e+00
1.000300778450849970e+00
1.000056390882343216e+00
1.000085207228325723e+00
9.999693888937307706e-01
9.926738547018306713e-01
9.817904841845673802e-01
9.708162336976740026e-01
9.598547297014126123e-01
9.484433774957585772e-01
9.375722292810191316e-01
9.271121890814240096e-01
9.163039441849119005e-01
9.051685844955187354e-01
8.944018873645859236e-01
8.843745861967496902e-01
8.739136317110777208e-01
8.636682302990091875e-01
8.530217689042475238e-01
8.433988997722168257e-01
