0.000000000000000000e+00
0.000000000000000000e+00
0.000000000000000000e+00
0.000000000000000000e+00
0.000000000000000000e+00
0.000000000000000000e+00
0.000000000000000000e+00
0.000000000000000000e+00
0.000000000000000000e+00
0.000000000000000000e+00
0.000000000000000000e+00
0.000000000000000000e+00
0.000000000000000000e+00
0.000000000000000000e+00
0.000000000000000000e+00
0.000000000000000000e+00
0.000000000000000000e+00
0.000000000000000000e+00
0.000000000000000000e+00
0.000000000000000000e+00
0.000000000000000000e+00
0.000000000000000000e+00
0.000000000000000000e+00
0.000000000000000000e+00
0.000000000000000000e+00
3.475431521370905830e-02
8.967989981680346556e-01
3.087920674758304784e+00
3.604691167841767907e+00
2.337015513492155527e+00
1.152119053083585420e+00
5.313258787864664212e-01
3.122475875729553985e-01
2.429130673112576966e-01
2.525149795751366888e-01
2.707848364176241862e-01
3.036651513408051839e-01
3.227637843352587077e-01
3.549948901704458315e-01
3.659791090061001451e-01
3.746586513710782329e-01
4.449783271274442287e-01
5.400138616939658132e-01
6.781771202785605857e-01
8.445275464299688561e-01
1.028918686800444515e+00
1.170424975803380674e+00
1.296069873210776491e+00
1.383553207039350363e+00
1.475611335759754006e+00
1.517259915144171689e+00
1.551445522755800832e+00
1.538398687167702894e+00
1.447319438260921576e+00
1.334863792859271259e+00
1.202951211539088572e+00
1.085980268072509025e+00
9.789857427080187469e-01
9.163717016070429544e-01
8.875242204226007070e-01
8.629371257679526730e-01
8.619313219500948087e-01
8.804503020328067198e-01
8.898488583978210187e-01
9.186466740158031330e-01
9.276440151206321039e-01
9.565563278241832057e-01
9.716696124133288315e-01
9.959720932347898570e-01
1.001145514381394763e+00
1.019174461247633001e+00
1.025317087914193959e+00
1.036926556680694000e+00
1.047390063347134248e+00
1.045769909763718752e+00
1.047717384246608985e+00
1.040777149417646985e+00
1.038309579621112366e+00
1.021521260404855358e+00
1.012306840200344338e+00
1.001900732020164275e+00
9.915703369025381519e-01
9.792800782559517581e-01
9.768541628064721927e-01
9.785630461578169736e-01
9.798610525490218937e-01
9.771402786431850895e-01
9.858994288260284344e-01
9.913691741156763770e-01
9.896527830968924189e-01
1.005460842942187627e+00
1.003968430871310380e+00
1.011183386830563746e+00
1.017207275104845321e+00
1.014948304220755881e+00
1.013259629494008829e+00
1.022379771158077100e+00
1.019727136651552790e+00
1.008948059055184476e+00
1.007866921088505396e+00
1.003388273642837669e+00
1.002940501344206981e+00
1.009451308035688832e+00
9.990655317106159616e-01
9.975643919295450468e-01
9.938254593514995738e-01
9.905878454885922446e-01
9.931736618288441454e-01
9.922061513948240430e-01
9.927819854583697090e-01
9.942037625616220176e-01
9.967955209823960994e-01
9.953222664311529577e-01
9.989220512130732033e-01
9.991616656550036391e-01
9.991378066682381487e-01
1.004550745853336258e+00
1.003243431315734790e+00
1.004268011636348934e+00
1.006168707138367369e+00
1.007674481740948425e+00
1.004598358430366378e+00
9.987318902418177435e-01
1.004390468174426010e+00
1.001891694179465331e+00
1.004030818003348147e+00
1.002918101547820129e+00
9.958725733509646849e-01
1.001311282379245382e+00
9.983886853658979765e-01
9.989401018860656345e-01
9.933989867738632906e-01
9.958273821377834345e-01
9.989453281926484740e-01
9.999167251164736703e-01
9.993154008313392955e-01
9.934701118529272179e-01
9.989983446296685221e-01
9.994384002552219037e-01
9.995126130264710973e-01
9.993741919634554494e-01
1.000198404824016896e+00
9.972433213708047361e-01
9.996700313231557944e-01
1.002118429778895425e+00
1.000945508822034702e+00
9.981642488897649601e-01
9.998750748471217920e-01
9.976219422874158527e-01
9.993047145068713055e-01
1.001434492122162956e+00
9.978518971484423572e-01
9.988820851844349979e-01
9.942842019895866690e-01
1.000533569051196281e+00
9.985856257283191040e-01
1.000028831088195735e+00
9.993966189032922331e-01
1.000653101286921753e+00
9.973980176736270131e-01
9.953511628621493079e-01
9.990350530560613285e-01
9.943952130871186457e-01
9.958981542656631936e-01
9.983898022851560583e-01
9.971398243410847240e-01
1.000546700746690831e+00
9.985098940327525874e-01
9.987497986768325564e-01
9.999232111466086481e-01
9.979517994426915228e-01
9.966629181971993212e-01
9.955384728119034410e-01
9.980125603979966842e-01
1.001242479901668814e+00
9.978698759881469149e-01
9.978267673843989050e-01
9.963103445903292998e-01
9.965841990981236798e-01
9.981377792581019870e-01
1.000007480605005883e+00
1.000878715086300552e+00
9.988297211177564749e-01
1.001573056192418321e+00
1.000875767317004561e+00
1.000315140203302144e+00
9.964922624842756926e-01
9.998483747679455247e-01
9.995564199527232629e-01
1.001152740057142942e+00
1.000303694954486788e+00
1.001903476682713068e+00
9.980203563326437433e-01
1.003689355859674004e+00
9.967245781886987510e-01
9.972058084166305347e-01
1.000234230997230300e+00
9.974833570917742698e-01
9.975384521971617513e-01
9.972289256219040166e-01
9.984973030685905249e-01
9.996591052077909989e-01
9.987184096226747743e-01
9.982030719893990600e-01
1.000612422781281152e+00
9.980908834220267867e-01
9.982477007158920834e-01
9.983660310442290520e-01
9.965226273754154152e-01
1.000218047346838945e+00
9.990023954591261690e-01
9.972575939032418679e-01
9.975428738558144159e-01
9.983551536655911329e-01
9.972622419535449589e-01
9.990444799362289130e-01
9.977500620404781140e-01
9.981242464719217722e-01
9.997128914047120896e-01
9.979863775882492627e-01
9.984470068511160923e-01
9.970924069832264314e-01
9.975877322140758174e-01
9.978784610321822512e-01
1.000076389756276773e+00
9.992508067230815305e-01
9.978633339365362565e-01
9.976557134917583003e-01
1.001625584465558827e+00
9.979905066490153409e-01
9.997644205458602329e-01
9.981298561835389993e-01
1.001897599407050699e+00
1.000715366349667290e+00
9.996089120430251551e-01
9.983667530363746767e-01
1.000203393607915769e+00
9.990292209708666604e-01
9.996350023210038849e-01
9.978545431705160285e-01
9.989357494807479254e-01
9.979837792117427497e-01
1.000552345246465746e+00
9.991667672005560830e-01
9.987524092715895918e-01
1.000245805333975557e+00
9.978111640751027300e-01
1.000005238474223068e+00
9.981724780817994302e-01
9.998155569768688578e-01
9.990751110510482924e-01
1.001389909331772632e+00
9.976955142951998701e-01
9.983975448820934240e-01
9.982498037068303631e-01
9.973382277118092443e-01
9.981181849160978281e-01
1.000442925512863734e+00
9.982402278598374590e-01
9.976627883105668726e-01
1.000814175670002193e+00
9.968430710058370225e-01
1.000521014692733690e+00
9.990776761031905373e-01
9.979117130320621643e-01
9.962373488159618207e-01
9.863663710347820857e-01
9.751233804453619536e-01
9.650908347892036554e-01
9.541909710851045334e-01
9.413415365680392055e-01
9.282709410308385145e-01
9.224543081299846348e-01
9.111724730773248515e-01
9.005281069022870177e-01
8.893702398376360785e-01
8.782836970213251382e-01
8.671484571094272287e-01
8.591803209681276865e-01
8.489424231155147105e-01
