0.000000000000000000e+00
0.000000000000000000e+00
0.000000000000000000e+00
0.000000000000000000e+00
0.000000000000000000e+00
0.000000000000000000e+00
0.000000000000000000e+00
0.000000000000000000e+00
0.000000000000000000e+00
0.000000000000000000e+00
0.000000000000000000e+00
0.000000000000000000e+00
0.000000000000000000e+00
0.000000000000000000e+00
0.000000000000000000e+00
0.000000000000000000e+00
0.000000000000000000e+00
0.000000000000000000e+00
0.000000000000000000e+00
0.000000000000000000e+00
0.000000000000000000e+00
0.000000000000000000e+00
0.000000000000000000e+00
0.000000000000000000e+00
0.000000000000000000e+00
4.094485384249531984e-02
8.534506693817500711e-01
3.005315838263659778e+00
3.543407506189728995e+00
2.285895093803173683e+00
1.116854411212627962e+00
5.481976182783986351e-01
3.052447416019964943e-01
2.349148409050393627e-01
2.361456950951044964e-01
2.573994863770410757e-01
2.921170052483787472e-01
3.150144980668410088e-01
3.333988836452491666e-01
3.387253094664182673e-01
3.768495189625299946e-01
4.211300715088843738e-01
5.190618419197211564e-01
6.737927506502564556e-01
8.337542450294869179e-01
1.007371388240187127e+00
1.168348874520197533e+00
1.274422281667622947e+00
1.367336983751688884e+00
1.459585199964500868e+00
1.525659733896767900e+00
1.547373691346255242e+00
1.541238111776937592e+00
1.462673636977065872e+00
1.329757178820082597e+00
1.209310571385682431e+00
1.085204175506321977e+00
9.865912880163341114e-01
9.293432358904696322e-01
8.854441721273863530e-01
8.632294808299063593e-01
8.688756221899497367e-01
8.948431179849307693e-01
8.938074142778577036e-01
9.149869603985019140e-01
9.401264575006877955e-01
9.617824922703672730e-01
9.744057497898866993e-01
9.970170353601452984e-01
1.005840053915589838e+00
1.027365719010608691e+00
1.039324223757183141e+00
1.044403739627900674e+00
1.046411529248703953e+00
1.043645169502886105e+00
1.046085144275558987e+00
1.051374069968930902e+00
1.040167915816084587e+00
1.025445016452101177e+00
1.015445953817922131e+00
1.002976455558483249e+00
9.864618705347069083e-01
9.804906681534432122e-01
9.805856153836138844e-01
9.759500439950580253e-01
9.807399617539651615e-01
9.773799254870103592e-01
9.936203217168737556e-01
9.879561811979620245e-01
9.961893599645500474e-01
1.000179061183846141e+00
1.004989197464805084e+00
1.010596915706492682e+00
1.011489078408152054e+00
1.013807693147139588e+00
1.017658348926741452e+00
1.010530509048346071e+00
1.019260105789172366e+00
1.017136918809692814e+00
1.011975876706115773e+00
1.007216981473368245e+00
1.003540348486017697e+00
9.991632962341528978e-01
1.003029600498100082e+00
1.001379802896144255e+00
1.005458154142623961e+00
9.957911633930333073e-01
9.979020789268787661e-01
9.915629988775047643e-01
9.990739663782999269e-01
9.933514166798640410e-01
9.942110965473880402e-01
1.001987777910788857e+00
9.984199858425591989e-01
1.005257618680594822e+00
1.000359087334059760e+00
1.001165306600505289e+00
1.007218563316227833e+00
1.009841013562085887e+00
1.005734979730871004e+00
1.003898500457796938e+00
1.005549049442113763e+00
1.006112411708298682e+00
1.006015524727176480e+00
1.003348166789615359e+00
9.995840797333037653e-01
1.000600059203619718e+00
1.000400075545222700e+00
1.001442181675159970e+00
1.002517414685066388e+00
9.968356542685482546e-01
1.000270358851287344e+00
9.992104545501322432e-01
1.000368912521324871e+00
9.937585736655220048e-01
9.999135043655686950e-01
9.959795200471641685e-01
9.985552689875341059e-01
9.999999278322942997e-01
1.002293194572313917e+00
9.995944352806859223e-01
1.003020048311425771e+00
9.994917034081294283e-01
9.998933134207128592e-01
9.997839785662854251e-01
1.001385712422887098e+00
1.002793904469073238e+00
9.971982609057045144e-01
9.975887545441270987e-01
9.986640686218958285e-01
9.994530946102420099e-01
9.991376007260306391e-01
9.990991833105382636e-01
1.000580584142545915e+00
9.992376619377633107e-01
9.954694898681791804e-01
9.946212766667202887e-01
9.966435255265363446e-01
1.000192785363177350e+00
9.975897419146105838e-01
9.998945894394650757e-01
9.981010061483789331e-01
9.987931220378444275e-01
9.976610485796900685e-01
9.976225333953366858e-01
9.971218651155095980e-01
1.000616361395729070e+00
9.987433007764575654e-01
9.965402762904771450e-01
9.961373007401707058e-01
1.000200254078311479e+00
9.969093670883163449e-01
9.983474234964098137e-01
9.983562080242642800e-01
1.003213476250539360e+00
1.001381111567061666e+00
9.997906044140020265e-01
9.962260294458827881e-01
9.991669074500831860e-01
1.002606236271879725e+00
9.974935189964778681e-01
9.976948878245153196e-01
9.967847486675943669e-01
9.983801487937076224e-01
9.992600002636767842e-01
9.975642983099249905e-01
9.981440760182475058e-01
9.980520392663180251e-01
9.982857437134959877e-01
9.991769519378367326e-01
9.957754534190382811e-01
9.995413949144239529e-01
9.977735693178854115e-01
9.971857689184581153e-01
1.000495502786941993e+00
9.958673500527885913e-01
1.000144409181093152e+00
9.960440878644811757e-01
9.990831381455420601e-01
9.964187913377112737e-01
9.982614624198024034e-01
1.000762133450304958e+00
9.973892118193756762e-01
1.000013467518501065e+00
9.980459149589012702e-01
9.981850595510289859e-01
9.961880906344580122e-01
9.979025148381444055e-01
1.000383750704505914e+00
9.993115592686334647e-01
9.984875017510314033e-01
9.973618301488487159e-01
1.000012775143547250e+00
9.984688819846240238e-01
9.981390367359943561e-01
1.000584671760600175e+00
9.982458749633754680e-01
9.985020917380073024e-01
9.993166835551752225e-01
1.001546206962117935e+00
1.000545179032508170e+00
9.998118374465225777e-01
9.965361344522571940e-01
9.986283075316384483e-01
9.988541307528219226e-01
9.967374116839540221e-01
9.979068942795883412e-01
9.962583324210341207e-01
9.996302141197788149e-01
9.977076546191523398e-01
9.976778247331014038e-01
1.001182008610724594e+00
9.981229645661336969e-01
9.984758142964569316e-01
9.988528523085378197e-01
9.973278601884634220e-01
9.986292044408706658e-01
9.994577596256454255e-01
9.969390621031803956e-01
9.975184789832235444e-01
1.000412379301339971e+00
9.981425680364629516e-01
1.000577933843296297e+00
9.977941075118493819e-01
9.996490555358722441e-01
9.997559565286719963e-01
9.977867555891406504e-01
9.979090249501105792e-01
1.000046747882148868e+00
1.000276154736122747e+00
1.000743465600981708e+00
9.998243065876892821e-01
9.988662279474175287e-01
9.985676452344617315e-01
9.984629341179673823e-01
9.992513481445461920e-01
1.000615627475459846e+00
1.000296811586856460e+00
9.987041925558447497e-01
9.995206642951310894e-01
9.983733007184895092e-01
1.000419881737175665e+00
9.971935711270992764e-01
9.984975879893986939e-01
9.982148805576444017e-01
9.961909227644537568e-01
9.869532567202325968e-01
9.753871640203848337e-01
9.633401109833910070e-01
9.533500693498643264e-01
9.419434798425683208e-01
9.328296679019915105e-01
9.210348238523539122e-01
9.058312299484477803e-01
9.000472258405937120e-01
8.897957949215931084e-01
8.787466128441155933e-01
8.669274364155343804e-01
8.568071916629562690e-01
8.472293958632857169e-01
