0.000000000000000000e+00
0.000000000000000000e+00
0.000000000000000000e+00
0.000000000000000000e+00
0.000000000000000000e+00
0.000000000000000000e+00
0.000000000000000000e+00
0.000000000000000000e+00
0.000000000000000000e+00
0.000000000000000000e+00
0.000000000000000000e+00
0.000000000000000000e+00
0.000000000000000000e+00
0.000000000000000000e+00
0.000000000000000000e+00
0.000000000000000000e+00
0.000000000000000000e+00
0.000000000000000000e+00
0.000000000000000000e+00
0.000000000000000000e+00
2.406458057701039914e-05
3.173471887100814959e-02
9.727819871902667614e-01
3.233015948610268087e+00
3.235125090018657446e+00
1.825112334053907270e+00
8.432776340639682733e-01
3.961022273764383539e-01
2.065718556861711463e-01
2.279917350145481969e-01
8.234040011829169003e-01
1.706872169612811518e+00
1.882140005041694764e+00
1.460496909401917343e+00
1.004050687004944820e+00
7.389366503955883125e-01
6.395507543124879790e-01
6.370168035806079709e-01
6.853482967096499179e-01
7.656663717051394036e-01
8.534307038616060215e-01
9.401799555175125445e-01
1.025114638260066435e+00
1.090671741107797077e+00
1.141902182954945832e+00
1.179951820350143565e+00
1.197648336873236907e+00
1.200173429709412876e+00
1.175334168061654250e+00
1.143819840256149023e+00
1.109101694191586773e+00
1.071769378613796286e+00
1.035245800696189322e+00
1.003987959380269412e+00
9.760053934527718189e-01
9.521672791343638309e-01
9.380073097419105999e-01
9.299993551969254479e-01
9.263279096756789066e-01
9.268957888150339830e-01
9.296726847948164618e-01
9.360618995036230627e-01
9.473257871892228899e-01
9.601820764577884137e-01
9.724665584704061949e-01
9.818543938561492546e-01
9.913513399327725795e-01
9.955940425554919981e-01
1.004586556947524967e+00
1.010506582333824843e+00
1.013465523311722460e+00
1.015711428591252963e+00
1.017395741201998494e+00
1.017533569556884565e+00
1.017681975113884807e+00
1.016009598450842599e+00
1.013292479542044822e+00
1.010279544977815025e+00
1.006977029453095973e+00
1.004119293912020261e+00
1.003409829373602680e+00
1.001574517016697419e+00
9.998471212139706799e-01
9.986161186548172530e-01
1.000376591267777338e+00
9.975244020924014521e-01
9.985489726963666657e-01
9.974894556305208271e-01
9.973829508865876825e-01
9.979678355350494190e-01
9.982019500923945410e-01
9.974674242854477679e-01
9.955877836230827560e-01
9.966214345447489409e-01
9.978456307438543504e-01
9.966020821003394037e-01
9.967276042905469646e-01
9.993170598262263171e-01
9.986752143927396519e-01
9.996042691228945731e-01
9.995857357380878438e-01
1.000170630646200154e+00
1.001088417983993395e+00
1.001053323083833879e+00
1.000769066796963758e+00
1.000840939558435894e+00
1.001169305956873368e+00
1.002252799500735758e+00
1.003475721543882315e+00
1.002224440521497284e+00
1.001990046896190201e+00
1.001940853001903609e+00
1.000662514306764228e+00
1.002747571585723252e+00
1.000806077362151214e+00
1.001505165728133306e+00
1.001364736179194859e+00
9.999824555209947397e-01
1.000861663536927404e+00
1.000577023928506559e+00
1.000249272981450499e+00
1.000381184897804143e+00
1.000018582873320128e+00
9.996764323753192238e-01
1.000664264698475137e+00
9.987858859694483948e-01
9.998510518143065573e-01
9.998133324431245361e-01
1.000428144020021559e+00
1.000507623800840129e+00
9.994836098250911016e-01
1.000107237641654878e+00
1.000160085069751403e+00
1.000827296621615403e+00
1.000289765453297619e+00
1.001699369582768950e+00
1.000462106984157717e+00
1.000066940192217757e+00
1.000756857380850295e+00
1.001206032372085941e+00
1.000459887707859430e+00
9.998166214556576392e-01
1.000814340668671143e+00
1.000701874363941535e+00
1.000273808932778508e+00
1.000346324504779449e+00
1.000083293109971683e+00
9.997330868274567628e-01
1.000666407786752421e+00
9.998522725919198884e-01
1.000563620426713651e+00
1.000727981644943698e+00
1.000212436096163060e+00
1.000771765147559389e+00
1.000580275381878437e+00
9.994868271546688554e-01
9.995450560703248444e-01
1.000751657434075126e+00
1.000983468992191705e+00
9.997594791911522671e-01
9.996871818987274061e-01
9.994769877939936320e-01
9.996871242995729601e-01
1.001190333189227788e+00
1.001001855535298635e+00
1.000032441754340251e+00
9.996394241233912403e-01
9.998105365460056015e-01
1.000727300902038541e+00
9.996458970501572727e-01
1.000833270023490762e+00
9.998949647205147562e-01
1.000333363169124912e+00
1.000672400830378894e+00
9.996389769015628923e-01
1.000578694320228168e+00
1.000293140539227688e+00
9.995393815627743317e-01
1.000163504006098547e+00
9.998728743097060612e-01
1.000445944847224267e+00
9.999913856694239156e-01
1.000356636370681285e+00
1.000109627155754577e+00
9.998536080332242060e-01
1.000337914186921973e+00
9.998682625190820072e-01
9.997887405415472051e-01
9.999215044478035885e-01
1.000394928349638501e+00
1.000049231338539846e+00
1.000206034803383215e+00
9.999679541274911765e-01
9.998326412888912662e-01
1.000588422331420313e+00
1.000850235517926956e+00
9.995813426843026539e-01
1.000144279896086008e+00
9.999907997763425316e-01
1.000281906081452732e+00
9.998329409206192508e-01
1.000269475163199528e+00
9.997397772302952790e-01
9.998713359132253009e-01
9.996879090514416699e-01
1.000390998800139819e+00
1.000432646260031699e+00
1.000208540684187186e+00
9.999022116694269435e-01
1.000148432515392871e+00
9.998935451399751928e-01
1.000007133526609637e+00
9.998643003225532455e-01
9.998799783206373526e-01
1.000512426579681202e+00
9.995371204023267842e-01
9.995778064925573414e-01
9.999724489439578701e-01
9.995872715246961748e-01
1.000002322867629800e+00
1.000787223488776245e+00
9.997512744195455880e-01
1.000154672715385384e+00
9.993939728753646889e-01
1.000243583279092130e+00
1.000323731963476792e+00
9.998911598689991242e-01
9.999625326400444214e-01
9.998204842414059046e-01
9.998589877626425926e-01
1.000046049564641271e+00
1.000254763294162741e+00
1.000572123867197849e+00
9.996846027126760070e-01
1.000014568668689430e+00
9.995197294231071838e-01
9.998038766726577986e-01
1.000201491119174113e+00
9.999748292168354480e-01
1.000431792525559915e+00
1.000114020008807891e+00
9.999948266085163517e-01
1.000373021277765284e+00
9.995983899096314573e-01
9.995074232123702940e-01
1.000408609562998485e+00
9.996945655833870958e-01
1.000396485695432380e+00
1.000140164962755929e+00
1.000213691623029311e+00
1.000273593941661820e+00
1.000352412677133263e+00
1.000462623818255681e+00
1.000115762305088696e+00
1.000439261958919523e+00
9.998380444024935754e-01
9.999711141863312225e-01
1.000144806184443125e+00
1.000556164227762945e+00
1.000480486064125429e+00
9.997499870229823449e-01
1.000311288736996040e+00
1.000113682438061424e+00
9.998902561692288860e-01
1.000849683154101610e+00
9.981524868558605545e-01
9.880486074026763044e-01
9.771022911358293594e-01
9.661545334826265874e-01
9.551568999310753316e-01
9.445352395896362552e-01
9.334567481870530425e-01
9.224988602117708547e-01
9.118572518427608964e-01
9.012504984848049849e-01
8.909142362349087296e-01
8.803071338780580346e-01
8.698321394063367462e-01
8.600772212622566082e-01
8.492950311266009855e-01
