0.000000000000000000e+00
0.000000000000000000e+00
0.000000000000000000e+00
0.000000000000000000e+00
0.000000000000000000e+00
0.000000000000000000e+00
0.000000000000000000e+00
0.000000000000000000e+00
0.000000000000000000e+00
0.000000000000000000e+00
0.000000000000000000e+00
0.000000000000000000e+00
0.000000000000000000e+00
0.000000000000000000e+00
0.000000000000000000e+00
0.000000000000000000e+00
0.000000000000000000e+00
0.000000000000000000e+00
0.000000000000000000e+00
0.000000000000000000e+00
1.203413661650530466e-05
3.169582484071942902e-02
9.720521247197967396e-01
3.222861125026781348e+00
3.244148523728925593e+00
1.826971344963193689e+00
8.411671473235597940e-01
3.930798456031656674e-01
2.052460813368786052e-01
2.264226168975981557e-01
8.254496596527274299e-01
1.705854630634093594e+00
1.880436761171626614e+00
1.458922729075253555e+00
1.004893179044118900e+00
7.364492900945275311e-01
6.373215706111510226e-01
6.360786639429887313e-01
6.851190443907586580e-01
7.637188103360835756e-01
8.530744312006089958e-01
9.423389485750653938e-01
1.021273053280803200e+00
1.090264391138056066e+00
1.146555078426533036e+00
1.179231320845325115e+00
1.197453146549418701e+00
1.195320168759949508e+00
1.180000158338760707e+00
1.146239306692658166e+00
1.108375383439263562e+00
1.071350256950179380e+00
1.038137229575621046e+00
9.999943733869279816e-01
9.742137887693833598e-01
9.529784551092691514e-01
9.375253554114488797e-01
9.303899047955730417e-01
9.286545971200669269e-01
9.260164429556526633e-01
9.311613472764065369e-01
9.380283604710082379e-01
9.474012270883687137e-01
9.591853585142863237e-01
9.710546275792583115e-01
9.836179438043242129e-01
9.929583983055785268e-01
9.990396072120687476e-01
1.004968167108712285e+00
1.009433270952827977e+00
1.010968889879334975e+00
1.015874213317702557e+00
1.018685487858800309e+00
1.017295514278183433e+00
1.018583628167617272e+00
1.018104423151850124e+00
1.014212899278889024e+00
1.010951661981961180e+00
1.008130521767928167e+00
1.005603521277464329e+00
1.002697368526873190e+00
9.999424140659279869e-01
9.983588550696466113e-01
9.983239040255369456e-01
9.980102499551988249e-01
9.969232499043053641e-01
9.969924952997585299e-01
9.982166448119202951e-01
9.968081476754812043e-01
9.982264282798659627e-01
9.951571898473319244e-01
9.976984219146658450e-01
9.959841212510174291e-01
9.966378133355925373e-01
9.961703335519539459e-01
9.979008600571069865e-01
9.969696327596907492e-01
9.985477361395835860e-01
9.983488133335315373e-01
9.993688406242103861e-01
1.000805344593884927e+00
9.995174070446014580e-01
1.000310413275207200e+00
1.001681964261919910e+00
1.001468287601383844e+00
1.001874360915842033e+00
1.001603448738565882e+00
1.001462885320112850e+00
1.001226496433697211e+00
1.001888439822342658e+00
1.002704304450496853e+00
1.002315122352905208e+00
1.000847637608892615e+00
1.001311962151672841e+00
1.001015594040211232e+00
1.000044308408699179e+00
1.000663429675722860e+00
1.000361589971262122e+00
9.993866826376589518e-01
9.994482916691200813e-01
1.000743806496007471e+00
9.995063913363221308e-01
1.000170685161747564e+00
9.993628753711921719e-01
9.998662125969676184e-01
1.000360272477478052e+00
1.000432477066089954e+00
9.984821989596111003e-01
9.999812357593634848e-01
9.999043727841070428e-01
1.000480217985304510e+00
1.000132870733634327e+00
9.996370492280410858e-01
9.997845666917678509e-01
1.000765655060434245e+00
1.000036954489294860e+00
1.001153432095703844e+00
1.000961238210062776e+00
1.000673620202984671e+00
9.999830692986683145e-01
1.000771765041591266e+00
1.000668830395732956e+00
1.001176909987206542e+00
1.000800651585846524e+00
9.997298488241841419e-01
1.000833140732275472e+00
1.000069417343890654e+00
1.000824863864199443e+00
1.000153152184441563e+00
1.000007960893654957e+00
1.000339514856004586e+00
9.998514618719603897e-01
9.999981169556058092e-01
9.995580379175670327e-01
1.000563437001836142e+00
1.000192046462595963e+00
1.000051803159120123e+00
9.998230510543126837e-01
9.993410374019073839e-01
1.000430648203972206e+00
1.000336199168176066e+00
1.000313985829998975e+00
1.000193757306400810e+00
1.000150728921730181e+00
1.000113891171444225e+00
1.000122919833184465e+00
1.000078556360690651e+00
1.000539449153332372e+00
1.000152011934194674e+00
9.999468312708269524e-01
9.994858887825360805e-01
9.998531984589856814e-01
9.998014529653734828e-01
1.000405351585352376e+00
1.000422454873531430e+00
9.998118841381187227e-01
1.000686135868410265e+00
9.999056482346736496e-01
1.000099480612902658e+00
1.000291148810003916e+00
1.000489849076212634e+00
9.995115852138244383e-01
1.000692387032674269e+00
9.999447698415904195e-01
1.000165736725529664e+00
1.000353526988558617e+00
1.000589007338154923e+00
1.000257832069590958e+00
1.000163772202598889e+00
1.000270518876006376e+00
1.000259277194595287e+00
1.000482137193652310e+00
1.000607352270649564e+00
1.000234236648545716e+00
1.000955497571224040e+00
9.994119433048136436e-01
1.000052278558089869e+00
1.000183501547857956e+00
9.997569330675650789e-01
9.998983015517397543e-01
1.000609465915760055e+00
1.000151996877867600e+00
9.995222556580097839e-01
1.000730889662164280e+00
1.000312183976361791e+00
9.995930941256629954e-01
1.000943096116637898e+00
1.000204359457389947e+00
1.000030976553067275e+00
9.998651066026040812e-01
9.998586169927083933e-01
1.000266086366110585e+00
1.000303486681674014e+00
1.000227386185762679e+00
9.997288294666383246e-01
1.000153740090608645e+00
9.992526829211417772e-01
9.998256400094426288e-01
9.997020897829824726e-01
1.000473989104510464e+00
9.994626240827131358e-01
1.000483180651682513e+00
1.000567772894619845e+00
1.000348423294143974e+00
1.000384322265380543e+00
9.998727184089570841e-01
9.997670352924278303e-01
9.996453858809007942e-01
1.000239162834656970e+00
9.999424022485249308e-01
1.000035178112908429e+00
1.000406362434081542e+00
9.998940538948977164e-01
1.000505801712393561e+00
1.000311425064406512e+00
1.000771687053712000e+00
9.999691415770094460e-01
9.997663302025079357e-01
1.000087989395101351e+00
1.000214222027091315e+00
1.000253142865568989e+00
1.000009504127140625e+00
1.000054808640900239e+00
9.996934226220660635e-01
1.000200304452160127e+00
9.997078202521785251e-01
1.000447519286809417e+00
1.000032155513632670e+00
9.997839685350183858e-01
1.000006548373698179e+00
1.000249659517751466e+00
9.998748638017235235e-01
1.000134556262959551e+00
1.000033243096156932e+00
9.997478490151224806e-01
9.998742301393556131e-01
9.999803239573580305e-01
1.000115567445510223e+00
1.000124548115504775e+00
1.000440808733283005e+00
1.000551452241700057e+00
9.997801033850829411e-01
1.000068722969534196e+00
1.000122295398869099e+00
9.994958140301485328e-01
9.981745465732965172e-01
9.884325472352807340e-01
9.775528010493381714e-01
9.660960820431185869e-01
9.551442578590881860e-01
9.443023747119344558e-01
9.330772163324573265e-01
9.225921184460627034e-01
9.124013562136468192e-01
9.014901612764061323e-01
8.907657727068857278e-01
8.805259779413373566e-01
8.703383894117460162e-01
8.601138515714905619e-01
8.494074175945175442e-01
