0.000000000000000000e+00
0.000000000000000000e+00
0.000000000000000000e+00
0.000000000000000000e+00
0.000000000000000000e+00
0.000000000000000000e+00
0.000000000000000000e+00
0.000000000000000000e+00
0.000000000000000000e+00
0.000000000000000000e+00
0.000000000000000000e+00
0.000000000000000000e+00
0.000000000000000000e+00
0.000000000000000000e+00
0.000000000000000000e+00
0.000000000000000000e+00
0.000000000000000000e+00
0.000000000000000000e+00
0.000000000000000000e+00
0.000000000000000000e+00
0.000000000000000000e+00
0.000000000000000000e+00
0.000000000000000000e+00
0.000000000000000000e+00
0.000000000000000000e+00
0.000000000000000000e+00
2.558824821898777330e-02
4.767760859467571888e-01
1.626301720484323310e+00
2.149736469107148551e+00
1.551258997526384187e+00
9.074847883704302287e-01
4.976324836459967149e-01
3.204261379444568458e-01
2.573199577147264328e-01
2.411682758183538722e-01
2.508609857517155040e-01
2.591906777032518261e-01
2.494599021863591060e-01
2.379911123925373129e-01
2.369828808320167124e-01
2.537142064548442710e-01
3.255102043979630766e-01
4.115708470538303465e-01
5.462741654670212332e-01
7.120821248301280049e-01
8.869443939325876158e-01
1.036995944283959581e+00
1.203608934127108121e+00
1.307817291572967111e+00
1.379778011540537808e+00
1.467975419641883494e+00
1.533562422069984166e+00
1.544743224979002516e+00
1.473714294854058693e+00
1.391535518601068722e+00
1.263961951335450973e+00
1.154328659019968173e+00
1.057382011623317464e+00
9.694459839453078986e-01
9.191453051836017130e-01
9.022546174670812436e-01
8.722138750828039022e-01
8.714582874700854687e-01
8.938066389212889762e-01
8.837066699495293998e-01
9.076851414245542538e-01
9.039702232124209313e-01
9.294745973968537855e-01
9.411364957767369699e-01
9.707108035189780937e-01
9.839834848527914124e-01
9.983522219064587810e-01
1.021776833674078233e+00
1.017935545796967434e+00
1.029187427641613528e+00
1.031863277106028098e+00
1.028953146678488251e+00
1.036094363977421162e+00
1.032415461639444532e+00
1.013134665365926113e+00
1.006893946815238250e+00
9.991351644018318101e-01
9.836963628700132745e-01
9.822188421986911555e-01
9.768266440343614798e-01
9.842645113035596305e-01
9.803933434451208573e-01
9.707085086801456875e-01
9.793770838458981665e-01
9.828960375354784951e-01
9.860980393438819602e-01
1.006854228101080606e+00
1.003799709194277190e+00
1.007888602143940160e+00
1.002848334878682079e+00
1.007113104914828305e+00
1.017095767983309251e+00
1.011186157298846755e+00
1.008168431970349443e+00
1.009150764304557857e+00
1.003679662370264847e+00
1.006391160215189373e+00
1.011801567680397085e+00
9.962683227407834741e-01
9.939687772603934546e-01
9.925439752637532642e-01
9.982684141671093192e-01
9.931769623665690494e-01
9.896518425278831854e-01
9.998014467263355298e-01
9.927270552985308916e-01
9.962867411522863259e-01
9.935474692304512301e-01
9.940294588053202318e-01
9.973476844636132155e-01
9.950231304002772337e-01
1.002409672857631495e+00
1.009823544876152779e+00
1.005509925828474094e+00
1.001374700637684967e+00
1.002108377007447704e+00
1.001565245133098525e+00
1.005275540113246491e+00
9.921278481320354725e-01
1.000961706852243838e+00
1.002996818449020555e+00
9.990653112504713773e-01
9.992629210034928988e-01
9.964698763582297003e-01
9.989096073602701242e-01
1.000945525880877485e+00
1.001482355613566577e+00
9.953912433570454299e-01
9.946501813700208139e-01
9.933969121341302833e-01
9.950719041001828691e-01
9.890198292859458951e-01
9.989345153435391644e-01
9.970310411920222382e-01
9.981974675892637539e-01
9.937386970344972426e-01
9.950781908426497013e-01
9.959329737639407432e-01
9.973424472991681000e-01
9.999387027974717679e-01
9.949717506974690151e-01
1.001099816234242157e+00
1.003686773340759064e+00
9.985987535263143311e-01
9.982743547984861410e-01
9.932926801966026620e-01
9.967885177452547874e-01
9.981361183705526052e-01
9.955601119438101110e-01
9.979439886993058950e-01
1.001788939678304624e+00
9.950693773021607180e-01
9.978087492366700673e-01
9.930301040026140447e-01
9.960046854074376954e-01
1.006341587648545310e+00
9.934243826279057776e-01
1.000754426135005870e+00
9.971712358998350290e-01
9.983938774714579134e-01
1.003862912778144212e+00
9.977816917826848320e-01
1.000243096130895459e+00
9.970222125659310430e-01
1.004310652140697702e+00
1.000629126136371561e+00
1.000319793758062792e+00
9.939939406483302431e-01
9.960224641903696607e-01
9.950419512659668397e-01
9.976001336367251726e-01
9.935337681289208023e-01
9.962947280570554343e-01
9.959134388161007267e-01
9.931470860263266198e-01
9.979712395911268796e-01
9.958972729951216518e-01
9.945284737526474128e-01
9.963558224540970398e-01
9.935729769205039474e-01
9.971498272724451661e-01
9.938041479114126941e-01
9.959432507858974049e-01
9.928196765387230505e-01
9.975546940431226917e-01
9.961710274321599057e-01
9.970394822973785987e-01
9.968559963855097017e-01
9.943154166773386926e-01
9.939620075605464233e-01
9.973585678738475790e-01
9.973953969200791692e-01
9.979658616313727970e-01
9.924918798235539130e-01
9.943417128669737037e-01
9.955335057044647495e-01
9.950193665368041174e-01
9.930709959789689734e-01
9.992499133975385472e-01
9.936283458755867937e-01
9.929380844615703916e-01
9.957718700229667430e-01
9.952569516224831769e-01
9.956900676640141334e-01
9.921112165883173573e-01
9.929484864424068524e-01
9.949113908119215921e-01
9.957869506361006762e-01
9.954354296128725688e-01
9.986186859041376040e-01
9.974665734427647923e-01
9.954427449144046536e-01
9.983199149582402399e-01
9.956340708920229376e-01
9.974234613910013536e-01
9.998009550020602321e-01
9.941683930376117306e-01
9.957840120523997474e-01
9.938858622270463350e-01
9.986433244281096577e-01
9.961540652036900978e-01
9.965949428904996577e-01
1.000518010826053850e+00
9.978854575535235361e-01
9.960329251495319003e-01
9.961652437005497074e-01
9.950117202062513933e-01
9.973130986741353121e-01
9.964876905317354705e-01
9.954818085335064293e-01
9.984491682115651523e-01
1.000614492955565149e+00
9.991713032301754449e-01
9.959259705400403950e-01
9.963744177042769268e-01
9.989717779383102680e-01
9.948821388286593903e-01
9.960246623431551205e-01
9.959421557803755931e-01
9.944634358250098449e-01
9.952423547495324874e-01
9.950482629326068418e-01
9.961536485856570255e-01
9.983108204321680113e-01
9.950007998931971187e-01
9.957172779894224446e-01
9.946019060895326946e-01
9.968533247174470313e-01
9.931938617512611200e-01
9.955278000613860812e-01
9.950428912048794317e-01
9.951777123462925978e-01
9.959968796972106242e-01
9.953408829078999043e-01
9.961883601802703492e-01
9.967538320075776115e-01
9.940415051058720808e-01
9.959274335480479134e-01
9.935737853560491217e-01
9.960796283335827672e-01
9.968669413346775698e-01
9.971614983745227256e-01
9.962588874458307986e-01
9.973727924574599113e-01
9.955624284769131194e-01
9.967726955497672181e-01
9.916538009318780489e-01
9.802815670327633679e-01
9.715968065021964861e-01
9.597821288839553100e-01
9.482710577618296277e-01
9.366216481974892760e-01
9.243013212247096488e-01
9.169465378286183466e-01
