0.000000000000000000e+00
0.000000000000000000e+00
0.000000000000000000e+00
0.000000000000000000e+00
0.000000000000000000e+00
0.000000000000000000e+00
0.000000000000000000e+00
0.000000000000000000e+00
0.000000000000000000e+00
0.000000000000000000e+00
0.000000000000000000e+00
0.000000000000000000e+00
0.000000000000000000e+00
0.000000000000000000e+00
0.000000000000000000e+00
0.000000000000000000e+00
0.000000000000000000e+00
0.000000000000000000e+00
0.000000000000000000e+00
0.000000000000000000e+00
5.021011081685300371e-05
3.496701622269601101e-02
1.037770512614421659e+00
3.454326609163179018e+00
3.425897752453085143e+00
1.909400611415765336e+00
8.695413363287237685e-01
3.988181430886120205e-01
2.044334158888882758e-01
1.243181318782063671e-01
1.846289039595241099e-01
7.001934431727293573e-01
1.476982536930674161e+00
1.748849048339105483e+00
1.466196460035579685e+00
1.082695129703659109e+00
8.148783461373463322e-01
6.970897429229386821e-01
6.834369726606589479e-01
7.260862672496675163e-01
8.092673874686053814e-01
9.005582535828091650e-01
9.842033781699515149e-01
1.065461490849011872e+00
1.127047313554306873e+00
1.174301519930523119e+00
1.203774627908046568e+00
1.213316725586837785e+00
1.201847599881191719e+00
1.173432474858538743e+00
1.133048789505730403e+00
1.092891731422659607e+00
1.062546193063695243e+00
1.030828629722212009e+00
1.005356044045034647e+00
9.826892204739601233e-01
9.653199406227284118e-01
9.499455303287938079e-01
9.407494377969783939e-01
9.333247143490653874e-01
9.298819870133679943e-01
9.302764885589261956e-01
9.327631801209697038e-01
9.429009354057396042e-01
9.546466566633173834e-01
9.636373672916731525e-01
9.782232115687985452e-01
9.841524351734595166e-01
9.942250710441552508e-01
1.000543111632933968e+00
1.007976321112553642e+00
1.013641920145576636e+00
1.017000813597827902e+00
1.016642422140789037e+00
1.018593338930543934e+00
1.016649047662150362e+00
1.016573321872905167e+00
1.012874047794994459e+00
1.012988964907579170e+00
1.008943086018142088e+00
1.007002221825354038e+00
1.006117879761277534e+00
1.002954406108810259e+00
1.003268164729257395e+00
1.002074378206148531e+00
9.965322523530478760e-01
9.991672787551740820e-01
9.971165063601403755e-01
9.974374782175096099e-01
9.980212934015441073e-01
9.967674607618607352e-01
9.960851309856142421e-01
9.962910362422802146e-01
9.956165400939229748e-01
9.971633895114387913e-01
9.966656905092566854e-01
9.974754321994773187e-01
9.982133872793720331e-01
9.981300445879144334e-01
9.994770359725970721e-01
9.981944544812407782e-01
9.985647295425744696e-01
9.983703653581000870e-01
9.996342445998426252e-01
1.001672099922268355e+00
1.000669859129207806e+00
9.992139959534215299e-01
1.001537957025753212e+00
1.000259795927739503e+00
1.001650331761382073e+00
1.001838822541830876e+00
1.001792673546054724e+00
1.001192412729950965e+00
1.000542874479948052e+00
1.001608559622042538e+00
1.001935362172464927e+00
1.001226894757521801e+00
1.000398320291345344e+00
1.000389832677162305e+00
9.994961624280995771e-01
1.000996647148649998e+00
9.993274139870783612e-01
9.998902460617764554e-01
1.000618910663325867e+00
9.983354659803268527e-01
9.989708447515138756e-01
9.988398112951367702e-01
9.989842091507975530e-01
1.000161138457504428e+00
9.992396385097687128e-01
9.987988778305488813e-01
1.000143582005143417e+00
1.000842391647410290e+00
9.999633981519763237e-01
1.000281941037937328e+00
1.000333138408256328e+00
9.991665498231485643e-01
1.000679986077978478e+00
1.000206110297389595e+00
1.000873129720275534e+00
9.999067152572568284e-01
1.000709714310048959e+00
9.998767731403287451e-01
1.000493795533509589e+00
9.999030359486579256e-01
9.990970334264774877e-01
1.000381843765542289e+00
1.000069472418918526e+00
1.000719528337453035e+00
1.000535663388041563e+00
9.998673332558946081e-01
9.999125258217094192e-01
1.000060216477751007e+00
1.000474494976871798e+00
1.000149450588316169e+00
9.992038975500283637e-01
1.000303306281396853e+00
1.000359019932440141e+00
1.000741980424324273e+00
9.999104201486429533e-01
1.000282425387293284e+00
9.995328373085219376e-01
1.000626474404934907e+00
9.999367742304641204e-01
1.000048794110478312e+00
1.000520962176149498e+00
9.989795268399329631e-01
1.000452282024368422e+00
1.000754364614420577e+00
1.000236536061352988e+00
1.000051830303222422e+00
1.000782629360660092e+00
1.000780815200955187e+00
9.999710122760031572e-01
1.000013393600763578e+00
1.000403980115636138e+00
9.998548197438809071e-01
9.996412302492406754e-01
1.001167573766610364e+00
9.999560319885492099e-01
9.998365163548827983e-01
1.000598132072803903e+00
1.000589412290888713e+00
9.999855578071011886e-01
9.993642843490617711e-01
9.997413247527064950e-01
1.000394247278813209e+00
1.000038506950692740e+00
9.995969626395975194e-01
9.990972632242413054e-01
9.999019636151228463e-01
1.000269392812388025e+00
9.999468503160695576e-01
9.998426393289017167e-01
1.001157542717842963e+00
9.999748723489665370e-01
1.000104953192400892e+00
1.000564929557076432e+00
1.000189307515706894e+00
1.000002117011286495e+00
1.000376310891838871e+00
9.995405797530937386e-01
1.000027152503364380e+00
1.000354155884983776e+00
1.000590281993622765e+00
1.000333992927744609e+00
1.000876448454607548e+00
9.998485200401991957e-01
1.000411354702886779e+00
1.000552135517476016e+00
9.998873004801754893e-01
1.000397468616516461e+00
1.000576460899246678e+00
1.001005001572002451e+00
9.995903900188713997e-01
1.000126347225637424e+00
1.000071406331063839e+00
9.999155572403550796e-01
9.998546043812656103e-01
9.995326256615069127e-01
9.998202396809844350e-01
9.996139791340290515e-01
1.000428840813570863e+00
1.000537489161605897e+00
1.000214653339545956e+00
9.999678883625536807e-01
1.000286825760155818e+00
1.000165168293606799e+00
1.000440907163640869e+00
1.000682019852840554e+00
1.000061546456677553e+00
1.000024300837465185e+00
1.000143954641920185e+00
1.000225267076310320e+00
1.000116965553273340e+00
1.000410911318424079e+00
1.000223537915026828e+00
1.000080420087056554e+00
1.000155221146127538e+00
9.996677556558724032e-01
9.993885392359769249e-01
1.000320140484993070e+00
1.000319668812990725e+00
1.000271936879538970e+00
1.000189399471469232e+00
1.000465919959592442e+00
9.998400570921698316e-01
1.000104528143221705e+00
1.000559188582187620e+00
9.998696438026469790e-01
9.999448705344461397e-01
9.999099892643350529e-01
1.000062879057679099e+00
9.999609964624199820e-01
1.000380181181830253e+00
1.000498800390101639e+00
9.998105820340519312e-01
9.995754177752382841e-01
9.998341449165090156e-01
1.000573088649678200e+00
1.000076872808572714e+00
1.000022019693037167e+00
1.000259041632294954e+00
1.000214719542534825e+00
1.000078718352574558e+00
1.000219977659244419e+00
1.000567695675919966e+00
1.000222580325891508e+00
9.999155355260820333e-01
9.997839633973968354e-01
1.000288675077751765e+00
9.998155238017111257e-01
9.934088300868721966e-01
9.826123833755715520e-01
9.726406740433753972e-01
9.609412590805440635e-01
9.500551429984535057e-01
9.394484262739316582e-01
9.291337198928560914e-01
9.193799735903599446e-01
