0.000000000000000000e+00
0.000000000000000000e+00
0.000000000000000000e+00
0.000000000000000000e+00
0.000000000000000000e+00
0.000000000000000000e+00
0.000000000000000000e+00
0.000000000000000000e+00
0.000000000000000000e+00
0.000000000000000000e+00
0.000000000000000000e+00
0.000000000000000000e+00
0.000000000000000000e+00
0.000000000000000000e+00
0.000000000000000000e+00
0.000000000000000000e+00
0.000000000000000000e+00
0.000000000000000000e+00
0.000000000000000000e+00
0.000000000000000000e+00
1.673602586887986709e-05
3.522426658747077055e-02
1.039367914490705980e+00
3.451550305490753701e+00
3.412552831367971606e+00
1.903471250255493574e+00
8.686948130711907856e-01
3.953419951613237338e-01
2.029442979996347041e-01
1.225833836311339131e-01
1.845382511598512021e-01
6.975137814485534715e-01
1.474338820745185741e+00
1.747104692407541515e+00
1.469635728015117548e+00
1.075328193444267777e+00
8.100352755733757348e-01
6.941302470192336482e-01
6.801822214266585176e-01
7.304751616117867163e-01
8.131886926769371637e-01
9.012733171456425163e-01
9.917304774642984322e-01
1.061373728792546656e+00
1.127804491396507958e+00
1.177036817716768713e+00
1.205521701387250344e+00
1.211690006095578198e+00
1.195802931383103562e+00
1.169503474788226027e+00
1.133493893915041850e+00
1.095295522914391473e+00
1.058320113088405678e+00
1.029848052191838947e+00
1.001916789231341642e+00
9.812791777508357294e-01
9.655541005741872240e-01
9.517474776799141889e-01
9.399364081645319446e-01
9.338571947093471382e-01
9.301672076298480585e-01
9.297943051061139386e-01
9.386519969867743729e-01
9.445637145535190626e-01
9.539434752837114839e-01
9.643329156561265547e-01
9.767121801256312130e-01
9.897186323955331488e-01
9.929554732495650127e-01
1.003022100294112207e+00
1.004885447263930587e+00
1.013388965506249129e+00
1.014600155017947980e+00
1.015713180157575168e+00
1.018372115617968143e+00
1.019918935928544546e+00
1.016354255531541018e+00
1.015961348518804153e+00
1.010890843157394858e+00
1.010215603170192544e+00
1.007619286012364945e+00
1.005011711507801664e+00
1.002409418332489643e+00
1.002488989696682431e+00
1.000435793695295672e+00
9.996135891859875278e-01
9.989933134568443895e-01
9.985664376147678212e-01
9.982503424960178506e-01
9.982882510086507066e-01
9.977302974185645601e-01
9.969505664926811006e-01
9.977051005719969057e-01
9.968773779404784818e-01
9.969780676455224366e-01
9.960638094091822659e-01
9.972069039814016600e-01
9.961113188834835874e-01
9.980294468401859076e-01
9.971542675263342925e-01
9.973976531165225090e-01
9.986328630877879808e-01
9.998203967242963452e-01
9.999516628133492402e-01
1.000532559404378352e+00
1.001035733541096873e+00
1.000931849334070201e+00
9.999597437553314760e-01
1.000913061884424637e+00
1.000638785019408727e+00
1.001027395366729467e+00
1.001412603008167590e+00
1.001375312152148922e+00
1.001471640116894379e+00
1.001365174160328886e+00
9.999199525097276497e-01
9.998745021881694228e-01
1.001625005560992099e+00
9.995878569152929494e-01
9.998813083406541402e-01
1.001675070691945946e+00
1.000582158454975668e+00
9.998164728945099222e-01
1.000177589765758990e+00
9.990407025199758984e-01
9.991840832091682945e-01
9.998654069364395491e-01
9.993730308985294686e-01
1.000059715947737571e+00
1.000664815486130621e+00
1.000050100437285261e+00
9.997589201371278600e-01
9.999760340880688991e-01
9.997555472139866284e-01
1.000364705997931702e+00
1.000162743991954040e+00
1.000923623504108351e+00
1.000632767023975411e+00
9.998109813910809329e-01
1.000643541225003430e+00
1.000957406195031929e+00
1.000311524210873326e+00
1.000232599249250898e+00
1.000467971067610318e+00
1.000316695120873289e+00
1.000856928156294012e+00
1.000135166917662355e+00
1.000777509445274438e+00
1.000054082810400091e+00
9.997746908347058259e-01
9.998746736978761929e-01
1.000439658749777916e+00
1.000665224600349346e+00
9.999739047329259112e-01
1.000223296084940205e+00
1.000785644170547384e+00
1.001022499188098935e+00
9.983507135006935984e-01
1.000154580873647836e+00
1.000261202675812200e+00
1.000164910500459747e+00
9.996733387132256121e-01
1.000070200026382583e+00
9.996833914952188982e-01
1.000101365167967771e+00
1.000493288632426481e+00
1.000342345027451341e+00
9.997382950003754765e-01
1.001505210782781319e+00
1.000147306687961590e+00
1.000198391891785832e+00
9.994849971996646598e-01
9.996981920740436456e-01
1.001436671856492433e+00
1.000231182078672010e+00
1.000677972645950486e+00
1.000702016075679435e+00
9.995893634974899467e-01
1.000042759735968012e+00
9.993085785189662618e-01
1.000386567110594038e+00
1.000398735452364907e+00
9.999843237233857485e-01
9.988553553441307242e-01
1.000239517954046198e+00
1.000150600300681036e+00
9.994506932552053025e-01
1.000436025721468392e+00
9.999348256787818912e-01
9.997959233319793082e-01
1.000238696444998299e+00
9.999553438897994528e-01
1.000329507892150138e+00
9.998237579965160160e-01
1.000041442685995596e+00
9.994517825831111812e-01
1.000157006482582212e+00
9.991878544993373357e-01
1.000010083840069619e+00
1.001056058983016861e+00
1.000097463431158351e+00
1.000176506479225846e+00
9.996941615766683498e-01
1.000259459001366480e+00
1.000911589484273723e+00
1.000525364084450475e+00
9.999308930139252372e-01
1.000725269072927803e+00
9.998266420648287411e-01
1.000579898078587826e+00
1.000030020070850956e+00
1.000856109016082351e+00
1.000039766164767530e+00
9.997912521710257128e-01
9.996648889461889897e-01
1.000474541763048286e+00
9.998965857042992900e-01
9.999840677143677636e-01
1.000269272403198517e+00
9.999701804293431584e-01
1.000197752437898879e+00
9.998959693222129186e-01
9.999528016025003296e-01
9.992910593630797145e-01
1.000224956507362206e+00
9.998843714281362427e-01
1.000051331762917384e+00
1.000752209198897846e+00
1.000070165380171350e+00
1.000003343088944785e+00
9.998889099648654577e-01
1.000736601161711370e+00
1.000261961199443883e+00
9.999969044365772941e-01
9.994189256269877530e-01
1.000280342692165814e+00
1.000244662999376200e+00
9.998341432258840422e-01
9.996518193142650555e-01
1.000360175696318077e+00
9.996196539105242085e-01
9.996854703675543963e-01
1.001010310027812711e+00
9.996736840100315380e-01
9.999394345111031202e-01
9.999332018753123164e-01
1.000143881951617963e+00
9.996632364351961675e-01
1.000619147678116772e+00
1.000123650702731792e+00
1.000526008323971316e+00
1.000204372056317625e+00
1.000372041766394160e+00
1.000277371733521381e+00
9.999491099852879650e-01
1.000293518750688060e+00
9.996210450900229194e-01
1.000152514577811624e+00
1.000307609295502997e+00
9.991978217913498606e-01
1.000236966521096393e+00
1.000159495400011922e+00
1.000053966573363429e+00
1.000329637833406116e+00
1.000090408044432611e+00
1.000351225000864597e+00
1.000582150987219698e+00
1.000129481375234608e+00
1.000349474796994098e+00
1.000251780270887458e+00
9.997743837713516379e-01
1.000166128361768214e+00
9.936658828933665477e-01
9.826663552842483940e-01
9.722982412291891752e-01
9.610119912832096878e-01
9.502239796931186699e-01
9.400438214093809197e-01
9.291062536349817824e-01
9.189509381059802751e-01
