0.000000000000000000e+00
0.000000000000000000e+00
0.000000000000000000e+00
0.000000000000000000e+00
0.000000000000000000e+00
0.000000000000000000e+00
0.000000000000000000e+00
0.000000000000000000e+00
0.000000000000000000e+00
0.000000000000000000e+00
0.000000000000000000e+00
0.000000000000000000e+00
0.000000000000000000e+00
0.000000000000000000e+00
0.000000000000000000e+00
0.000000000000000000e+00
0.000000000000000000e+00
0.000000000000000000e+00
0.000000000000000000e+00
0.000000000000000000e+00
0.000000000000000000e+00
0.000000000000000000e+00
0.000000000000000000e+00
0.000000000000000000e+00
0.000000000000000000e+00
0.000000000000000000e+00
2.347329539676945923e-02
4.237427140332963860e-01
1.478272827817801449e+00
2.003334170731764896e+00
1.443171238820055047e+00
8.605802948764215143e-01
4.850622485681219120e-01
3.272742948896829041e-01
2.454223209821254081e-01
2.302210599986423689e-01
2.256995138784053112e-01
2.232017457386721027e-01
2.335567452316817949e-01
2.261069754878267946e-01
2.303569245310860547e-01
2.622723251033740044e-01
3.428032133888185284e-01
4.331647695198300729e-01
5.531074984215768042e-01
7.106199897635984142e-01
9.216170623663539896e-01
1.083715605039564212e+00
1.201800581338598573e+00
1.323555163804354784e+00
1.438438685986903831e+00
1.512654566693591995e+00
1.538838179480279456e+00
1.565702442862457078e+00
1.494576634867602616e+00
1.350005115731516714e+00
1.293136297666737988e+00
1.128086564530327740e+00
1.044179526869634111e+00
9.808746853208963890e-01
9.397139706132127124e-01
9.076596133528159749e-01
8.832371729406494065e-01
8.870390934214721357e-01
8.832045703036204287e-01
8.924061288451010654e-01
8.942556410858776283e-01
9.092021838108468312e-01
9.531211371385687192e-01
9.484161009492065864e-01
9.669462099812846656e-01
9.933543847117612957e-01
1.007170035467782165e+00
1.022553752314977249e+00
1.033663820576186554e+00
1.046952704012191315e+00
1.043199762608018277e+00
1.045216446957271783e+00
1.040474222491699852e+00
1.017391460902845157e+00
1.028602383575234702e+00
1.003908982193953969e+00
9.997792173711053110e-01
9.965918919083883720e-01
9.723987360534793734e-01
9.654881368451515566e-01
9.625098798834875735e-01
9.751732817373578444e-01
9.603285741763306627e-01
9.795772150958902413e-01
9.701231053901225865e-01
9.680197492820593608e-01
9.683952102352592073e-01
9.883021213166376384e-01
9.830760190983278690e-01
9.997607954297488275e-01
9.934474793629445299e-01
9.982901375057807725e-01
9.839006400662528851e-01
1.012247234964983367e+00
9.977537080346773335e-01
9.912502884302467621e-01
9.896362641702448615e-01
9.820596814370758931e-01
9.840653093332011325e-01
9.759847636501579604e-01
9.850005100816445758e-01
9.873684882468842794e-01
9.658379755260787514e-01
9.772071601449442424e-01
9.870375209642141545e-01
9.909439180959040971e-01
9.767406902787285627e-01
9.759844406546512863e-01
9.848676119648973604e-01
9.964135447050939121e-01
1.000706696238982119e+00
9.928204382134530048e-01
9.942068648846777990e-01
1.006600671592980500e+00
9.978647135606202312e-01
1.000581421853465436e+00
9.898916853986543529e-01
9.948973420698997705e-01
9.905941504525251906e-01
9.956781311123410472e-01
9.989954739215768376e-01
9.999423666989228909e-01
9.921835724860648131e-01
9.900109380444782614e-01
9.937953728518787999e-01
9.794524943811707685e-01
9.880583150216192267e-01
9.775341454715975598e-01
9.900971608409490088e-01
9.969768505282535775e-01
9.738642252575616665e-01
9.816147672623494191e-01
9.864023994587853839e-01
9.890812089299902965e-01
9.835084652066240496e-01
9.947508948049182953e-01
9.874940648531682630e-01
9.858433232475749541e-01
9.890265716628198200e-01
9.876233044054935073e-01
9.800287268196041790e-01
9.844237989476507522e-01
9.844893557211578106e-01
9.837540681108951635e-01
9.781189071371724220e-01
9.875158353818602741e-01
9.821788910740751888e-01
9.853216385877010541e-01
9.792919446485951473e-01
9.824175287770962051e-01
9.821402849509986988e-01
9.849566076751502530e-01
9.831202317977608685e-01
9.873382871041634923e-01
9.857753886531376297e-01
9.714361490121663500e-01
9.841809290085224982e-01
9.843957040526885027e-01
9.834033182620911528e-01
9.823719458615380873e-01
9.868470862188354342e-01
9.914599840881584969e-01
9.904458744339200704e-01
9.855960374705518001e-01
9.946267889442451660e-01
9.907896335337410543e-01
9.858354488424617701e-01
9.917877643348504968e-01
9.961294545865598815e-01
9.911096921106147262e-01
9.913982128242266878e-01
1.004309102235998452e+00
9.946024506537760601e-01
9.950505597283969550e-01
9.901524643626550271e-01
9.890487403249028642e-01
9.867386942641594993e-01
9.896517199039092105e-01
9.917741243676956309e-01
9.942320080676101401e-01
9.910560839927068377e-01
9.957629473320115387e-01
9.840733537104838780e-01
9.876718807655907595e-01
9.894672624365783431e-01
9.945005584226780382e-01
9.928789281960944679e-01
9.945561388321970675e-01
9.940563235547352772e-01
9.951652138198627817e-01
9.963309027330704559e-01
9.893304336852267733e-01
9.887574383135036005e-01
9.917272865123452075e-01
9.964941193126307661e-01
9.880863815164082631e-01
9.930813585044142577e-01
9.899148732889310187e-01
9.874518468353736811e-01
9.857563079969211550e-01
9.985634049397081879e-01
9.939266502909934742e-01
9.942424478174850533e-01
9.922402792362442492e-01
9.949955803813570476e-01
9.953351207465335193e-01
9.949404000159146610e-01
9.953204769585831668e-01
9.951654341838082063e-01
1.000247879059713352e+00
9.940041353052625483e-01
9.992239801089464191e-01
1.002409183841700191e+00
9.945819515573570690e-01
9.936656023830299223e-01
9.969477265946431466e-01
9.896366739564566029e-01
9.988534606806008798e-01
9.935291940028665447e-01
1.001080760588317187e+00
9.866553745115606011e-01
1.003924069573816524e+00
9.977921390313878591e-01
9.950427500125363922e-01
9.993174142472549537e-01
9.955280969322510831e-01
9.910614553700878293e-01
9.959610948328777580e-01
9.952808428070401003e-01
9.982168169863321339e-01
1.003426822450415923e+00
1.002799438907842067e+00
9.965195362956723590e-01
1.001974220802320792e+00
1.000015249689709229e+00
9.963312141270523892e-01
9.945204419181279398e-01
9.960824987303934508e-01
9.919177903814910824e-01
9.985171421935566949e-01
9.899038928488421707e-01
9.970732110176233620e-01
9.963328667602530109e-01
9.960881132531123061e-01
9.984598670486136696e-01
9.966612660812480540e-01
9.978714412685377733e-01
9.977914176487145959e-01
9.978457482881591956e-01
9.898903115067407832e-01
9.914116536980615013e-01
9.961421037277102819e-01
9.945156933969535595e-01
1.002981662950847452e+00
9.924962576352471810e-01
9.918829272642307737e-01
9.980856395958920269e-01
9.967473361357591655e-01
9.939611850723052422e-01
9.911525917758587934e-01
9.979319123383357804e-01
9.983726142410569437e-01
9.939325695084582080e-01
9.940530407878491737e-01
9.968412359433836967e-01
9.977198058245946299e-01
1.000397531068643930e+00
9.979690170600046262e-01
9.973530215403225707e-01
9.906739201951003659e-01
9.918637782135676373e-01
9.967114679040475211e-01
1.000088271183986022e+00
9.984880711923966867e-01
