0.000000000000000000e+00
0.000000000000000000e+00
0.000000000000000000e+00
0.000000000000000000e+00
0.000000000000000000e+00
0.000000000000000000e+00
0.000000000000000000e+00
0.000000000000000000e+00
0.000000000000000000e+00
0.000000000000000000e+00
0.000000000000000000e+00
0.000000000000000000e+00
0.000000000000000000e+00
0.000000000000000000e+00
0.000000000000000000e+00
0.000000000000000000e+00
0.000000000000000000e+00
0.000000000000000000e+00
0.000000000000000000e+00
0.000000000000000000e+00
0.000000000000000000e+00
0.000000000000000000e+00
0.000000000000000000e+00
0.000000000000000000e+00
0.000000000000000000e+00
0.000000000000000000e+00
2.065467304129014678e-02
3.792423032770171898e-01
1.331220674153523076e+00
1.774354428884358237e+00
1.280027794163359989e+00
7.315946231282522971e-01
4.201003848593972134e-01
2.878818905154150731e-01
2.564796258116641692e-01
2.469425545746474771e-01
2.479505444002914061e-01
2.602227134870818692e-01
2.482154856491506356e-01
2.277773269887579666e-01
2.319444589205623131e-01
2.530608071149943461e-01
3.234257449166518250e-01
4.146584281472047162e-01
5.354112618088463504e-01
7.303036264058234694e-01
9.148267710805400021e-01
1.055272612970736823e+00
1.209823162148960352e+00
1.301640824065906976e+00
1.428486435861138437e+00
1.500338906207424827e+00
1.566212988873333156e+00
1.551741949056030689e+00
1.499994068171786266e+00
1.409181228224315241e+00
1.270300929848642735e+00
1.132573601470448166e+00
1.043894365214271147e+00
9.381367834406987294e-01
9.122488694941653931e-01
8.871822611426265492e-01
8.813021816118361551e-01
8.902310263311438154e-01
8.796394835266845291e-01
9.032391528812721004e-01
9.152001414326741413e-01
9.341579826912592699e-01
9.585172125733941728e-01
9.645767659409679728e-01
9.863623292707556223e-01
9.988125335626959478e-01
1.013227750079158218e+00
1.025758757611271665e+00
1.036542395131694994e+00
1.041538952948245944e+00
1.052909746919068912e+00
1.015592554674284331e+00
1.041773153939925534e+00
1.005512313665174018e+00
1.009687127869133283e+00
1.007195274895156256e+00
1.001337668262657798e+00
9.788187236886799480e-01
9.861645694047626032e-01
9.704538393337520663e-01
9.762604385688118391e-01
9.750007898527515149e-01
9.827216114580408224e-01
9.858289048466800653e-01
9.867022840284053187e-01
9.879385094494883557e-01
9.839534530505406051e-01
9.715457751398353103e-01
1.003294163724230303e+00
1.004660949414820426e+00
1.000440227711773211e+00
1.001392499395862057e+00
9.958427223550920804e-01
9.957067856837081843e-01
9.869588483747872010e-01
1.008571598298503735e+00
1.000908315831496198e+00
9.824651538362567660e-01
9.882049090058999674e-01
9.910051961417838395e-01
9.818903127286749966e-01
9.935005044506864946e-01
9.943183294594351018e-01
9.864145417187691889e-01
9.856541114706056650e-01
9.936141160668826577e-01
1.002495474951421661e+00
9.831151868366108104e-01
9.978572669952774365e-01
9.933101724956481249e-01
9.930390883810662483e-01
9.954071329462991224e-01
1.003604056051896176e+00
9.982924918660672775e-01
9.964140659568649916e-01
9.928994674165620982e-01
9.963511529253858967e-01
1.005357884180585026e+00
9.858269793059180053e-01
9.921988833022415966e-01
9.957341778929259535e-01
9.789643311418571026e-01
9.978859920154591334e-01
1.000185457276600021e+00
9.934363683537318357e-01
1.005104449783767784e+00
1.000928382598298860e+00
9.984254331097832669e-01
9.826830943009406960e-01
9.870841207089786629e-01
9.836162718376603165e-01
9.971524729569588574e-01
9.947024673439762710e-01
9.756435388600893654e-01
9.814171726991103295e-01
9.858368811761762940e-01
9.891276661254279068e-01
9.963228496430970305e-01
9.947812209883454271e-01
9.994027638040092754e-01
9.843968206350751649e-01
9.916105415719854710e-01
9.855384746833651954e-01
9.915736612511338866e-01
9.894731351765398975e-01
9.879455351417962827e-01
9.847855301445486154e-01
9.942175387453406898e-01
9.929342851436525619e-01
9.808307416088344333e-01
9.927681891590486307e-01
9.837795199579263405e-01
9.808021228715800843e-01
9.881061216694700944e-01
9.905515569778390317e-01
9.894514256960308396e-01
9.858417698662992334e-01
9.921524756103601295e-01
9.839741373368081634e-01
9.824053361589273337e-01
9.938715694302727721e-01
9.952266430232427075e-01
9.920999965479748717e-01
9.845218738309977624e-01
9.895712900811207691e-01
9.879667645652019381e-01
9.957199834413099637e-01
9.889837269509843543e-01
9.844128576508273110e-01
9.935695249683512698e-01
9.901039216111573449e-01
9.842751471962277732e-01
9.916584908667414044e-01
9.853438954285244078e-01
9.863408892827177921e-01
9.936250222727244230e-01
9.911256089769338029e-01
9.893683398396374562e-01
9.909695567560315999e-01
9.887785261987463992e-01
9.923143137149487147e-01
9.992383764058971884e-01
9.856749120481609339e-01
9.844812795607438272e-01
9.884529602185395669e-01
9.970197182980526929e-01
9.968481401867295144e-01
9.907874674778973656e-01
9.922253114495810378e-01
9.946630804561479300e-01
9.955084338118711518e-01
9.908488046852277353e-01
9.920335659462969913e-01
9.993599055228109540e-01
9.966354759985983636e-01
9.859526429988632046e-01
9.896809842247079603e-01
9.893336685280280651e-01
9.896821537767820365e-01
1.000002781491015291e+00
9.903567925771353808e-01
1.004114716369554072e+00
9.935628172342115816e-01
9.888321999476349378e-01
9.992825248181868014e-01
9.958955997204712585e-01
9.895808997502540949e-01
9.981254739055113179e-01
9.906346283074212167e-01
9.970072804385697873e-01
9.939020293981730703e-01
9.953720943462984749e-01
9.920586318369544188e-01
9.916746238919726952e-01
9.931030212870238794e-01
9.946150247589194970e-01
1.003187983234808289e+00
1.005695250605661339e+00
9.941346324098393472e-01
9.952605882457126185e-01
1.000526389551878337e+00
9.993761554278253190e-01
9.977795758514528268e-01
9.894462412076259206e-01
9.939420187163977571e-01
9.963134925743813985e-01
9.915713778470294226e-01
9.984730637515980556e-01
9.964758127439308222e-01
9.951679718328714230e-01
9.954512051413579865e-01
9.979412225867525521e-01
9.932434811974175659e-01
9.924706400290910224e-01
1.002115560883440448e+00
9.960960740356993304e-01
9.997584704663394772e-01
9.956495708147310442e-01
9.946096061818430201e-01
9.974550223650676672e-01
9.956328285827480418e-01
9.935833712057908773e-01
9.930946689607892397e-01
9.960846410195574041e-01
9.938320055201360637e-01
9.950510037206149461e-01
9.964489771836816390e-01
9.983187393351250494e-01
1.000221062526993165e+00
1.000388407046924888e+00
1.001406215966724300e+00
1.001493627841642420e+00
9.988681041522460280e-01
9.974388529323195973e-01
9.971793983041835618e-01
9.967321943026176134e-01
9.945907267334344048e-01
9.944842711360820653e-01
9.998581275150708603e-01
9.949469045897235686e-01
9.984378067682295743e-01
9.984777287448438621e-01
9.924817666200600463e-01
9.953994868255847672e-01
9.913279939302307442e-01
9.988480254037893635e-01
9.964373048763002227e-01
9.977043888281716955e-01
9.954007575736953939e-01
9.961636135852113272e-01
9.982273663197157587e-01
9.955700070462042417e-01
9.982399843057214728e-01
9.989567618281035566e-01
