0.000000000000000000e+00
0.000000000000000000e+00
0.000000000000000000e+00
0.000000000000000000e+00
0.000000000000000000e+00
0.000000000000000000e+00
0.000000000000000000e+00
0.000000000000000000e+00
0.000000000000000000e+00
0.000000000000000000e+00
0.000000000000000000e+00
0.000000000000000000e+00
0.000000000000000000e+00
0.000000000000000000e+00
0.000000000000000000e+00
0.000000000000000000e+00
0.000000000000000000e+00
0.000000000000000000e+00
0.000000000000000000e+00
0.000000000000000000e+00
0.000000000000000000e+00
0.000000000000000000e+00
0.000000000000000000e+00
0.000000000000000000e+00
0.000000000000000000e+00
0.000000000000000000e+00
2.065667599641249699e-02
4.560068632984935477e-01
1.600055296435218155e+00
2.115490283616451084e+00
1.579279428918235917e+00
8.884986116437952886e-01
5.000491165410674288e-01
3.378533815294942899e-01
2.553965207731063169e-01
2.474897520353264713e-01
2.410451845956692041e-01
2.560277113039265418e-01
2.388972187522659107e-01
2.273767981650983427e-01
2.476458447822721953e-01
2.703151010480319694e-01
3.322189630194324339e-01
4.383957671961569158e-01
5.740911671387993742e-01
7.377005441516126805e-01
9.661508125495247290e-01
1.105937119203131980e+00
1.235731779545760078e+00
1.398383826215635839e+00
1.498440332331130387e+00
1.558912741869937335e+00
1.645795793931568829e+00
1.644277967825229503e+00
1.578954150201278051e+00
1.448281368645440326e+00
1.335907928793919508e+00
1.210469527591446548e+00
1.102380864055588328e+00
1.004538955171822900e+00
9.728716454081726139e-01
9.303329096728530923e-01
9.359152640594607941e-01
9.107600898517818067e-01
9.282286808137262257e-01
9.455958129471034868e-01
9.533141990179659908e-01
9.644977687637479313e-01
1.001895932669744749e+00
9.923845235037548340e-01
1.022811731591442896e+00
1.030641325003060382e+00
1.028255635211565711e+00
1.033182352371097235e+00
1.067771933171808296e+00
1.051704758856667699e+00
1.050194919711879393e+00
1.064109666475706595e+00
1.069483474920604582e+00
1.056839881049923102e+00
1.029934021255139998e+00
1.032708637378391803e+00
1.019068493816706278e+00
1.025920523270737128e+00
9.991900035234786426e-01
1.015471669391314835e+00
9.943346305889659842e-01
1.009203575372854989e+00
1.001424273337848003e+00
1.006423483741580416e+00
1.024559868295878973e+00
1.003078626333269607e+00
1.004164665462246031e+00
1.014787178628737907e+00
1.032633711201809135e+00
1.041778925759990759e+00
1.028438239128815379e+00
1.035342024891074519e+00
1.031826687742857906e+00
1.021381258843826911e+00
1.029493163585042614e+00
1.021727512889053280e+00
1.033016558230106519e+00
1.032177955821242721e+00
1.034919930030066215e+00
1.028783056332771118e+00
1.014718511429024916e+00
1.013683469642072232e+00
1.012620396721547467e+00
1.023524331542579269e+00
1.023015061194979092e+00
1.024634785728922637e+00
1.022444534305646746e+00
1.029128225571321220e+00
1.014754333190087454e+00
1.016590737104060782e+00
1.022239602873026065e+00
1.013892967194530037e+00
1.015535673870208377e+00
1.023926361716226197e+00
1.019445698372988929e+00
1.027437314518724554e+00
1.019035527093201443e+00
1.020415166805704432e+00
1.026169661424131352e+00
1.015783675445915746e+00
1.007039836123020393e+00
1.024574421815667380e+00
1.012400114369987003e+00
1.016915844195005691e+00
1.020638277376200831e+00
1.023544979110174502e+00
1.017365000342729919e+00
1.007180646976695959e+00
1.014055347824059705e+00
1.017745334619283515e+00
1.019883386946126125e+00
1.025432167905695691e+00
1.006831375576560328e+00
1.015961907487586746e+00
1.017023433703982960e+00
1.012116473263688254e+00
1.019977587188075407e+00
1.025208962590657968e+00
1.019322571131400457e+00
1.012676099912768191e+00
1.018045143403621733e+00
1.011499602569680523e+00
1.021249743972270974e+00
1.021116086709165538e+00
1.003747960003323225e+00
1.031023522061661257e+00
1.015590410498376173e+00
1.006180704069277843e+00
1.013336048371476394e+00
1.022025046024896078e+00
1.010365369025322702e+00
1.014287118707779989e+00
1.024340505017473424e+00
1.015834257983740496e+00
1.016426355519926883e+00
1.011645279562170874e+00
1.012833451774527882e+00
1.015609985322799558e+00
1.021940061121541010e+00
1.011705086211146076e+00
1.010547995052393455e+00
1.019673938383615974e+00
1.010312596593569534e+00
1.010095390000206317e+00
1.008518354293594044e+00
1.016021415122714266e+00
1.010044497768286309e+00
1.008927491503723406e+00
1.010842743104087837e+00
1.018480851960889888e+00
1.004065475295861543e+00
1.011957304867990848e+00
1.012637947326989529e+00
1.015157514527889049e+00
1.002831637532795028e+00
1.011177277010308240e+00
1.011318295346501417e+00
1.013905692651909884e+00
1.008423673012116772e+00
1.014746189481098071e+00
1.010649547523030600e+00
1.008732950688668417e+00
1.003476079844802138e+00
1.012342906284164457e+00
1.005084997289414694e+00
1.014145683075179383e+00
1.004775059414412919e+00
1.006893180954343547e+00
1.009596474527507004e+00
1.009908584662320363e+00
1.007321080785687384e+00
1.008392286090853185e+00
1.009987487569786069e+00
1.007459688750086180e+00
1.010724982371487890e+00
1.005262273491516867e+00
1.006389341450860897e+00
1.012280824189921935e+00
1.004884504340366913e+00
1.000849356468613172e+00
1.005762981732360783e+00
1.001945429825620515e+00
1.003807603672705495e+00
1.007018246559153729e+00
1.010630766238078460e+00
1.008051234626057058e+00
1.005609371743486413e+00
1.005745339576000541e+00
1.006855062217767216e+00
1.009032014273799405e+00
1.011205072718699194e+00
1.006634644531487099e+00
1.006188647238416056e+00
1.007209945605069823e+00
1.004687568377008899e+00
1.004913402289087765e+00
1.004683983163684013e+00
9.968685025206031058e-01
1.006150858588768182e+00
1.000713133536230037e+00
1.005533824954792710e+00
9.994095102230995398e-01
1.005542976936516952e+00
1.003126855505833692e+00
1.006773172623138146e+00
1.003633253825603200e+00
9.993654161854542695e-01
1.002851707957911787e+00
9.916197680976839290e-01
9.928746029756315705e-01
9.992970270495962204e-01
9.994293357405612532e-01
1.000156641164271498e+00
9.977750218883224553e-01
9.978803233005769657e-01
1.002626401042358673e+00
9.975566926639103382e-01
1.001918889699028758e+00
9.993613289824808676e-01
9.967093361695023024e-01
9.999296390514799127e-01
9.994824085979603367e-01
1.000046920594181321e+00
9.967322556638705811e-01
9.982267246979003028e-01
9.934690464130089271e-01
9.960181553348891326e-01
9.979538655596338348e-01
9.971822260287104278e-01
9.993440030891111991e-01
9.940862371579192169e-01
1.001680330736126390e+00
9.993006003757169964e-01
9.974181081352895273e-01
9.973830568800644558e-01
9.960188688012283631e-01
9.918354038516742355e-01
9.945618172121315492e-01
1.000690431158739235e+00
9.960818523394180390e-01
9.950991659981094362e-01
9.939758870196455653e-01
9.940874189645317882e-01
9.887045103301740356e-01
9.943261887878040994e-01
9.882452806422580283e-01
9.940118531207168262e-01
9.903076792222561542e-01
9.910514853751267728e-01
9.864598200116619919e-01
9.878526872976266526e-01
9.922754577170693757e-01
9.956756710632402863e-01
9.893797779971863493e-01
