0.000000000000000000e+00
0.000000000000000000e+00
0.000000000000000000e+00
0.000000000000000000e+00
0.000000000000000000e+00
0.000000000000000000e+00
0.000000000000000000e+00
0.000000000000000000e+00
0.000000000000000000e+00
0.000000000000000000e+00
0.000000000000000000e+00
0.000000000000000000e+00
0.000000000000000000e+00
0.000000000000000000e+00
0.000000000000000000e+00
0.000000000000000000e+00
0.000000000000000000e+00
0.000000000000000000e+00
0.000000000000000000e+00
0.000000000000000000e+00
0.000000000000000000e+00
0.000000000000000000e+00
0.000000000000000000e+00
0.000000000000000000e+00
0.000000000000000000e+00
3.121628815553033082e-04
2.876054262006762230e-02
5.729281928145786296e-01
1.966413967580409317e+00
2.474256381331659593e+00
1.790211512298714114e+00
1.014606383407606671e+00
5.384023143052018012e-01
3.378876247746044892e-01
2.748393989232847390e-01
2.606215781902931350e-01
2.657362871300246177e-01
2.809851790700099161e-01
2.760286767367815530e-01
2.682151026311742625e-01
2.680671626959125198e-01
2.966176594131192390e-01
3.584610609736053055e-01
4.522933874495504436e-01
5.827351953025384779e-01
7.559186264334393224e-01
8.979128771742390658e-01
1.056872260785566287e+00
1.192514315784771295e+00
1.291713145126833551e+00
1.376068205457346538e+00
1.463370667389892077e+00
1.527619628333113377e+00
1.517680655443718329e+00
1.472989547729664839e+00
1.382229370857120498e+00
1.272399748505190775e+00
1.173605731576964128e+00
1.068130395250955766e+00
1.009162520658269946e+00
9.605488382638582845e-01
9.312031551356162451e-01
9.073343256628917386e-01
9.037776415670230046e-01
9.011015517764801031e-01
9.054059794919596671e-01
9.069113116379591277e-01
9.225448935129535455e-01
9.365395815231155607e-01
9.526938856142140866e-01
9.762407170831681746e-01
9.900655302588944329e-01
1.004557335759622916e+00
1.023855459865467887e+00
1.025723781701781689e+00
1.033064230096593317e+00
1.047581870417716443e+00
1.043401625095087937e+00
1.031021829917450061e+00
1.037303533148802304e+00
1.020041084764917283e+00
1.011713170864721345e+00
9.979390980602292904e-01
9.915186536512015092e-01
9.870683653243574884e-01
9.811930495413070386e-01
9.757716878321996967e-01
9.774200154912902061e-01
9.818683952670611559e-01
9.857863354468928696e-01
9.881149426566860905e-01
9.918526587255035443e-01
1.000525201154665922e+00
1.002657106169208889e+00
1.009385423890631017e+00
1.007756088826899044e+00
1.013530895255899011e+00
1.016743818041530245e+00
1.011719261003050097e+00
1.011416769739628352e+00
1.010503838178183456e+00
1.008612592205273994e+00
1.009771339768827492e+00
1.008148297084079381e+00
1.006169772483586966e+00
1.005069677982149301e+00
9.997971934889129386e-01
9.941419972658152027e-01
9.995438098992894815e-01
9.914532809580794970e-01
9.955112264693166679e-01
9.962683470324720236e-01
9.929195280377379751e-01
9.977438636178049824e-01
9.993532853268760618e-01
9.917715436127506612e-01
1.000029684022440080e+00
1.004327885250924091e+00
1.001407053282845627e+00
1.002437631166472443e+00
1.001185066524868716e+00
1.002484996545165652e+00
1.003291303699028525e+00
1.007107949571711680e+00
1.002834377140348510e+00
1.005767230904173859e+00
1.002722810475843440e+00
1.003308786804639752e+00
1.003828908967613343e+00
1.004782324007312377e+00
1.002644379374094452e+00
9.987762054717527205e-01
9.999170732590968447e-01
1.000439087956303208e+00
9.978388116722450851e-01
1.003388203180513694e+00
1.001662610528936570e+00
9.974810223351733285e-01
9.975750561826336460e-01
9.977516648657928089e-01
9.988454534408176544e-01
1.000528649082226718e+00
9.982973768913455670e-01
1.000812290747278510e+00
1.003478190578975804e+00
1.002289396096346374e+00
9.997482996514803766e-01
9.987886872226533486e-01
1.003646687631744250e+00
1.002894957948503585e+00
1.002782579946264629e+00
9.984375355698543730e-01
9.947439882031576808e-01
1.002581041175575782e+00
1.000730563437222997e+00
1.000821786474818342e+00
1.000004240561472413e+00
1.001283130683499056e+00
1.005634093900640957e+00
9.983464900962680799e-01
9.967965797587159393e-01
9.967495033272760763e-01
1.000160687185565944e+00
1.000737154398960715e+00
9.999916269248689815e-01
9.990501684729110599e-01
9.965432606314043040e-01
1.000743260259473022e+00
1.001069868175649802e+00
9.980616783765631217e-01
9.997722729700707633e-01
9.981070262281683814e-01
9.982278458433175850e-01
9.983975936423753472e-01
1.000781317203343512e+00
9.983399472120139118e-01
1.000180734757384338e+00
9.991493149818984065e-01
9.964534370043859335e-01
9.952581585757340754e-01
9.967604445279805159e-01
9.980830130853197701e-01
9.991095812325124781e-01
9.993823192084154705e-01
9.990805533183881870e-01
9.977419443558520618e-01
1.002006822138799658e+00
9.968359297748934367e-01
9.992825962868672196e-01
9.956524092940225446e-01
9.987979898832488601e-01
1.000932477822678690e+00
9.994462009991983420e-01
9.986365332200786149e-01
1.000940669278871153e+00
9.977144467189071886e-01
1.000855748550018465e+00
9.954276624618192404e-01
9.983761579716371459e-01
9.976859722112999540e-01
1.000530170450165457e+00
9.969914579107286290e-01
9.979911852396198269e-01
9.981461682093889509e-01
9.999931060199567234e-01
9.966059880937122584e-01
9.967960881032447151e-01
9.995106205738423233e-01
9.974107781600387579e-01
9.968618304964448340e-01
9.964271703306152306e-01
9.973403306975182625e-01
9.968210177570869801e-01
9.970025116782413876e-01
9.980329891120767183e-01
9.979173361508381079e-01
9.955415283812869554e-01
9.943901696795079959e-01
9.973385167865511658e-01
9.972783148215618176e-01
9.954307669475839226e-01
9.965157585445498789e-01
9.934813951344023675e-01
9.962180771075743735e-01
9.954912631597593320e-01
9.946862307933063141e-01
9.962684449607389636e-01
9.969980192575994549e-01
9.974686712100147012e-01
9.965943637849236092e-01
9.977609768554257519e-01
9.967660278774260751e-01
9.982280127971286943e-01
9.999523812357496988e-01
9.989918048965975572e-01
9.974330977940660814e-01
9.975454640522014582e-01
9.995460743320642161e-01
9.970847563196425511e-01
9.972574676114241976e-01
9.977561029432738815e-01
9.998900566878099472e-01
9.972168359557728179e-01
9.972928160583438562e-01
9.987519944434044561e-01
9.985274526676549689e-01
9.951113703363797525e-01
9.967850509133088233e-01
9.973015957879699522e-01
9.974403181674343921e-01
9.967006561037279333e-01
9.967323440375744914e-01
9.961002106518563881e-01
9.984892065066286460e-01
9.959298585667821779e-01
9.982872015411256017e-01
9.988604338521037684e-01
9.943260274979174307e-01
9.974891719865648376e-01
9.979739553337785285e-01
9.976710230576077976e-01
9.966295436790828521e-01
9.971540952321555906e-01
9.933731659402074143e-01
9.807703529360847217e-01
9.715371550725255823e-01
9.601122252943686819e-01
9.466205884087482980e-01
9.374015800433426193e-01
9.291288206751255885e-01
9.185429059994181245e-01
9.071538219107230239e-01
8.955008850885942673e-01
8.865802047479801606e-01
8.730654537645438085e-01
8.667161854175960967e-01
8.534600825156782866e-01
8.448367367661244742e-01
8.327370601904835468e-01
8.246606429105395319e-01
