0.000000000000000000e+00
0.000000000000000000e+00
0.000000000000000000e+00
0.000000000000000000e+00
0.000000000000000000e+00
0.000000000000000000e+00
0.000000000000000000e+00
0.000000000000000000e+00
0.000000000000000000e+00
0.000000000000000000e+00
0.000000000000000000e+00
0.000000000000000000e+00
0.000000000000000000e+00
0.000000000000000000e+00
0.000000000000000000e+00
0.000000000000000000e+00
0.000000000000000000e+00
0.000000000000000000e+00
0.000000000000000000e+00
0.000000000000000000e+00
1.311118224436408727e-05
3.503322075054825235e-02
1.044062379534010709e+00
3.444024375640483804e+00
3.434646243148339106e+00
1.916588635380637617e+00
8.712612333903294592e-01
4.024949080434910842e-01
2.098773493075865304e-01
1.253129237965266152e-01
1.875283188988529914e-01
7.031747465825526344e-01
1.487403750258810442e+00
1.762536431599159181e+00
1.487395451881314612e+00
1.106985466991328604e+00
8.382543767270258517e-01
7.250586426866780787e-01
7.180175412775602339e-01
7.639532583701551527e-01
8.380427847349055659e-01
9.271071548543630136e-01
1.003366060902403101e+00
1.074436716872515518e+00
1.129570208590241043e+00
1.166212216024951731e+00
1.187951384309133163e+00
1.192940415731072790e+00
1.179913417941613085e+00
1.153185696012058559e+00
1.116541008887527164e+00
1.082071708621420658e+00
1.051228853591303691e+00
1.025148942884985592e+00
9.992094373586036804e-01
9.799566799417910312e-01
9.597404815693132418e-01
9.466511746860699628e-01
9.350703010448396801e-01
9.320313705174537722e-01
9.331931148831915657e-01
9.330760377900300107e-01
9.412059608226325258e-01
9.507895682561489092e-01
9.613471429486355468e-01
9.727317881045589587e-01
9.790241969744257755e-01
9.897628665840700890e-01
9.931583104828761721e-01
1.000911830813657533e+00
1.003170891782618090e+00
1.009684093447602127e+00
1.011485058277060256e+00
1.014812293078434902e+00
1.015286078456997254e+00
1.015417547446648028e+00
1.014609489917351226e+00
1.013783686282200058e+00
1.010439977764834296e+00
1.009321347321770146e+00
1.008542258009657244e+00
1.003888950621762532e+00
1.002786117857809689e+00
1.003648362245694425e+00
1.002299732508469043e+00
9.996702507084094247e-01
9.992691022907783660e-01
9.996939619991761505e-01
9.988995871178860675e-01
9.977306124618310346e-01
9.973198693734979248e-01
9.968189770451343357e-01
9.966011718700016342e-01
9.961778286588889308e-01
9.957984306994667190e-01
9.965608703375358202e-01
9.959654140465049599e-01
9.977974230225820085e-01
9.977130916071634825e-01
9.976242807151477487e-01
1.000078317576808873e+00
9.999935892860389863e-01
9.992738117878268156e-01
1.000925646395186774e+00
1.001508946776455522e+00
1.001529424368669652e+00
1.001797688998552704e+00
1.002714856310450431e+00
1.001076250599715278e+00
1.002857143656004757e+00
1.001249124544708380e+00
1.001581633109366321e+00
1.000491391404365826e+00
1.000924092485601768e+00
1.002260616135221216e+00
1.001119370232234296e+00
1.000333971575488867e+00
1.001405662522621309e+00
1.001335365523793985e+00
1.000331780862902864e+00
1.001217180696716724e+00
1.000622075549404189e+00
1.000521783209896043e+00
9.997912736339765738e-01
1.000554995820716053e+00
1.000574085311938921e+00
1.000645917210186697e+00
1.000199491689506281e+00
9.999797970590190710e-01
9.996475801240244374e-01
9.998219467668157945e-01
1.000551374979766539e+00
9.999069155175178691e-01
9.992352770630860137e-01
1.000325213189312112e+00
9.996962962655620011e-01
9.993572602187431597e-01
1.000232560375408974e+00
1.000274019515042578e+00
9.989965909911791009e-01
1.001064496333683662e+00
1.000680738737509179e+00
1.001269465120571356e+00
1.001117063012366026e+00
1.000492364141402524e+00
1.001057441769025003e+00
1.000416439435594773e+00
1.000321342898971899e+00
1.000727852340907553e+00
1.000475266467705682e+00
1.000690403731580469e+00
1.000692406326102013e+00
9.998592350910613380e-01
1.000441670356108759e+00
9.998032477680602881e-01
9.995556443969747518e-01
9.998253885626305904e-01
9.994345327475747665e-01
1.000146441652147278e+00
1.000582831545491880e+00
9.996676503563117766e-01
9.991534704529856370e-01
1.000188003228245748e+00
1.000195667943944988e+00
9.997269984954836319e-01
9.996718351722448936e-01
1.000907417165039393e+00
1.000109854331363346e+00
1.000564265843020717e+00
1.000190265005020285e+00
1.000243577641187098e+00
9.997837530238367076e-01
1.001078280466740855e+00
1.001092110391932355e+00
1.000123181412788442e+00
1.000570611390823927e+00
1.000909047729403811e+00
9.999461556181757915e-01
1.000378427242504031e+00
1.000228630942848529e+00
9.994818130418456903e-01
1.000408126534210185e+00
1.000481945428685959e+00
1.000672645979013398e+00
1.000350040518409367e+00
1.000115548443827329e+00
9.997911587265274624e-01
9.999499124275975648e-01
1.000374741406552692e+00
1.000246601819590353e+00
1.000133440059318035e+00
9.998167547884031503e-01
9.997051826083155346e-01
1.000110209786955417e+00
1.000148734571003395e+00
1.000149423561116357e+00
1.000101005771040663e+00
9.994420838910421656e-01
9.997000920971002014e-01
1.001241978513017772e+00
1.000320271004864203e+00
9.995374329710359218e-01
1.000041398677427251e+00
9.997818973865267855e-01
1.000480368196246417e+00
1.000513189653301716e+00
1.000066147019513574e+00
1.000503442629357531e+00
9.997215801865090290e-01
9.999665232480173804e-01
1.000024763132100647e+00
1.000339653652585925e+00
9.996250567378981433e-01
1.000561935624921128e+00
9.996660429251231772e-01
1.000208867015662806e+00
9.993835887647054550e-01
9.994031500307671845e-01
1.000220729093082461e+00
1.000149812485786827e+00
9.999607111253514535e-01
9.997858048846720580e-01
1.000054209020884377e+00
9.998728923480658670e-01
1.000260890603458463e+00
9.996749782873584067e-01
9.995040539069510732e-01
1.000033601387184223e+00
9.996650826484148045e-01
9.999762962509374242e-01
9.999693016624404684e-01
9.997260248597523713e-01
1.000137582866820640e+00
1.000523829962921107e+00
9.997972916239773467e-01
1.000335710079706120e+00
1.000083805811206483e+00
9.996326171603325816e-01
9.998902423256796901e-01
1.000165885690691203e+00
9.997839129699430671e-01
1.000443052594810922e+00
9.996193684977860983e-01
9.999984428281174509e-01
9.998924296872174766e-01
1.000127479579510981e+00
1.000499408813018132e+00
1.000887295524571785e+00
9.998315686200277552e-01
1.000371038764890086e+00
9.999942509438255467e-01
1.000264443044216911e+00
1.000397514104703012e+00
1.000260750106678920e+00
1.000033638337239905e+00
9.996871573296761682e-01
9.999195281258508317e-01
1.000195190526403266e+00
1.000389905475283392e+00
9.995298316143914619e-01
1.000038442933554927e+00
9.999069053618369063e-01
9.998505556253851623e-01
9.950683159758213492e-01
9.841065182333065264e-01
9.729563239311572742e-01
9.620596044492122356e-01
9.510535670829070032e-01
9.401061421799273843e-01
9.287372337820494206e-01
9.188097514336598381e-01
9.075060519409684501e-01
8.964929219740194188e-01
8.865894030875867138e-01
8.752496630216227702e-01
8.651062799306111772e-01
8.548960258494020525e-01
8.444095124801119789e-01
8.342599824543093234e-01
8.239587685710582088e-01
