0.000000000000000000e+00
0.000000000000000000e+00
0.000000000000000000e+00
0.000000000000000000e+00
0.000000000000000000e+00
0.000000000000000000e+00
0.000000000000000000e+00
0.000000000000000000e+00
0.000000000000000000e+00
0.000000000000000000e+00
0.000000000000000000e+00
0.000000000000000000e+00
0.000000000000000000e+00
0.000000000000000000e+00
0.000000000000000000e+00
0.000000000000000000e+00
0.000000000000000000e+00
0.000000000000000000e+00
0.000000000000000000e+00
0.000000000000000000e+00
0.000000000000000000e+00
0.000000000000000000e+00
0.000000000000000000e+00
0.000000000000000000e+00
0.000000000000000000e+00
0.000000000000000000e+00
2.489738104995359302e-02
4.325986503563724050e-01
1.465206261818108313e+00
1.914269747148632073e+00
1.382114362782932648e+00
8.009920471444867962e-01
4.675511143378432433e-01
3.164535729418413434e-01
2.686688239803762812e-01
2.636122507377079982e-01
2.630748908575900602e-01
2.619425632939707538e-01
2.534934109548335757e-01
2.448052744272585513e-01
2.296685474167075025e-01
2.506588440851600375e-01
3.221463625806764708e-01
4.221941297999174392e-01
5.437302731395805555e-01
6.999021205245601340e-01
8.969137618425537806e-01
1.088600431777198452e+00
1.209527413272386553e+00
1.343051821433514759e+00
1.427369076762347921e+00
1.543814924740061434e+00
1.560988414272153513e+00
1.554963245982024622e+00
1.522246138266077464e+00
1.395853907837372843e+00
1.253637903257391661e+00
1.140429773618710563e+00
1.038130159554617959e+00
9.687869677942788638e-01
9.236541760590936123e-01
8.943749829962001074e-01
8.838907215972473530e-01
8.723177449299934771e-01
8.856867443460314515e-01
9.049020052235287048e-01
8.981509897045881763e-01
9.261886618991129749e-01
9.337141766917181895e-01
9.487894329437474017e-01
9.608831897968692637e-01
9.826803901391646390e-01
9.841519292364134808e-01
1.001289271591062846e+00
1.013516322273438242e+00
1.020214112736344436e+00
1.031631336535384635e+00
1.029860763365777254e+00
1.031718553802498217e+00
1.015462816048991135e+00
9.993572671899726423e-01
1.000018544310446789e+00
9.888866700877129157e-01
9.766539310413380193e-01
9.739678173243239145e-01
9.668460973249456414e-01
9.674482761578517831e-01
9.693405083743846795e-01
9.695578030932704428e-01
9.781162086701479241e-01
9.792952380492102593e-01
9.804045249752008084e-01
9.865453149639403785e-01
9.913396933591668292e-01
9.979471186487985923e-01
1.000590912155681966e+00
1.009666171326755180e+00
1.003679757626857016e+00
1.008035212974081718e+00
1.000395173035663277e+00
9.946099433544555168e-01
9.956100868813458904e-01
9.954326388958084637e-01
9.959734843588975428e-01
9.970171174882445086e-01
9.931129496331217998e-01
9.922872297232159244e-01
9.853530290579433082e-01
9.909929323939025148e-01
9.972171873275640364e-01
9.878915892659081432e-01
9.880945304767141391e-01
9.920990504334238347e-01
9.946310843331597207e-01
9.899920776947150891e-01
9.935064808865778918e-01
9.882722658979334884e-01
9.931232883522584931e-01
1.004456533985035982e+00
9.956985419825323813e-01
9.958192137806043398e-01
9.917745748209835233e-01
9.997550181502432576e-01
9.987020042481650206e-01
9.972261115272745835e-01
1.001096349302860178e+00
9.969016859990632584e-01
9.983977388160397703e-01
9.993530585052131654e-01
9.950747094749647914e-01
9.996568187361363211e-01
9.955338773755920689e-01
9.983565244571179775e-01
1.000118332843790370e+00
9.944599892706548205e-01
9.958227850086995847e-01
9.996761939255738305e-01
9.995393579897422498e-01
9.977817512109895537e-01
9.987896915511409457e-01
1.001664743048458206e+00
9.970739692520089736e-01
9.936809430468673821e-01
1.000562478336726624e+00
9.979667797810520824e-01
9.965998007354502919e-01
1.000879101227057921e+00
9.972911513351435664e-01
9.971843617319415820e-01
1.001247712169460957e+00
9.979190433270952454e-01
1.004114554154783345e+00
9.991018387674741597e-01
9.950335927413906933e-01
1.000751097195517358e+00
9.991532587983666946e-01
9.922901837634902078e-01
1.001605900432590568e+00
1.000515825368422318e+00
9.933963742661947594e-01
9.953353761467322869e-01
9.996866197040754631e-01
9.995810153589450575e-01
9.954575716825407872e-01
9.933692524636676957e-01
1.001759125049126231e+00
9.987260003411937426e-01
1.005009895000591680e+00
9.962800762639055785e-01
1.003016003442924520e+00
9.937838442119490967e-01
9.999975502770019897e-01
9.988124967950743338e-01
1.001421136349917473e+00
9.990913406057169155e-01
9.981265258921556693e-01
9.973128982824434052e-01
9.942236611219023024e-01
9.986378904257900979e-01
1.002415076700539087e+00
1.000920685815267053e+00
9.953003848486479122e-01
1.004081055600230421e+00
1.001443711845341422e+00
1.002948316581658394e+00
9.990697090281946968e-01
9.950048430961434542e-01
9.980979816804315119e-01
9.982517204884295836e-01
9.990255673410353143e-01
9.953414762604062549e-01
1.000588267425053912e+00
9.998404737414819943e-01
9.989820658234178641e-01
9.931360845128994752e-01
9.997804267902085096e-01
9.992784628572611849e-01
9.967943327504982243e-01
9.986182449904261738e-01
1.003291762297773282e+00
1.001541909584547474e+00
9.968814421331210207e-01
1.002097819055824734e+00
1.000117531795132519e+00
1.000936471655815785e+00
1.004341174099803169e+00
1.004834894138081136e+00
1.002932523895524231e+00
1.002168294882464616e+00
1.006726971102558377e+00
9.990407559361246248e-01
9.995284591533961649e-01
9.990084185955676599e-01
9.981517284187905181e-01
1.001926060961729315e+00
1.002733626802484679e+00
1.001096449546050371e+00
1.003682195632653817e+00
1.003928647953985509e+00
1.002087919005364647e+00
9.994378082060498825e-01
9.994973805029704339e-01
1.003472195254835997e+00
1.000785095513071932e+00
1.000011102405287344e+00
9.988259777739886269e-01
9.989248878049485914e-01
1.001066379836621278e+00
1.000809119693092830e+00
1.003460504700577793e+00
1.001185777220593209e+00
1.000761112507069894e+00
9.987581595518013611e-01
9.990398319286096784e-01
1.000389202428836111e+00
1.000580215161021025e+00
1.001325572354828219e+00
9.985643295432968802e-01
9.976265290844643641e-01
9.962999378648511595e-01
9.993833078111945545e-01
9.976613800963793910e-01
9.981932308012211319e-01
9.970151519640250148e-01
9.975103741743129859e-01
9.989609291436901684e-01
9.963469400715092572e-01
9.982819791350002747e-01
9.956378559286750418e-01
9.983398185998348939e-01
9.937376261755362927e-01
9.982232043926608789e-01
9.996850288107562710e-01
9.974268163623396521e-01
9.971970725909213851e-01
9.962348422109454926e-01
9.971516523897532291e-01
9.977340625929268514e-01
9.951685535760167456e-01
9.964877688177867787e-01
9.986341464256102141e-01
9.934775070123763596e-01
9.943078412869703619e-01
9.952395736450145858e-01
9.945137628506131033e-01
9.955663100565338430e-01
9.991596283105805831e-01
9.950475545622602391e-01
9.957101582320850852e-01
9.982989984021128915e-01
9.961727769370501973e-01
9.936303859813963024e-01
9.838975028662949596e-01
9.717783517031428620e-01
9.611364986384073328e-01
9.540008807117387191e-01
9.416303469205249410e-01
9.333525744327129114e-01
9.198471489970000414e-01
9.126799286083987495e-01
