0.000000000000000000e+00
0.000000000000000000e+00
0.000000000000000000e+00
0.000000000000000000e+00
0.000000000000000000e+00
0.000000000000000000e+00
0.000000000000000000e+00
0.000000000000000000e+00
0.000000000000000000e+00
0.000000000000000000e+00
0.000000000000000000e+00
0.000000000000000000e+00
0.000000000000000000e+00
0.000000000000000000e+00
0.000000000000000000e+00
0.000000000000000000e+00
0.000000000000000000e+00
0.000000000000000000e+00
0.000000000000000000e+00
0.000000000000000000e+00
3.329225987469886026e-05
3.697216612030851390e-02
1.066450748184530450e+00
3.492422102611434820e+00
3.428378287815523784e+00
1.884144785942115430e+00
8.521802897661421294e-01
3.871499681125583070e-01
1.957903929625580408e-01
1.212492422299204370e-01
1.871042874853842408e-01
7.217670297262918089e-01
1.496532720083500800e+00
1.757119865527017932e+00
1.469159932926965340e+00
1.066168407840116572e+00
8.011148549931125240e-01
6.849737308314129969e-01
6.689575417148521108e-01
7.256702249067840116e-01
8.097331799957810938e-01
9.040334351362697696e-01
9.924383756912443788e-01
1.070453293603515599e+00
1.130998087766641902e+00
1.177674199912742914e+00
1.205410491434939058e+00
1.213668806237380382e+00
1.197830025075567351e+00
1.171793116396477208e+00
1.134769888162376006e+00
1.091149990453651020e+00
1.057059336359951196e+00
1.027504445299837865e+00
1.002424873351325685e+00
9.821963941898852468e-01
9.598400434631149114e-01
9.487086020714637913e-01
9.376156372519423021e-01
9.299610532068618429e-01
9.287833122405440012e-01
9.286563833333275619e-01
9.331210344387899092e-01
9.426944703189081842e-01
9.535659116155437154e-01
9.660430776481774284e-01
9.752998996996924408e-01
9.867437406649609555e-01
9.922181120599319337e-01
9.997212470496231740e-01
1.006805009861211131e+00
1.010688980769415046e+00
1.013874468209723601e+00
1.016984659878587882e+00
1.016313756746448194e+00
1.018397370969037485e+00
1.016487638605021893e+00
1.013704889606740656e+00
1.013009721525196305e+00
1.008133631959969190e+00
1.007595278391867577e+00
1.004593596747475726e+00
1.001642557089701180e+00
1.003148436638575003e+00
1.000984195426057433e+00
9.985151370241029944e-01
9.976774933807567303e-01
9.965752532690452803e-01
1.000407249373855390e+00
9.971271019367822230e-01
9.974514471094652057e-01
9.975949040338190077e-01
9.975958275341531012e-01
9.973049192851388689e-01
9.969136929960428217e-01
9.957422560778026455e-01
9.950686561848608447e-01
9.963271314133630430e-01
9.967617270993132106e-01
9.972857822837662978e-01
9.980724462337192682e-01
9.982093091981300015e-01
9.968246547444705730e-01
9.990653192284278949e-01
9.994770890269346619e-01
9.991555075453086854e-01
1.000685583824632463e+00
1.000590627042484249e+00
1.001328677168298098e+00
1.001745755475627275e+00
1.002786093143299917e+00
1.002721136675350566e+00
1.000853445508091744e+00
1.001465254883877387e+00
1.001575201529997461e+00
1.000085755039026303e+00
1.000792559542010185e+00
1.000836076650453155e+00
1.000917499361749119e+00
1.000703656927529606e+00
9.993080943682904893e-01
1.000260802663149429e+00
9.994012006061896436e-01
9.997237210745770764e-01
9.982143548356700036e-01
9.994665795957532461e-01
9.988991304650094438e-01
9.989556008781302898e-01
1.000391111306972780e+00
9.992075966417618416e-01
9.996314670446492245e-01
9.993987325638512553e-01
9.995857171865195623e-01
1.000918571966565418e+00
1.000496041050926266e+00
1.000382897961170858e+00
1.000438333992852868e+00
1.000573165687073107e+00
1.000170616143132296e+00
9.999950562273244303e-01
1.000961354165125217e+00
1.000169748212642151e+00
9.996820499859458975e-01
1.001572498536400735e+00
1.001165716849681031e+00
1.000495840140015247e+00
1.000892370529457231e+00
1.000733497570967634e+00
9.996197309052800017e-01
1.000350936618843001e+00
9.996133216596169158e-01
1.000361851852303419e+00
9.989654892820507559e-01
9.990228721560138192e-01
9.990088807944841331e-01
1.000294934185259388e+00
1.000215683843480363e+00
9.996429794119068291e-01
9.990373834320076529e-01
9.999025699328887296e-01
1.000490062966674198e+00
1.001269492484012869e+00
1.000051801630227777e+00
1.000089973220697814e+00
9.998233340377131739e-01
1.000407640080695160e+00
9.999606898669645139e-01
1.000061848317002511e+00
1.000894248120923757e+00
1.000041888376730359e+00
1.000880203931962642e+00
9.999273246737490073e-01
9.999352185937450122e-01
1.000591439182235698e+00
1.000657518848088623e+00
9.997910024748033475e-01
1.000695257771507363e+00
1.000898533054845885e+00
1.000595771668147504e+00
1.000431710481226810e+00
9.998819895805067803e-01
9.991053833746587065e-01
9.994264898658868912e-01
9.998337638503284053e-01
1.000637712825735770e+00
9.998480057593108761e-01
9.998023569710707825e-01
1.000331771994821484e+00
1.000184412741906392e+00
1.000473179435545701e+00
1.000084640897016097e+00
9.999035527227466691e-01
9.995737420173397281e-01
1.000079886943623597e+00
1.000276785262631973e+00
1.000583072552532427e+00
1.000271723200766960e+00
1.000745859698373375e+00
9.996897743627899402e-01
1.000967693590359531e+00
1.000309289726672768e+00
1.000093573983330764e+00
9.999259466542903541e-01
1.000588229082407299e+00
1.000224778523721270e+00
9.997357328021700962e-01
9.994428526926639744e-01
1.000785801139740805e+00
1.000084096986277871e+00
9.999142330015149405e-01
1.000152775383945869e+00
9.997482466225825481e-01
1.000055160787497677e+00
1.000476004156171772e+00
9.996744883989444608e-01
1.000153451564109952e+00
1.000210405433132443e+00
9.999377314087950497e-01
9.994228617673326376e-01
1.000067165960262239e+00
9.997367893889138601e-01
1.000162008910490119e+00
1.000868704866549219e+00
1.000508672398656929e+00
9.998478460991058192e-01
1.000613482961623557e+00
1.000401111437376978e+00
9.998640674414754903e-01
9.993388640401739131e-01
1.000402514934566112e+00
1.000324757120260255e+00
9.996691638658529167e-01
9.994573349066845358e-01
9.999125420758917526e-01
1.000252824843660848e+00
9.997742996001860449e-01
1.000743383092985272e+00
1.000395014151107542e+00
1.000132969906855962e+00
1.000084228893023175e+00
9.997560045915169225e-01
9.998951463308534127e-01
9.999350357303482539e-01
1.000476986071109797e+00
9.999905194709584055e-01
9.999348722445358106e-01
1.000724770857716939e+00
1.000041234649944766e+00
9.999592095860192487e-01
9.998142037365618240e-01
9.994972295777531102e-01
1.000368362750362117e+00
9.995031858331909769e-01
9.999377204011851150e-01
1.000034460784329671e+00
1.000361741568607910e+00
1.000275440990064713e+00
1.000513589924984403e+00
1.000034449157964245e+00
9.995602783836822214e-01
9.999658713628770679e-01
9.999269430762756095e-01
1.000482314443225773e+00
9.999544502737568452e-01
1.000407151667546568e+00
1.000293215165834804e+00
1.000592090401268841e+00
9.997074355089394793e-01
1.000552919125702545e+00
9.998724504295549709e-01
1.000300740692290802e+00
9.980255382451467261e-01
9.876384931075468110e-01
9.769468364617804879e-01
9.659352959496870783e-01
9.558038746118644458e-01
9.450995807007965821e-01
9.343390780185083511e-01
9.242982794112194478e-01
9.134768317916402980e-01
