0.000000000000000000e+00
0.000000000000000000e+00
0.000000000000000000e+00
0.000000000000000000e+00
0.000000000000000000e+00
0.000000000000000000e+00
0.000000000000000000e+00
0.000000000000000000e+00
0.000000000000000000e+00
0.000000000000000000e+00
0.000000000000000000e+00
0.000000000000000000e+00
0.000000000000000000e+00
0.000000000000000000e+00
0.000000000000000000e+00
0.000000000000000000e+00
0.000000000000000000e+00
0.000000000000000000e+00
0.000000000000000000e+00
0.000000000000000000e+00
0.000000000000000000e+00
0.000000000000000000e+00
0.000000000000000000e+00
0.000000000000000000e+00
0.000000000000000000e+00
4.094995067099137936e-02
9.155250364486973158e-01
3.115793444121107036e+00
3.685089844550667237e+00
2.336056805064206099e+00
1.117968006369752354e+00
5.446958639524706047e-01
3.009660294382205392e-01
2.238647070295966823e-01
2.226481705585941495e-01
2.537083400570930847e-01
2.915539123316719383e-01
3.101678207417548072e-01
3.138417454181603450e-01
3.265205096579048005e-01
3.497842983181745913e-01
4.166271806314898463e-01
5.132664122734919010e-01
6.624092853873601028e-01
8.536104197003795413e-01
1.030475626964124425e+00
1.189292898087928041e+00
1.303846379298462477e+00
1.383288345198993685e+00
1.480496224721782772e+00
1.529675838810458766e+00
1.580257874122130257e+00
1.561745301650856677e+00
1.459699629886283434e+00
1.333416021124667283e+00
1.212043848975197458e+00
1.091448847752312989e+00
9.975455303864809720e-01
9.224645803698082736e-01
8.908886195566351196e-01
8.624344648037716166e-01
8.639455363149202149e-01
8.812339110415366994e-01
8.856264565406751776e-01
9.091025718878837925e-01
9.396045221460573860e-01
9.536709348163873168e-01
9.737935273182671825e-01
9.862371903634153947e-01
9.985932527801359981e-01
1.025893487757954414e+00
1.039179604353610564e+00
1.037266089377793410e+00
1.049350007182297873e+00
1.064088757983474354e+00
1.058867369296490724e+00
1.053082817440142316e+00
1.043634081189482643e+00
1.034351759655790959e+00
1.010731876301138810e+00
1.007939932523973958e+00
9.914311694188744362e-01
9.833281390508524789e-01
9.850202921787691857e-01
9.729305615141166097e-01
9.764088624333756572e-01
9.785098858930328936e-01
9.821074570527543734e-01
9.926331191147297339e-01
9.964156549695575293e-01
1.000596817410204231e+00
1.009315906785593464e+00
1.013261874768708770e+00
1.015989702936836547e+00
1.016319135147968344e+00
1.009947831037292909e+00
1.010957763425319955e+00
1.018418055646790110e+00
1.012288070442076915e+00
1.004119809949284958e+00
1.002493484588116601e+00
9.996307108944739728e-01
1.006652533877877564e+00
1.002450607676628636e+00
9.935656813711080115e-01
9.923934052901504099e-01
9.836087327696206861e-01
9.994367311142559052e-01
9.871210365714347956e-01
9.899292003212551982e-01
9.909402429353330044e-01
9.952128095149660458e-01
1.000889908459426936e+00
9.993699682184277178e-01
1.001294488235036972e+00
9.973994526032766705e-01
1.002678359396536267e+00
9.977764658567656042e-01
9.954208210385416811e-01
9.996789412957884924e-01
9.977016704772455613e-01
1.002297454073618477e+00
9.891457258210605286e-01
9.920613379369963569e-01
9.936422209510812342e-01
9.908140423311319056e-01
9.964324436390227246e-01
9.953926412541758140e-01
9.936748838767125447e-01
9.876858357730239346e-01
9.880179456183771913e-01
9.914333174022796902e-01
9.954284814845612006e-01
9.926699340235316527e-01
9.922689164658101690e-01
9.986938057052902051e-01
9.917539351517786761e-01
9.976450930026439234e-01
9.947036421843299392e-01
9.961228429724651168e-01
9.949726762061336105e-01
9.973511839962544423e-01
9.980275810613792320e-01
1.000291851073331184e+00
9.983343241982139959e-01
9.965441395657874679e-01
9.965238151630937402e-01
9.984046981944249000e-01
9.995284013203048490e-01
9.938930936060373922e-01
9.963868801929530727e-01
9.958877529235271586e-01
9.996911066568910931e-01
9.919229876063460072e-01
9.968438798240860654e-01
9.983892097654866182e-01
9.932448276151524258e-01
9.946952081506903465e-01
9.986618958540894875e-01
9.973904491952125806e-01
9.991388175523649995e-01
9.914725475988933612e-01
9.973215141153174423e-01
9.984741202768224744e-01
9.959075161963140133e-01
9.956029775958639139e-01
9.968835312652188918e-01
9.997777334036020980e-01
1.001064806440488120e+00
9.979625321859429965e-01
9.967782706885396360e-01
9.976268362373373888e-01
9.966914231739077978e-01
9.988106834910754905e-01
9.976675686003740884e-01
9.968612461892695231e-01
1.003154607988183233e+00
1.001536806330431295e+00
9.964105731300746394e-01
9.961698708098613020e-01
1.000213989715807994e+00
1.001761553371537161e+00
9.951753025402686470e-01
1.002646940481500382e+00
9.998576301384429765e-01
1.000171077600721770e+00
1.000805793625444862e+00
1.000351392323625355e+00
1.000837534621306535e+00
1.002751158384193930e+00
9.987089909798589904e-01
9.987530006617927336e-01
9.986182881421802326e-01
9.980209658304297626e-01
1.001558324618523121e+00
9.997670516168751798e-01
9.960005582775722788e-01
9.979609352669661648e-01
9.983723912494397723e-01
9.957213608922292902e-01
9.958329061443615959e-01
9.973180838509205781e-01
9.973772814175300150e-01
9.971476640523335710e-01
1.001872597658868935e+00
9.943202934555721573e-01
9.977939357442369150e-01
9.945300495438078592e-01
9.974509653278499366e-01
9.922490744752493486e-01
9.984868769328355542e-01
9.973856497208963834e-01
9.987093740922385887e-01
9.953309499922845527e-01
9.955685564032306090e-01
9.963046621285995830e-01
9.949706798722262047e-01
9.962513310632136188e-01
9.966552019542650465e-01
9.938845440201151682e-01
9.992635295081414570e-01
9.963218782667624396e-01
9.956482336432667113e-01
9.932260024013240818e-01
9.962114948590633512e-01
9.968260161551758536e-01
9.941008425904448442e-01
9.953310097036051074e-01
9.961287429805278926e-01
9.982835669417439162e-01
9.949467176226460818e-01
9.934601826034712424e-01
9.994405176049320216e-01
9.951427549213203161e-01
9.981962031207272101e-01
9.988538208639488047e-01
9.985222356282291711e-01
1.000329348435541332e+00
9.943994294054306904e-01
9.982993021819314139e-01
9.993978461944499347e-01
9.992473405530588604e-01
9.981221219273208600e-01
9.998654927396725123e-01
9.934975918594755040e-01
9.939163434107486372e-01
9.971761919139415786e-01
9.977455168635694926e-01
9.981574068691126955e-01
9.957926870333303482e-01
9.990768685352320322e-01
9.958429371259537310e-01
9.949679228878227644e-01
9.989543313876526609e-01
9.977434018852224806e-01
9.973620092194858122e-01
9.990443052587474337e-01
9.963992275119938347e-01
9.961288305405631149e-01
9.958875482222508957e-01
9.991688055494513110e-01
9.981782699641711387e-01
9.960356732667411395e-01
9.981106019278015440e-01
9.986634763572570517e-01
9.968503968053586961e-01
9.967586246719667420e-01
1.002012441202417170e+00
9.975152447181976356e-01
9.983446662937163207e-01
9.971591524799382489e-01
9.991333214935703699e-01
9.964834060391627446e-01
1.000685953710018117e+00
9.946440584560535259e-01
9.817717956280946900e-01
9.743324829585338076e-01
9.605613498489514734e-01
9.537821922576855682e-01
9.384376204714182101e-01
