0.000000000000000000e+00
0.000000000000000000e+00
0.000000000000000000e+00
0.000000000000000000e+00
0.000000000000000000e+00
0.000000000000000000e+00
0.000000000000000000e+00
0.000000000000000000e+00
0.000000000000000000e+00
0.000000000000000000e+00
0.000000000000000000e+00
0.000000000000000000e+00
0.000000000000000000e+00
0.000000000000000000e+00
0.000000000000000000e+00
0.000000000000000000e+00
0.000000000000000000e+00
0.000000000000000000e+00
0.000000000000000000e+00
0.000000000000000000e+00
0.000000000000000000e+00
0.000000000000000000e+00
0.000000000000000000e+00
0.000000000000000000e+00
0.000000000000000000e+00
3.897473576356469405e-02
8.959508493440521137e-01
3.093586075071026897e+00
3.680726572047147371e+00
2.310833260475818385e+00
1.151183529738604827e+00
5.228787351970632935e-01
2.915897045863156678e-01
2.045635534221609819e-01
2.155598726784126173e-01
2.404576671175860936e-01
2.587566303061347162e-01
2.841912669342261943e-01
2.939063150764779642e-01
2.901614046533650404e-01
3.378184054219195431e-01
3.990494201697841747e-01
5.127801199763929452e-01
6.616613432399874872e-01
8.509575248768764810e-01
1.008429851664629062e+00
1.163437131425802962e+00
1.297471774904652930e+00
1.394747665846049367e+00
1.460021668301554554e+00
1.529885785860484182e+00
1.557750868011313017e+00
1.543620988800293192e+00
1.450714808029958558e+00
1.331309247315729083e+00
1.183654031405851237e+00
1.075040875054701583e+00
9.753124798166459275e-01
9.052231362547594751e-01
8.682556555094074202e-01
8.532387430120060845e-01
8.539308041025078788e-01
8.747832980116916346e-01
8.886708836971689562e-01
8.985903481398096471e-01
9.184966804263955398e-01
9.475652084695347366e-01
9.575094915676654050e-01
9.812694140928909237e-01
1.004149826033085446e+00
1.014001737840751760e+00
1.022230909661514309e+00
1.038953092616910823e+00
1.043445497914422093e+00
1.035013779579174065e+00
1.032942817286047754e+00
1.037373324392361740e+00
1.035636635073671874e+00
1.014009435552937211e+00
1.007811275693700770e+00
9.894188280008959779e-01
9.888469909827649618e-01
9.802672015402243977e-01
9.643572922275941428e-01
9.690883099107002741e-01
9.751695680068052097e-01
9.760973215337380715e-01
9.842368511587437085e-01
9.892990420638893001e-01
9.909785017383025973e-01
1.000953885310741809e+00
1.004247882410038706e+00
1.008840592747684228e+00
1.007671755883759568e+00
1.016301224882339094e+00
1.014280870448220906e+00
1.015557426791297235e+00
1.008608284461399052e+00
1.005327373156461812e+00
1.010804684449173818e+00
1.003882342227097046e+00
1.007428996432303103e+00
1.007430148619675281e+00
9.979330363612695098e-01
9.878899786965770202e-01
9.931952492090129203e-01
1.002791698010314647e+00
9.952362252367537021e-01
9.939035912780895821e-01
9.924840454360009945e-01
9.950443458542879149e-01
9.900996912710499087e-01
9.972759690499571894e-01
9.965472568777825613e-01
9.999786986048528892e-01
9.979931515998099467e-01
1.000529259456051978e+00
1.007411189446109079e+00
9.978442336228500187e-01
1.002461578720769797e+00
1.002652554060076362e+00
9.999518048910270851e-01
1.001880761257044616e+00
1.000726258842432603e+00
1.001778225497303998e+00
1.003497682194228302e+00
1.001858442883995171e+00
9.980115690800993589e-01
9.992682004010007280e-01
9.948582266929691942e-01
9.968394426424704857e-01
9.949174072697192228e-01
9.978357384261150598e-01
9.982056194110361380e-01
9.949006810876896978e-01
9.980365800095559736e-01
9.986871565522801308e-01
9.952302409637964198e-01
9.990935506817787415e-01
9.965432922758598044e-01
9.940385915592458987e-01
9.957613109178250488e-01
9.947239336674112975e-01
9.990059641827592207e-01
9.949291695970458038e-01
1.001619075817562932e+00
9.963185763785229465e-01
9.993510300825129145e-01
9.975308981037900313e-01
9.949795801509234705e-01
9.932997512056033207e-01
9.990435470203329338e-01
9.983362939303451755e-01
9.915759722675264731e-01
9.965636617165238853e-01
9.939050864935665697e-01
9.992794162971005978e-01
9.955229114694752468e-01
1.001468505306917889e+00
9.957584612475903763e-01
9.974492818289515395e-01
9.914378063802408159e-01
9.951873966905557811e-01
9.929312342313457718e-01
9.938259542236981270e-01
1.000520904901112784e+00
9.935939222082348365e-01
9.944854138364287444e-01
9.932286641567787955e-01
9.929295516819274248e-01
9.932767361749106350e-01
9.920870721965705519e-01
9.999811003706811086e-01
9.978225586262620128e-01
9.940070211090625829e-01
9.965464023585228759e-01
9.945367662166886280e-01
9.992422719649826091e-01
9.963900966306102891e-01
9.952095122018088658e-01
9.964912538127252972e-01
9.952311733471730371e-01
9.935362322838025007e-01
9.962482005741392088e-01
9.967172597267490719e-01
1.001874186251944687e+00
1.002987549895725694e+00
9.955358019860743868e-01
9.950137104632534868e-01
9.971937616927513126e-01
9.989848360123891879e-01
9.985706553947620856e-01
1.000911580625510222e+00
9.985937549348442577e-01
9.970910733720140806e-01
9.953745808082913316e-01
1.001071401722485543e+00
9.996001990478928789e-01
1.001030465119715496e+00
1.001223579192504376e+00
1.000202550737515628e+00
9.996816891736072241e-01
1.001021439429155002e+00
9.985167451865177846e-01
9.988853539168257578e-01
9.980034690483969850e-01
9.963595449029446494e-01
9.993463601511433092e-01
9.954659412158900489e-01
9.996695716039690760e-01
9.990356018175171604e-01
9.983073080763382734e-01
1.002124316224225042e+00
9.962482227920903544e-01
9.971363768714868181e-01
9.969368833771580229e-01
9.969375507774809186e-01
9.994973888343151591e-01
9.996565859049109104e-01
9.964052676725356772e-01
9.994728023410589524e-01
9.987457507186178196e-01
9.980173330448998126e-01
9.993724875874042679e-01
9.989183571846359522e-01
9.954602918501915809e-01
9.973515036484047469e-01
9.950651542139329342e-01
9.983632324817383052e-01
9.972560173144924267e-01
1.000081727427784006e+00
9.994457259391192894e-01
9.974449214184075707e-01
9.938246681647632252e-01
9.952999638610332545e-01
1.000572605105017221e+00
9.976589299601203997e-01
9.927561781641591754e-01
9.981684960604854107e-01
9.980253135007436383e-01
1.000228426968678086e+00
9.955396557535829416e-01
9.994956616668175808e-01
9.966002142954152321e-01
9.999371954719524780e-01
1.000809835495704236e+00
9.978841682927942491e-01
9.987449961030028245e-01
9.980219564592087700e-01
9.977298267852938718e-01
1.003806058097229448e+00
9.966960001327036522e-01
9.973298574376012748e-01
9.984457529512043017e-01
9.957475068090415604e-01
9.965158951843332558e-01
9.978199315332149100e-01
9.973618114316564753e-01
9.965758021775624753e-01
9.979815392258316598e-01
9.991956179241470171e-01
9.959301730461810331e-01
9.990373107775131212e-01
9.984895640505002667e-01
9.992000735281783008e-01
9.954628652706104530e-01
9.999566137613077332e-01
9.959337977235597217e-01
1.000880447195580114e+00
9.975607507123609441e-01
9.985249833621352433e-01
9.994828540025235686e-01
9.974316322438064875e-01
9.995332837921261371e-01
9.947234788385667104e-01
9.842775505617128440e-01
9.756069074682910403e-01
9.612491109383224375e-01
9.520046330336411344e-01
9.419295095639476090e-01
