0.000000000000000000e+00
0.000000000000000000e+00
0.000000000000000000e+00
0.000000000000000000e+00
0.000000000000000000e+00
0.000000000000000000e+00
0.000000000000000000e+00
0.000000000000000000e+00
0.000000000000000000e+00
0.000000000000000000e+00
0.000000000000000000e+00
0.000000000000000000e+00
0.000000000000000000e+00
0.000000000000000000e+00
0.000000000000000000e+00
0.000000000000000000e+00
0.000000000000000000e+00
0.000000000000000000e+00
0.000000000000000000e+00
0.000000000000000000e+00
0.000000000000000000e+00
0.000000000000000000e+00
0.000000000000000000e+00
0.000000000000000000e+00
0.000000000000000000e+00
4.433862276132248537e-02
9.299016807611317770e-01
3.171381562841908863e+00
3.672178579555700040e+00
2.324013162269958244e+00
1.144019480672718192e+00
5.428415030531917873e-01
3.028766042429079652e-01
2.268088151734490854e-01
2.277384304898340817e-01
2.599728460692593557e-01
2.739072545262211111e-01
2.967143957992228742e-01
3.148309005164170449e-01
3.180434966476931580e-01
3.425042208932393417e-01
4.022286844165247066e-01
5.193636539064523383e-01
6.669665792649095426e-01
8.402498842079819674e-01
1.032331836823735971e+00
1.175865121947586411e+00
1.293744482291103948e+00
1.376798978230438397e+00
1.468718823886198788e+00
1.534490846523872021e+00
1.558920001660399457e+00
1.531284007386721768e+00
1.468737372474622882e+00
1.343362273378188920e+00
1.195460477501725904e+00
1.075677926134229079e+00
9.804856472667958789e-01
9.196142820661450390e-01
8.715327047204983746e-01
8.632316562645719893e-01
8.692326956895913836e-01
8.580960974349790549e-01
8.817036138960012703e-01
9.026513370596380703e-01
9.224322802419917533e-01
9.597696938765396535e-01
9.768909730805129810e-01
9.827863639705443077e-01
9.984726685057573325e-01
1.010810547258026881e+00
1.018048795416271801e+00
1.025449253396640392e+00
1.040130044759133288e+00
1.043367343892216859e+00
1.052448786093547417e+00
1.042876586538304950e+00
1.029530810932457685e+00
1.024807755650428920e+00
1.013514931114050999e+00
9.801021055376273328e-01
9.831572970584645521e-01
9.685884913914839522e-01
9.682343318681887467e-01
9.643331565810290273e-01
9.676092405406698793e-01
9.657641035185221545e-01
9.691714062688638887e-01
9.777364210999811567e-01
9.757280109212348451e-01
9.866872829411234003e-01
9.921547910469430409e-01
9.960403335405938474e-01
9.912983039077383207e-01
1.002224758517318737e+00
1.001181381553126748e+00
1.005981118103856264e+00
1.005157938514316118e+00
1.003479181594660208e+00
1.000069126106051920e+00
9.993411581458354620e-01
9.924398288184107519e-01
9.924863184316818909e-01
9.913170379607684213e-01
9.898759850686641437e-01
9.826183343454252261e-01
9.874723415306997376e-01
9.880669072040053624e-01
9.930586247824247925e-01
9.901371850054456747e-01
9.883917634354381088e-01
9.877903165203572033e-01
9.884615800801567209e-01
9.965120736382796496e-01
1.003333257171854287e+00
9.975443852093855979e-01
9.971507340483721782e-01
1.003702964416437249e+00
1.003758818315125367e+00
1.004649687426399263e+00
9.990738555934891574e-01
1.000822847400328675e+00
1.004621535939535848e+00
9.981478866112635240e-01
9.974747757793447356e-01
1.000392764397086909e+00
1.000293751329883962e+00
9.980298434544355723e-01
9.944358655126431801e-01
9.933632615362801843e-01
9.945576201977226471e-01
1.000762696969350829e+00
9.934343427503559143e-01
9.960744582596280372e-01
1.002912388996869630e+00
9.991474346734721124e-01
9.963803231908821001e-01
9.952100090810807043e-01
9.945343841164280274e-01
9.973715627491515079e-01
9.975991811799409525e-01
1.000573515629492816e+00
9.935349704942115778e-01
9.936853114800693332e-01
9.988467684376670652e-01
9.951755943153300921e-01
1.001223879856246279e+00
9.990059893770035782e-01
9.986473917433956737e-01
9.914049521745873506e-01
9.949370535837298579e-01
9.934886936299237581e-01
9.945592507855914866e-01
9.959307930248411100e-01
9.940290136169394053e-01
9.949951022343519469e-01
9.990873645524817048e-01
9.989459148384840503e-01
9.968861909675998945e-01
9.923592998743043792e-01
9.971360006089584616e-01
9.952192569471159933e-01
9.959309183794563536e-01
9.961454110484823099e-01
9.964847093302291459e-01
9.941481256365812813e-01
9.935645037556748438e-01
9.951954323884838471e-01
9.932893567105560706e-01
1.000378817177311364e+00
9.974098676980449607e-01
9.932742399193237315e-01
9.949999116928218701e-01
9.958938720695138525e-01
9.948262453853271570e-01
9.933902512051198119e-01
9.952892274001310380e-01
9.918360488659813123e-01
9.988365740922660052e-01
9.922929481746322056e-01
9.967124018343691549e-01
9.965923363229720611e-01
9.984332840055893943e-01
9.976660033841598940e-01
9.967433469814139801e-01
9.994013026600604421e-01
9.979848546145069221e-01
9.980148968739971371e-01
1.001110121890390836e+00
1.003573155942096395e+00
9.952610628627773792e-01
9.974693968932277777e-01
9.962476243088657091e-01
9.960229466757281047e-01
9.974494161083120591e-01
9.964256216647984221e-01
9.975351824207505658e-01
9.989950033842958099e-01
1.000468071916241763e+00
9.969607987270987515e-01
9.971650251808241716e-01
9.988269235913521671e-01
1.000187976608849505e+00
9.975269976867933153e-01
9.964291550512559548e-01
9.986280589080109849e-01
9.960000081628835877e-01
9.954193383614640123e-01
9.982049192623450029e-01
9.960003331745886923e-01
9.979539593822452925e-01
9.941684112130718676e-01
1.000988646126749426e+00
9.947039533664758792e-01
9.941130548332161032e-01
9.932213352537361262e-01
9.934595448355696412e-01
9.945521072951606367e-01
9.979451153457614687e-01
9.962757833740431002e-01
9.938401215096609453e-01
9.938709130964008542e-01
9.937348670311201282e-01
9.950211228872183344e-01
9.978666837926376543e-01
9.976971806702432666e-01
1.000409452314084957e+00
9.968255653537694272e-01
9.953483722666406353e-01
9.955571889701984034e-01
9.979303690206031696e-01
9.920383426976949748e-01
9.945822257331017324e-01
9.962680966157537732e-01
9.973613963382352843e-01
9.967610031869419407e-01
9.995172299248429315e-01
9.936935084420122077e-01
9.965045754733243832e-01
9.963396324431488260e-01
9.974512026273607557e-01
9.979465479069810074e-01
9.981624558595720842e-01
9.994593823617569095e-01
9.987600618943135444e-01
9.972375070964554222e-01
9.993278380911876368e-01
9.982996782195920904e-01
9.997153044068838312e-01
9.956445708531660443e-01
9.966381249339835158e-01
9.990275332813017828e-01
9.959178162045091431e-01
9.997623421764482154e-01
9.962992500677513297e-01
9.976902989222764528e-01
9.975471053895793583e-01
9.975450022260883287e-01
9.994782577014463820e-01
9.988784236994404653e-01
9.966560977279400602e-01
9.965683299017307206e-01
9.982680940643895440e-01
9.960884540616368188e-01
9.950157709173128584e-01
9.967474885739860957e-01
1.001365492073262864e+00
9.990490954307714722e-01
9.972514286297329278e-01
9.986415975959108682e-01
9.981165070354633961e-01
9.976293495259153099e-01
9.979831715998337405e-01
9.997341354850823869e-01
9.940087089380185148e-01
9.854095690827346932e-01
9.750804479108128309e-01
9.639346555180791087e-01
9.541264208173038108e-01
9.429266275557751653e-01
