0.000000000000000000e+00
0.000000000000000000e+00
0.000000000000000000e+00
0.000000000000000000e+00
0.000000000000000000e+00
0.000000000000000000e+00
0.000000000000000000e+00
0.000000000000000000e+00
0.000000000000000000e+00
0.000000000000000000e+00
0.000000000000000000e+00
0.000000000000000000e+00
0.000000000000000000e+00
0.000000000000000000e+00
0.000000000000000000e+00
0.000000000000000000e+00
0.000000000000000000e+00
0.000000000000000000e+00
0.000000000000000000e+00
0.000000000000000000e+00
0.000000000000000000e+00
3.297169381076175271e-02
9.981615916886443785e-01
3.297568048566819066e+00
3.290486991958042839e+00
1.839310008847709899e+00
8.337190995304364360e-01
3.860131992977158255e-01
2.025316426835404582e-01
2.247787304069966130e-01
8.208490102787113774e-01
1.708824361408004977e+00
1.894361876806216261e+00
1.471003957225710312e+00
9.960298834446948968e-01
7.146362833936429348e-01
5.981888505600613248e-01
5.881942132851055716e-01
6.379702105087449171e-01
7.218442260688131551e-01
8.190531795912554536e-01
9.159933316631583278e-01
1.010615338671534191e+00
1.088028839263817327e+00
1.154223578570859443e+00
1.199540628827058253e+00
1.222844550331744218e+00
1.226678178232251337e+00
1.205300558060713012e+00
1.167913328181975130e+00
1.130099655594135610e+00
1.084521249120694364e+00
1.045308465349946481e+00
1.007119791360332917e+00
9.785777841458792592e-01
9.555944314942559359e-01
9.434985572425377276e-01
9.300812650198624354e-01
9.261315302354377055e-01
9.243993201272023841e-01
9.221662908114746093e-01
9.292937289512839261e-01
9.375187851819348772e-01
9.508805209712967166e-01
9.685370333439826673e-01
9.787112134739287539e-01
9.878669113909592792e-01
9.981233815887033956e-01
1.005207392666225497e+00
1.012695471395104851e+00
1.018414261925818298e+00
1.021465374576777663e+00
1.022255204386285810e+00
1.021307543155466124e+00
1.020941280805917062e+00
1.015411706900878341e+00
1.013909462559961616e+00
1.009418862806095607e+00
1.006792877257343344e+00
1.001539686361921921e+00
1.000623616975439445e+00
9.976154943534987218e-01
9.996524674483007189e-01
9.993266274201373367e-01
9.970261601992262968e-01
9.977296696503906714e-01
9.984956800170552427e-01
9.980881581974277994e-01
9.986753896429060307e-01
9.979838164404218892e-01
9.981958215604386231e-01
9.995593271097210630e-01
9.975142354634457531e-01
9.979475654845145760e-01
9.979223628142033231e-01
9.957520901853503803e-01
9.966684379903747448e-01
9.965486329955413058e-01
9.964005970766846021e-01
9.976763609688463763e-01
9.965608536401276973e-01
9.988700704431795474e-01
9.983302684208513744e-01
9.983510602205932782e-01
9.978522560203593184e-01
1.000052612866491275e+00
1.000570350859002922e+00
1.000542898418770088e+00
1.001704251317580008e+00
1.002609620352942210e+00
1.002213855422323663e+00
9.997689648200468460e-01
1.002786651683015950e+00
1.000221384259408985e+00
1.000560226608548930e+00
9.997201062227948354e-01
1.000085582733104550e+00
1.000122437758588001e+00
9.998908644074016028e-01
9.983566975334660087e-01
9.995426630514308020e-01
9.994735036456617872e-01
9.988073102899133193e-01
9.987748496137397458e-01
9.990998834608825208e-01
9.997284666905883466e-01
9.977362694350313532e-01
9.979304472636605361e-01
9.990630608733551687e-01
9.998932079618341184e-01
9.993350653468642264e-01
9.988570978363084940e-01
9.996351814940060976e-01
9.998677184193067724e-01
9.998341241885616570e-01
9.996843208993028140e-01
9.996238644051924638e-01
1.000070941644532585e+00
9.993029828782666879e-01
9.995660008907883975e-01
1.000151966560586247e+00
9.995039948228884308e-01
9.997447769262430839e-01
1.000349521008822462e+00
1.000229534654382135e+00
9.999995953991412945e-01
9.995539581758148273e-01
1.000540064458537381e+00
1.000211479759416822e+00
9.994510465266379651e-01
9.993322232137384908e-01
1.000135174801487059e+00
9.994443526367460251e-01
1.000316328135851141e+00
9.988034363605240440e-01
9.998847645776876014e-01
9.987382478316035872e-01
1.000891470544028161e+00
9.992110858096242554e-01
9.997359673963399640e-01
9.984611608772029356e-01
9.997387702799759301e-01
1.000320857114653128e+00
9.998302452257723516e-01
1.000172913585409384e+00
9.999501791257126015e-01
9.988474897616815840e-01
9.989341693956551582e-01
1.000679516741543873e+00
1.000331579090818712e+00
1.000178530480309913e+00
1.000665848821109316e+00
1.000611480291084598e+00
1.000081440518194364e+00
1.000281282275579997e+00
1.000581840761588737e+00
1.000440037304412000e+00
1.000403868894305326e+00
9.994870263611792538e-01
9.998349625481852687e-01
9.995148941437955736e-01
1.000198489095500243e+00
1.000436367556716055e+00
1.000109444391798830e+00
1.000075316442106121e+00
1.000160342385781886e+00
9.997852196144438874e-01
9.998002367898071174e-01
9.998827521808517638e-01
1.000484032424177272e+00
1.000296637924669829e+00
9.994312802993906564e-01
1.000257950183538025e+00
9.994772995098289980e-01
1.000284181254611937e+00
1.001046163669119915e+00
9.995462128872104612e-01
1.000015195431106951e+00
9.990508155408783786e-01
9.999271697239946466e-01
9.996280548587566095e-01
9.996296299105478234e-01
9.995456637211035389e-01
1.000223899083970691e+00
1.000008385614783224e+00
9.998971432888539290e-01
9.998585008426481568e-01
1.000368479548544576e+00
1.000197718334801866e+00
9.999846247793665599e-01
1.000270782520924939e+00
1.000473876462981249e+00
9.994313641705827589e-01
1.000208713811665096e+00
9.996806257803150242e-01
1.000127755519619965e+00
9.995914779673127359e-01
1.000045787053382096e+00
1.000154167064616129e+00
9.996207164752171082e-01
1.000008876957283244e+00
1.000607317192208745e+00
1.000176522181213778e+00
9.997092549533797001e-01
1.000489684587404282e+00
9.998717417086429027e-01
9.997756355288360819e-01
9.997820527309269067e-01
9.991579117260637188e-01
1.000201018288058741e+00
1.000402357363963990e+00
1.000023988456033797e+00
1.000161982202397937e+00
1.000334165792861940e+00
9.993698602273040077e-01
1.000421302170100502e+00
9.997305899890869263e-01
1.000006312623936022e+00
9.996770032520820859e-01
1.000008407284060707e+00
9.998395002263723574e-01
1.000128289447780094e+00
9.998790983452151560e-01
1.000349362793735208e+00
9.994077409626686004e-01
9.999832278093018223e-01
1.000256483120550266e+00
1.000593583509992834e+00
1.000527620738384194e+00
1.000042961868396141e+00
9.996895238974177200e-01
9.998321060491450751e-01
1.000559448601782142e+00
1.000024924338914323e+00
9.999223680175401974e-01
1.000035227406798954e+00
9.999442206195634508e-01
9.998421070607179661e-01
1.001087026347173836e+00
9.998537794273514301e-01
9.999866798312749827e-01
1.000354054952125482e+00
9.995219728304221007e-01
9.999829890528292298e-01
9.998137533139224153e-01
1.000341260781575148e+00
9.998188232344953352e-01
1.000323193040771663e+00
1.000784898447844684e+00
9.998355058144964280e-01
1.000361740464598803e+00
1.000350001940907951e+00
1.000341581810389346e+00
1.000168852208318304e+00
9.963960012793641186e-01
9.864051914390887799e-01
9.750214168523270164e-01
9.648944532166432442e-01
9.539109853628964242e-01
9.431144698963038753e-01
