0.000000000000000000e+00
0.000000000000000000e+00
0.000000000000000000e+00
0.000000000000000000e+00
0.000000000000000000e+00
0.000000000000000000e+00
0.000000000000000000e+00
0.000000000000000000e+00
0.000000000000000000e+00
0.000000000000000000e+00
0.000000000000000000e+00
0.000000000000000000e+00
0.000000000000000000e+00
0.000000000000000000e+00
0.000000000000000000e+00
0.000000000000000000e+00
0.000000000000000000e+00
0.000000000000000000e+00
0.000000000000000000e+00
0.000000000000000000e+00
1.572210785711510142e-05
3.384785055697379919e-02
1.007972063177149824e+00
3.303836258827960393e+00
3.299478149606064559e+00
1.837183777727413370e+00
8.498087697088042569e-01
3.873458345812074155e-01
2.011600604839635376e-01
2.242241740984242393e-01
8.217847703858572883e-01
1.714889189136791670e+00
1.893139376526671303e+00
1.470896551430349142e+00
9.990237005369756451e-01
7.140983384631801600e-01
5.973862807370717842e-01
5.886678853273012990e-01
6.356222079800374347e-01
7.188159098289998994e-01
8.188072494025127046e-01
9.168572028800346940e-01
1.012600817466132952e+00
1.087899345475200175e+00
1.152653298859753095e+00
1.199327769074703287e+00
1.222954241979349099e+00
1.225729759952365772e+00
1.208649493104327455e+00
1.172360244235639559e+00
1.132387471296075976e+00
1.085336405706586627e+00
1.050348046040967098e+00
1.011448488079042196e+00
9.801880568977789920e-01
9.568818121756068606e-01
9.439827762661472388e-01
9.323298357490431565e-01
9.277123081597300480e-01
9.221161740615858582e-01
9.221610966506916807e-01
9.299641027328248155e-01
9.361905569600312838e-01
9.527946296810355653e-01
9.656125523861084359e-01
9.798203909668009581e-01
9.857497951955839222e-01
9.979884712349259557e-01
1.007070916175834441e+00
1.009602271190827238e+00
1.016954692551872430e+00
1.022083068346138157e+00
1.021879112397725109e+00
1.023946393492780160e+00
1.020516597439933282e+00
1.018111424979783797e+00
1.016315792547477281e+00
1.009433184043307952e+00
1.006984292824950833e+00
1.007227402123779259e+00
1.000618062131534591e+00
9.995078036732173432e-01
9.981706165720850565e-01
9.975079819356693633e-01
9.984128136203778148e-01
9.972922944409878809e-01
9.983711350506497828e-01
9.988150195772366180e-01
9.990118630008667511e-01
9.986865765149530727e-01
9.983156048722491294e-01
9.973796246982473690e-01
9.970692450996860856e-01
9.983104909896768353e-01
9.962510200818376349e-01
9.968031943398634187e-01
9.975068157934934288e-01
9.971885479469279057e-01
9.982856589360028510e-01
9.968992958938107662e-01
9.969594280391612662e-01
1.000134885442256927e+00
9.987690803751549939e-01
1.000076010961209239e+00
1.000379264912382160e+00
1.000919459527190636e+00
1.000931539496977773e+00
1.001889636205090195e+00
1.002582460681204379e+00
1.000350903226959742e+00
1.003148484931239315e+00
1.000010829767042253e+00
1.002566253752924519e+00
1.001278128443180648e+00
1.001421797359739463e+00
1.001094347347647018e+00
1.000426994789288093e+00
1.001798389704651626e+00
1.000640835095915504e+00
1.000649090244340123e+00
9.989640938035579953e-01
9.997916285369885525e-01
9.993687261980696013e-01
9.998743025485693492e-01
9.996881754739230797e-01
1.000914976337168527e+00
1.000308960355670074e+00
9.996715075385017579e-01
1.000072480946808673e+00
9.987715668107929323e-01
9.999963185263085474e-01
9.995160865888493840e-01
9.994076546313331866e-01
1.000151038438745310e+00
9.998402360250775445e-01
1.000418009179918410e+00
9.999550957008174201e-01
1.000092909365963845e+00
1.000845972545642448e+00
1.000314359770942518e+00
9.998095800283316459e-01
1.000398395627365211e+00
9.998009146348157961e-01
1.000456618309868650e+00
9.997723665142143057e-01
1.000635264637121491e+00
1.001701746859558373e+00
1.001952132094348524e+00
1.000428268139895716e+00
1.000487825344549053e+00
9.999568030958000397e-01
1.001062555512666430e+00
9.997565379419562914e-01
9.996582200476430424e-01
9.997845941132139647e-01
1.000241009460909769e+00
9.987898849849735639e-01
1.000458943022304759e+00
9.999801949808097001e-01
9.982785469497013064e-01
9.994937870898571441e-01
9.993318141874584226e-01
9.993994315161836006e-01
9.993537994527578183e-01
9.994842636594056806e-01
9.998192124810522108e-01
9.992885607259132108e-01
9.999052609678049652e-01
9.993239275493939200e-01
1.000428830982160067e+00
1.000322270134935243e+00
1.000409896057996129e+00
1.000561514557199105e+00
1.000002356687057725e+00
1.000214745087863566e+00
1.000562062457388324e+00
1.000453987055725635e+00
9.999972549007276612e-01
9.999000515463141170e-01
9.994859402355594780e-01
1.000898081552181740e+00
1.000944840115581158e+00
9.991407572692162509e-01
9.998167912418975956e-01
9.997868089565751237e-01
9.998245770251966702e-01
9.990381726295090026e-01
9.992907881102448542e-01
9.998216215657581563e-01
1.000627917980777992e+00
1.000068760178006499e+00
9.993661259093211680e-01
9.996143852482615166e-01
9.996295869783323740e-01
1.000017520319235187e+00
1.000325516650750979e+00
9.994939605083162926e-01
9.995612580124266788e-01
9.998563933524017289e-01
9.998557986749896376e-01
9.998572549418938138e-01
1.000342803024786509e+00
1.000254632327982174e+00
1.000845643000565888e+00
1.000293730291983429e+00
1.000475210648209545e+00
9.999505663992946936e-01
1.000195798253127322e+00
9.999961530903902496e-01
1.000945885413118797e+00
1.000215630422543356e+00
9.998757409303939969e-01
9.996709171602825572e-01
9.996007515296848611e-01
1.000380818643943570e+00
1.000360720174444440e+00
1.000244025722936581e+00
1.000349389755069929e+00
9.999700577284593717e-01
1.000819087969384791e+00
9.993566874692704216e-01
1.000409035213485343e+00
1.000367331185050057e+00
1.000186036464361106e+00
1.000345370962939517e+00
1.000750669021672090e+00
1.000577304771151699e+00
9.994502526261689335e-01
1.000174254760719306e+00
9.997930169554645197e-01
1.000698323049577620e+00
1.000071840245734034e+00
9.996873103202275068e-01
1.000361598539381447e+00
9.993072674302169167e-01
9.996400773478072432e-01
9.998184659142638209e-01
9.998928029190276012e-01
9.997224331392454699e-01
9.997336399736684864e-01
1.000082562554371224e+00
1.000238125856051985e+00
1.000209900799296614e+00
1.000131903652708321e+00
9.998656249646996619e-01
1.000230020957184829e+00
1.000169615032429959e+00
1.000134812147220886e+00
9.999932637737113383e-01
9.999586883627985534e-01
9.999126962841122790e-01
9.999601458906185458e-01
1.000084728725296523e+00
9.995308253449782798e-01
1.000165827379575045e+00
1.000409714847707354e+00
1.000224552505506015e+00
9.996052464813334204e-01
9.997259869159983436e-01
9.999098831117519959e-01
1.000031794577432187e+00
9.998697876914381943e-01
9.998464648635362328e-01
1.000017318692341783e+00
9.999167014773079343e-01
9.997533175587274279e-01
1.000300702887441995e+00
1.000264684381446889e+00
1.000173400657450085e+00
9.995962513200910005e-01
1.000132857884194371e+00
1.000032880563646254e+00
1.000289046186398689e+00
1.000057364223171819e+00
9.956550671227782923e-01
9.855973343578889878e-01
9.747986298929174342e-01
9.640742655740617284e-01
9.530346977920581830e-01
9.423336349503487197e-01
