0.000000000000000000e+00
0.000000000000000000e+00
0.000000000000000000e+00
0.000000000000000000e+00
0.000000000000000000e+00
0.000000000000000000e+00
0.000000000000000000e+00
0.000000000000000000e+00
0.000000000000000000e+00
0.000000000000000000e+00
0.000000000000000000e+00
0.000000000000000000e+00
0.000000000000000000e+00
0.000000000000000000e+00
0.000000000000000000e+00
0.000000000000000000e+00
0.000000000000000000e+00
0.000000000000000000e+00
0.000000000000000000e+00
0.000000000000000000e+00
0.000000000000000000e+00
3.218810325137230754e-02
1.009003048322828944e+00
3.392854241097004842e+00
3.426009579502404367e+00
1.935039212173975010e+00
8.977731491919301865e-01
4.167972088206866599e-01
2.178293221372857857e-01
1.337245997742102510e-01
1.889003209031353547e-01
6.895210578182943140e-01
1.466407949408533584e+00
1.749413815285479235e+00
1.489802405667012275e+00
1.113596360832954657e+00
8.549803778892317574e-01
7.330516081052322885e-01
7.227162158503758205e-01
7.689700614602246187e-01
8.388261336416761305e-01
9.257790651099970791e-01
1.001648791374312619e+00
1.067118973679575644e+00
1.121563672294999536e+00
1.161204200795631580e+00
1.184703298664069537e+00
1.190104753926116921e+00
1.178671997098042823e+00
1.146584050744936523e+00
1.114617443454344325e+00
1.081399955459686035e+00
1.048900367130567224e+00
1.023056475579509073e+00
9.989101192457700007e-01
9.779060980144123061e-01
9.594060572691470723e-01
9.496732111750703087e-01
9.392485716700287313e-01
9.341625594814012556e-01
9.325006719051942561e-01
9.354468462854901301e-01
9.420373459858214504e-01
9.511411932910265321e-01
9.591151381397605702e-01
9.707396808505448504e-01
9.797713046871611153e-01
9.882614348952690753e-01
9.919498657597313196e-01
1.000727228179368211e+00
1.002537215903804624e+00
1.005188524850096909e+00
1.008451254566331778e+00
1.013115444943070598e+00
1.014177766370448541e+00
1.014537032639158731e+00
1.014887840111529549e+00
1.012294815825985905e+00
1.011033868356742360e+00
1.010129185608798386e+00
1.010026936901390560e+00
1.006177571442659069e+00
1.003820631447151168e+00
1.003754439421828515e+00
1.002464040916934085e+00
1.002153714979111321e+00
1.001004990517914806e+00
9.982960592496484820e-01
9.987539765992466956e-01
9.978423657828533466e-01
9.950603657644806477e-01
9.959131831450752648e-01
9.962617319024933416e-01
9.959322561081662695e-01
9.949518784638208269e-01
9.952348597694981036e-01
9.954360395963032238e-01
9.942295618551202363e-01
9.960874281252147799e-01
9.955688566209501822e-01
9.987178264438044684e-01
9.989366584949931349e-01
9.999442849450098647e-01
1.000813803215702347e+00
1.001257643944809317e+00
1.002065224514995245e+00
1.003434588003369710e+00
1.001836061229630426e+00
1.001990930318239714e+00
1.001470432881671702e+00
1.002429601392372138e+00
1.001921750411585599e+00
1.001215419131244344e+00
9.998847680357642043e-01
1.000004958663285315e+00
9.998178905460116672e-01
9.996966163746066059e-01
9.988944758391197221e-01
9.996586192103772417e-01
9.992141264918565913e-01
9.997723332118700901e-01
9.990329508683547521e-01
1.000169587095733892e+00
9.982925981264062498e-01
9.989043513949155129e-01
9.990630377833872311e-01
9.996120965257154767e-01
1.000577685244550930e+00
9.998938666419592280e-01
1.000297238140661404e+00
9.989279750578282657e-01
9.999790764281697442e-01
1.000389834745578188e+00
9.998135309560850503e-01
1.000386196626969149e+00
1.000431754701598841e+00
1.001100593757265012e+00
1.000306630911670380e+00
1.000896344104609703e+00
1.000710121867269820e+00
1.000689139991376653e+00
1.000409048577568960e+00
9.999201701516839957e-01
1.000289014170831381e+00
1.000389470459775110e+00
9.996518929666275977e-01
9.993947884885127086e-01
9.988176235312740125e-01
9.997774977972661015e-01
1.000326800373211755e+00
1.000534025325966025e+00
9.996551361144311310e-01
9.988884744957563511e-01
9.996163795450451195e-01
9.995304326877136880e-01
9.999977291003290247e-01
1.000741385144418016e+00
1.000044582910487367e+00
1.000766117518939957e+00
1.000144856343970767e+00
1.000716651201798646e+00
1.000752664558046456e+00
1.000039239272629166e+00
1.000512733374498309e+00
9.995341458208758523e-01
9.998930130305634378e-01
1.000391158937980585e+00
1.000710281760346598e+00
9.996023084240730494e-01
9.997129973681102566e-01
9.992620700777421483e-01
9.991735979900692177e-01
9.994532942740768089e-01
9.993997791476653125e-01
9.998394963813247438e-01
9.990233153377042763e-01
9.997409721652054104e-01
9.997522815736118451e-01
9.994216312004063907e-01
9.997602804566214640e-01
9.998388423454319662e-01
9.999601195841426593e-01
9.997112135423750212e-01
1.000205286295294593e+00
1.000284450130780378e+00
9.999348728637583728e-01
1.000129069373503432e+00
1.000237108793319729e+00
1.000215365239364829e+00
1.000863821751389438e+00
1.000355835293585294e+00
9.996327307998412737e-01
9.998802735260088337e-01
9.993999578255720051e-01
1.000373048013102784e+00
9.999565900714675326e-01
9.996240977717675280e-01
9.997302508982891522e-01
9.998794240331086991e-01
9.994625378166526186e-01
9.995332375411445369e-01
9.991554921328216210e-01
9.999340177755847714e-01
9.994148999694384417e-01
9.996380742341050007e-01
1.000102327823701120e+00
9.997338596721792037e-01
1.000138269155785187e+00
9.996530840523946138e-01
9.994078264848019755e-01
9.999816697628695072e-01
9.999671430478174194e-01
1.000058698747351205e+00
9.996863300091505256e-01
9.996877823651681982e-01
9.991711953796175161e-01
9.998596264965375902e-01
1.000155599380299742e+00
9.994481007133557693e-01
9.991533601882577331e-01
9.993846673395537783e-01
1.000193368935538230e+00
9.999900445549828598e-01
9.992014704133171943e-01
1.000114017327311977e+00
1.000097709234095911e+00
9.998569596762765244e-01
9.999079565037171102e-01
9.996799175019518424e-01
1.000354756472755291e+00
1.000216926776095194e+00
9.995639183308695497e-01
1.000064176634050561e+00
9.996308775703864891e-01
1.000586487698496008e+00
1.000268326779081507e+00
9.996260388533803054e-01
9.995929936700873597e-01
9.999661484955570945e-01
9.994269747142786597e-01
9.999972397911583988e-01
9.998044471800181521e-01
9.993710606833530186e-01
9.997343565385552466e-01
1.000027885099940006e+00
9.999431561367128074e-01
9.996397874960568641e-01
1.000811304914785982e+00
1.000126445952106202e+00
9.999609842575137852e-01
1.000150627539283521e+00
1.000088184268926206e+00
1.000253721238580029e+00
9.999778177883581476e-01
1.000126518072893100e+00
1.000284822134914764e+00
1.000438554672436364e+00
1.000288724186643385e+00
1.000616937526948469e+00
9.997968228578348882e-01
1.000474603026548781e+00
9.997795848847098599e-01
9.999996395329093790e-01
9.966431126441608335e-01
9.871860308475016721e-01
9.753243024282584051e-01
9.644786160455434132e-01
9.529850676061514259e-01
9.419025502387894377e-01
9.312526174422255387e-01
9.202712734249476334e-01
9.100622412970829078e-01
8.989885324003307199e-01
8.884431746765675264e-01
8.777247148405735722e-01
8.673597972403919165e-01
8.572521546162694683e-01
8.471105352937796651e-01
8.364678240710816670e-01
8.267582491639767772e-01
