0.000000000000000000e+00
0.000000000000000000e+00
0.000000000000000000e+00
0.000000000000000000e+00
0.000000000000000000e+00
0.000000000000000000e+00
0.000000000000000000e+00
0.000000000000000000e+00
0.000000000000000000e+00
0.000000000000000000e+00
0.000000000000000000e+00
0.000000000000000000e+00
0.000000000000000000e+00
0.000000000000000000e+00
0.000000000000000000e+00
0.000000000000000000e+00
0.000000000000000000e+00
0.000000000000000000e+00
0.000000000000000000e+00
0.000000000000000000e+00
0.000000000000000000e+00
0.000000000000000000e+00
0.000000000000000000e+00
0.000000000000000000e+00
0.000000000000000000e+00
1.551706781842220170e-04
2.729958172572816838e-02
5.014056316484849507e-01
1.724997855029215543e+00
2.146065689383551245e+00
1.563802811559348971e+00
8.943838258796031893e-01
4.751715928890863361e-01
3.320497204206954156e-01
2.667926251479840194e-01
2.546970526765744425e-01
2.700934910002577016e-01
2.803501633533745929e-01
2.755072314430240255e-01
2.535212418497485576e-01
2.492159337938790464e-01
2.777197769443321973e-01
3.355872162348151888e-01
4.373356141835403887e-01
5.685828189576322966e-01
7.334730833572467024e-01
8.939334451282908711e-01
1.054059539409467172e+00
1.204903218541962584e+00
1.326841608339178080e+00
1.409308469687016840e+00
1.500677977041493527e+00
1.537414021746229098e+00
1.542564126206421360e+00
1.493339830136715340e+00
1.382157334754640754e+00
1.273004252024321659e+00
1.159279886413815852e+00
1.070655160301898778e+00
9.921289263849064621e-01
9.513322947994574674e-01
9.153108601890701523e-01
8.986299026604801510e-01
8.917719804462846955e-01
8.955523952108499497e-01
8.986644785798527657e-01
9.135307769098769404e-01
9.237617203722693349e-01
9.358705155474129622e-01
9.585414809972397920e-01
9.808581038469534885e-01
9.967239331990508378e-01
1.014226992165428554e+00
1.014257268549112245e+00
1.031683663599157974e+00
1.038259783610101961e+00
1.041744936799970489e+00
1.035918706968581571e+00
1.036550521426527371e+00
1.017072564782794064e+00
1.010351652216551877e+00
9.942026902647512765e-01
9.974830649051905640e-01
9.793936634133072472e-01
9.762632505460292487e-01
9.765857490538367713e-01
9.690663795118658053e-01
9.643488182285802068e-01
9.757267292969167283e-01
9.707495125958114368e-01
9.809814934519563989e-01
9.835700304173555786e-01
9.854405320268359025e-01
9.958714438529255863e-01
1.000862585501370194e+00
1.005704000154701072e+00
1.007866003068749849e+00
1.006564815921884293e+00
1.009289590684774751e+00
1.003527368652614715e+00
1.009512963354040727e+00
1.005009425368958764e+00
1.007663491799858368e+00
9.993170422878123738e-01
9.965930327490309937e-01
9.974913600963943860e-01
9.951198105747481870e-01
9.914758780699927110e-01
9.890224020219411383e-01
9.916518728253947979e-01
9.926609454759212081e-01
9.910799517944745007e-01
9.928744132170126413e-01
9.907938413330938943e-01
9.903506432339034271e-01
1.001597466213736798e+00
9.994286980754570893e-01
1.002582511472347671e+00
1.007981623885552569e+00
1.004679429432535631e+00
1.013412322015059708e+00
1.005330484673464531e+00
1.015976842648378842e+00
1.011400415170083722e+00
1.004228687112957541e+00
1.004549897484124488e+00
1.002067991366009769e+00
9.985530475524387883e-01
9.982341792409498149e-01
9.966326566629811756e-01
9.994602332793339761e-01
9.982761543277171024e-01
9.964217912690654932e-01
1.000121943289159709e+00
1.000210717685405815e+00
9.997867123630440611e-01
9.958014854504652069e-01
9.921035585328394912e-01
9.929429508177332053e-01
9.971670212285871360e-01
9.928943268620118445e-01
9.931935073109375844e-01
1.000736442949609284e+00
9.925956344591626568e-01
9.955300714608071866e-01
9.972941012140250638e-01
9.944788148618268764e-01
9.943613502397726789e-01
9.953832287928865430e-01
9.963972390797692924e-01
9.982454633539312727e-01
9.971971509577418624e-01
9.974528902016305265e-01
9.981227135491351765e-01
9.949629930998067362e-01
9.960501898527404085e-01
9.955039765897266690e-01
9.944600750666703348e-01
1.000127559082000905e+00
9.967137024883231389e-01
9.965897655068932659e-01
9.937305853181275239e-01
9.977104519918733594e-01
9.961169796266966525e-01
9.966475878829517132e-01
9.966137239369554646e-01
9.944084187872821445e-01
9.985760676108900169e-01
1.001704242881097828e+00
9.971938216249045528e-01
9.939314836782541240e-01
9.976900962683369345e-01
1.001311957294927613e+00
9.957162449827251516e-01
1.000635049270445887e+00
9.969801231560677657e-01
9.983515549501034148e-01
9.974572924264377694e-01
9.993644438320452572e-01
9.962376011120791519e-01
9.997902013160672174e-01
1.001418328215707199e+00
9.974698620755622080e-01
9.983248120211809518e-01
9.952073148537101677e-01
1.000401101635950640e+00
9.969606848477683414e-01
9.971417758774782092e-01
9.991259741055467103e-01
1.001895245502995024e+00
9.994154995500413863e-01
9.986663692467563358e-01
9.981021287837457123e-01
9.982616000975166326e-01
9.979915820153935080e-01
1.001875534505586529e+00
9.970671635475969463e-01
9.998045174534514468e-01
9.987354744797358741e-01
9.989002366508524799e-01
1.002358187956321034e+00
1.000829580948075392e+00
1.000249341472936981e+00
1.002916921090619251e+00
9.977243918546558898e-01
9.980716606519350886e-01
1.001387431973544739e+00
9.987126449512925275e-01
9.987264112916572900e-01
9.982759515183590171e-01
9.983788009084118009e-01
9.986787160516809037e-01
9.999813427957285894e-01
9.979459394394867289e-01
9.957207021788671009e-01
9.958578680952366868e-01
9.999523085302205461e-01
9.979992944944513500e-01
9.983101690795955774e-01
9.983226263757720709e-01
9.965046910491948129e-01
1.000230187358512435e+00
9.976865820474385416e-01
9.986715430810264582e-01
9.990688144636059587e-01
9.981596159597411200e-01
9.992554867795291340e-01
9.997027817616244150e-01
1.001045229681261972e+00
1.000004263083748679e+00
9.983529438350732255e-01
9.984985430933562833e-01
9.984030903055234329e-01
1.000393716218692441e+00
9.976640084324261970e-01
9.993732671685878755e-01
9.957371340877558819e-01
1.001513721640447496e+00
9.993367901238837669e-01
9.998916170386438207e-01
1.000681828469591528e+00
9.967564549809252439e-01
1.000582023424546607e+00
9.997330071953908215e-01
1.000130420517861385e+00
9.971361803709333227e-01
9.994055644686649087e-01
9.988892544492462555e-01
1.000888341670146175e+00
9.992294204257117229e-01
1.000559431919411546e+00
9.968814301234329989e-01
9.991988792000344732e-01
9.999538596794999012e-01
9.992234288573503820e-01
1.000910012206648103e+00
1.000826709181364293e+00
9.988608135972747437e-01
9.993493403936637431e-01
1.000062931132006616e+00
1.000260272038890230e+00
9.994189150333491201e-01
9.970177489151549333e-01
9.877990287802864700e-01
9.786880712486357714e-01
9.666869299808472649e-01
9.554788272850841535e-01
9.448834253851458032e-01
9.327897361756560812e-01
9.235251794359774502e-01
9.129637625591917605e-01
8.993838874071218292e-01
8.912987901328734974e-01
8.803397490441662310e-01
8.664991318325480085e-01
8.602627255288699537e-01
8.469092619139347855e-01
8.367985875526401385e-01
8.244587274720185377e-01
8.187971113200386286e-01
