0.000000000000000000e+00
0.000000000000000000e+00
0.000000000000000000e+00
0.000000000000000000e+00
0.000000000000000000e+00
0.000000000000000000e+00
0.000000000000000000e+00
0.000000000000000000e+00
0.000000000000000000e+00
0.000000000000000000e+00
0.000000000000000000e+00
0.000000000000000000e+00
0.000000000000000000e+00
0.000000000000000000e+00
0.000000000000000000e+00
0.000000000000000000e+00
0.000000000000000000e+00
0.000000000000000000e+00
0.000000000000000000e+00
0.000000000000000000e+00
0.000000000000000000e+00
0.000000000000000000e+00
0.000000000000000000e+00
0.000000000000000000e+00
0.000000000000000000e+00
2.239210894252589151e-02
7.617572654733387738e-01
2.748278995293225169e+00
3.151955297631357844e+00
1.953268066680108994e+00
1.006544011415852147e+00
5.002207002197200936e-01
2.553358477775981572e-01
2.013953929214741811e-01
1.925498355833369091e-01
2.366130324571935617e-01
2.128963900860088576e-01
2.543685147828189108e-01
2.746428361439187116e-01
2.665944845238590322e-01
3.087884544277362253e-01
3.845188676973785857e-01
5.078946828663375435e-01
7.006194907072906819e-01
9.211028746406804135e-01
1.141618222742669220e+00
1.322313607372979094e+00
1.486660736537462668e+00
1.563528099837695473e+00
1.655513524523626545e+00
1.737073135165252191e+00
1.755252659310757357e+00
1.737951996727450821e+00
1.615415588811078607e+00
1.420259821987386539e+00
1.254436931583423620e+00
1.138827989649641603e+00
1.017602327382489902e+00
9.229844274578496988e-01
8.712971682529740969e-01
8.486137886663297492e-01
8.706231896125034009e-01
8.708647622787272224e-01
9.127399801997023721e-01
9.411189742942586145e-01
9.499388523177790811e-01
9.423442406214989076e-01
9.892514174223293599e-01
1.004297404160154450e+00
1.000378701928025471e+00
1.004811422748011607e+00
1.049228216280222892e+00
1.073483705017518108e+00
1.029353824394561912e+00
1.043086508909402799e+00
1.054291376702787719e+00
1.053198127994930067e+00
1.039054919851456704e+00
1.034224726114879589e+00
1.003862556699135933e+00
1.003209627987562635e+00
9.737857057625620705e-01
9.624151185743351489e-01
9.724649425834523964e-01
9.653680327954319296e-01
9.699408300745111511e-01
9.930845515563103687e-01
9.838294205499825695e-01
9.849221517622747113e-01
9.808991762933598757e-01
9.944378163917347857e-01
9.863570668485420745e-01
9.925988868177765267e-01
9.969734219998730440e-01
1.021856458177886173e+00
1.018201559008811596e+00
1.006387105930483861e+00
1.003099345638956752e+00
1.005740609350399550e+00
1.012422314841497917e+00
9.856676555300226683e-01
9.786942136491847410e-01
9.837963150282357239e-01
9.832591820097581481e-01
9.941000632520355929e-01
9.929213734572878147e-01
9.975843457523859703e-01
9.761525583080066237e-01
9.875534475817042690e-01
9.789976518511036563e-01
9.958409215318979602e-01
9.841697990259408169e-01
9.762562522196329695e-01
9.992344188281413464e-01
9.979386344840069922e-01
9.995752260080917884e-01
9.878536027409499098e-01
9.858773318153366549e-01
9.758461622855366668e-01
9.877806756628656482e-01
9.939973786388499599e-01
9.856372136799150807e-01
9.923101646336679460e-01
1.000008494337335962e+00
9.960177750930343521e-01
9.947200818498858066e-01
9.859004070048251744e-01
9.997456685452842384e-01
9.917614261142906340e-01
9.936818723829710098e-01
1.002007625394064405e+00
9.941854390201436686e-01
9.846451094019759154e-01
9.840172352907640141e-01
9.856440440598019936e-01
9.997371056051465033e-01
9.900019449347803313e-01
9.882460245880888561e-01
9.883187935962132187e-01
9.838956722086034112e-01
9.851107881476575123e-01
9.961226849083004709e-01
9.868680799328806152e-01
1.002924545095426723e+00
9.963687364127628010e-01
9.956399667635745798e-01
9.856045893080305209e-01
9.916966067143045960e-01
9.916212245046387430e-01
9.999009186977056984e-01
9.948196717317975279e-01
9.959640989831235469e-01
1.003908109597547504e+00
1.005837709657187995e+00
9.992251829720145695e-01
9.983024504606370364e-01
9.958222887578841442e-01
1.001798236696545663e+00
1.000009030255524900e+00
1.001694926979975309e+00
1.002425637239148903e+00
9.987162953141480726e-01
9.953337570804451362e-01
1.002806552188275191e+00
9.876799845203240169e-01
9.942035329087325346e-01
9.955892320413054497e-01
9.949528786891288501e-01
9.894669865201747294e-01
1.001781106315215997e+00
1.000801926129748720e+00
9.956227803958735967e-01
9.982624599322249548e-01
9.976624117787531443e-01
9.911885530627397856e-01
9.897511437259094436e-01
9.910466686210777087e-01
9.939583952490984586e-01
9.922519412287310603e-01
9.852357314967942203e-01
9.869809371646058871e-01
9.897811591510198292e-01
9.910351767722613836e-01
9.927672380867214041e-01
9.839133089454259462e-01
9.929479392025112316e-01
9.888813794811676106e-01
9.975234820066594121e-01
9.916719509794632570e-01
9.896964081750069253e-01
9.973032467673644819e-01
9.940797085508239483e-01
9.873494338036279405e-01
9.989336671161840320e-01
9.938598429397274003e-01
9.906429497112121396e-01
9.965568939772964097e-01
9.937950817284506577e-01
9.901383509523136173e-01
9.915317533942950012e-01
9.907534503914727786e-01
1.003243236369771418e+00
9.940848351601182520e-01
9.940932399687587573e-01
9.993073967973636895e-01
9.965770463207820340e-01
1.001617987883449690e+00
9.952516385633356499e-01
9.991852045621995027e-01
9.945306590801640256e-01
9.952918698625768945e-01
9.914649470551128996e-01
9.884369735595015527e-01
9.888251794370354064e-01
9.989334576279147448e-01
9.976188460344673770e-01
9.979202944133590547e-01
9.899161454620093448e-01
9.927981560398302374e-01
9.912238128208612498e-01
9.951064606337686191e-01
9.884515773537724259e-01
9.930919657092283082e-01
9.957973921283455043e-01
9.896342542573599577e-01
9.950707943933507771e-01
9.960287675023419274e-01
1.002497582907653673e+00
9.916685956629873733e-01
9.952827248027041884e-01
9.960679889596132375e-01
9.938136050411653377e-01
9.942667008342189749e-01
9.956046026148579475e-01
9.871774783193379976e-01
9.875221609786736243e-01
9.942667154927943285e-01
9.940158263275830075e-01
9.871558837702417710e-01
9.941731498860327809e-01
9.909691007511970406e-01
9.935375779257337170e-01
9.883534784884230318e-01
9.993238203717635937e-01
9.927971639682323657e-01
9.927305619581976437e-01
9.986134544531072299e-01
9.889167411806877306e-01
9.950202504252685376e-01
9.915963745000387908e-01
9.891236198142294711e-01
9.960579900586407076e-01
9.934473258035044774e-01
9.956843546193370198e-01
9.966728139748313176e-01
9.967327273417193600e-01
9.930467838299370520e-01
9.909061789498266881e-01
9.881625081949954037e-01
9.936115021852919282e-01
9.945627076932265220e-01
9.971554498638327546e-01
9.930917461417562153e-01
9.974046638938446341e-01
9.909359740414832585e-01
9.982787359985129116e-01
9.949552923783224756e-01
9.933701017294541691e-01
9.949513331655919224e-01
9.940060537769995763e-01
9.925110435250796836e-01
1.000175942564603515e+00
9.936160621951075633e-01
9.957841230095491047e-01
9.945079938961900456e-01
9.965274707463990245e-01
9.938955004232875590e-01
9.968582467950146686e-01
9.961529845492228530e-01
9.972963665487499796e-01
