0.000000000000000000e+00
0.000000000000000000e+00
0.000000000000000000e+00
0.000000000000000000e+00
0.000000000000000000e+00
0.000000000000000000e+00
0.000000000000000000e+00
0.000000000000000000e+00
0.000000000000000000e+00
0.000000000000000000e+00
0.000000000000000000e+00
0.000000000000000000e+00
0.000000000000000000e+00
0.000000000000000000e+00
0.000000000000000000e+00
0.000000000000000000e+00
0.000000000000000000e+00
0.000000000000000000e+00
0.000000000000000000e+00
0.000000000000000000e+00
0.000000000000000000e+00
3.563779758957130728e-02
1.049096134878486186e+00
3.395526102167892191e+00
3.340287678466700161e+00
1.828089765632458175e+00
8.225300618389185248e-01
3.715729219463470567e-01
1.921148029023836690e-01
2.224754194785381056e-01
8.411323522480734782e-01
1.733234554135723915e+00
1.913911475539629814e+00
1.457238182527612835e+00
9.705215927831013500e-01
6.715367724279182049e-01
5.477928102309250757e-01
5.376654957391342471e-01
5.875840676091637071e-01
6.779573379767834806e-01
7.870695138246045497e-01
9.013270802205239907e-01
1.003029701202719615e+00
1.095238213414290840e+00
1.165316849495888984e+00
1.220670439650868966e+00
1.251365157212103618e+00
1.255229099876244980e+00
1.234154993827875746e+00
1.199426450567627089e+00
1.149812049146506698e+00
1.102475167425084779e+00
1.049713486619887171e+00
1.012983474448978294e+00
9.858151622971905725e-01
9.610030020360650349e-01
9.411478388511178572e-01
9.300813669849520293e-01
9.188863792046324530e-01
9.137730034734101725e-01
9.139565634032253971e-01
9.198248757065039527e-01
9.298763627189295944e-01
9.425632246380596380e-01
9.577315089293980677e-01
9.735805635094457733e-01
9.844813244031130894e-01
9.969845469806646321e-01
1.009437964184314973e+00
1.017167751982031465e+00
1.021559381992680482e+00
1.023368713077493997e+00
1.028587934704068951e+00
1.025294293468176576e+00
1.023222385962727632e+00
1.020610743264507292e+00
1.015354147506003946e+00
1.011431019886352312e+00
1.006495569603780504e+00
1.002930511511586964e+00
1.002301208577211611e+00
1.000765945548318214e+00
9.977780607839419336e-01
9.983889082392159997e-01
9.963903690986235517e-01
9.998556380833536483e-01
9.985989663565184582e-01
9.995173189847046391e-01
9.990542083228245440e-01
1.001165195543230357e+00
9.987647999869911919e-01
1.000119409080944877e+00
9.976430812657075542e-01
9.984786511490880700e-01
9.971457104951195749e-01
9.976901541575493582e-01
9.976148410838989733e-01
9.967541658122982540e-01
9.960400082713504188e-01
9.982290350473342899e-01
9.961954272525592735e-01
9.981177269339697178e-01
9.970350899522801846e-01
9.999234612244739528e-01
1.000903229859173793e+00
9.988639381702074660e-01
1.000155670181394951e+00
1.002695715994003312e+00
1.003594272101288931e+00
1.003220117336443007e+00
1.003742934518147223e+00
1.000706639361138794e+00
1.001808442342629668e+00
1.002680060576412568e+00
1.000968556999403125e+00
1.001735589803406157e+00
1.002207500581410615e+00
9.996779993412298060e-01
1.001898269855941326e+00
9.999824265832253367e-01
9.997542568287116627e-01
9.974298696851005008e-01
9.996010048713339646e-01
9.995679841348266148e-01
9.995419305135391230e-01
9.984021076261082595e-01
9.990763065241651253e-01
9.982980819064100064e-01
9.993690954161711382e-01
9.993679553578821428e-01
9.992921893441150116e-01
1.000432487212682631e+00
9.995916736780386946e-01
1.000340522119477660e+00
1.000594239086486148e+00
1.000384325832836652e+00
1.000912305898933319e+00
1.001988696246816968e+00
1.000177580496149021e+00
9.997428985834859727e-01
1.002327617600665466e+00
1.000895266089757651e+00
9.995777305517802303e-01
9.990521343655536235e-01
1.000003890010519925e+00
9.992705681241558224e-01
1.000233949141605683e+00
1.000102226989071363e+00
9.996004375124916130e-01
9.999575015475145046e-01
1.000509822308736751e+00
1.000492629002570855e+00
1.000129906057135587e+00
9.997331555206593334e-01
9.984083624827028158e-01
1.000282553976404643e+00
1.000190239656070679e+00
9.997159120706367030e-01
9.991232325703124362e-01
1.000767513009777288e+00
1.000655531393968900e+00
1.000510528022657386e+00
1.000281675317878483e+00
1.000344435398441867e+00
1.000226344781548704e+00
1.000966511003320125e+00
1.001390118907819593e+00
1.001312290253505655e+00
9.996725496119227561e-01
9.984774849173198019e-01
1.000297530705376303e+00
9.997627254234650040e-01
9.995335407201477729e-01
1.000006471813793318e+00
9.993106762860231029e-01
1.000826555468833590e+00
1.000139354946339543e+00
1.000289850685387671e+00
9.993642224058449930e-01
1.000109636438665683e+00
1.000250234088366996e+00
1.000496733437774122e+00
9.999033245959674243e-01
1.001060375409434267e+00
1.000638509094271544e+00
9.998234375362727855e-01
9.995546766128893257e-01
9.997648314801539371e-01
9.996175053901015239e-01
1.001032662034720522e+00
9.999715019889766632e-01
9.993695969262178513e-01
1.000222009501383180e+00
1.000693304726670396e+00
9.995773702585384335e-01
1.000770751171325745e+00
1.000236878260433171e+00
1.000065657364394012e+00
9.999405451093100750e-01
1.000904270154561848e+00
1.000368230607289632e+00
1.000435790748589682e+00
9.994082591541553207e-01
1.000836063587003943e+00
1.000319642355185668e+00
1.000349204594559671e+00
9.999608780602480262e-01
1.000493932217665582e+00
1.000164399002702931e+00
9.989792456269928067e-01
1.000043255845499912e+00
9.991909373672936967e-01
1.000642530245662520e+00
1.000471331313870005e+00
9.992731793334879153e-01
9.997253096778893067e-01
9.993218516605583135e-01
1.000486166159817891e+00
9.997596761647521424e-01
9.997619293096808857e-01
1.000322019144812336e+00
1.000130191122185153e+00
1.000066652836170356e+00
9.998870902190107879e-01
1.000154641181728143e+00
1.000196231783050838e+00
1.000090010087685055e+00
1.000476996786767270e+00
1.001087692247523808e+00
1.000145848722282738e+00
9.998826354677774475e-01
1.000271065947669902e+00
1.000995261430842165e+00
1.000357595493642116e+00
9.997487231365829174e-01
1.000144885185063615e+00
9.993997278406011597e-01
1.001130434525672852e+00
9.993508803820099207e-01
1.001077416601060754e+00
1.000034547563425358e+00
9.995746733459391908e-01
9.994628371418717849e-01
1.000412648953438621e+00
1.000144895138021628e+00
1.000078877127062560e+00
1.000213087092422626e+00
1.000359040969953872e+00
9.999373589135908125e-01
9.999183385141200420e-01
9.999195411386477828e-01
9.992854918076328197e-01
1.000667596852498287e+00
9.999417861528329121e-01
9.996306690234182390e-01
1.000038086971538176e+00
9.994695679494894902e-01
1.000247257535052281e+00
1.000896806985429377e+00
1.000854468950789888e+00
9.996092974168171441e-01
9.996097810028000685e-01
1.000181999630648022e+00
1.000054104728069992e+00
9.999146527668159035e-01
1.000672929357644403e+00
1.000177975413679476e+00
1.000051817130098275e+00
1.000257740746937740e+00
1.000220927149653827e+00
9.995690514134374371e-01
1.000128856326923943e+00
1.000796462949850030e+00
9.993215194353057829e-01
1.000390355063655257e+00
1.000340644756819719e+00
9.998683418557856584e-01
1.000132218718327692e+00
9.997227949131702873e-01
9.998315142576011949e-01
