0.000000000000000000e+00
0.000000000000000000e+00
0.000000000000000000e+00
0.000000000000000000e+00
0.000000000000000000e+00
0.000000000000000000e+00
0.000000000000000000e+00
0.000000000000000000e+00
0.000000000000000000e+00
0.000000000000000000e+00
0.000000000000000000e+00
0.000000000000000000e+00
0.000000000000000000e+00
0.000000000000000000e+00
0.000000000000000000e+00
0.000000000000000000e+00
0.000000000000000000e+00
0.000000000000000000e+00
0.000000000000000000e+00
0.000000000000000000e+00
0.000000000000000000e+00
3.630787770328218478e-02
1.039160248689984689e+00
3.386090801331504085e+00
3.323637394087317176e+00
1.822159704564479954e+00
8.162040807653775376e-01
3.744041517894195481e-01
1.904422224093326454e-01
2.224237222075261533e-01
8.403662762926087382e-01
1.741881693591389224e+00
1.893090022111213688e+00
1.453143959032115795e+00
9.654625908534378853e-01
6.731625771040443684e-01
5.496392953841088280e-01
5.432649105027478331e-01
5.950186739878999820e-01
6.838252728713023476e-01
7.908267168837033179e-01
8.968094876189747211e-01
1.003296826253794682e+00
1.091001359230490131e+00
1.169605295685958835e+00
1.217331110916597403e+00
1.247756921398888164e+00
1.246557806907325094e+00
1.231515075351930610e+00
1.193903080623271551e+00
1.145119767713909553e+00
1.096480180407626515e+00
1.052259380541044953e+00
1.013327084782647880e+00
9.861862662388263256e-01
9.585955176921475696e-01
9.384143164465941211e-01
9.303230077092929928e-01
9.218665058291508618e-01
9.154673736160138242e-01
9.143184202214583722e-01
9.190094977992601111e-01
9.253058100637256977e-01
9.413757687878506752e-01
9.574817667683657163e-01
9.721013603481521992e-01
9.860396841097038845e-01
9.975616056945783017e-01
1.008026847244162472e+00
1.014165877817253758e+00
1.019905589592607686e+00
1.024167177882237212e+00
1.025649342207699766e+00
1.026398749599181537e+00
1.023847322813434824e+00
1.019680396402530720e+00
1.012721446217178300e+00
1.010459211369824750e+00
1.007615817994560237e+00
1.002170877886947808e+00
1.001259478192916497e+00
9.978031493218616488e-01
9.995708514699179759e-01
9.971033460264989712e-01
9.978797716113896321e-01
9.976072699503458763e-01
9.994440262083188475e-01
1.000420124851159720e+00
9.996083617039276392e-01
1.001054464284295120e+00
9.989083872225469340e-01
1.001563087500553673e+00
9.986646134454417734e-01
9.976974673440509589e-01
9.954134565860593975e-01
9.981909891394464829e-01
9.986362390896140750e-01
9.963582278087481647e-01
9.972404183693794888e-01
9.958621959515056021e-01
9.950511057504707324e-01
9.950768576572955881e-01
9.954465716491848193e-01
9.985444837202802626e-01
9.997039579601934012e-01
9.996804200956117548e-01
1.000330188410252674e+00
1.000477026734847508e+00
1.000468804366723141e+00
1.000595419947412079e+00
1.002435641994567694e+00
1.003515306635986093e+00
1.001403575286425651e+00
1.002904031104690619e+00
1.002667745902894536e+00
1.000248003900819915e+00
9.993073576701461125e-01
1.002714537177994192e+00
1.000182419159640235e+00
1.000605808244596107e+00
9.990302507613928462e-01
9.985117433922018337e-01
9.992068698006222327e-01
9.987069318393360096e-01
9.988404827658536878e-01
9.978616250025242884e-01
9.998107415845459700e-01
9.979211737275349714e-01
9.991634193038274603e-01
9.990746657470137571e-01
9.995366289548395233e-01
9.992676705624785605e-01
9.989013503743947586e-01
9.996843424814267909e-01
9.994246299886508922e-01
1.000289292177165779e+00
9.997996611802449918e-01
1.000030533247462383e+00
9.999372268953210519e-01
9.997537383774705022e-01
9.991448268146536638e-01
1.001189152094229540e+00
1.000363412448814104e+00
1.000399965673780533e+00
1.000045769955879349e+00
1.000862445934207257e+00
1.000462795678146000e+00
1.000671486964551660e+00
9.998525629145083027e-01
9.988693171655961267e-01
9.997094669068790074e-01
9.987613693318643238e-01
9.998910856325166074e-01
9.995691418271041018e-01
9.988636791352152322e-01
1.000358169246195139e+00
9.990309756041328981e-01
9.993505291557939207e-01
1.001170861252864919e+00
9.995880653509009450e-01
1.000124274743350083e+00
9.998416000161242101e-01
9.997242482042191236e-01
9.991051314710854836e-01
1.000558601248796364e+00
9.996198873200182744e-01
9.999224498375138825e-01
1.000118194662892535e+00
9.996656554918158522e-01
9.995157037195038230e-01
9.991914077509865821e-01
1.000614304277593458e+00
9.998108786415587090e-01
9.992841352117730613e-01
9.996409587861178059e-01
9.998340122411070174e-01
9.995101550143875579e-01
9.992018911553850469e-01
9.994516499832043488e-01
9.998264275845052396e-01
9.986741372021713525e-01
9.989116719767068275e-01
9.997183945892726964e-01
1.000773620042022305e+00
9.995711061711947121e-01
9.995200210887418280e-01
1.000034033242772402e+00
1.000049322166115306e+00
1.000054057821939457e+00
9.998070911865892807e-01
1.000707756899181122e+00
1.000160986907047578e+00
9.999558332828174523e-01
1.000145257667658383e+00
1.000718954391919047e+00
1.000350208833009846e+00
9.999718484071855595e-01
1.000334491364017753e+00
9.999765442367687385e-01
1.000077778548421392e+00
9.993257569828392084e-01
1.000256357053931788e+00
1.000428652632880056e+00
1.000637357650577597e+00
9.988043078732965485e-01
9.997766426935823514e-01
9.998126124305630746e-01
1.000445777020625648e+00
9.997492094657017825e-01
1.000093128404906828e+00
9.994610125081050400e-01
1.000889902616073357e+00
9.992463519368836034e-01
1.000174686050067763e+00
9.997944024373313088e-01
9.997493369843587496e-01
9.991704691533842553e-01
1.000424745610679622e+00
1.000146903411493815e+00
9.991235053009771550e-01
9.996109102778403255e-01
1.000357822096048066e+00
9.991845506095897722e-01
1.000218007033002454e+00
1.000345795149824468e+00
1.000534792865935163e+00
1.000243491415967467e+00
1.000092113111448189e+00
9.992135207064979374e-01
1.000554609617308577e+00
1.000646373393907940e+00
1.000422256193341353e+00
1.000210587633088677e+00
9.997611420689609396e-01
1.000512275420934571e+00
9.999750385184825729e-01
9.995108616989063499e-01
1.000582974522370439e+00
9.996665264569670750e-01
1.000048070779373965e+00
9.994777793027765922e-01
1.000128801557309766e+00
9.994570589431691632e-01
9.999145903402252289e-01
9.994793072246903609e-01
9.998178336557479451e-01
1.000091606874580208e+00
1.000605694696192538e+00
1.000227745115399802e+00
9.993351325359803861e-01
1.001148142413325060e+00
1.000203963462937384e+00
1.000096099296537533e+00
1.000480883045308911e+00
1.000803482219745355e+00
1.000179161241404824e+00
9.999789472175847349e-01
1.000444997393132418e+00
1.000325581642660833e+00
9.996382196535322784e-01
9.997749977878772620e-01
9.989440787978292047e-01
9.996186468136999403e-01
1.000435420896013783e+00
1.000444681053822338e+00
1.000317392783984349e+00
1.000535890726436117e+00
1.000472696639192804e+00
1.000529612437616622e+00
9.998499089618337887e-01
9.992869352274139638e-01
9.999522952501691542e-01
1.000425949157575989e+00
1.000090471699863093e+00
1.000677370669415644e+00
1.000763875868822650e+00
9.998522250734565020e-01
9.995623253677853315e-01
1.000226539146318094e+00
9.996196524701640440e-01
