0.000000000000000000e+00
0.000000000000000000e+00
0.000000000000000000e+00
0.000000000000000000e+00
0.000000000000000000e+00
0.000000000000000000e+00
0.000000000000000000e+00
0.000000000000000000e+00
0.000000000000000000e+00
0.000000000000000000e+00
0.000000000000000000e+00
0.000000000000000000e+00
0.000000000000000000e+00
0.000000000000000000e+00
0.000000000000000000e+00
0.000000000000000000e+00
0.000000000000000000e+00
0.000000000000000000e+00
0.000000000000000000e+00
0.000000000000000000e+00
0.000000000000000000e+00
0.000000000000000000e+00
0.000000000000000000e+00
0.000000000000000000e+00
0.000000000000000000e+00
3.481190922065150600e-02
7.915642797376654105e-01
2.729216019777739533e+00
3.151279227452976617e+00
2.039865368803854384e+00
9.953660757489477540e-01
4.783633954746511208e-01
2.746408184107163586e-01
2.228644907369506656e-01
2.270049313837425586e-01
2.365608837364654993e-01
2.807832759419712221e-01
3.062540509987638493e-01
3.170332696300336428e-01
3.032911812914951266e-01
3.220019451450630843e-01
3.865990017948507385e-01
4.973906769062043653e-01
6.526015955617715525e-01
8.318687915142407574e-01
1.017318974251159913e+00
1.192805062835149643e+00
1.317407066889150880e+00
1.417086993253470428e+00
1.518149780887151579e+00
1.580036921218347157e+00
1.585356230809017886e+00
1.590584901050319244e+00
1.488370855148052119e+00
1.357544425491958195e+00
1.197398812477964647e+00
1.059364135393300987e+00
9.747414963375190533e-01
9.033452659034036936e-01
8.846335853910327618e-01
8.552826908135331418e-01
8.463277956923731526e-01
8.652660691000454429e-01
8.761262957169138055e-01
9.020080129012905124e-01
9.245936376374818133e-01
9.513680536435482615e-01
9.743185182022296997e-01
9.944436564938958778e-01
1.009802647309257617e+00
1.019855616805871890e+00
1.039133205793452142e+00
1.039529859612619678e+00
1.041615706340053737e+00
1.052360398864253588e+00
1.041419434268039401e+00
1.035959457662936289e+00
1.032560490432645306e+00
1.013739158370583260e+00
9.945210564534814335e-01
9.805032307113165091e-01
9.800358137786803203e-01
9.637178685074855311e-01
9.663829072496600281e-01
9.661723520988256819e-01
9.744484414031954200e-01
9.743751119867877231e-01
9.771744362673834283e-01
9.776643762690827577e-01
9.924073733803953079e-01
9.980603202920784733e-01
1.000308292165521751e+00
1.004594811425993717e+00
1.007613843941963294e+00
1.009749224640903664e+00
1.012215266417668902e+00
1.021009108899406437e+00
1.002266335386762242e+00
1.003113840771616472e+00
1.006214556063417920e+00
1.006119733605369104e+00
1.000959811439583014e+00
9.947834606798711121e-01
9.939753381327905979e-01
9.920461180331773265e-01
9.939971172931715282e-01
9.840783606777722126e-01
9.869781118058158498e-01
9.977619237138395381e-01
1.000405992874085603e+00
1.003763268140495546e+00
1.002125653715980169e+00
1.005104563426801878e+00
1.008390272838061819e+00
1.005113787808562309e+00
1.005124793022797558e+00
1.006372868381162133e+00
1.006044510561968419e+00
9.996290392345944520e-01
1.002057085150880100e+00
1.004543803126502599e+00
1.002323775852071108e+00
9.957351002741036128e-01
9.981813276877220531e-01
1.000479692333788195e+00
1.009208877222748102e+00
1.007497910404950625e+00
9.985059271994389807e-01
1.003126987731262520e+00
1.003142949054046662e+00
9.983128344276759325e-01
9.920560351892309114e-01
9.907302005789052624e-01
9.923853836055770428e-01
9.927718266943298397e-01
9.953756456573767952e-01
9.973069353630541478e-01
9.927227530058576610e-01
9.950479408306716067e-01
9.965291720920023133e-01
9.961380348592923095e-01
9.971447031017740548e-01
1.003824332747899950e+00
9.990147206423479753e-01
9.945039518878998619e-01
9.913677468942029281e-01
9.979389486708951651e-01
9.995084295702385546e-01
1.000374007151269673e+00
9.891924487075576256e-01
9.912849929188473075e-01
9.958930935518143235e-01
9.959698126270825069e-01
9.914735604398725588e-01
9.905665038511235476e-01
9.933533327828273363e-01
9.997676476453647432e-01
9.934053568460079475e-01
9.917020246465073630e-01
9.958479988987988252e-01
9.902104645046352349e-01
9.954367074049489394e-01
9.943960590543787781e-01
9.971036630418922408e-01
9.963728639800984999e-01
9.981198280407803658e-01
9.919488245944373395e-01
9.973652870949958338e-01
9.907838082206082975e-01
9.951290357686408683e-01
9.954105656008294112e-01
9.930169625043582249e-01
9.940171009322424922e-01
9.920715831373018156e-01
9.970544259988607383e-01
9.965009566679647879e-01
9.973963298972903235e-01
9.952007836495261328e-01
9.929401215807259762e-01
9.978699971128117685e-01
9.983766493043038093e-01
1.002707800582015363e+00
9.968254102366805869e-01
9.936735998087237176e-01
9.960665017082149797e-01
1.000530885413352111e+00
1.001162893573416479e+00
9.985930107268685685e-01
9.924192243068336028e-01
9.995844763497899743e-01
9.991796474476829504e-01
9.966526790795575685e-01
9.986865272569631635e-01
1.000659337341693211e+00
1.000830419922678516e+00
9.959203316290898833e-01
9.964201290260250587e-01
9.957775327149042122e-01
9.966217364321668937e-01
9.984953780210946706e-01
9.968441307723410194e-01
9.952528405013884027e-01
9.965739457840400162e-01
9.996418828862563277e-01
9.954774630885189213e-01
9.979915099409321089e-01
9.951653858664588626e-01
9.986654237502046172e-01
9.965803448217965821e-01
9.946101085082919013e-01
9.984254932532586890e-01
9.987857474463465168e-01
9.948739314587937699e-01
1.000223850789711655e+00
9.968955264556428331e-01
9.972616173624887503e-01
1.000593279368078292e+00
9.997692496777873528e-01
1.002623986428889058e+00
9.975601724916973723e-01
1.000894407505969363e+00
1.001776043854548215e+00
1.002641998312582272e+00
1.003024746095749764e+00
1.001531538347078421e+00
1.000140203068871081e+00
9.996062492195464388e-01
9.994028295400265716e-01
1.000573877784114885e+00
1.000788818451451068e+00
1.001309445483603788e+00
1.000806012493165253e+00
9.986833718452846620e-01
9.993363215915126441e-01
9.968175876371575539e-01
9.999216562723504120e-01
9.963700843621052794e-01
9.991771429510897251e-01
1.000624727521771451e+00
1.001319463012431354e+00
1.001207341847379251e+00
9.981576754775224325e-01
1.000436280571232794e+00
1.000657752448521398e+00
9.972077541552560875e-01
9.965766674743417042e-01
9.975665734663841100e-01
9.985973908269721866e-01
9.988342836068263564e-01
9.990939612810258996e-01
9.976737685781210674e-01
9.967409989677773474e-01
9.954451793914222968e-01
9.969315412203152427e-01
9.968078660342543085e-01
9.992286266794186966e-01
9.976963738182319519e-01
9.964936655392990783e-01
9.949982488323908525e-01
9.982680135060105764e-01
9.973392513244068169e-01
9.997916102840510577e-01
9.979568843121855437e-01
9.953428130952826081e-01
1.000511351670839932e+00
1.000129586676812510e+00
1.001658514299721192e+00
9.966431232033814425e-01
9.993683212658115433e-01
9.981972426125780284e-01
1.000491960777083911e+00
1.000536302620252727e+00
9.978951739335858440e-01
9.997690726380883408e-01
9.894547439171126335e-01
9.791529020551320572e-01
9.679207889002791054e-01
9.579676380862566232e-01
9.489113724504985026e-01
9.348276751288425723e-01
