0.000000000000000000e+00
0.000000000000000000e+00
0.000000000000000000e+00
0.000000000000000000e+00
0.000000000000000000e+00
0.000000000000000000e+00
0.000000000000000000e+00
0.000000000000000000e+00
0.000000000000000000e+00
0.000000000000000000e+00
0.000000000000000000e+00
0.000000000000000000e+00
0.000000000000000000e+00
0.000000000000000000e+00
0.000000000000000000e+00
0.000000000000000000e+00
0.000000000000000000e+00
0.000000000000000000e+00
0.000000000000000000e+00
0.000000000000000000e+00
0.000000000000000000e+00
3.577616402707939347e-02
1.033662608835978602e+00
3.369386551827680432e+00
3.314220728185223397e+00
1.830170133931084742e+00
8.315172708472852170e-01
3.785098657128823096e-01
1.942127497455367335e-01
2.269632319413084076e-01
8.457088033558370910e-01
1.751873119589033800e+00
1.916614490705090601e+00
1.462476798394956479e+00
9.810760508343605579e-01
6.981581161849105266e-01
5.826081692676783330e-01
5.784174377374015075e-01
6.312046606062908793e-01
7.157907740952321740e-01
8.198935664636826104e-01
9.192633384794530738e-01
1.011596246153062761e+00
1.098609262509079754e+00
1.159920524914297646e+00
1.203538163080479784e+00
1.232823335773243656e+00
1.229881453977193617e+00
1.210976581461132850e+00
1.174806190496477942e+00
1.133364773488448884e+00
1.086004879911473875e+00
1.048667674705797914e+00
1.010289349119355196e+00
9.780958985712747689e-01
9.540542576959176735e-01
9.372517065629540900e-01
9.301718363490477648e-01
9.202640519906141181e-01
9.171114962873767595e-01
9.163296220028634975e-01
9.245871291209869502e-01
9.330552731335145511e-01
9.471626274687220404e-01
9.606228279408296489e-01
9.758420464205717071e-01
9.858488293240806888e-01
9.980825220848428270e-01
1.005661861945526647e+00
1.012832767445199789e+00
1.019616637483680144e+00
1.024316806942496827e+00
1.026626892208349240e+00
1.026301361468411111e+00
1.024465779114798414e+00
1.022161593666538248e+00
1.020164644355550987e+00
1.012493133185909500e+00
1.006363841836052764e+00
1.004149272222442990e+00
9.995439445546894230e-01
9.958043618945078279e-01
9.929260496348938370e-01
9.947247862065707880e-01
9.934965228617043120e-01
9.944272879967811507e-01
9.946195212494031157e-01
9.965500443737395075e-01
9.946852591793930998e-01
9.966391781001048278e-01
9.975039951718190911e-01
9.969389913546906623e-01
9.980936509207977148e-01
9.986743069282441043e-01
9.994167002825726787e-01
9.989447490512902705e-01
9.999677509782857188e-01
1.000000843456746447e+00
9.994249823299444779e-01
1.000463592164601456e+00
9.981485701373473685e-01
9.997757686516041131e-01
1.000149394838485861e+00
9.985185420210941354e-01
9.991216333928935045e-01
1.000861074418303298e+00
1.000386731913261107e+00
9.996072470629813189e-01
9.993733032654834592e-01
1.000408828943904149e+00
1.001138440354332193e+00
1.001016893449855338e+00
1.000453388493022233e+00
9.996741890492870652e-01
1.000493577827852532e+00
1.000290849908891166e+00
1.000413222255662093e+00
1.000317553815805338e+00
9.980963654667391882e-01
1.000151028550638532e+00
9.995867737142123399e-01
9.982914489946985714e-01
1.000012559387302602e+00
9.984433209424702360e-01
1.000222043808676187e+00
9.997417853555132794e-01
1.000342905479062017e+00
1.000512112132402320e+00
9.997083516160414352e-01
1.000444558937758632e+00
9.997182561957220770e-01
1.000886133627153285e+00
1.000094805940178411e+00
1.000482318988536568e+00
1.000684601243665428e+00
1.001033486257218552e+00
1.000473286867586742e+00
1.000104166350829438e+00
9.998824377036692468e-01
9.999183541018404897e-01
9.999168374553408789e-01
1.000285620580002144e+00
9.991122179100132561e-01
9.977319849448310629e-01
9.986580165456437896e-01
9.983141811118112496e-01
9.991972184653001854e-01
9.997134115260211118e-01
9.996410746631374522e-01
1.000462856116781207e+00
9.998184971129819854e-01
1.001756112982770119e+00
1.001873365594490251e+00
1.001374516884848687e+00
1.001960402184720378e+00
1.002486743982302198e+00
1.000789669528515002e+00
1.001261376258850699e+00
1.002097297191950398e+00
9.999375398775761647e-01
1.000392898548888354e+00
9.999191500647688358e-01
9.991576203887484464e-01
9.983713079683558256e-01
9.983062840823088147e-01
9.979480885984421956e-01
9.978352013913819318e-01
9.982750174970239643e-01
9.985695847982892781e-01
9.984783782401582819e-01
9.991028994457996637e-01
9.988992742904393429e-01
1.000030594627316916e+00
9.997857570389462323e-01
1.000547379121628166e+00
1.001015203578081270e+00
1.001202838407409423e+00
1.001524536065294679e+00
1.001549417594101321e+00
1.001793333733334901e+00
1.001362689231231062e+00
1.001660765800381547e+00
1.000126817509313204e+00
1.000352903485825173e+00
1.000566092120507067e+00
1.000351935815621873e+00
9.987074886316944511e-01
1.000330215211405305e+00
9.990379207606587819e-01
9.991128397612054624e-01
9.998589724723793148e-01
9.987235873539908049e-01
9.988369363084096397e-01
9.985563512304055367e-01
9.996980684266698614e-01
9.997646399090166502e-01
9.995780118444274054e-01
1.000779218560839068e+00
1.000308092870195953e+00
1.000125037467706646e+00
9.999641617854917452e-01
1.000686670725178695e+00
1.000033233801758570e+00
9.996702496183947906e-01
1.000442225623473069e+00
1.000563735386703845e+00
9.997069192436256468e-01
1.000138879046959639e+00
1.000830425097199994e+00
1.000317827370117429e+00
1.000601739995811812e+00
9.994145111320897890e-01
9.994733255863208488e-01
1.000002241957122173e+00
1.000526414394435237e+00
1.000656074650079663e+00
9.994478184532106235e-01
1.000272178842682491e+00
9.996935626460938806e-01
9.997695987779079418e-01
1.000343966423234088e+00
1.000228311555783511e+00
9.996617906402163189e-01
1.000714524801019856e+00
1.000259423463469854e+00
9.997301295802402121e-01
9.998107429245884914e-01
1.000005771352840744e+00
1.000433867513109920e+00
9.998738071839998742e-01
1.000172761638877139e+00
9.997178409112097430e-01
1.000808498824662385e+00
1.000120841462992738e+00
1.000217801814524021e+00
9.998591843814953473e-01
1.000688512186285628e+00
1.000301085380314259e+00
1.000008524339063287e+00
1.000219510472457385e+00
9.998571625581238465e-01
1.000158734923083825e+00
9.999348666789713569e-01
1.000331925128022048e+00
1.000563669609403128e+00
1.000231044809992254e+00
9.999877379468761207e-01
9.997727479067748391e-01
1.000304724261015465e+00
9.993821508576564705e-01
9.999072304700430402e-01
9.996745476165969091e-01
9.999967169664643052e-01
1.000196528872143498e+00
1.000072778480144642e+00
1.000012089614544131e+00
9.992638786945057250e-01
1.000263011292200188e+00
1.000793606130183644e+00
9.998631062349503384e-01
9.997888653448144813e-01
1.000250875860196453e+00
9.999548039191942239e-01
1.000140184242354069e+00
1.000093151355373466e+00
1.000638154541581670e+00
1.000026489648590200e+00
9.996456836304378202e-01
1.000185504006009474e+00
1.000500683707046257e+00
9.998467054970809897e-01
1.000269803783812472e+00
1.000238160451863312e+00
9.989104901409990855e-01
9.904709919878120772e-01
9.796006712593477994e-01
9.684352398893711911e-01
9.575448318550127125e-01
9.471976128188348554e-01
9.364775823032643887e-01
