0.000000000000000000e+00
0.000000000000000000e+00
0.000000000000000000e+00
0.000000000000000000e+00
0.000000000000000000e+00
0.000000000000000000e+00
0.000000000000000000e+00
0.000000000000000000e+00
0.000000000000000000e+00
0.000000000000000000e+00
0.000000000000000000e+00
0.000000000000000000e+00
0.000000000000000000e+00
0.000000000000000000e+00
0.000000000000000000e+00
0.000000000000000000e+00
0.000000000000000000e+00
0.000000000000000000e+00
0.000000000000000000e+00
0.000000000000000000e+00
0.000000000000000000e+00
0.000000000000000000e+00
0.000000000000000000e+00
0.000000000000000000e+00
0.000000000000000000e+00
2.756328595044569771e-02
9.156207668031985936e-01
3.175839620612082026e+00
3.541667348270758797e+00
2.247530763422825206e+00
1.107889045552087115e+00
5.509462922822451203e-01
2.269654814277847765e-01
2.116221010642959088e-01
1.694146380579234501e-01
1.955619147654449330e-01
2.119018117354975472e-01
1.975651928856251016e-01
2.433643836625943579e-01
2.757152961639964261e-01
2.745623386698143320e-01
4.006918674741268838e-01
4.874966912599782431e-01
7.222860278863164618e-01
9.775803494439490038e-01
1.165607805663284147e+00
1.399940971779534138e+00
1.542216036178049032e+00
1.639302215894128834e+00
1.659695741465700980e+00
1.827441175169659093e+00
1.850090741605034284e+00
1.763213218934185367e+00
1.632160523236159566e+00
1.461926713942052647e+00
1.237324511453476994e+00
1.040902224455217295e+00
9.982357737671206932e-01
8.884532056200266092e-01
8.677014415928022695e-01
8.992453013888802582e-01
8.868272276957726019e-01
8.976810568498263532e-01
9.251983087823112406e-01
9.629780861920492763e-01
9.703573334662773942e-01
9.935806786948397917e-01
1.047960658836968539e+00
1.068681384974574877e+00
1.044180098611712681e+00
1.088701040320134705e+00
1.107111091367452227e+00
1.086585625252678211e+00
1.113627459105809958e+00
1.100887879220274534e+00
1.087641888272228741e+00
1.076622074818924135e+00
1.070281789232600866e+00
1.064640306458102481e+00
1.039089253445198313e+00
1.033834119638046944e+00
1.038305053428297597e+00
9.997895562396726943e-01
9.702016070352936783e-01
9.982106542582364073e-01
9.900163351676966039e-01
1.028947275669923611e+00
1.034243334074487874e+00
9.929799280590473343e-01
1.008117634956450015e+00
1.030281156491278161e+00
1.045620089304913680e+00
1.008469671075856722e+00
1.033916701145361827e+00
1.049786599048711189e+00
1.033321760720008697e+00
1.050274335701217199e+00
1.038740417393806847e+00
1.051011970991911681e+00
1.051945694983155821e+00
1.055296415631877593e+00
1.008288579621467340e+00
1.026672498576992387e+00
1.048135288477377358e+00
1.017296723502206346e+00
1.021455168654757495e+00
1.023895939692535562e+00
9.869036164391684629e-01
1.000771777529384288e+00
9.825764328766258826e-01
1.015520402464769489e+00
1.007839870542785343e+00
1.010538998381031561e+00
1.008290757514770819e+00
1.006479280234430451e+00
9.997082117302065196e-01
1.008043563653340691e+00
1.024877641197434963e+00
1.040523613624436017e+00
9.976063318850364459e-01
1.011671177057396065e+00
9.884083433943637864e-01
1.015190325408395822e+00
1.028638645909411453e+00
1.008277770781819793e+00
1.003512355964051528e+00
1.018934062120049333e+00
1.020518383769714932e+00
1.020708896959501066e+00
1.008880652802702560e+00
1.008345503356132600e+00
1.020797026297922017e+00
1.009148174974481282e+00
1.005150109553815341e+00
1.020728787241075297e+00
1.025122445739649724e+00
1.005587662523230064e+00
1.020642688734857195e+00
9.947437922338384642e-01
1.036952077365097535e+00
1.008395935100561358e+00
1.003593709806177126e+00
1.027515719482720469e+00
1.030545794334348564e+00
1.017941244265106571e+00
1.006219700612422052e+00
1.031888611579261816e+00
9.995093334524204343e-01
1.014543187663164980e+00
1.022570325332691432e+00
1.008037305120910165e+00
1.042608901596660642e+00
1.028883875946058346e+00
1.013334746482008830e+00
1.007299757741977553e+00
1.024038568357675372e+00
1.011268121675045872e+00
9.935898086888323988e-01
1.001338160558314483e+00
1.024051724836739341e+00
1.027596239836473968e+00
1.011817362222213079e+00
1.016118689013369547e+00
1.016048479245376335e+00
1.013917609323166102e+00
1.031233478098667389e+00
1.020742506584996656e+00
1.005316567790329518e+00
1.007703623463076958e+00
1.015501788106987435e+00
1.007786889523475171e+00
1.011914249865177640e+00
9.906527924305891242e-01
9.951207475878290909e-01
1.004425242524998652e+00
1.012144190786768760e+00
1.011928125290014302e+00
1.000344912833887046e+00
9.972551748426047302e-01
1.001404367850272203e+00
1.008633005932465077e+00
9.976172567133102520e-01
1.017997066995748101e+00
1.021371869561768175e+00
9.901222007681360626e-01
1.010210610641308904e+00
1.029747973906495417e+00
1.011208926473596392e+00
1.004985656330713795e+00
1.005950240271612506e+00
1.002764215463073150e+00
9.897526659926522141e-01
1.016320330653870840e+00
1.011228774123450247e+00
1.009267853787974012e+00
1.012804782231846668e+00
1.007571180356078289e+00
1.002563707529640524e+00
1.003462974181873690e+00
1.007953223593582859e+00
1.012471404885190607e+00
1.011221533425729957e+00
1.011258315025132859e+00
9.945808182017983334e-01
1.008827201157162845e+00
1.011395400119373011e+00
1.004986456366857350e+00
1.019001546407946712e+00
1.005848616270396123e+00
1.009440454232989781e+00
9.982036407564722769e-01
1.015484938038069940e+00
9.928998308610229584e-01
1.010558192814668965e+00
1.005930239121828995e+00
1.005445569370833514e+00
1.005261536506543596e+00
1.005890942876265903e+00
1.015994032036565020e+00
9.943407351413370288e-01
9.932688489191195957e-01
1.004597919357979929e+00
1.007491559999281305e+00
9.962533560759322393e-01
1.010782397387911091e+00
1.000339305485787422e+00
9.958496951465840574e-01
9.969416445324189580e-01
9.956160778042891790e-01
1.004996120752081001e+00
9.953671042669756108e-01
1.003844658325348194e+00
1.007124330711916427e+00
9.890643370860865424e-01
9.969454326434328273e-01
1.010515461413623362e+00
1.009759651719160489e+00
9.950774372096841125e-01
9.932894234480122986e-01
9.999731803596257906e-01
1.011973829926680057e+00
1.005262459699515665e+00
9.980937125860200876e-01
9.990578759486656857e-01
1.015527790128295749e+00
9.932929897938186370e-01
9.957229300178943587e-01
9.936186688434305303e-01
9.907176983608851906e-01
9.828279936472265055e-01
9.835665668085906699e-01
1.001797336033707131e+00
9.927182722439310547e-01
9.855641155507857132e-01
9.944393647196766439e-01
9.919562034388567096e-01
9.966674106380168929e-01
9.945171296310424403e-01
9.970311313227735450e-01
1.002571378016439363e+00
9.940964257253716019e-01
9.867045407622653252e-01
9.921756247460020717e-01
9.864986378317792681e-01
9.862596230517179929e-01
9.783037958281144419e-01
9.867816329348139126e-01
9.910974888187287224e-01
9.827341924646632032e-01
9.928542660842643031e-01
9.730023205199644920e-01
9.883116244253729032e-01
9.796530660082201081e-01
9.811292375620653816e-01
9.815171527353417913e-01
9.715707100201274038e-01
9.831370655148305993e-01
9.850551894470643832e-01
9.813738558025993930e-01
9.753679505454508902e-01
