0.000000000000000000e+00
0.000000000000000000e+00
0.000000000000000000e+00
0.000000000000000000e+00
0.000000000000000000e+00
0.000000000000000000e+00
0.000000000000000000e+00
0.000000000000000000e+00
0.000000000000000000e+00
0.000000000000000000e+00
0.000000000000000000e+00
0.000000000000000000e+00
0.000000000000000000e+00
0.000000000000000000e+00
0.000000000000000000e+00
0.000000000000000000e+00
0.000000000000000000e+00
0.000000000000000000e+00
0.000000000000000000e+00
0.000000000000000000e+00
0.000000000000000000e+00
0.000000000000000000e+00
0.000000000000000000e+00
0.000000000000000000e+00
0.000000000000000000e+00
3.100925031916619209e-02
8.071644246844588144e-01
3.463267537274293151e+00
3.944450724613679071e+00
2.273316261546794337e+00
1.148853282247489060e+00
4.899896719245478427e-01
2.990906938589024677e-01
2.335870554930241094e-01
2.503616571943182989e-01
2.489014262005081468e-01
2.791772124612093564e-01
2.804201189748491418e-01
3.401115773144439691e-01
2.943887752237673294e-01
3.196454443588756522e-01
4.241164966453368490e-01
5.098338863295176493e-01
7.199307302878575898e-01
8.927368826246024902e-01
1.142900481682394442e+00
1.424835827851483883e+00
1.389310209523781259e+00
1.521215792895802110e+00
1.578339390941043030e+00
1.734342925597180063e+00
1.818865973962950466e+00
1.623420776437679125e+00
1.519462895467275976e+00
1.440076328064827438e+00
1.200975450135466582e+00
1.083034934345778577e+00
9.406490097937642014e-01
8.779933825393274605e-01
8.924003472731967257e-01
8.606953485920793012e-01
8.542603165929686382e-01
8.896665668766484680e-01
8.702020536371505299e-01
9.015962512075140767e-01
9.338158711865210959e-01
9.267167294344008655e-01
9.692948551188705908e-01
9.598248144657792746e-01
1.013582518723000758e+00
1.031917670296323974e+00
1.029991098692550455e+00
1.054207229040597937e+00
1.037745120602745930e+00
1.043984922532411153e+00
1.036167403299476986e+00
1.028782064073379576e+00
9.762905018427354698e-01
9.984817204006147806e-01
9.880564493650454416e-01
9.754174318786092979e-01
9.681574745578555019e-01
9.175051832318241729e-01
9.435451391809410726e-01
9.263660677953118316e-01
9.308771797955669447e-01
9.436177973367219085e-01
9.385618535331543555e-01
9.446494560753966319e-01
9.622604273279637965e-01
9.619047321476063006e-01
9.990707658923548840e-01
1.007963922489712782e+00
9.685773355761785330e-01
9.705179402601062932e-01
1.005086732541823569e+00
1.021659667364485768e+00
1.002460147332830287e+00
9.972205485327647612e-01
1.041327141853667593e+00
9.796662126948957328e-01
1.005914137030109234e+00
9.836099089539034335e-01
9.661591167483294385e-01
9.717634733611951736e-01
9.739630146150177747e-01
9.798600293510656423e-01
1.012127476309153673e+00
9.541571873769039147e-01
9.762401918673622170e-01
9.533289991207894998e-01
9.894741908824508103e-01
9.765649325261687164e-01
9.625635112125583426e-01
9.627439307144807223e-01
9.617660318778439299e-01
9.600193216380012995e-01
9.726367955247323671e-01
9.631517658022868966e-01
9.478841534937737512e-01
9.743450056273164073e-01
9.668724751533720463e-01
9.793722939635263192e-01
9.797363048968611432e-01
9.571220515080947067e-01
9.941408483779985428e-01
9.749848213248117901e-01
9.860776424555833808e-01
9.692972377171464871e-01
9.752286263293211688e-01
9.657343600755268209e-01
9.964545930138378749e-01
9.676866155291807825e-01
9.773829221250038835e-01
9.910201233499358331e-01
9.742498324209619698e-01
9.742180215717910485e-01
9.911503947880140331e-01
9.715161848357573016e-01
9.683458438806237245e-01
9.687992985332626317e-01
9.948826239278110162e-01
9.721407978051480603e-01
9.811632703281760737e-01
9.874828767163893462e-01
9.868686224136068441e-01
9.703099940495368836e-01
9.776930969593853327e-01
9.865173433255216562e-01
9.947180306066543132e-01
9.943045971736844679e-01
9.912771347742005412e-01
9.858346077251722850e-01
9.728415481436204493e-01
9.624479366332940877e-01
9.923649282079171074e-01
9.793575648384021948e-01
9.800583542639500489e-01
9.882448476410069516e-01
9.950046341829832386e-01
9.925605252545925961e-01
9.828841162401542597e-01
1.003748022530492223e+00
9.719772744806894904e-01
9.885148653218047698e-01
9.837223522446263413e-01
1.002978850916791398e+00
9.697149428190644516e-01
9.873604137785750856e-01
9.854154191839884502e-01
9.809043926223569576e-01
9.765836305386531579e-01
9.860017678129492369e-01
9.800279512094897116e-01
9.715504208573595424e-01
9.893189530431469869e-01
9.846137908756508184e-01
9.779602224854322401e-01
9.924205831376962106e-01
9.800724808274571265e-01
9.923513896028969272e-01
9.987233724626035647e-01
9.963524806088361885e-01
9.780696959519999956e-01
9.920488037109108648e-01
9.760421030604491399e-01
9.946570272843692218e-01
9.919151327891303493e-01
9.897428304886782824e-01
9.751439669593179316e-01
9.864817381973192134e-01
9.850044818277698955e-01
9.746158706844412212e-01
9.748017273513901459e-01
9.826321968878427571e-01
9.770610015740187615e-01
9.862918575683410349e-01
9.867843263516726804e-01
9.888091189527139502e-01
9.838190940498510173e-01
9.774299777572585946e-01
9.805006414251444813e-01
9.784906227699184944e-01
9.825867766071963993e-01
9.896638123233096884e-01
9.922060462677253501e-01
9.806753687794108609e-01
9.907613401231547545e-01
9.758684015352645513e-01
9.864338585777827628e-01
9.778423718953543897e-01
9.800383531066892973e-01
9.869134088040708574e-01
9.821141454730476505e-01
9.895849826111084990e-01
9.812907087196827138e-01
1.000594649578381290e+00
9.910360199040240126e-01
9.988815153823814574e-01
9.928702754540194020e-01
9.740227310947512374e-01
9.959841147683435869e-01
9.860105792780244904e-01
9.826346537374489598e-01
9.720329390506631251e-01
9.830837970287160665e-01
9.871321784297373281e-01
9.917642408505645824e-01
9.816005658913038445e-01
9.992708832065555491e-01
9.804553674927932727e-01
1.002733705788030560e+00
9.870384297578019828e-01
9.893285778256500906e-01
9.908103955741597302e-01
9.904133333161196928e-01
9.892664455140267599e-01
9.950157544636456519e-01
9.935829010774164249e-01
9.841311814141080472e-01
9.870436610674803157e-01
9.933704126228150022e-01
9.821463202681731675e-01
9.891745200836493668e-01
1.001639981277406832e+00
9.781422691070323916e-01
9.854890255402005694e-01
9.902345465268369562e-01
9.847483025967384007e-01
9.842133537952739708e-01
9.933681915580281352e-01
9.867950786261575624e-01
9.931577340493246142e-01
9.893125983629798004e-01
9.885760328785986317e-01
9.916306701168167148e-01
9.890223254105825479e-01
9.960217879095943916e-01
9.861509398795870185e-01
9.998275071814151094e-01
9.908452565480698748e-01
9.910146755143613984e-01
9.919657119643592313e-01
9.934224130147338849e-01
9.975511676034106712e-01
9.885568098611521304e-01
9.918471400507686830e-01
1.003515474807294305e+00
9.887503808234437974e-01
1.000924056809043838e+00
9.925878796714986407e-01
9.926457816523381883e-01
1.000431147458831882e+00
9.893843852527024474e-01
9.917642621093573085e-01
9.942311859351142811e-01
9.955814347662181873e-01
9.966536521572432195e-01
9.953159199226840892e-01
9.947462162752906956e-01
