0.000000000000000000e+00
0.000000000000000000e+00
0.000000000000000000e+00
0.000000000000000000e+00
0.000000000000000000e+00
0.000000000000000000e+00
0.000000000000000000e+00
0.000000000000000000e+00
0.000000000000000000e+00
0.000000000000000000e+00
0.000000000000000000e+00
0.000000000000000000e+00
0.000000000000000000e+00
0.000000000000000000e+00
0.000000000000000000e+00
0.000000000000000000e+00
0.000000000000000000e+00
0.000000000000000000e+00
0.000000000000000000e+00
0.000000000000000000e+00
0.000000000000000000e+00
0.000000000000000000e+00
0.000000000000000000e+00
0.000000000000000000e+00
0.000000000000000000e+00
0.000000000000000000e+00
1.497901835594682082e-02
3.118669771976397276e-01
1.185895457837708777e+00
1.670319066001841213e+00
1.330184793147432432e+00
8.051592452387423826e-01
4.625799049019670428e-01
3.011052035427409512e-01
2.373102608247101564e-01
2.132931187612346069e-01
2.095935012915725870e-01
2.232378448407656146e-01
2.265468163218474218e-01
2.456806137203035589e-01
2.638532906953482970e-01
3.161233585749690933e-01
3.845948785410283066e-01
4.947878208846604453e-01
6.438685946707153329e-01
8.074578227230941874e-01
1.017047896643865190e+00
1.214389420349220483e+00
1.386049848109065730e+00
1.513725188162323265e+00
1.633413012225678917e+00
1.687293536449920861e+00
1.690623971237198653e+00
1.641524323980678712e+00
1.558196301552284391e+00
1.439069809179626791e+00
1.314751136417151578e+00
1.188254319657213731e+00
1.077896553645404598e+00
9.805320314399803561e-01
9.168466027354152947e-01
8.536280695318738676e-01
8.420520121759287324e-01
8.342775283970444988e-01
8.610912677526303405e-01
8.728133588959767764e-01
8.933165728823420082e-01
9.045747502882170998e-01
9.262652942371456533e-01
9.330258121979136954e-01
9.366376510442535608e-01
9.524639833169633585e-01
9.667683287270913972e-01
9.945349865973155401e-01
1.009016772840255927e+00
1.011880767676173853e+00
1.016048785280710076e+00
1.006806225852872050e+00
1.007375925259709870e+00
9.878580328882693440e-01
9.696908181859228426e-01
9.421648171556790130e-01
9.198563560362927882e-01
9.017282073478661841e-01
8.838335800798707842e-01
8.989294074823711567e-01
9.176830043490227240e-01
9.432321494323343547e-01
9.826686151647839873e-01
1.007329167137306358e+00
1.030992576731517785e+00
1.037833976231675281e+00
1.038067994238976777e+00
1.013902775052879290e+00
9.960510268426161495e-01
9.804307418728911427e-01
9.646857017517519450e-01
9.609289856075973191e-01
9.723054287529077078e-01
9.838716172303964003e-01
1.004782698672596064e+00
1.028023907113868818e+00
1.041387740476192647e+00
1.043010295117446473e+00
1.032988950190591115e+00
1.017976385375708226e+00
9.945151424440891175e-01
9.716268506176406472e-01
9.346252090573485827e-01
9.157314723799806488e-01
8.953022108894148623e-01
8.852013991359310996e-01
8.859475834140622119e-01
9.014446328922243179e-01
9.363144530757576689e-01
9.919553820141170375e-01
1.067055667870505209e+00
1.171329687682615583e+00
1.302696127033336149e+00
1.467873165039098371e+00
1.437777067462479019e+00
1.232683724974636075e+00
1.082988418473177727e+00
9.812025974906616321e-01
9.140049240382508433e-01
8.775548301886045843e-01
8.620745048618423390e-01
8.641080503983492589e-01
8.807172024586862324e-01
9.074371291477845158e-01
9.349663462800656966e-01
9.669464180913069917e-01
1.000754464510140052e+00
1.032357456950851127e+00
1.046069168577934194e+00
1.048443701835454656e+00
1.041399569848951545e+00
1.025223492423945171e+00
1.018087881429273089e+00
1.009827312029280444e+00
1.014221845273441724e+00
1.018350239779682420e+00
1.024149250027355240e+00
1.022751026157200815e+00
1.024484237757351535e+00
1.014534878950282160e+00
1.011188929226368050e+00
1.009222927659649383e+00
1.003966462098493606e+00
9.996640936389662446e-01
9.885667575572959498e-01
9.763073277377189996e-01
9.638230890441568111e-01
9.566130060971084204e-01
9.575418071233832151e-01
9.583066066506276126e-01
9.659517562826834824e-01
9.694720330042142509e-01
9.747296437391615997e-01
9.820177245968826352e-01
9.888233714378801276e-01
9.932451020754966553e-01
9.911125388902201072e-01
9.959343973491825430e-01
9.996658006298918542e-01
9.986659593548287139e-01
9.993655834946111316e-01
1.006430779200528036e+00
1.010687385423067575e+00
1.017812367914684435e+00
1.018618859986589298e+00
1.014580842890916434e+00
1.016004286530853173e+00
1.011205509230176824e+00
1.006967919095472119e+00
1.003453089934455811e+00
9.984570741478056011e-01
9.970654719228442264e-01
9.908807689839073118e-01
9.891136233696610214e-01
9.858206585441808834e-01
9.852573244487277115e-01
9.764872923887613076e-01
9.759122903825198092e-01
9.789711623222708825e-01
9.805558831781284734e-01
9.826341099999323925e-01
9.924188875407908839e-01
1.000403756076048589e+00
1.006350960203544309e+00
1.012357516800779678e+00
1.014112485952081810e+00
1.010850543783555544e+00
1.006556667939587646e+00
1.001092369851627639e+00
1.002126388831418691e+00
9.985872116164463685e-01
9.952030028462599542e-01
9.949276632842586343e-01
9.982967917842577865e-01
9.998253956553229127e-01
1.000733617716383028e+00
1.006094098447396501e+00
1.009694469890071833e+00
1.010996301267877540e+00
1.014169891352266317e+00
1.009922186231401176e+00
1.007357262578614465e+00
9.974755550146536809e-01
9.910035777812725710e-01
9.845155495294476422e-01
9.827061284528019192e-01
9.853074623726789660e-01
9.897079711645985212e-01
9.948723067614458904e-01
9.959777753611497308e-01
9.961561061233322745e-01
9.985909468579853288e-01
1.001289447363664875e+00
9.965328465385013823e-01
9.966174797534523844e-01
9.938028260000676406e-01
9.908623200129323960e-01
9.872399021654031381e-01
9.855138448852540645e-01
9.822968189556207097e-01
9.909126274668041967e-01
9.937174350872952644e-01
1.001062494263583735e+00
1.008412033068438074e+00
1.009713684391001065e+00
1.012201948614529501e+00
1.015979283672906019e+00
1.017114367762363081e+00
1.015224501036731120e+00
1.014419871601315748e+00
1.007291534604966010e+00
1.001187755576872229e+00
9.932444540853359038e-01
9.853004928470446844e-01
9.844183007546140063e-01
9.857115424791145220e-01
9.898641508346076590e-01
9.961784509388128539e-01
1.004729214171375729e+00
1.011357778099131410e+00
1.015847246833366135e+00
1.021154772669403465e+00
1.020925423057160275e+00
1.018864275615082748e+00
1.010175270803687297e+00
1.005611422002478328e+00
9.974535358147391673e-01
9.909322530043859212e-01
9.848215605498787939e-01
9.734168713206894363e-01
9.600361505101534521e-01
9.461891320190533028e-01
9.407705437960883765e-01
9.338230369747231308e-01
9.278164524181915507e-01
9.220834340718128130e-01
9.143388552542459635e-01
9.010762248085596449e-01
8.890837976709963231e-01
8.785068605811351405e-01
8.670498473724412847e-01
8.562035552602430544e-01
8.486524169655789152e-01
8.374667556166521809e-01
8.303554457377086973e-01
8.206180564803137178e-01
8.107636066685390830e-01
8.005363654566094445e-01
7.887621721693545140e-01
7.745295373637850478e-01
7.673499988524824511e-01
7.579815140223308267e-01
7.471534627898817060e-01
7.385208671548537662e-01
