0.000000000000000000e+00
0.000000000000000000e+00
0.000000000000000000e+00
0.000000000000000000e+00
0.000000000000000000e+00
0.000000000000000000e+00
0.000000000000000000e+00
0.000000000000000000e+00
0.000000000000000000e+00
0.000000000000000000e+00
0.000000000000000000e+00
0.000000000000000000e+00
0.000000000000000000e+00
0.000000000000000000e+00
0.000000000000000000e+00
0.000000000000000000e+00
0.000000000000000000e+00
0.000000000000000000e+00
0.000000000000000000e+00
0.000000000000000000e+00
2.377374137574831610e-05
3.573883230065783706e-02
1.014647341459007368e+00
3.326060337300332126e+00
3.319453052000204352e+00
1.853592566390175778e+00
8.395384278109180309e-01
3.801043946543205543e-01
1.921489965550545465e-01
1.193119628690833406e-01
2.121709142211717081e-01
8.092684860691884419e-01
1.587905539043126923e+00
1.759861164609798800e+00
1.423681255093522946e+00
1.053432538594063939e+00
8.370069155422033003e-01
7.671815530856607168e-01
7.878017614308764349e-01
8.468354902062451561e-01
9.248434347368079678e-01
1.002490339549166665e+00
1.063900426633333174e+00
1.108620009930558314e+00
1.135064978943881808e+00
1.144912202433509218e+00
1.143952438897026802e+00
1.134880896622013857e+00
1.117093760472964714e+00
1.092185057424961636e+00
1.064750835590533073e+00
1.041992052132573177e+00
1.021822252930921993e+00
1.004324446690619599e+00
9.830072646785729118e-01
9.654688173410882479e-01
9.495437138957153467e-01
9.384607758792594678e-01
9.317599272408513267e-01
9.268512143969716011e-01
9.283906314651068081e-01
9.338914770415845945e-01
9.437479732750093664e-01
9.515922486272617720e-01
9.645446464638383066e-01
9.729727441568927215e-01
9.786978428948003295e-01
9.846504309200916349e-01
9.895873932621249702e-01
9.925136524358026957e-01
1.001870418195701884e+00
1.005014156294738559e+00
1.011036904396408032e+00
1.016568297615810135e+00
1.023470351574729431e+00
1.028640112065638768e+00
1.034874311425576510e+00
1.034733070692103407e+00
1.037198222586498186e+00
1.035012578280297024e+00
1.029671011647341539e+00
1.023213221613068491e+00
1.018508265729301421e+00
1.013955270643335016e+00
1.009667820764667434e+00
1.010068263026267399e+00
1.007380471560952229e+00
1.005588613813781063e+00
9.989657421322458708e-01
9.927017528653205858e-01
9.855516515424574964e-01
9.782932550500486046e-01
9.785211198434142776e-01
9.781308474076108039e-01
9.798435269689116378e-01
9.831954490583481032e-01
9.909181265568720587e-01
9.951517891590563325e-01
9.982067774725075227e-01
1.002341532100053945e+00
1.005594971038467733e+00
1.010471991388575352e+00
1.014191594264000740e+00
1.013941873479139888e+00
1.013885611131922326e+00
1.009396363694520238e+00
1.005275877051412747e+00
1.001250905947219216e+00
9.987401096322225946e-01
9.988167730277746070e-01
9.978833175748548223e-01
9.938806732971683378e-01
9.889666650634649780e-01
9.833846609102878666e-01
9.765917150264852298e-01
9.733388033361812797e-01
9.731105497538234950e-01
9.859372252372954337e-01
1.011837823798529712e+00
1.062403034198324381e+00
1.057995938356641297e+00
1.005497727851309309e+00
9.761342852322233421e-01
9.640850407106111852e-01
9.641528579054012837e-01
9.682032532450185469e-01
9.766281798424204519e-01
9.867803932230762021e-01
9.921525334495944204e-01
9.981220928469722864e-01
1.000467928639338089e+00
1.001642820059103656e+00
1.005636447971731018e+00
1.009053074017799645e+00
1.011349438286997193e+00
1.013045996990736386e+00
1.011363860932271708e+00
1.009979029350938529e+00
1.007130130317491323e+00
1.006289723772296085e+00
1.004019267350280575e+00
1.003617017034718950e+00
1.000776334160442538e+00
9.964219580405929699e-01
9.908142749276934724e-01
9.861218694515143657e-01
9.844905277288558132e-01
9.854231111179648783e-01
9.884864773087356227e-01
9.946272826520773380e-01
1.000731007575973219e+00
1.006183630269700036e+00
1.009039433343539516e+00
1.008478106566174759e+00
1.007285963892869063e+00
1.005846947352049714e+00
1.005491482696497574e+00
1.004863711316227315e+00
1.005543591827648298e+00
1.007282302124695716e+00
1.008478273201266040e+00
1.009024390609398081e+00
1.009686211392145649e+00
1.008158934260265704e+00
1.006310817406361968e+00
1.004564228926533742e+00
1.003201047948677482e+00
1.000464134193132404e+00
9.985864433104475468e-01
9.956784446582324088e-01
9.953965246197741257e-01
9.939380504935521055e-01
9.933573178264051284e-01
9.944165831902735952e-01
9.946622847750651308e-01
9.951958513098421166e-01
9.966681139670733325e-01
9.962378291107139017e-01
9.967837663769210099e-01
9.970342909806784171e-01
9.984543070541069820e-01
9.982974045071945079e-01
1.000337950313245683e+00
1.001774044801143848e+00
1.001411206208292715e+00
1.001987351515605473e+00
1.001978896950456166e+00
1.001589584917801368e+00
1.001030761648839418e+00
1.001364588935919508e+00
1.000585484554192162e+00
1.000978134288312837e+00
1.000740048464102472e+00
1.001622104833395754e+00
1.001776879589675318e+00
1.002198195174154982e+00
1.001822261866555097e+00
1.002113326112138880e+00
1.002124637397214357e+00
1.000693276290700373e+00
9.999702422883158803e-01
9.977715915224206755e-01
9.969092576135445416e-01
9.966990133391906426e-01
9.953811589336166721e-01
9.961060368513308116e-01
9.952261420505269518e-01
9.957838160097755020e-01
9.964449033765718777e-01
9.959163455055899394e-01
9.974387852944658350e-01
9.979156536130161514e-01
9.987433646262738884e-01
1.000169830335272847e+00
1.001552514631159907e+00
1.003601780648358810e+00
1.004036606933136788e+00
1.005343184453313166e+00
1.005562200257195116e+00
1.005042453923105095e+00
1.005002312906779105e+00
1.003025687113426656e+00
1.001940738664210073e+00
1.000049313849465937e+00
9.989671420116537082e-01
9.989989816528564992e-01
9.989943350895214014e-01
9.993380900347713647e-01
9.995417834823513425e-01
1.000260736509462234e+00
1.000421038589807798e+00
1.001265277571748546e+00
1.001746980989454583e+00
1.002056066516565425e+00
1.002110753099517471e+00
1.002467117041382139e+00
1.002226982096372510e+00
1.001563019666245502e+00
1.000000324865844448e+00
9.992770815515900074e-01
9.980825885694085686e-01
9.981903984037140409e-01
9.991122183696632408e-01
9.997606821906769303e-01
1.000007576996486902e+00
1.000697110181070437e+00
1.000663675896834137e+00
1.000261810873574575e+00
9.996639174534424077e-01
9.998336505828687715e-01
9.990030547072515921e-01
9.995915307702913921e-01
1.000031922405147267e+00
1.000254586952495472e+00
9.995068505836967043e-01
9.911276499033394582e-01
9.796992122786927215e-01
9.683818935045587217e-01
9.561107363884947530e-01
9.439039646610993817e-01
9.318497581524791684e-01
9.192258443165993720e-01
9.073819173316726161e-01
8.973101680853543538e-01
8.864254254127235111e-01
8.759704380837899373e-01
8.660244765913359677e-01
8.562924133001454940e-01
8.465079116430874739e-01
8.364685573067460744e-01
8.259517666644146106e-01
8.155549409213858070e-01
8.045295478092006070e-01
7.938861709118970600e-01
7.829423219053912586e-01
7.726303383259821578e-01
7.626021930230882928e-01
7.532515327265798533e-01
7.437025155162531043e-01
7.336343701528936778e-01
