0.000000000000000000e+00
0.000000000000000000e+00
0.000000000000000000e+00
0.000000000000000000e+00
0.000000000000000000e+00
0.000000000000000000e+00
0.000000000000000000e+00
0.000000000000000000e+00
0.000000000000000000e+00
0.000000000000000000e+00
0.000000000000000000e+00
0.000000000000000000e+00
0.000000000000000000e+00
0.000000000000000000e+00
0.000000000000000000e+00
0.000000000000000000e+00
0.000000000000000000e+00
0.000000000000000000e+00
0.000000000000000000e+00
0.000000000000000000e+00
1.188840000801125749e-05
3.658648673986715505e-02
1.052290605302653503e+00
3.366820840163310180e+00
3.317158218042543627e+00
1.822580655722284559e+00
8.165227399410214248e-01
3.697142448323027519e-01
1.863236151126739237e-01
1.156814080883714624e-01
2.126010581383923070e-01
8.090654259460753339e-01
1.584453078959415562e+00
1.756525651850848302e+00
1.426798864546015455e+00
1.060463023703561714e+00
8.460035973579862478e-01
7.740705666564393628e-01
7.933710378582170542e-01
8.499900935313784434e-01
9.306073774772607443e-01
1.000675412085205274e+00
1.065746956465210449e+00
1.111152477267988825e+00
1.138216332026524169e+00
1.147212491587368932e+00
1.150149739025149165e+00
1.136107677436651864e+00
1.114832759955274311e+00
1.086262582031466639e+00
1.059370187731727864e+00
1.032939552631670699e+00
1.015314698777549873e+00
9.978597340784576275e-01
9.805967760215356099e-01
9.646780782612340843e-01
9.517963079595020970e-01
9.425866434493440638e-01
9.357550194187690407e-01
9.353052174860878587e-01
9.359831851050385287e-01
9.429400689163031091e-01
9.535518687395709847e-01
9.669637144423959274e-01
9.743822593013647948e-01
9.825869991081280785e-01
9.838362921693286633e-01
9.847475004979613367e-01
9.859682229417976451e-01
9.872390665465493598e-01
9.882808581003328374e-01
9.938000582595426513e-01
9.988898995047793550e-01
1.005094192301734024e+00
1.010674294525009786e+00
1.019131261648667408e+00
1.023642538150574932e+00
1.028608947113991867e+00
1.034066134566331563e+00
1.034036475085536422e+00
1.034063131813435898e+00
1.033260304256896633e+00
1.024810107066253639e+00
1.022947752408176925e+00
1.018287479744106383e+00
1.018766023123264697e+00
1.015026083037930738e+00
1.011845293930437428e+00
1.004300410048835301e+00
9.963335264519639356e-01
9.897577150159633241e-01
9.841316427025138536e-01
9.796036414775908252e-01
9.776559416862110607e-01
9.791252082590810035e-01
9.813259195579172589e-01
9.860739230959374435e-01
9.881508326809210763e-01
9.923937003268012980e-01
9.970223297910174587e-01
1.003528668190515782e+00
1.008995527316251861e+00
1.012420521502370940e+00
1.012608042258141161e+00
1.012609406571244985e+00
1.011189631082009655e+00
1.006775825067619090e+00
1.001909859560602190e+00
1.000551232654486755e+00
9.989748669993019359e-01
9.988887263307689723e-01
9.947859002387029470e-01
9.877495081485883066e-01
9.831756437242367141e-01
9.754591615293966012e-01
9.706332894493017172e-01
9.706691487674001806e-01
9.813240808252159386e-01
1.005578198713442895e+00
1.057276449490134107e+00
1.052545560765304922e+00
1.001384636129504901e+00
9.737860230115047422e-01
9.632573170570456478e-01
9.640183486011989489e-01
9.695654845863443949e-01
9.789625335064912059e-01
9.876082058065452918e-01
9.951536308530940511e-01
1.000492151308865596e+00
1.001003329306898948e+00
1.002203708639851198e+00
1.005928638771157901e+00
1.007971076877651972e+00
1.011382598015512224e+00
1.012375069797243343e+00
1.013402451835758056e+00
1.011859744128384975e+00
1.011033116601111725e+00
1.010492287719075177e+00
1.009202403881369170e+00
1.007243944128324298e+00
1.003459456042890885e+00
9.980869674567260930e-01
9.910164173518372088e-01
9.854008768174082888e-01
9.839752742514591421e-01
9.846752536828895508e-01
9.871815310752914963e-01
9.925880853015122129e-01
9.998404987183012738e-01
1.005118256525159071e+00
1.007438044124944865e+00
1.008262800022745820e+00
1.006440437122834375e+00
1.006177022024484558e+00
1.005885060076029847e+00
1.007147639965945141e+00
1.008786504180069654e+00
1.009020411022116814e+00
1.009330222414779765e+00
1.008774286709829049e+00
1.006968455220352165e+00
1.004407774253301078e+00
1.001750907870165408e+00
9.993379479126558440e-01
9.982112328900409892e-01
9.968028646977697971e-01
9.962208016589041426e-01
9.942888244602412495e-01
9.939706435385090577e-01
9.948659755825760564e-01
9.948949227602581491e-01
9.964786271406672613e-01
9.967912021108937815e-01
9.983876570505951786e-01
9.990932270589496511e-01
9.987986988410083589e-01
9.995432094897548359e-01
9.999118677236008557e-01
9.998528836976013912e-01
9.992555973362022836e-01
9.996689179197284503e-01
9.996451190330217784e-01
1.000100091495103705e+00
1.000000108205109761e+00
9.998490673890322311e-01
1.000310557541580714e+00
1.000781242273229177e+00
1.000897560419904186e+00
1.002390270976410758e+00
1.003254152444841507e+00
1.003547888595626603e+00
1.004432601405292225e+00
1.005233034098295786e+00
1.005193049329364152e+00
1.004330612784922083e+00
1.003418173453884732e+00
1.002682860153809585e+00
1.001983898387494021e+00
1.001375504082385959e+00
9.992676822193203856e-01
9.980160635725192630e-01
9.972588697803834723e-01
9.957648089797701552e-01
9.950571693829648456e-01
9.951663347120860426e-01
9.949444589299922814e-01
9.947939253307455099e-01
9.958328217425181927e-01
9.960737475756992199e-01
9.970562936013507294e-01
9.987936211523277263e-01
1.000277679147626220e+00
1.002404156931300916e+00
1.004015293397654274e+00
1.005538394872331986e+00
1.006482692648267729e+00
1.005789436619830335e+00
1.005951809967181365e+00
1.004632112630880370e+00
1.002795297352600423e+00
1.001797918384159214e+00
1.000119454684988085e+00
9.986309588306171436e-01
9.976710411194082972e-01
9.979776743370600833e-01
9.981319494274528692e-01
9.989956457466321327e-01
9.992578537753118439e-01
9.994241173915789922e-01
9.994524118043559557e-01
1.000637690070099284e+00
1.000587306454454373e+00
1.000217320808665100e+00
9.999246544396539482e-01
9.989569191592286845e-01
9.994078250623595894e-01
9.976880797358910202e-01
9.977391734752043551e-01
9.977652021385665648e-01
9.975206216348425636e-01
9.975498352131075830e-01
9.989115884839115944e-01
9.999998974865218493e-01
1.000784732115253872e+00
1.001165704626303832e+00
1.002090804393550805e+00
1.002742766128504659e+00
1.002512594255946299e+00
1.002718559029132095e+00
1.002671666881348012e+00
1.001863108619299725e+00
1.001827760673805967e+00
9.998270862662728131e-01
9.908777821295058352e-01
9.780794889742661091e-01
9.656634615549954948e-01
9.535194677275976582e-01
9.414577103031213090e-01
9.299245017155578497e-01
9.180272102365321096e-01
9.078521204094210928e-01
8.971118205670588486e-01
8.868480363227213559e-01
8.765481784420803280e-01
8.663073619757309940e-01
8.561391654567730436e-01
8.460865592842533589e-01
8.359299197900253997e-01
8.258797833171288572e-01
8.160234345108441367e-01
8.057928201076580699e-01
7.956056327820586471e-01
7.860475937616211439e-01
7.754204562349507057e-01
7.646991472358293240e-01
7.545380423887446675e-01
7.439803319744714427e-01
7.335880303124336921e-01
