0.000000000000000000e+00
0.000000000000000000e+00
0.000000000000000000e+00
0.000000000000000000e+00
0.000000000000000000e+00
0.000000000000000000e+00
0.000000000000000000e+00
0.000000000000000000e+00
0.000000000000000000e+00
0.000000000000000000e+00
0.000000000000000000e+00
0.000000000000000000e+00
0.000000000000000000e+00
0.000000000000000000e+00
0.000000000000000000e+00
0.000000000000000000e+00
0.000000000000000000e+00
0.000000000000000000e+00
0.000000000000000000e+00
0.000000000000000000e+00
3.603132842542311601e-05
3.417763304545896885e-02
1.018435302387689756e+00
3.311746532789538566e+00
3.280118872040929112e+00
1.823933171576422207e+00
8.312088188411455025e-01
3.857712677866858564e-01
2.008397236702872957e-01
2.300545856676067813e-01
8.507883804585040233e-01
1.742167491401798385e+00
1.907067750271842943e+00
1.464281839489736559e+00
1.000085810752264104e+00
7.262831249473507000e-01
6.226342791128807175e-01
6.181411269538713560e-01
6.714210401925944094e-01
7.544209243786070829e-01
8.480124782560318764e-01
9.393814870470728051e-01
1.023625011237859761e+00
1.094878023474908479e+00
1.149957008227249666e+00
1.185702577068293184e+00
1.204854527638606010e+00
1.202346032575904333e+00
1.184527290818913059e+00
1.152417309733029249e+00
1.113804306370723252e+00
1.070814986079571929e+00
1.034758051614997454e+00
1.002149107257907401e+00
9.717993914449688519e-01
9.513020989824552132e-01
9.368528841898811077e-01
9.325462984334242922e-01
9.254705395454868588e-01
9.261824452466073110e-01
9.272784848143056369e-01
9.378992883421272131e-01
9.472741292142399239e-01
9.599360026574468296e-01
9.726993797308434164e-01
9.812329964371534485e-01
9.926312537444140771e-01
9.984986031547699037e-01
1.005114366071878207e+00
1.008200408164086292e+00
1.013584629808472970e+00
1.016202582448289871e+00
1.016900716286929462e+00
1.016368168450806575e+00
1.017423142063510033e+00
1.016673783183503099e+00
1.012467057546864169e+00
1.011021308907060323e+00
1.007830793796981483e+00
1.004694734188486427e+00
1.000794845616664874e+00
1.002112021529082408e+00
1.000543123236888876e+00
9.997802297485863798e-01
9.999098794960615821e-01
1.000864906348535754e+00
9.986958964045073994e-01
9.977586026026816768e-01
9.974502059699610346e-01
9.987826059025094461e-01
9.971772160356081605e-01
9.969744100322832647e-01
9.962929436588179311e-01
9.963663668334887813e-01
9.949665034398079699e-01
9.965842950202328243e-01
9.969691855816324999e-01
9.968992835092166382e-01
9.981751886593481782e-01
9.974664701264035482e-01
9.973493988180487380e-01
1.000152971058215323e+00
9.997137337077163233e-01
1.001904468815532745e+00
1.000228785132617482e+00
1.000608903647148606e+00
1.001506584081141016e+00
1.001557861481358058e+00
1.002821391012852281e+00
1.001950716682319387e+00
1.001724036050007483e+00
1.000739629020974464e+00
1.001974806861278378e+00
1.001252109580879290e+00
1.001702846105851696e+00
1.000962384625406321e+00
1.000439600999495360e+00
9.998871685134437248e-01
9.993341283304079115e-01
9.995196006247302201e-01
9.997257469111611172e-01
1.000305080063709662e+00
9.992685815486328504e-01
9.993619969451900120e-01
9.996029347793721209e-01
9.994929685609330594e-01
9.995243270779582412e-01
9.985187247544324851e-01
9.999877400216049539e-01
9.997129647364189076e-01
1.000347990917861418e+00
9.989703667537693788e-01
9.989870271336103169e-01
1.000323259570431444e+00
1.000336264651991103e+00
1.000825315115709602e+00
1.000588226097806954e+00
1.000922627061411774e+00
1.000925958442467234e+00
1.000403213494988730e+00
1.001264136989224562e+00
1.000426531620549175e+00
9.998453872795866060e-01
1.000574741347953989e+00
1.001928528446290878e+00
9.995978057476726519e-01
1.000020505827784900e+00
9.995576769065577238e-01
9.993856089412274102e-01
9.989095857497346520e-01
9.996749472039088147e-01
1.000050928587738142e+00
1.000276407281855295e+00
9.993848539757230753e-01
1.000093770286021311e+00
1.000899772742989580e+00
9.992026746306701401e-01
9.996635355862643069e-01
9.996596855086379296e-01
1.000450282050490358e+00
9.997631742464752058e-01
1.000571925821963637e+00
1.000233805144081334e+00
9.994300335279081571e-01
1.001020240916028259e+00
9.998225629666964709e-01
1.000063146444982287e+00
9.999017619924428502e-01
9.997311832922387564e-01
9.997671967983767782e-01
1.001004266850057389e+00
1.000339255553060358e+00
1.000017642300689458e+00
1.000262005950834920e+00
1.000311090697579175e+00
9.994011433197222960e-01
1.000078621839077808e+00
9.993476520715157685e-01
9.994356617613204818e-01
9.995839334782141705e-01
1.000360676944848315e+00
9.993780578581274998e-01
9.996787271297642441e-01
9.993077963902263772e-01
1.000007789859993723e+00
9.999954262769533697e-01
1.000017120785561930e+00
1.000780876917458428e+00
9.996852569009191392e-01
1.000343917604273658e+00
9.996471909672255407e-01
9.997986192548314888e-01
9.997454132353654765e-01
9.999301907902280462e-01
9.999340836371458652e-01
9.996853294142343804e-01
9.998155398889637668e-01
1.000082116833934887e+00
1.000222502545193626e+00
1.000107638030906410e+00
9.998398095973807242e-01
1.000150205559339200e+00
1.000178700927301767e+00
1.000538436739524917e+00
1.000473688360944191e+00
9.996974296396526904e-01
9.999493034246205170e-01
1.000002864299990968e+00
9.996728549220573745e-01
9.994616044787444364e-01
1.000370893644816128e+00
9.997560426548187662e-01
1.000210312534781432e+00
9.995281731465829322e-01
9.998128480465110490e-01
1.000047683635452600e+00
1.000306614747743073e+00
9.999825824911999783e-01
9.998421911922593663e-01
1.000050742173885787e+00
9.997040513134829443e-01
9.994461117111154147e-01
9.999195669372651363e-01
9.998677310706582944e-01
9.997807436076954213e-01
9.995037745426551545e-01
1.000826325941004846e+00
1.000024731838581982e+00
9.993268195383980812e-01
1.000235473093133765e+00
9.997021673437557210e-01
1.000092618333147998e+00
1.000237093437614355e+00
1.000250283193406808e+00
9.999761502424326931e-01
1.000391799912795587e+00
1.000656367151188997e+00
9.998135457198816800e-01
1.000204503350248464e+00
9.997233403391760920e-01
9.999555506948820671e-01
1.000127567355131974e+00
9.999299982998668401e-01
1.000273249169675749e+00
9.996790740198232550e-01
9.999216074482115690e-01
9.997889898302130263e-01
1.000066038115154932e+00
1.000029605778826491e+00
1.000151233465131684e+00
9.995524722680851903e-01
9.998090605049344548e-01
1.000243791992648790e+00
9.997170203777451247e-01
9.999848575477480184e-01
1.000247809613555194e+00
1.000186376649517150e+00
9.999503793952040365e-01
1.000332603397894315e+00
1.000110689160012001e+00
1.000063929073476521e+00
1.000405748833578468e+00
1.000350024319139441e+00
1.000283850386983087e+00
1.000286484416707644e+00
9.968590493497110350e-01
9.870029899557918318e-01
9.753111976154802409e-01
9.644288914455929618e-01
9.533755288632921321e-01
9.427281722144543741e-01
9.314770638864008356e-01
9.210272585347667462e-01
9.099224884421999171e-01
8.996400597802803878e-01
8.892553315856588370e-01
8.786755125701569691e-01
8.678005983538157331e-01
8.583687079596621361e-01
8.476924469788278405e-01
