0.000000000000000000e+00
0.000000000000000000e+00
0.000000000000000000e+00
0.000000000000000000e+00
0.000000000000000000e+00
0.000000000000000000e+00
0.000000000000000000e+00
0.000000000000000000e+00
0.000000000000000000e+00
0.000000000000000000e+00
0.000000000000000000e+00
0.000000000000000000e+00
0.000000000000000000e+00
0.000000000000000000e+00
0.000000000000000000e+00
0.000000000000000000e+00
0.000000000000000000e+00
0.000000000000000000e+00
0.000000000000000000e+00
0.000000000000000000e+00
0.000000000000000000e+00
0.000000000000000000e+00
0.000000000000000000e+00
0.000000000000000000e+00
0.000000000000000000e+00
0.000000000000000000e+00
2.813542523054421776e-02
4.493781685874894682e-01
1.513048587508857290e+00
1.947285718013875400e+00
1.435128127641869700e+00
8.031622725620358727e-01
4.614304439987376161e-01
3.245478819057364128e-01
2.252170799125169931e-01
2.289097006154591496e-01
2.447190707661960341e-01
2.365258527706571579e-01
2.439506497822909181e-01
2.161364848814879835e-01
2.493647140596758627e-01
2.443763426483691326e-01
3.358437290081617288e-01
4.371872717204532410e-01
5.657720977065975321e-01
7.301598105776673231e-01
9.433960893862767261e-01
1.109025529669157129e+00
1.251373637303960340e+00
1.358312319751068697e+00
1.461307137001527368e+00
1.513138161257973957e+00
1.583894577691359329e+00
1.581157927647834693e+00
1.530098577148916394e+00
1.410024753075892479e+00
1.271832465567172221e+00
1.159449556042636997e+00
1.036619922777295200e+00
9.704405562919599104e-01
9.303479730659369729e-01
9.024291556024832683e-01
9.063265001680073096e-01
8.902573867794312257e-01
8.981733495456393213e-01
9.220825468373452516e-01
9.404346293465415396e-01
9.408222180910698063e-01
9.548239000143623478e-01
9.661359940812961344e-01
1.011015022890523252e+00
1.029187263033890076e+00
1.031067016350871501e+00
1.032220301050503775e+00
1.055844675050250370e+00
1.053135570076477956e+00
1.063599840669725571e+00
1.039619498507082129e+00
1.040451078978029242e+00
1.034242265166302133e+00
1.037878319960030993e+00
1.008202260832057773e+00
1.023103215366598873e+00
9.981779550785851995e-01
1.012790940989600763e+00
1.013566495626512021e+00
9.780307659137926768e-01
1.014734956727364024e+00
9.952127064867739570e-01
9.970264230218943702e-01
9.904752150538971289e-01
1.004583141203041707e+00
1.009076859653793790e+00
1.007724781523011703e+00
9.881329860167642476e-01
1.017091388899464821e+00
1.016279852196190436e+00
1.012377330642282081e+00
9.994616433896278407e-01
1.004422302823187341e+00
1.008662531093605041e+00
1.012093945717559285e+00
1.008868025360894816e+00
1.004531917805934649e+00
1.013265006969415571e+00
9.887029074015589725e-01
9.942071073443186080e-01
1.001046267360627740e+00
9.902883914870378446e-01
9.912360107641230433e-01
9.964107348840609557e-01
9.990159755083287685e-01
9.862268440098810318e-01
9.969446408542602667e-01
9.959353706279862051e-01
9.980702016281119970e-01
1.001392693784128207e+00
9.914812266885912884e-01
1.002446204470870406e+00
1.004373691417473680e+00
1.009093324818091997e+00
1.010175716991090322e+00
1.005601724761351567e+00
1.000222288751509314e+00
1.008186070761165620e+00
1.003098519456170568e+00
1.005166153728744183e+00
1.004898287277932623e+00
1.011417997362232812e+00
9.939334766770129281e-01
9.914065835777183811e-01
1.011695880587860197e+00
1.001960350932527888e+00
9.995717904655381236e-01
9.994006907868852041e-01
1.005081031182296192e+00
9.921408030625541441e-01
9.906178698955379058e-01
1.002530123603461609e+00
1.005741460011494004e+00
9.971816723866204768e-01
9.993225866476416197e-01
9.998781634166244991e-01
9.976983375187942205e-01
1.007249361109048058e+00
9.948517460073614815e-01
9.912294667922134650e-01
1.005809143390310467e+00
9.992082970107436513e-01
1.006485787679903821e+00
9.942310224069865754e-01
1.005197985115245052e+00
1.001291522493577668e+00
9.986312160845763897e-01
9.954313787073343356e-01
1.001084113493434291e+00
9.972064377627728460e-01
9.920982286408693840e-01
9.887171519056185964e-01
9.926698254457748671e-01
9.998738615914325445e-01
9.974546942915932801e-01
9.957425406415304492e-01
9.996646940737010656e-01
9.940468016552959085e-01
1.002944106846018757e+00
1.001054688100916801e+00
1.000993451486009711e+00
9.991232027256525816e-01
9.921834811672849419e-01
1.003373283097006574e+00
9.986486536120574575e-01
9.997432789850977386e-01
9.933723546481921796e-01
1.004537878759425462e+00
1.009097792799599436e+00
1.000909551415901433e+00
9.999075937011150383e-01
1.008767438690073570e+00
1.004407445982659297e+00
1.002366419017033161e+00
9.952105476033011877e-01
9.977029294158998862e-01
1.000238510134063619e+00
9.897154772151902646e-01
9.987514234963140725e-01
9.942242970667320989e-01
1.006992333487504832e+00
9.974672190325477583e-01
9.962122293058979228e-01
9.991394271531577331e-01
9.967964282184248459e-01
9.944480629763350343e-01
9.939244298467205807e-01
9.953961052375684959e-01
9.931666385337213354e-01
9.843802872831266537e-01
9.840117987862908588e-01
1.001537895285630864e+00
9.957427608327825697e-01
9.913403073353705963e-01
9.914047930452281054e-01
9.956281432869439341e-01
1.001438591716167670e+00
1.003418238849259181e+00
9.955012818117081608e-01
9.953826821836475602e-01
9.897433894453504521e-01
9.931057586899210143e-01
9.951733947464064256e-01
9.993719226392610011e-01
9.884125606361620076e-01
9.938351464613734976e-01
9.972344599985705216e-01
9.948295828965965093e-01
1.000156243301116632e+00
9.965312427589806399e-01
9.904938149989906959e-01
9.958933059435552959e-01
9.969838018057227691e-01
9.898580289085165962e-01
9.939630898948302873e-01
9.982073237724501391e-01
9.925781821958984397e-01
9.916489946980932002e-01
9.958137822848236453e-01
9.953984770035679830e-01
9.908794685059448826e-01
9.921791368752168605e-01
9.929058413486253620e-01
9.978225471884725195e-01
9.937067486888175871e-01
9.896856148366829364e-01
9.888378134503472694e-01
9.900646211459819268e-01
9.883845864001302717e-01
9.919733317616460377e-01
9.909358705954922630e-01
9.930537382457158557e-01
9.838367141353752121e-01
9.935853522983629782e-01
9.912806145935380009e-01
9.833347890128443236e-01
9.932047217265381756e-01
9.924682598511713749e-01
9.900933542649327235e-01
9.921145603854163442e-01
9.937375012886469072e-01
9.847530655933510735e-01
9.895195853707544620e-01
9.928666509881234337e-01
9.913598932886406034e-01
9.892775942151562640e-01
9.895957067883558445e-01
9.900613330477693319e-01
9.962406918129801392e-01
9.951956067498994862e-01
9.910968964442012918e-01
9.906690094027252869e-01
9.941406041760357803e-01
9.915991687518409536e-01
9.910035571347083350e-01
9.869469521710410032e-01
9.947151943457379630e-01
9.855697231243953915e-01
9.973058937002242663e-01
9.899003926444841506e-01
9.893064576031379564e-01
9.964143515271938201e-01
9.911556749233800812e-01
9.953274970287097068e-01
9.929236572104370717e-01
9.958327150485434265e-01
9.941554696703220895e-01
9.937699434260208742e-01
9.923831666505941174e-01
1.000717413649756748e+00
9.930219300141085448e-01
9.988202917939191794e-01
9.950332477760147620e-01
