0.000000000000000000e+00
0.000000000000000000e+00
0.000000000000000000e+00
0.000000000000000000e+00
0.000000000000000000e+00
0.000000000000000000e+00
0.000000000000000000e+00
0.000000000000000000e+00
0.000000000000000000e+00
0.000000000000000000e+00
0.000000000000000000e+00
0.000000000000000000e+00
0.000000000000000000e+00
0.000000000000000000e+00
0.000000000000000000e+00
0.000000000000000000e+00
0.000000000000000000e+00
0.000000000000000000e+00
0.000000000000000000e+00
0.000000000000000000e+00
0.000000000000000000e+00
3.658302554529214989e-02
1.064749171478444723e+00
3.461998087620272724e+00
3.421173005995224781e+00
1.863199261009364838e+00
8.416732056354860880e-01
3.797572704437969793e-01
1.889453972940255688e-01
1.142375393199565048e-01
1.774687655787663965e-01
7.021362936076943617e-01
1.489042181625434447e+00
1.734839138789118218e+00
1.434889599946697292e+00
1.041660251145188232e+00
7.724596135356602833e-01
6.525599507684288758e-01
6.424971293360650648e-01
6.942486027994760889e-01
7.793522193306990919e-01
8.809645701319827049e-01
9.800368914862984671e-01
1.059042227784328549e+00
1.130304857334752278e+00
1.188805296145914348e+00
1.219828098113721726e+00
1.235247978443851702e+00
1.223641362451593606e+00
1.191285854945749456e+00
1.147656778173024472e+00
1.104889741264858616e+00
1.065949493893555644e+00
1.034889965885435137e+00
1.005936367495805506e+00
9.853506458817248292e-01
9.682189985585315517e-01
9.512186904790441710e-01
9.417329446577774599e-01
9.323889002231090517e-01
9.265496089851069650e-01
9.255250737851496989e-01
9.269353577928058918e-01
9.338131842844090702e-01
9.464785866306407724e-01
9.591147210099356668e-01
9.692348139280861918e-01
9.813114385551815477e-01
9.927182262287579384e-01
1.003761852937877563e+00
1.011503397225731016e+00
1.017476618978894631e+00
1.019281592425114402e+00
1.020925185194601514e+00
1.023679015355443589e+00
1.023283986578502169e+00
1.020719782522784280e+00
1.019512719950028901e+00
1.018296342963569856e+00
1.010587132862887483e+00
1.010115854439497030e+00
1.005526882558360535e+00
1.001885054101233852e+00
1.001267686623698472e+00
9.987103374406086642e-01
9.968452036913345582e-01
9.989912325608318877e-01
9.972595925236126257e-01
9.975674780333911862e-01
9.962006160042095049e-01
9.950831642677193667e-01
9.975074979718719925e-01
9.964357927802465209e-01
9.947691370767340890e-01
9.951571123354485682e-01
9.967570470593553056e-01
9.964742545910698635e-01
9.986900568091934272e-01
9.974338569684351175e-01
9.971352300997285978e-01
9.968896449768956947e-01
9.988877052394893319e-01
9.997735456582428348e-01
1.001327015612717863e+00
1.001784246860613736e+00
1.000065961834234907e+00
1.001661558456790724e+00
1.000942637858614370e+00
1.004047725003327951e+00
1.002374997022879688e+00
1.001203076485757570e+00
1.000907136945915710e+00
1.000286023447578332e+00
1.001792002454951813e+00
1.001099717174142034e+00
9.987802472589144553e-01
1.001102951439398536e+00
1.001048327810693417e+00
1.000698926065834327e+00
9.992194913433372072e-01
9.993279458903501222e-01
1.000464811356087225e+00
9.994096803691160380e-01
9.985231954999520543e-01
1.000431432101767992e+00
1.000379050413569892e+00
9.996906913718009990e-01
1.000684982375289023e+00
9.983392222755759216e-01
9.980268082802205010e-01
9.988191440842035806e-01
9.992984299700228279e-01
9.997020287225910629e-01
1.001664587734037992e+00
9.985746526508466614e-01
1.000790265049152472e+00
9.997942036767523133e-01
9.991437498324922117e-01
9.987189335982643579e-01
9.998580134076170411e-01
9.998139967095874825e-01
9.995361645191096489e-01
9.997595800795369136e-01
1.000204578626001206e+00
9.999534106903396058e-01
1.000972976298855066e+00
1.000199679439827349e+00
1.001221371138099947e+00
9.997886297189875204e-01
9.998544840069384376e-01
9.999294593500155370e-01
1.001917992967590321e+00
1.000743606764406213e+00
1.000967879639897085e+00
1.000615289077923187e+00
1.000280353234517028e+00
1.000024253422126863e+00
9.995629615252363820e-01
9.993408811644890477e-01
1.000298313735222377e+00
1.000674444657096762e+00
1.001395990906125189e+00
9.988555016206333015e-01
9.980299317319122343e-01
9.991042649034083123e-01
9.987908950567455646e-01
1.000223230140548925e+00
1.000540470548537231e+00
9.994438762644065610e-01
9.996951683644617059e-01
1.000112923433057022e+00
9.991811250717556048e-01
9.997015145169880768e-01
1.000186353301089959e+00
1.001258579136561133e+00
1.000303590933465214e+00
1.000285529936511209e+00
1.001480989274921241e+00
1.000715865299198093e+00
9.997738873030397322e-01
1.000736505552365374e+00
1.000475956826737400e+00
1.000427871908702526e+00
1.001153657576110190e+00
9.997004875481004804e-01
1.000395662234617067e+00
9.992348197594602688e-01
9.997694721370082860e-01
1.000541926939588988e+00
1.000111525991760120e+00
9.995340337764222483e-01
9.997345983232038824e-01
1.000562179997009693e+00
1.000031997756442026e+00
1.000477695925380273e+00
1.000225545118929915e+00
9.994981466773403822e-01
1.000362545116269875e+00
9.996140066763938847e-01
1.000473586308687546e+00
9.999738502051629396e-01
1.000593311526563722e+00
9.997380104684110425e-01
9.995093063014436341e-01
9.998935044314044562e-01
9.996057726574475444e-01
9.993839708890442930e-01
1.000176590987008618e+00
1.001078534222700878e+00
1.000534359430073295e+00
1.000683786133609976e+00
1.000441374242432957e+00
1.000264153085379304e+00
1.000796496638972854e+00
1.000723152112084957e+00
9.994696553331356981e-01
9.999505991194550525e-01
1.000564850931591865e+00
9.999040068069280363e-01
1.000472113469199398e+00
1.000012291232960537e+00
1.000219319426062903e+00
1.000899356610099433e+00
9.995831873626928044e-01
9.997299890612449946e-01
9.996212701031623737e-01
9.996964340164607998e-01
9.998620483544157223e-01
1.000350934788597268e+00
1.000493324968214637e+00
1.000851422466269236e+00
1.000262225075772005e+00
9.997047107405443445e-01
9.994592965806395890e-01
1.000335905833807271e+00
9.996205851325714598e-01
1.000437275720686081e+00
9.992657120657466585e-01
1.000404337148550926e+00
1.000161324010099939e+00
1.000928891043118663e+00
9.999641828378602604e-01
1.000567513792349317e+00
9.993152143968977441e-01
1.000397538784729479e+00
1.000269134493506407e+00
1.000234762229571528e+00
9.999967535636941074e-01
1.001324917651970514e+00
1.000421148851295738e+00
9.999773502217523813e-01
9.992167126884823336e-01
1.000524154233812135e+00
1.000418685741729430e+00
1.000704779680410716e+00
1.000533893107631300e+00
1.000120208704822877e+00
9.996754504172413736e-01
1.000105990057366112e+00
1.000395080936732572e+00
9.998858234726709648e-01
9.998872649802259538e-01
1.000154348771444601e+00
9.998329567732199274e-01
1.000384072966935101e+00
9.999998013521764761e-01
1.000501092137529469e+00
1.000257519807295825e+00
1.000807749800322943e+00
1.000181359411105531e+00
1.000342745130461397e+00
1.000356445959330598e+00
9.997429315257195803e-01
1.000543340494508771e+00
1.000206145161410598e+00
1.000142099099583959e+00
1.000049411242384112e+00
1.000083111654203716e+00
1.000832812859631549e+00
9.999264118135563484e-01
