0.000000000000000000e+00
0.000000000000000000e+00
0.000000000000000000e+00
0.000000000000000000e+00
0.000000000000000000e+00
0.000000000000000000e+00
0.000000000000000000e+00
0.000000000000000000e+00
0.000000000000000000e+00
0.000000000000000000e+00
0.000000000000000000e+00
0.000000000000000000e+00
0.000000000000000000e+00
0.000000000000000000e+00
0.000000000000000000e+00
0.000000000000000000e+00
0.000000000000000000e+00
0.000000000000000000e+00
0.000000000000000000e+00
0.000000000000000000e+00
0.000000000000000000e+00
0.000000000000000000e+00
0.000000000000000000e+00
0.000000000000000000e+00
0.000000000000000000e+00
0.000000000000000000e+00
2.073907578854592912e-02
3.790396601073736660e-01
1.371702216050344258e+00
1.732157634258620460e+00
1.214088775009144028e+00
7.412530234015932695e-01
4.475146180059232925e-01
2.819785245042913946e-01
2.380593109875964730e-01
2.416475563917022118e-01
2.509507415409907294e-01
2.556357317411618313e-01
2.461023285385748605e-01
2.007029486774243032e-01
2.195719142583519023e-01
2.417928405773301370e-01
3.152176693985889178e-01
4.107527277043847014e-01
5.365951436227313076e-01
6.913936935066833378e-01
8.680413601057487272e-01
1.010284667666126124e+00
1.192530787564620054e+00
1.291554471508568058e+00
1.391742401065489076e+00
1.507963157990924064e+00
1.550029367768814170e+00
1.540970834121548005e+00
1.502104911570456336e+00
1.413859168191042404e+00
1.306184188725662221e+00
1.188859170460516701e+00
1.089557959261258757e+00
9.819918037020771706e-01
9.282736219873364281e-01
8.937807754436374319e-01
9.079508626294490181e-01
9.122540705284040152e-01
9.047161424367280436e-01
9.242155605598428858e-01
9.386983730792846092e-01
9.519236338664164299e-01
9.521299287951117130e-01
9.535750961403836046e-01
9.813301747983510515e-01
1.003155661559292033e+00
1.005273909311964475e+00
1.009847589247300004e+00
1.038626686360801354e+00
1.049276225445443966e+00
1.059922675336703257e+00
1.046304992860914496e+00
1.040983313825369239e+00
1.023445165787128630e+00
1.023207245593805048e+00
1.005528550438809399e+00
1.015248760175787801e+00
9.984840553751381798e-01
9.885290935199884110e-01
9.813904215919933005e-01
9.785630318682614348e-01
9.981776958269447109e-01
9.787908268301004355e-01
9.884490217133361512e-01
1.006174047099954949e+00
9.979032297403052088e-01
1.019311667378796749e+00
1.020496245108499123e+00
1.028149247705151925e+00
1.021539381475228714e+00
1.020029152204033451e+00
1.013351124111972590e+00
1.016217887554155874e+00
1.022643991542132369e+00
1.010981365336527604e+00
1.022905744609905465e+00
1.000208355132973903e+00
1.007488663622057468e+00
1.010610137401047659e+00
1.007543849926037849e+00
9.982848825985060071e-01
1.001111084258285100e+00
9.888165435309927975e-01
9.807777565475852555e-01
9.946642764083833965e-01
9.960213019021471048e-01
1.005072237884343522e+00
9.951490019312915214e-01
9.830945618970918787e-01
9.929948499660807837e-01
9.867529340903374857e-01
1.008248648767860134e+00
1.000497713199281158e+00
1.005613756755376675e+00
1.004130527746208479e+00
1.005116093719680803e+00
1.003729782391990177e+00
1.005338387388873045e+00
9.930121400077085436e-01
9.847327645909911276e-01
1.001621265560382223e+00
9.992484085106684288e-01
9.840772662343699739e-01
9.984288766063611487e-01
9.992419690892395678e-01
9.943632666957090693e-01
9.905356728235147346e-01
1.002981945789761076e+00
9.933934135330569903e-01
9.936778594732937897e-01
1.000350071307610333e+00
9.889341643298977802e-01
9.899607971928291450e-01
9.878625271019371157e-01
9.854887071896019091e-01
9.978971118706745358e-01
9.895487241883400564e-01
9.883122400284921616e-01
1.004010716031371597e+00
9.955739273089242447e-01
9.977924618067617324e-01
9.961772970263473859e-01
1.010817538780302893e+00
9.926301486187549816e-01
9.983657892560676705e-01
9.990178985106017429e-01
9.934747843595651551e-01
9.934139647622817204e-01
9.962670164088404112e-01
9.965004658125999892e-01
9.886451116070531508e-01
9.960681618812630145e-01
9.924205380907321628e-01
9.982588203338963462e-01
9.931574769468370922e-01
1.004935271886421511e+00
9.972183186304142133e-01
9.891438236932970085e-01
9.975351788875247427e-01
9.975544876691638807e-01
9.912441465812121821e-01
1.001980053046606534e+00
9.883735192149921689e-01
9.913329675353254045e-01
9.962960489082746118e-01
1.002719550764951117e+00
9.905267963001055387e-01
9.876533449967968004e-01
9.882158953327297990e-01
9.910660712101379000e-01
9.923431916654267271e-01
9.984250013221903641e-01
9.904487753661891380e-01
9.931702959240746864e-01
9.938200143661833907e-01
9.919833803726425536e-01
9.924132386501913761e-01
9.888030253097410682e-01
9.946262878530486296e-01
9.927052494033861141e-01
9.938327345705275651e-01
9.929588490140730528e-01
9.867184378000607436e-01
9.849605464321842252e-01
9.885853013623110419e-01
9.857800071999163194e-01
9.888576852544559426e-01
9.900333040961375453e-01
9.869847258025554737e-01
9.841717512925051148e-01
9.842282910873846324e-01
9.789204786194597441e-01
9.860532431704565060e-01
9.917964407180274167e-01
9.890262546019978895e-01
1.000399747631587566e+00
9.899139871371949173e-01
9.866519848107908608e-01
9.934434707737983539e-01
9.887996871182532788e-01
9.857516772815407835e-01
9.953562851046102722e-01
1.003985458238949802e+00
9.928851094508822639e-01
9.871347053705411545e-01
9.908025821256610799e-01
9.890942231765350590e-01
9.882022427029151235e-01
9.872263034745654142e-01
9.883358496465071141e-01
9.983664222286267043e-01
9.962049487327917507e-01
1.003263192091909284e+00
9.893880554157972185e-01
9.963802760127221658e-01
9.967962182982030850e-01
9.882442373049482587e-01
9.928869758187111039e-01
9.960680480261905334e-01
9.889850250969761669e-01
9.933189590421774851e-01
9.925240856711129434e-01
9.942538307971265921e-01
9.887004816469165958e-01
9.891375016956590605e-01
9.974242910726486278e-01
9.866826268188663152e-01
9.985408936699813331e-01
9.948948130775332466e-01
9.899494152591912233e-01
9.947702067772294932e-01
9.938642671388282501e-01
9.893652008857916069e-01
9.909893410474560627e-01
9.944868019118707769e-01
9.925569971658450008e-01
1.000059875690567868e+00
9.939173191235904925e-01
9.948300434423146266e-01
9.908175335743915069e-01
9.976136122612888624e-01
9.953940802806772181e-01
9.927275889722659841e-01
9.972190081776031167e-01
9.974079095358979741e-01
9.984624662856871335e-01
9.990432966140140314e-01
9.992439144555230746e-01
9.984292291154948096e-01
9.976270855170319418e-01
1.005179631170350918e+00
9.994545080978598506e-01
9.979391929347178891e-01
9.962405334220911790e-01
9.991630759034705322e-01
9.947019353548711695e-01
1.004970880183783999e+00
9.937339711946703291e-01
9.994832213829955014e-01
9.997265367386805046e-01
1.000730442215202132e+00
9.924481140766093779e-01
9.968062076514615510e-01
1.000580158427248234e+00
9.915671127505695237e-01
1.000982607554777637e+00
9.978667650777541809e-01
9.923975640185898062e-01
9.944764667857278750e-01
9.960193251514110058e-01
1.000787378742813871e+00
9.991416311082826907e-01
9.967083517582653318e-01
9.952758430050862026e-01
