0.000000000000000000e+00
0.000000000000000000e+00
0.000000000000000000e+00
0.000000000000000000e+00
0.000000000000000000e+00
0.000000000000000000e+00
0.000000000000000000e+00
0.000000000000000000e+00
0.000000000000000000e+00
0.000000000000000000e+00
0.000000000000000000e+00
0.000000000000000000e+00
0.000000000000000000e+00
0.000000000000000000e+00
0.000000000000000000e+00
0.000000000000000000e+00
0.000000000000000000e+00
0.000000000000000000e+00
0.000000000000000000e+00
0.000000000000000000e+00
0.000000000000000000e+00
3.539831489645585416e-02
1.034381681707770451e+00
3.451105419098024374e+00
3.386291330719490400e+00
1.888072248223871208e+00
8.503986594285756206e-01
3.899778081032413413e-01
1.962582319122235797e-01
1.215778924717430959e-01
1.792350509723315277e-01
6.834527345854960467e-01
1.453364727991116379e+00
1.721020859367751843e+00
1.439804514917406131e+00
1.054328080138841939e+00
7.869518642038537681e-01
6.622740246204188441e-01
6.470726447806823822e-01
6.952304629586684159e-01
7.828533917252848973e-01
8.773211656025204919e-01
9.790195789120648140e-01
1.057458149524082014e+00
1.128122883092621542e+00
1.181868891625239337e+00
1.214437634234767804e+00
1.230424136179772532e+00
1.218553164436604330e+00
1.187114239989973230e+00
1.149183581470477833e+00
1.107216828869591607e+00
1.069989205062777282e+00
1.033275318543804167e+00
1.009430268763127136e+00
9.862122361560017314e-01
9.629075605258111681e-01
9.553838199260115127e-01
9.421675435967160617e-01
9.341670131697176194e-01
9.259781937222648640e-01
9.296417678793943429e-01
9.311899729104182732e-01
9.348860946340301625e-01
9.452347519528494502e-01
9.591383975890329650e-01
9.710696736009548635e-01
9.817085963894109923e-01
9.919298750572442813e-01
1.000370817768657217e+00
1.010670263058607299e+00
1.015823891904996890e+00
1.016844318934359226e+00
1.020931520935548953e+00
1.022592794710089681e+00
1.023160006165505287e+00
1.018545362232945450e+00
1.015376033581824045e+00
1.010617093709740510e+00
1.011115287284265696e+00
1.006673561081064205e+00
1.004380672898226967e+00
1.000399008360567832e+00
1.001257096137902591e+00
9.983307574592794609e-01
9.967265589954744653e-01
9.987081272295288414e-01
9.977034114555236588e-01
9.970942878429960299e-01
9.971044029580752310e-01
9.977586760036092350e-01
9.991158806966049521e-01
9.948225585015648686e-01
9.951763189057610814e-01
9.967603398697932882e-01
9.958499939672628143e-01
9.955582348928144754e-01
9.977568710505888561e-01
9.952000926552727611e-01
9.981646575134821564e-01
9.963844549912825865e-01
9.985987629612806948e-01
1.000112063799253548e+00
9.980911130329561676e-01
9.997100787339718853e-01
9.987031102106658231e-01
1.000310221545609890e+00
9.991992039764494571e-01
1.001334044314489580e+00
1.001413619254886811e+00
1.001856797173495739e+00
1.000972999175105738e+00
1.000892782217739141e+00
1.000970890624852672e+00
1.001157399721921637e+00
1.001106337349655817e+00
1.000271990732537253e+00
1.000003555980977010e+00
9.986579668941676369e-01
1.000906640170783790e+00
9.998985456257085680e-01
9.995374462544392991e-01
9.993233166766748443e-01
9.983242375953808034e-01
9.988222925883895043e-01
9.994116925454910039e-01
9.991795983160114414e-01
9.994137618841617554e-01
9.992648429380753816e-01
1.000211776560626209e+00
9.996034259975224989e-01
9.989631213475680394e-01
9.983649479214818934e-01
9.982800436187518889e-01
9.999038506198414389e-01
9.999897618764924667e-01
1.000118925216610943e+00
9.978251951077655724e-01
9.996890398335170902e-01
9.995752573780876116e-01
1.000285795137695111e+00
9.998816092754532203e-01
9.989325114517894066e-01
1.000470073153112427e+00
1.001169989099639945e+00
1.000013051284841969e+00
9.993929206582868874e-01
1.000672983048624287e+00
9.989710641665506818e-01
1.001756687144869318e+00
1.001046753065112149e+00
9.992046131557996702e-01
9.984738943597192273e-01
1.000452112643907210e+00
1.001000575127472869e+00
9.993902972337661561e-01
9.987816416167879519e-01
9.993080066328179356e-01
9.999559263173473100e-01
9.999190432887817837e-01
1.000945494480971698e+00
1.000067723673712550e+00
9.989299925454033779e-01
9.996525129223851058e-01
1.000430383664031142e+00
9.999931068910119514e-01
1.000510624528775372e+00
9.999236198641466844e-01
9.994282167273453865e-01
1.000933327832060238e+00
1.000404337041732372e+00
1.000070927895478246e+00
9.992969458159318696e-01
1.000624128907728894e+00
9.987137216074939428e-01
1.000105312409592440e+00
9.994945178613822145e-01
1.000985304440043633e+00
1.000303091957308821e+00
9.994163981628808591e-01
1.000524177408955273e+00
1.000625486320197988e+00
9.998141441635107762e-01
1.000416983881584398e+00
9.990022424369068288e-01
1.000911829137168807e+00
9.988373125138538811e-01
1.000682704279712620e+00
1.000285742762598629e+00
1.000309392995485158e+00
1.000557434624679720e+00
1.000245684365763665e+00
1.000246895263085634e+00
1.000021973467110303e+00
1.000046303017286808e+00
1.000085907734667767e+00
1.000315460516161714e+00
9.996478282983960462e-01
1.000131283676694238e+00
9.995302757891079137e-01
9.997834392810958093e-01
1.000795824313006399e+00
1.000558125502865492e+00
9.999820104459398173e-01
1.000045101854095453e+00
9.991483205960030034e-01
1.000846081585816894e+00
9.996036620693562469e-01
9.994352903345653516e-01
1.001397135536652883e+00
1.000412038678918814e+00
1.000028325590584855e+00
9.996364614568625795e-01
1.000181385556221381e+00
1.001208462802701371e+00
9.993040429681308012e-01
1.000865577469422840e+00
1.000614884421563655e+00
9.999969927081499010e-01
9.992538272491985341e-01
1.000674451191630565e+00
1.000354101527625827e+00
1.000955762294168716e+00
1.000255356227397252e+00
9.998795167228901049e-01
1.000473913297587059e+00
1.000334044416269386e+00
9.997455418153333717e-01
9.998870108376212151e-01
9.994507814863730077e-01
1.000549902581975958e+00
1.000747169278162874e+00
1.000155388314573512e+00
1.000226504597087951e+00
1.000585312200836574e+00
1.000567875287633912e+00
1.000142457198265777e+00
9.994919128159550636e-01
1.000378934812983456e+00
1.000393113391619071e+00
1.000346574903038022e+00
1.000170721746590274e+00
9.996466368336681674e-01
9.997657056455445668e-01
9.996149855625807712e-01
9.997841563838163470e-01
1.000110938205690969e+00
1.000065117344956400e+00
1.000351784230328001e+00
9.998202791377248655e-01
1.000036800778622892e+00
1.000499746421253056e+00
1.000142364721302357e+00
1.000148231725890513e+00
1.000673246396930560e+00
9.996355495201486585e-01
1.000272625280973493e+00
9.996660367683249948e-01
9.997617076794940161e-01
9.993583326376411780e-01
9.994113855270285729e-01
1.000256840752156595e+00
1.000923478578586767e+00
9.994217778408148734e-01
1.000095438227957212e+00
1.000386149091349042e+00
1.000376926956449974e+00
9.999143470422261482e-01
1.000267391582603915e+00
9.996483858141442802e-01
1.000116356106661941e+00
9.997259186954767785e-01
1.000809182604121883e+00
1.000445658286798656e+00
1.000468278104496900e+00
1.000334709230289887e+00
1.000494808433593619e+00
1.000585414801383966e+00
1.000872490987091412e+00
9.993124003997457816e-01
