0.000000000000000000e+00
0.000000000000000000e+00
0.000000000000000000e+00
0.000000000000000000e+00
0.000000000000000000e+00
0.000000000000000000e+00
0.000000000000000000e+00
0.000000000000000000e+00
0.000000000000000000e+00
0.000000000000000000e+00
0.000000000000000000e+00
0.000000000000000000e+00
0.000000000000000000e+00
0.000000000000000000e+00
0.000000000000000000e+00
0.000000000000000000e+00
0.000000000000000000e+00
0.000000000000000000e+00
0.000000000000000000e+00
0.000000000000000000e+00
5.654841582615082368e-05
3.519107396410463273e-02
1.035978090313041111e+00
3.448367820097058889e+00
3.421178780701993993e+00
1.888882603574761010e+00
8.573489434523990926e-01
3.889388576321984314e-01
1.975075824408043801e-01
1.210671695126723929e-01
1.814241953727932510e-01
6.909790448814544517e-01
1.457248250466875561e+00
1.724744804390696773e+00
1.452769072140161377e+00
1.051781682401807139e+00
7.844633571318425647e-01
6.628357275543629301e-01
6.438204485443923542e-01
6.923733309480489817e-01
7.758916665197265194e-01
8.770401122170486952e-01
9.768371462316072229e-01
1.059903801826575620e+00
1.132218939802561275e+00
1.183193323262699437e+00
1.215998775522007858e+00
1.229662870660626961e+00
1.223762692320434775e+00
1.189495530733384321e+00
1.148875483628751137e+00
1.106261800541163964e+00
1.068927718727820331e+00
1.033286874756003559e+00
1.008140429644672764e+00
9.831352267797980327e-01
9.668066622790505438e-01
9.532631410711532860e-01
9.422639837042384725e-01
9.316978592606045551e-01
9.277449585746155858e-01
9.281073533701732492e-01
9.290061584755912039e-01
9.386342150558982800e-01
9.447550809445451891e-01
9.598707905292315212e-01
9.723857306401052503e-01
9.819982190094026508e-01
9.944837859711194161e-01
1.002158732338965574e+00
1.009706524680110462e+00
1.014683176639429085e+00
1.020262345365232637e+00
1.022150447007174501e+00
1.024433135368814973e+00
1.021658633233100799e+00
1.017744016618463476e+00
1.017079417904156013e+00
1.013510707917262277e+00
1.009255152260023491e+00
1.005041822697208875e+00
1.004147534531593111e+00
1.002065103194775153e+00
9.991392510209425870e-01
1.000306379041565608e+00
9.965483242105461770e-01
9.989236025958527776e-01
9.978928328048914942e-01
9.988671619937105062e-01
9.983205695710263283e-01
9.979705401945212495e-01
9.977847736502997167e-01
1.000328090629196032e+00
9.971651710467313023e-01
9.971638965587031889e-01
9.976672201361580505e-01
9.972834802576697744e-01
9.935000555296762403e-01
9.974470633586541846e-01
9.971929404788764106e-01
9.965736991169480419e-01
9.986702650837870898e-01
9.977016809475555137e-01
9.990501610315695169e-01
9.986256930142894950e-01
1.001562419447624475e+00
1.000802660394665811e+00
1.000893200209515443e+00
1.001184929123094314e+00
1.002691709464496927e+00
1.003321263792477103e+00
1.002108471060592532e+00
1.001669314502695141e+00
1.001877845225123354e+00
1.001531080319943090e+00
1.001366785316138763e+00
1.000980838877538304e+00
1.001831599559160013e+00
1.000564615151677605e+00
1.000702569562494038e+00
9.995023497110232524e-01
9.999166618483193991e-01
9.990390988346484757e-01
9.997020563314378272e-01
9.991982083281151228e-01
9.996639433421778964e-01
9.990409849043034862e-01
9.983130437406596558e-01
9.997459333730257525e-01
9.994445618457890035e-01
1.000186434621388010e+00
9.987813274416372789e-01
9.994998559358418966e-01
1.000626992741568078e+00
9.995388434569314473e-01
9.984261302710433217e-01
9.999386232576035205e-01
9.998879286372553965e-01
9.996495570088159699e-01
9.997103626725071246e-01
1.000862623074912028e+00
9.998721557450447328e-01
1.000420296486259630e+00
1.000463070116359265e+00
1.000567639837550482e+00
1.000587179459087706e+00
1.000887277476563808e+00
1.000820162996078899e+00
1.000752460383497855e+00
1.000557125044782447e+00
1.001247191829261585e+00
1.000359305998670179e+00
1.000447443152149285e+00
1.000937637080464793e+00
9.986587308207586222e-01
1.000906741852424009e+00
1.001467053568678489e+00
9.989932344234740969e-01
1.000314383115646466e+00
1.000733073058841294e+00
9.993313194190093229e-01
1.000443674613452627e+00
9.998620611235289335e-01
1.000963861450672621e+00
9.995108667309925421e-01
9.987834539374423892e-01
1.000568845580960931e+00
9.998141636162456436e-01
1.001567762389623528e+00
9.999008062733314439e-01
9.999688209252136639e-01
1.000377795329739694e+00
9.997579407062171519e-01
9.998920648704063829e-01
9.993610888288004812e-01
1.001780780973379636e+00
1.000442128841062317e+00
9.993317517974874553e-01
1.000496724251747738e+00
9.994595076494389163e-01
1.000129623490069175e+00
1.001415566852591921e+00
9.996666703775888285e-01
9.992533991207561694e-01
1.000957744665829319e+00
1.000063364587812975e+00
9.999946805990032050e-01
1.000875249655992283e+00
1.000030608214159233e+00
1.000464201107433171e+00
9.995672107606548007e-01
1.000267035824737638e+00
9.997662777215059471e-01
1.000100054900869617e+00
1.000742634086720928e+00
1.000263781752465775e+00
1.000172187571085392e+00
9.998425573314493331e-01
1.001077936475669450e+00
9.996509500506989276e-01
9.995045295421639553e-01
9.992172229668754291e-01
1.000726047619944881e+00
1.001860291393313895e+00
1.001105211311928533e+00
9.996838620012084009e-01
1.000000532473807935e+00
1.000642554284209229e+00
9.994922147312663707e-01
9.998835637532609288e-01
9.996969520260892139e-01
9.998004619737342891e-01
1.001298440469826634e+00
9.992573903112920153e-01
1.000513445936149992e+00
1.000260125287998791e+00
9.995131494677252926e-01
9.992897861610183785e-01
9.997970842979486683e-01
1.000064729251457285e+00
1.000404955061238832e+00
1.000519756748782685e+00
1.000195501482920912e+00
9.998312674233738040e-01
9.996774039231834941e-01
1.000964264922054259e+00
9.999785348673416729e-01
1.000012541941476707e+00
9.999782876745526572e-01
9.998737130130900264e-01
1.000052732461305105e+00
1.000386721168931237e+00
1.000183520379231972e+00
1.000158751949149050e+00
1.000273086799767563e+00
1.000030767092737749e+00
1.000045744873032438e+00
1.000058934890536877e+00
9.995867007338059551e-01
9.997071784889846047e-01
1.000352443563085503e+00
1.000709250744080014e+00
9.997050536250475794e-01
1.000161412255603288e+00
9.999681352140955548e-01
1.000424124671750015e+00
1.000428095671892725e+00
1.000331628172278942e+00
1.000161391404028821e+00
1.000800624840709308e+00
9.991943737873396625e-01
9.991356508866058306e-01
1.000008183145360219e+00
9.999725854522216739e-01
9.992308805134749727e-01
1.000324719712764487e+00
1.000205502289542192e+00
9.997337194356061829e-01
1.000349270775613197e+00
1.000475975126442485e+00
1.000086311449677412e+00
1.000371301245320144e+00
1.000359560493720545e+00
1.000378577200565111e+00
1.000561178634653325e+00
9.998119954912395579e-01
1.000630197153549839e+00
9.998119779401404283e-01
1.000081687584465362e+00
1.000584134486906418e+00
9.999907158616789804e-01
1.000081351896495940e+00
1.000596982943347646e+00
1.000111086030680774e+00
1.000521761923343078e+00
9.998347518589668637e-01
9.997598216966671059e-01
1.000186893755802942e+00
9.998116414138394914e-01
9.996773538960871397e-01
