0.000000000000000000e+00
0.000000000000000000e+00
0.000000000000000000e+00
0.000000000000000000e+00
0.000000000000000000e+00
0.000000000000000000e+00
0.000000000000000000e+00
0.000000000000000000e+00
0.000000000000000000e+00
0.000000000000000000e+00
0.000000000000000000e+00
0.000000000000000000e+00
0.000000000000000000e+00
0.000000000000000000e+00
0.000000000000000000e+00
0.000000000000000000e+00
0.000000000000000000e+00
0.000000000000000000e+00
0.000000000000000000e+00
0.000000000000000000e+00
0.000000000000000000e+00
3.394954163163148991e-02
1.052429141434503057e+00
3.441458988049272971e+00
3.400397158039095924e+00
1.896550355196615634e+00
8.482398874928032129e-01
3.881913090355277318e-01
1.942597412904371046e-01
1.195927335811015485e-01
1.820729415625294556e-01
6.852314576025506643e-01
1.461778785488580867e+00
1.724705116106262315e+00
1.450814302982567305e+00
1.049847463961181226e+00
7.833054114984085992e-01
6.608105644418961200e-01
6.466811017010325457e-01
6.965729216472474894e-01
7.791283813394972446e-01
8.788636050238901598e-01
9.730844584886095827e-01
1.061868637999603626e+00
1.125063595548896123e+00
1.179586255714630605e+00
1.214740885561363726e+00
1.228379683263545630e+00
1.222633008105649566e+00
1.191176553175017805e+00
1.147274548959418050e+00
1.105891305440614980e+00
1.069828952896118679e+00
1.036706787558932197e+00
1.004292846288619367e+00
9.847302698815375566e-01
9.681034386377015410e-01
9.558979025009513020e-01
9.399231772798661844e-01
9.336960459107777055e-01
9.303143719201399930e-01
9.278226050675609793e-01
9.282612616230249136e-01
9.376268884394277636e-01
9.482490593262766776e-01
9.611968613103314407e-01
9.678755740261485441e-01
9.832370650003624535e-01
9.918715976947032331e-01
1.002178659683746309e+00
1.009916237762911839e+00
1.015978946391934423e+00
1.020066111146052057e+00
1.021147888818932481e+00
1.019768546558637246e+00
1.021815879490158396e+00
1.019721364079313020e+00
1.015101238567022390e+00
1.013206891356237760e+00
1.009439202601567942e+00
1.007873449018951817e+00
1.002683167355524985e+00
1.003796011702162927e+00
1.000962264065110796e+00
1.001580052938117360e+00
9.960407194231262196e-01
9.982409316775949781e-01
9.976832561482489314e-01
9.994049142930071516e-01
9.971846170783233987e-01
9.972347721806894549e-01
9.964413825163690452e-01
9.967127055888372889e-01
9.960228310615530933e-01
9.964400234526540334e-01
9.959100901201954903e-01
9.947503596152289518e-01
9.963656892458842007e-01
9.981430010182668067e-01
9.978921201724885170e-01
9.981546565837375873e-01
9.979352255223259416e-01
9.979798915060326125e-01
9.975082069999524625e-01
9.992088560289806853e-01
1.001055736850676947e+00
9.992381112392162423e-01
9.999991151701396186e-01
1.002873748244396790e+00
1.002909480236705120e+00
1.002815663033763016e+00
1.002724419520316212e+00
1.001616108234474112e+00
1.000945336978957378e+00
1.001837162740590204e+00
1.002330848760600635e+00
9.992685309899034252e-01
1.001670161350744825e+00
1.000062225918382675e+00
1.001076746073404022e+00
9.993096227183266844e-01
1.000832429873710350e+00
1.002233498964819391e+00
9.997040270818534635e-01
1.000130321389156141e+00
1.000252436105752318e+00
9.981889507685655083e-01
9.984993553789844878e-01
9.979416655903009525e-01
9.976965329339820832e-01
9.979954258290284486e-01
9.997447492203617170e-01
9.996432470400319348e-01
9.999626004770317822e-01
9.997403029244226191e-01
9.996285297418510130e-01
9.993011093620264296e-01
1.000269477132813112e+00
9.996315705550452568e-01
9.994470015822448650e-01
1.000376230269515609e+00
1.000759300226987225e+00
1.001126162811919018e+00
1.000840366472635745e+00
1.001029350704315979e+00
1.001393620079687352e+00
1.001458714687050167e+00
1.001461670514122604e+00
1.000556892705205536e+00
1.001783285862076767e+00
9.990735740259691910e-01
1.000174550453704070e+00
9.995039415512951830e-01
9.996322003497551956e-01
9.984409288721677322e-01
9.992461150615897791e-01
1.001223687009272334e+00
9.998408213710106018e-01
1.000465218987698135e+00
9.994723535543904580e-01
9.999246150402169020e-01
1.000699068521088586e+00
9.986551487397231641e-01
1.000788298914385255e+00
1.000250524995881962e+00
1.000312008453097423e+00
9.991786283513862665e-01
1.000134951987153187e+00
1.000136167651524577e+00
1.000150445835954915e+00
9.996476141528213288e-01
1.000391293561217143e+00
1.000853331723041029e+00
1.000920140275157744e+00
1.000615714327221184e+00
1.000594621330134437e+00
9.997370216787255792e-01
1.001404170617850697e+00
1.000312061714208944e+00
9.997702509678749738e-01
1.000437573194467467e+00
1.000123842846856181e+00
1.000464679672044666e+00
9.998946419337287894e-01
9.997462293671681710e-01
9.995263180534149638e-01
9.997513471663549423e-01
1.000112779172311006e+00
1.000745020682867414e+00
1.001381044400950548e+00
1.000588524410692237e+00
1.000708524778971542e+00
1.000643135362730307e+00
1.000741431344221333e+00
9.996757779586381565e-01
9.996119356684999291e-01
1.000366004434020128e+00
9.999383905555035978e-01
1.000956459798300724e+00
1.001097867532921182e+00
9.998450819965405412e-01
1.000062602266497347e+00
9.997405674551346211e-01
1.001036939094585687e+00
9.999727703003096213e-01
9.991891011059481631e-01
1.000558500393850414e+00
1.000148051333971555e+00
9.998183204628934284e-01
9.988970301741737501e-01
1.000304061782314680e+00
1.001101733697335128e+00
9.999782257593149426e-01
1.000167983245222603e+00
1.000239467378922331e+00
1.000603513253751187e+00
1.000465173429424093e+00
1.001145817528303006e+00
9.997497541055979653e-01
9.988586091150808421e-01
1.000265070596006112e+00
1.000044380989747017e+00
9.998354819232496693e-01
9.998773762678520027e-01
1.000531643624461342e+00
1.000305729958965273e+00
1.000152720059557687e+00
1.000512422086947462e+00
1.000640013274367357e+00
1.000782889191116798e+00
1.000922300186593894e+00
9.994730993757715565e-01
1.000275088134800150e+00
1.000355488437682405e+00
1.000326620126968047e+00
1.000591241593992153e+00
1.000179176434022654e+00
1.000137737688797879e+00
9.999722138686462092e-01
1.001035883094315349e+00
1.000199719275356003e+00
1.000081563739176893e+00
1.000895526436612837e+00
9.999754831015384982e-01
1.000700592324679894e+00
9.997858363859335462e-01
1.000017440309692196e+00
1.000721838132212715e+00
1.000582866678994431e+00
1.000119450101323748e+00
1.000061357097269621e+00
9.999637341151896841e-01
1.000537013383480556e+00
1.000259739921834035e+00
1.000496538667603019e+00
9.998946741104950409e-01
1.000731349852444163e+00
1.000020354148429602e+00
1.000103172406098473e+00
1.000182012245545815e+00
9.999223538990120730e-01
9.997651185571441168e-01
1.000244439630945115e+00
1.000357420363237715e+00
1.000153584697841769e+00
9.997567133340417023e-01
9.997577089758137303e-01
1.000676399874908862e+00
1.000535960760721155e+00
1.000343217415110564e+00
1.000277153146113429e+00
1.000219736277453420e+00
1.000507287524854627e+00
1.000044969440488041e+00
1.000981704535111483e+00
1.000221626961643961e+00
1.000846015371761988e+00
1.000387605507488065e+00
1.000372293038450877e+00
1.000225423776122780e+00
