0.000000000000000000e+00
0.000000000000000000e+00
0.000000000000000000e+00
0.000000000000000000e+00
0.000000000000000000e+00
0.000000000000000000e+00
0.000000000000000000e+00
0.000000000000000000e+00
0.000000000000000000e+00
0.000000000000000000e+00
0.000000000000000000e+00
0.000000000000000000e+00
0.000000000000000000e+00
0.000000000000000000e+00
0.000000000000000000e+00
0.000000000000000000e+00
0.000000000000000000e+00
0.000000000000000000e+00
0.000000000000000000e+00
0.000000000000000000e+00
0.000000000000000000e+00
0.000000000000000000e+00
0.000000000000000000e+00
0.000000000000000000e+00
0.000000000000000000e+00
1.556275626937105884e-04
2.781227780701370569e-02
4.935148234108869825e-01
1.717991567226089256e+00
2.170525576763687070e+00
1.578415836330012478e+00
8.895718532550117574e-01
5.091468910600169817e-01
3.351916798897983663e-01
2.770161028139647708e-01
2.665289328252881673e-01
2.857017960172205107e-01
2.782249734620641513e-01
2.743383917266462579e-01
2.695756636900068504e-01
2.524177550030326511e-01
2.890561050352437600e-01
3.505829485551098523e-01
4.364304559615826973e-01
5.733234012252954592e-01
7.180827381522860708e-01
8.828982421987732199e-01
1.063577501292463090e+00
1.202685548280528982e+00
1.314722214715699833e+00
1.393734628612973481e+00
1.469647070710251135e+00
1.534890736081723883e+00
1.526915953494198064e+00
1.492864302411443411e+00
1.402359630613283281e+00
1.283346921076931269e+00
1.161774943277559702e+00
1.061652958653850121e+00
9.929632525034497448e-01
9.478014488592365616e-01
9.142864615046796262e-01
8.950835405536832212e-01
8.845586862234725567e-01
8.876068720067138429e-01
9.006735708533198936e-01
9.043884830467554536e-01
9.168856320328113707e-01
9.371809572870895000e-01
9.477443849045290580e-01
9.717524662961629645e-01
9.745558606011023306e-01
1.000346053001841318e+00
1.013159535387079924e+00
1.026388001935983230e+00
1.022798302182188257e+00
1.028555964410074797e+00
1.037587123793489274e+00
1.021716870119166343e+00
1.019170484685826494e+00
1.014247992895884076e+00
9.931074302376284857e-01
9.879144313929486554e-01
9.842370382935240469e-01
9.790810623220651543e-01
9.756677443797784344e-01
9.655892957276893673e-01
9.659985281907054189e-01
9.677968262672468347e-01
9.823132360035106148e-01
9.804963727200791679e-01
9.830208026930427057e-01
9.907196196595527971e-01
9.927605055304659087e-01
1.003843524850754232e+00
1.011372901645736011e+00
1.009898884533930952e+00
1.010188632139530140e+00
1.011249488210989256e+00
1.006931960559247274e+00
1.008196624457261770e+00
1.012959150567629862e+00
1.007547826432334315e+00
1.006529913077975014e+00
9.990547323831385773e-01
9.999191570244660987e-01
9.913039097296407753e-01
9.919779851695862405e-01
9.907910439902636313e-01
9.895577686952561347e-01
9.940005631259439811e-01
9.920931278992144442e-01
9.892084936143515916e-01
9.900657278667358563e-01
9.966170458397274334e-01
9.962390768631296245e-01
9.911410736263249754e-01
9.938494135837889765e-01
9.994463917892555394e-01
9.994091881806739242e-01
9.994446591224863674e-01
1.003237745751951016e+00
1.003078309131692381e+00
1.004079787796330114e+00
9.982074429428073881e-01
1.002900336208621290e+00
1.000142144430774538e+00
9.998246541934300291e-01
1.000076226934113466e+00
1.000249102222367403e+00
9.993127289339435171e-01
9.966034162744937808e-01
9.963752231027602768e-01
9.940487387466462321e-01
9.996758412438583319e-01
9.971684565864307181e-01
1.003084510276332830e+00
9.999121993273762943e-01
9.988423475712683297e-01
1.001231658642671718e+00
1.002231751566948992e+00
1.003548488202460787e+00
9.998202956052300028e-01
1.001971530472469230e+00
1.002198450954053355e+00
9.970417822937357455e-01
1.000939012691975050e+00
9.988615131474299913e-01
1.005381907388001039e+00
1.003107662083550400e+00
1.004138281515696507e+00
1.001751608150869943e+00
1.005355335372610792e+00
9.966673853438254849e-01
9.982232805319164459e-01
1.001745471865248760e+00
9.964020442093503016e-01
9.995179220667262943e-01
1.001561580189126444e+00
1.002067244759108799e+00
9.991312341156043386e-01
9.989537200785415516e-01
9.953013756983225546e-01
9.993036111860003068e-01
9.967096791760162722e-01
9.958456713394332471e-01
9.966280918317010906e-01
9.969457271931044806e-01
9.990998777268913500e-01
9.970968708407351722e-01
9.973872107689935040e-01
9.978748416506235674e-01
1.002073193276756369e+00
9.999592861237912578e-01
9.981369896902883010e-01
9.964981947059899925e-01
9.978862882949760538e-01
9.990771364630045559e-01
9.956363822645647454e-01
9.964255335937096669e-01
1.000717885053789225e+00
9.973773483469348111e-01
9.999418825737832472e-01
9.985771607556787055e-01
9.977808152638538708e-01
9.975994572720253695e-01
9.978243548253120654e-01
9.971355757362039274e-01
9.998546046754170913e-01
9.950259095440301405e-01
1.001627488822431911e+00
9.986041357878214786e-01
9.954391643599422856e-01
9.972030193211254279e-01
9.965826068696811424e-01
9.973446829827488092e-01
9.991458027305185619e-01
9.973539572285591293e-01
9.987376447628735221e-01
9.970555884174526762e-01
1.000087954876453189e+00
9.970535878371141747e-01
9.955530822519189638e-01
9.995400714673664533e-01
1.000744375054254842e+00
9.983956771740516434e-01
9.984900895909790686e-01
9.982001691175452773e-01
1.001469168987614955e+00
9.984342751922027359e-01
9.985272415995166684e-01
9.995489788731037883e-01
1.002094157925280671e+00
9.989925332645789302e-01
9.985073205518748551e-01
9.994002900835678993e-01
9.993769658332760653e-01
9.995792491932951052e-01
1.001773212852031580e+00
9.997979375032014504e-01
9.990641049195496670e-01
1.001374369134349518e+00
9.995651809979457791e-01
1.002675748233539110e+00
9.994702038099266828e-01
1.001339428852571656e+00
1.000293932091579352e+00
9.980626016432483372e-01
1.000084838390858710e+00
1.001115496556172380e+00
1.001180102894751345e+00
1.000768100037292108e+00
9.998468186825577586e-01
9.986354117813163178e-01
1.000143245235222356e+00
9.993029048625325927e-01
9.996117339622299092e-01
1.001058794418207665e+00
9.989146122265679661e-01
9.986980480698602891e-01
9.989982295024585346e-01
9.974787303579367714e-01
9.983408331822730686e-01
9.989366659200740184e-01
1.000539048019799759e+00
9.976875932553753712e-01
9.983023097162729842e-01
9.995156040237916928e-01
9.973712868686558375e-01
9.978402831737295253e-01
9.988038856503982377e-01
9.978229282379825760e-01
1.000277257530347796e+00
1.001405073508041088e+00
9.998810283708516877e-01
1.001959417515846384e+00
9.994293218819538804e-01
9.982667235811228945e-01
9.998230096414389978e-01
9.999865676665791181e-01
9.986073206373539124e-01
1.000033473266912054e+00
9.970377948735512641e-01
9.931942979368966196e-01
9.787197725056651088e-01
9.684937259092004647e-01
9.573672868176771322e-01
9.458508555162550291e-01
9.381811730635337687e-01
9.249052609102251798e-01
9.143364620303618961e-01
9.018288235828676447e-01
8.931912105911294919e-01
8.822823668613938297e-01
8.719718892758059337e-01
8.596380579482844064e-01
8.514204162617637905e-01
8.393741730290329439e-01
8.318043686281305638e-01
8.200290152720877135e-01
