0.000000000000000000e+00
0.000000000000000000e+00
0.000000000000000000e+00
0.000000000000000000e+00
0.000000000000000000e+00
0.000000000000000000e+00
0.000000000000000000e+00
0.000000000000000000e+00
0.000000000000000000e+00
0.000000000000000000e+00
0.000000000000000000e+00
0.000000000000000000e+00
0.000000000000000000e+00
0.000000000000000000e+00
0.000000000000000000e+00
0.000000000000000000e+00
0.000000000000000000e+00
0.000000000000000000e+00
0.000000000000000000e+00
0.000000000000000000e+00
5.229215656850365904e-05
3.489564565518098876e-02
1.048534989757638591e+00
3.453743354836096291e+00
3.437816609608690399e+00
1.922800032209853294e+00
8.821524873703779912e-01
4.069691531933595785e-01
2.109443709227566410e-01
1.287870999245447068e-01
1.902490673444247327e-01
7.102991483343387147e-01
1.498058317108138970e+00
1.767499675267227621e+00
1.489508169027280671e+00
1.102914823550015022e+00
8.395276558225930330e-01
7.266612801292673396e-01
7.121549390685373293e-01
7.638543508642832158e-01
8.390350958839026818e-01
9.227031154855745987e-01
1.005207940124366983e+00
1.072954535115512975e+00
1.128098779470960933e+00
1.168640080265546777e+00
1.190040403611657194e+00
1.195534010615350917e+00
1.181697081541918992e+00
1.152643021423984893e+00
1.117823958102848625e+00
1.081907095361760884e+00
1.049699707955423555e+00
1.024593170384789032e+00
9.983708023180604130e-01
9.763868708716538780e-01
9.596921883662440367e-01
9.466410895369173906e-01
9.360108493162041521e-01
9.330574143246438412e-01
9.341968341574549139e-01
9.352168402000846648e-01
9.397464899318787035e-01
9.484623308101028938e-01
9.598210129389266321e-01
9.686928432735762984e-01
9.816706359146186722e-01
9.871692716134217171e-01
9.938735529942922531e-01
9.991785378965086784e-01
1.004009178163418614e+00
1.007297044036797651e+00
1.011852216520841674e+00
1.013197561827323678e+00
1.013898642439405640e+00
1.014888876284948394e+00
1.014709363632787964e+00
1.015051033983214168e+00
1.010211210061120690e+00
1.010718222840250480e+00
1.006159374018641195e+00
1.007000919889923907e+00
1.003775533228823180e+00
1.002525457736189063e+00
1.002337473590011685e+00
1.000508381139033842e+00
1.000028155226547533e+00
9.979239379829945022e-01
9.988258762709044669e-01
9.970053530805639275e-01
9.963674765151402379e-01
9.962831369261060388e-01
9.951943712784274698e-01
9.955060847658790957e-01
9.972265511763956924e-01
9.961843543694084424e-01
9.963706328535172352e-01
9.965391486542383159e-01
9.974883009360433483e-01
9.990063054864969372e-01
9.989120054879778721e-01
9.997982294303737749e-01
1.000212494758796922e+00
1.001459837236248873e+00
1.001145534644330537e+00
1.000600440948310910e+00
1.000392867611897829e+00
1.000364550115803830e+00
1.003269036862417307e+00
1.001027605106827201e+00
1.001702972049578699e+00
1.001314054385270547e+00
1.000713313829743045e+00
1.001157196214815581e+00
1.001878941810154577e+00
1.000136302432481861e+00
1.000863978700920809e+00
9.996151504665743426e-01
1.000557314145191334e+00
1.000171758274258638e+00
9.999411766305923432e-01
9.996477925146461940e-01
9.994071791537690874e-01
9.995216912271888132e-01
1.000548329052948215e+00
9.995115969933131561e-01
1.000601450230379497e+00
9.999932250248624310e-01
1.000595828878834137e+00
9.990386196349023695e-01
1.000475767294199514e+00
9.997305591011352854e-01
1.000077847393579411e+00
9.999473925288326903e-01
1.000665244607978677e+00
1.000458149126499885e+00
9.996993467029086089e-01
1.000366606604835340e+00
1.001194891897555062e+00
9.988081272750276574e-01
1.000187328144549470e+00
1.000298292912009002e+00
1.000490032988597733e+00
1.000897911700719733e+00
1.000161036765694789e+00
1.000138864576434639e+00
1.000025374341070084e+00
1.000014965834877811e+00
1.000478786438286249e+00
9.990735175906091392e-01
1.000470141503014165e+00
9.999435455109789705e-01
1.000382425013772281e+00
1.000792194007399827e+00
9.996190746249541403e-01
1.000340808857680619e+00
9.997025374318200264e-01
1.000092074740846826e+00
9.997008169204829597e-01
1.000310982688100037e+00
1.000230881832858687e+00
9.996747086549051531e-01
1.000245067243767050e+00
1.000120122932147693e+00
1.000118411616616187e+00
1.000467222002745737e+00
9.999848779239011165e-01
9.997670391106864285e-01
1.000335682437723639e+00
1.000191330926923916e+00
1.000226700331424246e+00
1.000474597792725850e+00
1.000767353768666990e+00
1.000888698956270861e+00
1.000184514294535365e+00
1.000452372104125187e+00
1.000194871868137048e+00
1.000398870018620157e+00
9.999729570601243456e-01
1.000797379291949118e+00
1.000280781171002831e+00
1.000018866572191634e+00
1.000715287175609980e+00
9.995546319808622515e-01
9.996386175604986546e-01
1.000091791603472613e+00
1.000195002069234507e+00
1.000214270463791300e+00
1.000300397749978032e+00
1.000454635855985375e+00
1.000696180987742601e+00
9.998416791243346369e-01
1.000458380076241882e+00
1.000730114778206614e+00
1.000307022735345441e+00
1.000998286525646597e+00
1.000130269958908968e+00
1.000589179832508613e+00
1.000186904966409385e+00
1.000303077165051402e+00
1.000743488400542169e+00
9.999124659901791334e-01
1.000038632455516829e+00
1.000012393399938304e+00
1.000148023645283546e+00
9.998984698724534548e-01
1.000232332388936385e+00
9.999411887569484847e-01
1.000511738585564636e+00
1.000283424252013553e+00
9.996230194637055755e-01
9.995386683222501345e-01
1.000102334750721189e+00
9.992347864729059781e-01
1.000058031803052305e+00
9.994640408065668113e-01
9.997783100289032721e-01
1.000620588054029314e+00
9.996879964550341446e-01
1.000005348789147597e+00
1.000139533781946755e+00
1.000687388744323725e+00
1.000131432649550955e+00
9.998093519148139041e-01
1.000028103741114727e+00
1.000031948331782772e+00
9.995008164817708041e-01
9.998241282327737789e-01
9.998137699528758526e-01
1.000172091565884935e+00
9.996675452890320113e-01
9.996518617308987054e-01
1.000055480424880905e+00
9.999454689463815882e-01
1.000600975703303419e+00
9.999099715354067275e-01
1.000264142025010461e+00
9.999727152382209550e-01
1.000392428352144814e+00
9.997061501568265118e-01
1.000424953510557602e+00
1.000111975602941738e+00
9.998638483960703427e-01
1.000267600351966379e+00
1.000239820088380416e+00
1.000290347688043813e+00
9.997460760346409403e-01
1.000347415221780167e+00
9.996980313203149837e-01
9.998255053508539048e-01
1.000195543074795523e+00
1.000016313869812601e+00
9.995360161288275869e-01
9.999206019099077247e-01
1.000458244958031040e+00
1.000062483234493760e+00
1.000275974523885836e+00
1.000000104162913628e+00
9.997939468098268057e-01
9.998028815733728258e-01
1.000203367499520546e+00
1.000106924066871406e+00
9.997955922713865906e-01
9.926746675177519075e-01
9.815063632909759583e-01
9.699092381989995459e-01
9.590793430716222367e-01
9.481261839420964677e-01
9.370838241622205800e-01
9.261474723297390410e-01
9.154873636851591501e-01
9.044381065190360003e-01
8.936145900692558097e-01
8.832966831337526470e-01
8.728480694315039479e-01
8.624493468120720818e-01
8.520985296100263007e-01
8.418357115119583511e-01
8.315982350135349144e-01
8.218874520222081426e-01
