0.000000000000000000e+00
0.000000000000000000e+00
0.000000000000000000e+00
0.000000000000000000e+00
0.000000000000000000e+00
0.000000000000000000e+00
0.000000000000000000e+00
0.000000000000000000e+00
0.000000000000000000e+00
0.000000000000000000e+00
0.000000000000000000e+00
0.000000000000000000e+00
0.000000000000000000e+00
0.000000000000000000e+00
0.000000000000000000e+00
0.000000000000000000e+00
0.000000000000000000e+00
0.000000000000000000e+00
0.000000000000000000e+00
0.000000000000000000e+00
0.000000000000000000e+00
3.474598329461712348e-02
1.044361380688881624e+00
3.452862174352806512e+00
3.436611934200640484e+00
1.927437405413837013e+00
8.880583168751521317e-01
4.054491449685325155e-01
2.069348354955445057e-01
1.290639712533460659e-01
1.924554284427310302e-01
7.126191174608765833e-01
1.504344150852565898e+00
1.764044387099716227e+00
1.489822230371016909e+00
1.102057084248354801e+00
8.365346087885228155e-01
7.240662434735406494e-01
7.146605139839048437e-01
7.631367572451610570e-01
8.422278711957799091e-01
9.224776938076609811e-01
1.004806654736802196e+00
1.074437321089118269e+00
1.131292270072182360e+00
1.168028042674404299e+00
1.189283877580962212e+00
1.193491654546094960e+00
1.181511546554194991e+00
1.152714164457570467e+00
1.118120027820672213e+00
1.082797808319007515e+00
1.050845134233456157e+00
1.022787315555119259e+00
9.993242322715865100e-01
9.771440184093935777e-01
9.610398206008938793e-01
9.479566882862846544e-01
9.374631010510477980e-01
9.284188396116406228e-01
9.315270059444461515e-01
9.330254314242417690e-01
9.400464645494646110e-01
9.495146742823327157e-01
9.617581268845544207e-01
9.702204477285681916e-01
9.776071799849944677e-01
9.875470686489546956e-01
9.940028841219363809e-01
9.992701929294599550e-01
1.003642873487271103e+00
1.008161098946122713e+00
1.009945178537759114e+00
1.011034772020397154e+00
1.015127350112267290e+00
1.014442397334671009e+00
1.015906496705370365e+00
1.012798132785995620e+00
1.011784482338417224e+00
1.011070573505803649e+00
1.007204684300630815e+00
1.005001822004357726e+00
1.003513503990389522e+00
1.002458061687371282e+00
1.001288963507810381e+00
9.991745088887034054e-01
9.999767441610973862e-01
1.000375991540602527e+00
9.994746889086176811e-01
9.984041503745091362e-01
9.976579798179867620e-01
9.946787118783678716e-01
9.952773757808487387e-01
9.954551635718971170e-01
9.956339612030750130e-01
9.965541689237270573e-01
9.965875839093306654e-01
9.970169999133342564e-01
9.973012362519660945e-01
9.970890301247502530e-01
9.991036451929790063e-01
1.000352782926910988e+00
1.000235430378072499e+00
1.001217385904888069e+00
1.002169987017687891e+00
1.001509371033887374e+00
1.002306859602932532e+00
1.001908028222852964e+00
1.001729824050367146e+00
1.000865250071698354e+00
1.001302652542485516e+00
1.002262758176487800e+00
1.000630641892490180e+00
1.000575933736653100e+00
1.002887334355857307e+00
1.000757056950012602e+00
1.000566739247284564e+00
9.991619357658982903e-01
9.998210533655803589e-01
9.990328630731111215e-01
9.991314714466230651e-01
1.000374021081327669e+00
1.000843846472400767e+00
1.000424709652476318e+00
9.994952210771774759e-01
9.984584339753376225e-01
1.001198205396826912e+00
1.000682146014683305e+00
1.000284150410314821e+00
1.000192630663022442e+00
9.995962821931285713e-01
9.997305556964499740e-01
9.992181966358564260e-01
1.000119319562048803e+00
1.000121652452181653e+00
1.000631293987391368e+00
9.998777954700019954e-01
1.000231515717008302e+00
1.000737828315479527e+00
1.000143525035694259e+00
9.995142470048267169e-01
1.000221871941316509e+00
9.999305821290310758e-01
1.000356500442839414e+00
9.991967348544236183e-01
1.000918092262040204e+00
9.999969537055397595e-01
1.000183068457452640e+00
9.998256521449612189e-01
9.992994987441378152e-01
9.995870495862925198e-01
9.995515276611787181e-01
1.000956852395153751e+00
9.996063280801606998e-01
9.998656369764172824e-01
1.000370406950329416e+00
9.999082465121059693e-01
9.998869143840887208e-01
9.993489926390117795e-01
1.000654295575013508e+00
1.000068375534574949e+00
9.996049844618259961e-01
9.998749608578246795e-01
1.000158341608407886e+00
1.000903214860926038e+00
9.997258001306563724e-01
1.000059605800490470e+00
1.000221544833392207e+00
1.000262168656310680e+00
9.998588119598830204e-01
9.998957378040754795e-01
1.000747259752561957e+00
1.000591006248787718e+00
9.999053871827793261e-01
1.000387445912215734e+00
1.000639275973048026e+00
1.000528866539163841e+00
1.000105883325683065e+00
9.999400234057267411e-01
1.000434719814095041e+00
1.000087392874493775e+00
9.998329379574900644e-01
9.998000488119689333e-01
1.000326907003254773e+00
9.996554213180518511e-01
1.000112852811371189e+00
9.998890096394430493e-01
1.000144693953350705e+00
9.995869882448291666e-01
9.994531716602390592e-01
9.998569271966244454e-01
9.996174971257955066e-01
1.000454288227361710e+00
1.000390681365297185e+00
9.999319122706699092e-01
1.000237983927287688e+00
1.000319233564429533e+00
1.000118037774282653e+00
1.000471963673520204e+00
1.000147865439412476e+00
1.000599064034150887e+00
1.000407456619810009e+00
1.000355372497363726e+00
9.997720044065766531e-01
1.000110059172026444e+00
9.999508187182741814e-01
1.000117895643474641e+00
9.998904221209560239e-01
1.000929997080695522e+00
1.000334115925112011e+00
9.997075776091687294e-01
1.000721238729244122e+00
1.000191275245490008e+00
9.997107427698672666e-01
1.000433623324288979e+00
9.997386675162205361e-01
1.000281663106971752e+00
9.996548279566932482e-01
1.000105969122430105e+00
1.000976570236417729e+00
1.000164604715029659e+00
1.000108341434567727e+00
9.999336412326252921e-01
1.000410528980257840e+00
1.000629678587418248e+00
1.000000313228932569e+00
1.000379470448104602e+00
1.000006558804797274e+00
9.998263579510368038e-01
9.997158707902361607e-01
1.000829559112296874e+00
1.000002721076122869e+00
1.000761335050080580e+00
1.000512002183598481e+00
1.000162755389600866e+00
1.000362850986998620e+00
1.000456695915480365e+00
9.999314329582853489e-01
9.997998753627649338e-01
9.998178796538743640e-01
1.000299567024650838e+00
9.997278084986562785e-01
1.000180297432844201e+00
1.000538906006719131e+00
1.000015353792101713e+00
1.000358636829524750e+00
1.000251366226158289e+00
9.998542379936155022e-01
1.000121358036193842e+00
1.000005471700828874e+00
1.001003377129632499e+00
1.000224165221333283e+00
1.000268046670446109e+00
1.000307217935122450e+00
1.000703843244256097e+00
1.000477846801622883e+00
9.998609964264136840e-01
1.000095482416832660e+00
1.000216314463936218e+00
1.000254005859426254e+00
1.000642927468297527e+00
1.000569336108298568e+00
9.997690644548618000e-01
9.926461084751952990e-01
9.817759407992802112e-01
9.701164788226195324e-01
9.588663652810267557e-01
9.476004453131452454e-01
9.373625676641365034e-01
9.266359939661543699e-01
9.156341281441137125e-01
9.047135156233466757e-01
8.941545021820505035e-01
8.837858379373112472e-01
8.729582107077649145e-01
8.626329190439042671e-01
8.521544734822904532e-01
8.416508077628355178e-01
8.319063816583854853e-01
8.216788206148033513e-01
