0.000000000000000000e+00
0.000000000000000000e+00
0.000000000000000000e+00
0.000000000000000000e+00
0.000000000000000000e+00
0.000000000000000000e+00
0.000000000000000000e+00
0.000000000000000000e+00
0.000000000000000000e+00
0.000000000000000000e+00
0.000000000000000000e+00
0.000000000000000000e+00
0.000000000000000000e+00
0.000000000000000000e+00
0.000000000000000000e+00
0.000000000000000000e+00
0.000000000000000000e+00
0.000000000000000000e+00
0.000000000000000000e+00
0.000000000000000000e+00
2.829322989209265526e-05
3.246239132814565664e-02
1.004778814245804064e+00
3.359889264202244874e+00
3.413832982647328151e+00
1.906008134755715844e+00
8.760101497648353774e-01
3.978015528662414146e-01
2.046823155601231736e-01
1.240181447818065746e-01
1.780820189449376367e-01
6.671993335004352543e-01
1.428112510360356024e+00
1.710106064794319369e+00
1.446672839965019941e+00
1.068407929496955955e+00
7.976751571811476760e-01
6.755181454119010276e-01
6.547956591749242161e-01
7.029075683330019420e-01
7.855995435678602146e-01
8.779408783964345320e-01
9.756179399656631501e-01
1.054583640065671402e+00
1.127185501077550001e+00
1.179830474369637283e+00
1.211520469868584415e+00
1.217692747209130566e+00
1.211471629443595432e+00
1.183423289918313914e+00
1.144337081972302883e+00
1.109270387505418398e+00
1.067377358025705991e+00
1.038448508985321928e+00
1.012269940180247296e+00
9.877385375494044384e-01
9.705640481353615678e-01
9.579545879878470505e-01
9.464041775467794126e-01
9.366176971223796333e-01
9.310235853332068379e-01
9.321589826693034153e-01
9.368677918859587006e-01
9.371982340283390167e-01
9.440014187196125173e-01
9.593883772951657951e-01
9.732550574134780641e-01
9.804481022119500011e-01
9.893260915052378701e-01
9.996913594593237473e-01
1.007411678929626353e+00
1.013034916038674238e+00
1.018116063314218334e+00
1.020581702675033897e+00
1.019973481298912077e+00
1.021692961427002722e+00
1.019672373692292133e+00
1.018813080474555877e+00
1.015425761156846463e+00
1.012698274854300085e+00
1.009375499220276140e+00
1.006198137752601252e+00
1.004201735928519357e+00
1.002813441192011990e+00
1.002028650027794399e+00
1.002108987201669299e+00
9.977582741079376039e-01
1.000247960971108352e+00
9.981149118099402751e-01
9.982587876356104895e-01
9.978534918964768741e-01
9.976975240921787114e-01
9.978362397032692899e-01
9.938611042623961556e-01
9.968546200329144735e-01
9.957800409534155461e-01
9.969557445836721987e-01
9.943861274727031629e-01
9.949642715424302786e-01
9.969424756610846261e-01
9.975314584910165427e-01
9.983528529986319677e-01
9.988607707327894492e-01
9.994425252535622528e-01
1.000389834961611824e+00
1.001798159869213389e+00
9.993338555603453743e-01
1.001014973032944289e+00
1.001526133456352774e+00
1.002638271842639650e+00
9.998461487917781332e-01
1.002515770149893681e+00
1.003354274289763426e+00
1.002594342296817986e+00
1.001409337901139951e+00
1.001305004989847092e+00
1.000113841086819111e+00
1.000963718045705386e+00
1.000466228197557594e+00
1.000305668768290523e+00
1.000779226881717499e+00
9.991690946667103335e-01
1.000246953338944200e+00
9.998514299638080471e-01
9.984318482578554699e-01
9.992635321615498389e-01
1.001107310171877041e+00
9.984762380300988838e-01
9.992215171480799407e-01
9.995326210794207578e-01
1.000025536287951988e+00
1.000530960243089629e+00
1.000520468813939523e+00
9.992042381576535792e-01
1.000330290514181097e+00
1.000888820122977751e+00
9.995811709607226314e-01
1.001083342273832777e+00
1.000646336610146792e+00
1.000029097552857182e+00
9.995924637117497014e-01
1.000465840125223993e+00
1.000118224834682934e+00
1.000381901868145684e+00
9.999456118069638411e-01
1.000455344279745251e+00
9.984254631027402738e-01
1.000892740171412054e+00
9.997938450456247406e-01
9.992215944220214086e-01
9.996720039389949131e-01
9.989789154585781983e-01
9.995260608764294785e-01
1.000308330808766577e+00
1.000123756589605950e+00
9.996806764094254838e-01
1.000693828657017503e+00
1.001373009737736908e+00
1.001187131847317779e+00
1.000824801694523147e+00
1.001313836463888718e+00
1.000968096940590302e+00
9.996457082716315723e-01
1.001127004411968890e+00
1.000229890861453752e+00
9.995700293235686429e-01
1.000108606124255006e+00
9.998815023201779173e-01
9.998791798720618740e-01
1.000090855271691170e+00
9.996662804634871557e-01
1.000066653427025054e+00
9.997678999069313788e-01
9.985700418460677907e-01
9.995053939517261066e-01
9.995260358395039457e-01
9.994988396149400156e-01
9.995907442090756767e-01
9.995921023179015208e-01
1.000518361641233867e+00
9.997355148603380703e-01
1.001008055235822258e+00
1.001199388056786876e+00
1.000142520753490638e+00
1.000218663911505823e+00
1.001007134077596561e+00
1.001229210593660435e+00
1.000794248120087326e+00
1.001650256275369744e+00
9.993837121737850770e-01
9.999332816549816316e-01
9.998318735619600162e-01
1.000012368858919531e+00
9.991142570194531114e-01
9.995036104690320222e-01
9.998034872672036943e-01
9.998483842217659179e-01
9.993423127231755299e-01
1.000554997436026383e+00
1.000231151979017241e+00
9.998548018865561771e-01
1.000655994106481650e+00
9.995716085541008766e-01
1.000200726612970215e+00
1.000019020553557070e+00
9.995580459017360253e-01
1.000151215681662542e+00
1.000016186647926020e+00
1.000607545661510889e+00
1.000932618733219925e+00
9.997473808278335428e-01
9.998177479872808471e-01
1.000707140881399448e+00
1.000192388356348161e+00
1.000166611177268239e+00
1.000445229742585873e+00
9.991826229128785153e-01
9.999497578681340038e-01
9.994660940956983097e-01
1.000881445427926009e+00
1.000065835981372775e+00
1.000033486998510357e+00
1.000284417419472272e+00
1.001276011081308814e+00
1.000248726870678118e+00
1.000934889170874698e+00
1.001057426046219279e+00
1.000016427706572619e+00
9.998442670967572221e-01
9.993496935322253583e-01
1.000192353702054060e+00
1.000575545150656831e+00
9.995841309432275112e-01
9.995348840142251889e-01
1.000481497156500588e+00
1.000632363548427106e+00
1.000422357523526040e+00
1.000720778857632887e+00
9.994912636546674500e-01
9.994627234055014631e-01
1.000130219857130909e+00
1.000113147431567207e+00
1.000269832830957606e+00
1.000474055187863920e+00
9.998668134022695719e-01
9.998327464996399350e-01
1.000448219556085983e+00
1.000577306853361881e+00
1.000384388757419529e+00
1.000044535950245006e+00
1.000310650425302317e+00
1.000050380696414942e+00
9.997648985553549972e-01
1.000179531029848023e+00
1.000482058483639136e+00
9.998933479368972144e-01
9.997548075319497851e-01
9.997964901384830405e-01
9.990442789708723348e-01
9.999725258589348131e-01
9.995269479975464888e-01
1.000852144887398598e+00
1.000514453200231912e+00
1.000360129768091966e+00
1.000481946387318688e+00
9.995336055470053216e-01
9.998574706752113572e-01
9.999109005451232157e-01
9.996994052981987844e-01
1.000582681063447499e+00
9.992471656703497684e-01
9.996294885238881101e-01
1.000237787723032845e+00
9.997646639298439775e-01
1.000439345793141310e+00
1.000632131338066388e+00
1.000481116894889722e+00
9.999272998642718679e-01
9.998680516343608771e-01
1.001393013555843536e+00
