0.000000000000000000e+00
0.000000000000000000e+00
0.000000000000000000e+00
0.000000000000000000e+00
0.000000000000000000e+00
0.000000000000000000e+00
0.000000000000000000e+00
0.000000000000000000e+00
0.000000000000000000e+00
0.000000000000000000e+00
0.000000000000000000e+00
0.000000000000000000e+00
0.000000000000000000e+00
0.000000000000000000e+00
0.000000000000000000e+00
0.000000000000000000e+00
0.000000000000000000e+00
0.000000000000000000e+00
0.000000000000000000e+00
0.000000000000000000e+00
0.000000000000000000e+00
3.313475260063984684e-02
1.007094978266446228e+00
3.372955669615874896e+00
3.392723893694729487e+00
1.914626051624574110e+00
8.713118385509582842e-01
4.017285916994774997e-01
2.066955924440329329e-01
1.248241064329594918e-01
1.798270860423678841e-01
6.706151318508921655e-01
1.429313275917909243e+00
1.707555883172499733e+00
1.449116640220265539e+00
1.066956304890407381e+00
7.910834972051370428e-01
6.698905517439188717e-01
6.585971389623404004e-01
7.005286898152085495e-01
7.865324054921351005e-01
8.834769887746944939e-01
9.744389045686548956e-01
1.056840368152189846e+00
1.122586044605554445e+00
1.178136256369213042e+00
1.210512196549891950e+00
1.216463734879245973e+00
1.215156458161209319e+00
1.189093837281220978e+00
1.152635562363536037e+00
1.109125140001610887e+00
1.067660466980995704e+00
1.035119624694064600e+00
1.011121507085993354e+00
9.856361685424865904e-01
9.721401286985038581e-01
9.531185466128814232e-01
9.440280468818019743e-01
9.362581948897497064e-01
9.304803572550123247e-01
9.307687237618550435e-01
9.325780214845558191e-01
9.381927863311617655e-01
9.463986422634722562e-01
9.570298245767488998e-01
9.702372424869790679e-01
9.810234435026189415e-01
9.931104297760358079e-01
1.002076551984179220e+00
1.006897875537323017e+00
1.014360652085516401e+00
1.017723249383885031e+00
1.023273984960617611e+00
1.023914725611215548e+00
1.021834164758320895e+00
1.019251623968032039e+00
1.016754334280639105e+00
1.012927438931165103e+00
1.011040163416531135e+00
1.011091871618053251e+00
1.007880327734082204e+00
1.007572287360698926e+00
1.003615603291875713e+00
9.986434045488332689e-01
1.001543210597694245e+00
9.996157471425958230e-01
9.999190351635715013e-01
9.983285801743230214e-01
9.979014250419108167e-01
9.978432060861935904e-01
9.947633104708436536e-01
9.964409176951474212e-01
9.955380226088045292e-01
9.954502035691717987e-01
9.953420433173179038e-01
9.955724772645500043e-01
9.931981533261972084e-01
9.949695540086007650e-01
9.956176972952172077e-01
9.959901644884635585e-01
1.000742660323759470e+00
9.989478429459247577e-01
9.998509276124004641e-01
1.000686960729537001e+00
1.001592825649333607e+00
1.002399530130198668e+00
1.001505519427429158e+00
1.003291810714609156e+00
1.001398061230801773e+00
1.003559756074278164e+00
1.002747025514993728e+00
1.001855224076303008e+00
1.001533333999820030e+00
1.001211330628678509e+00
1.000453385916136861e+00
1.001508756665601574e+00
1.002958894273306090e+00
9.987256946598931373e-01
9.997219795504563855e-01
9.991306935902449782e-01
9.993684259220856347e-01
9.998568054586601805e-01
1.000348109326066881e+00
9.986090785336140252e-01
1.000530935561304791e+00
1.000161804245168096e+00
9.981549020335944711e-01
1.000493733717700229e+00
9.985330493036651545e-01
9.991770108666466754e-01
1.000135111247662412e+00
1.000816433067642564e+00
1.000301415612931732e+00
9.997633329034558702e-01
1.001377395469852605e+00
9.997831730042709975e-01
1.002016402518313809e+00
1.001223350466055484e+00
1.001742867240616341e+00
9.989522694572633421e-01
1.000672665206246315e+00
1.000044235678076099e+00
1.001548232137295491e+00
9.996965954499715812e-01
1.001095006534773901e+00
1.000277405410867626e+00
9.993576189293845724e-01
1.000044861214376413e+00
1.000778143792848018e+00
1.000359784743681368e+00
9.999424416588434950e-01
9.997246154757806202e-01
9.993553867053172057e-01
1.000065418006274243e+00
9.997813276707847585e-01
1.000723291088130074e+00
1.001016123966545823e+00
1.000721024665728320e+00
1.001188663387038602e+00
1.001615468987567148e+00
1.002555989228684385e+00
9.997924284143291374e-01
1.001404658718147767e+00
1.001274129020827353e+00
1.000609859575587235e+00
1.000017975333708398e+00
9.995151099603205580e-01
1.000086858613754570e+00
9.995774626406518371e-01
1.001179216056739874e+00
9.991810662907356644e-01
9.989361313234274009e-01
1.000110935212119134e+00
9.995461202901964048e-01
9.995972577404943493e-01
1.000051914742985382e+00
9.994815830227211650e-01
9.998418536063394813e-01
1.000714214213675568e+00
1.001235772858265483e+00
1.000714607817350554e+00
1.000086860349463036e+00
1.001411507643203747e+00
1.000188244366474022e+00
1.001557243964853017e+00
1.000875280414460722e+00
1.000159983713732936e+00
1.000170364144181478e+00
9.998055362696121051e-01
1.001101419593128483e+00
9.995158549797027447e-01
1.000229391956463987e+00
1.000602911866376621e+00
9.997582683543178028e-01
1.000205425840381634e+00
1.000264280748773826e+00
1.000427392036579155e+00
9.993266103722586724e-01
1.000099379263498012e+00
9.994883826813020233e-01
9.999522051505759235e-01
1.000239220034793597e+00
1.000038346606196615e+00
9.998060713337174610e-01
1.000375310031001552e+00
1.000715119608702963e+00
9.992403459094982843e-01
1.000231464821655036e+00
1.000318101115307057e+00
1.000605701859075714e+00
1.000525945184431276e+00
1.000482650199355783e+00
1.000488634489109963e+00
1.000186051106440877e+00
1.000025261522889508e+00
1.001044536266190388e+00
9.991255533920860854e-01
1.000451529411944041e+00
1.000089795942418425e+00
9.995349374419701949e-01
1.000280456121985351e+00
1.000682241248926241e+00
1.000182960157489198e+00
9.997231701486556377e-01
9.998987931989867795e-01
1.000301280707944329e+00
1.000191104506730433e+00
9.995240175918190806e-01
9.999241854944623809e-01
1.000389491183421242e+00
1.000142108203260438e+00
9.999831942850795352e-01
1.000413118219425579e+00
1.000319190813786729e+00
1.000032080364284148e+00
9.999166997265108714e-01
9.999875167268288401e-01
9.997769306569116443e-01
1.000613225765204506e+00
1.000837636561178190e+00
9.997178319987238826e-01
9.995627512233600243e-01
1.000592911574940347e+00
1.000019534845555391e+00
9.997447345626969684e-01
9.997303869507295770e-01
1.000212730402912698e+00
1.000068461576200329e+00
1.000359418345539098e+00
1.000356275340579693e+00
1.000265516032628366e+00
1.000282859465263741e+00
9.998003539484012769e-01
1.000119402283554892e+00
1.000479721575888714e+00
9.998299936869357030e-01
9.998846674296747450e-01
1.000212404782669706e+00
1.000370463445124702e+00
9.999948237732869671e-01
1.000832142520986068e+00
1.000261154665190055e+00
1.001026183547506498e+00
1.000050642536324474e+00
9.997830296571519337e-01
1.000620826409752917e+00
1.000044891394029412e+00
1.000151590278175462e+00
1.000146308477566581e+00
1.000517217103624068e+00
1.000305636285069966e+00
1.000503476107272860e+00
1.000052362054200783e+00
1.000360231337731776e+00
1.000034761119074966e+00
1.000005499975693546e+00
1.000408331598180434e+00
1.000334898875660183e+00
1.000949588222074027e+00
