0.000000000000000000e+00
0.000000000000000000e+00
0.000000000000000000e+00
0.000000000000000000e+00
0.000000000000000000e+00
0.000000000000000000e+00
0.000000000000000000e+00
0.000000000000000000e+00
0.000000000000000000e+00
0.000000000000000000e+00
0.000000000000000000e+00
0.000000000000000000e+00
0.000000000000000000e+00
0.000000000000000000e+00
0.000000000000000000e+00
0.000000000000000000e+00
0.000000000000000000e+00
0.000000000000000000e+00
0.000000000000000000e+00
0.000000000000000000e+00
2.829177398041534595e-05
3.248644252883235717e-02
1.005055920772396139e+00
3.379804264892527499e+00
3.394343583189966651e+00
1.904593465657564266e+00
8.676006164840616153e-01
3.944320425093300608e-01
2.029589871890472852e-01
1.232056046198968663e-01
1.778555528947225461e-01
6.750144237576425343e-01
1.428714489834502777e+00
1.701202393159383375e+00
1.444180706207160769e+00
1.064757995532394919e+00
7.966344347383860214e-01
6.723462030923245125e-01
6.554358522658215724e-01
7.031152839987609982e-01
7.875455445590425763e-01
8.770740572086865861e-01
9.733095999309159252e-01
1.054146031524882954e+00
1.127109483307581428e+00
1.177661718077924080e+00
1.215307849857145239e+00
1.225967997781350238e+00
1.211737890310353061e+00
1.182935311135060230e+00
1.145332014465387127e+00
1.102048529629620299e+00
1.068655588304339155e+00
1.036425771352702307e+00
1.008654662084070619e+00
9.872282975706905273e-01
9.688713061286421402e-01
9.536215927246806112e-01
9.416957504298431036e-01
9.347522823052816232e-01
9.310731430994982905e-01
9.288914731335914388e-01
9.302043603547753836e-01
9.392026195460496663e-01
9.509788361332764950e-01
9.594027606930823904e-01
9.666301930456769886e-01
9.813763958880752369e-01
9.925799642832061620e-01
9.965920395604265236e-01
1.006809543617470659e+00
1.012568735370073858e+00
1.016835185077593406e+00
1.019091758572655104e+00
1.020970854673111550e+00
1.021410906351965853e+00
1.019863744143732598e+00
1.015056250233042690e+00
1.013185133745827748e+00
1.011997031318593532e+00
1.007404057788391372e+00
1.008559727122663841e+00
1.005111017728126388e+00
1.004128019921835868e+00
1.001242617595002660e+00
9.982069387961519658e-01
9.973938314247556836e-01
9.989709991017242663e-01
9.968413045639137327e-01
9.957059030335377869e-01
9.968002971146754376e-01
9.961490939230591701e-01
9.960545362778541190e-01
9.963291911211533680e-01
9.949203870997055388e-01
9.943949134766262299e-01
9.940132846503554331e-01
9.960412582133078008e-01
9.947647651920750178e-01
9.955626818858149818e-01
9.957010996223583099e-01
9.986823985582766738e-01
9.998597619686682147e-01
9.989525985809099007e-01
1.002388897852022120e+00
1.002571436904645674e+00
1.002576691227487382e+00
1.002825003476971233e+00
1.001497830721447491e+00
1.001437185500527738e+00
1.002783681310088992e+00
1.001328774388251519e+00
1.001299402237804781e+00
1.000849743623130950e+00
1.001358714495989233e+00
1.000418209811616332e+00
1.000682721513637574e+00
1.000687400223378987e+00
1.000312275459361411e+00
9.994938925415374209e-01
1.000644192077614125e+00
9.993013476208637558e-01
1.000144764996791169e+00
9.998210310809614310e-01
9.987809534381615340e-01
9.995413052274142451e-01
9.995345874459581337e-01
1.000216372465436265e+00
9.999126125423658529e-01
9.992542726529832775e-01
9.982039320856396225e-01
1.000572314765448390e+00
1.000836113746212952e+00
1.001513556367541469e+00
1.000266325605815076e+00
1.000267988719544920e+00
1.000146278301057512e+00
1.000828034425717217e+00
1.001291042698333245e+00
1.000106577665585528e+00
1.000624780679998604e+00
1.001776252429521952e+00
1.000216096168291768e+00
1.001869449231497455e+00
1.000067863294783477e+00
9.989062952094963643e-01
1.001506887688570435e+00
1.000466816418194238e+00
1.001279293145992400e+00
1.000033196518156586e+00
1.000545655701416514e+00
9.996678980948600080e-01
9.995753619880574092e-01
1.000179132758723721e+00
1.000735882146883471e+00
1.001675137981838937e+00
1.001918816241379684e+00
1.000569793344734171e+00
1.001075495743996457e+00
9.996944365114235342e-01
1.001933534074684218e+00
1.000997746468711869e+00
1.001057441359753497e+00
1.000664443707212303e+00
1.001053828459908646e+00
1.001204029338563117e+00
1.000208997022507873e+00
9.984079979870793542e-01
9.999546380523695044e-01
1.001224437242335341e+00
9.994422096118271703e-01
1.000518165323262876e+00
1.000200424230104357e+00
1.000506162195647475e+00
9.991794140820815517e-01
9.995942929438087488e-01
9.993328865689208307e-01
1.000172286183459658e+00
1.000710367879310558e+00
1.000792408176524484e+00
1.001764597459802175e+00
9.995724954643100402e-01
1.000700843690413677e+00
1.000799509584289648e+00
1.000160207715786509e+00
1.000806328057146199e+00
1.001069991831385675e+00
1.000819534280812606e+00
1.000535433761712500e+00
1.001107621210014731e+00
1.000474618162973561e+00
1.000510370647941016e+00
1.000232405329204211e+00
9.998295497810353316e-01
1.000389884928277073e+00
1.000399216131637736e+00
1.001166846303454649e+00
9.992271701687900354e-01
1.001061555617396737e+00
9.996257238850992932e-01
9.994232254848871566e-01
9.997530741569055079e-01
9.997689955541430029e-01
1.000041860401059912e+00
1.000669358896518313e+00
1.000140769294436183e+00
1.000422689776605756e+00
9.984890140465462194e-01
1.000403687572868794e+00
1.000040633675389978e+00
9.999146649935273246e-01
1.000172780127111860e+00
9.994550283099020715e-01
9.997485419202786217e-01
1.000106873830604259e+00
1.000476203416142740e+00
1.000767382256972926e+00
9.998884985907339207e-01
9.993145308023023698e-01
1.000034187359188254e+00
9.998108769875552193e-01
9.995949384128890447e-01
1.000453698922941337e+00
1.000242225212912617e+00
1.000231232967901285e+00
1.001165187176652704e+00
1.000357100308838953e+00
1.000046996267379695e+00
9.998732170777765438e-01
9.996231683156953096e-01
9.998221569393898056e-01
1.000649429362344245e+00
9.997667661695135433e-01
9.996607750591141039e-01
9.998712095746202788e-01
1.000102280734404214e+00
9.996854115382229899e-01
9.989095111978066877e-01
1.000353645055764851e+00
1.000101877841159892e+00
9.992296269803975228e-01
9.994118515209626796e-01
9.996776174864576703e-01
1.000175276012962078e+00
9.995058305041969460e-01
1.000787581216367572e+00
1.000205135558627001e+00
9.991589172576247346e-01
1.001134409527931091e+00
1.000141891761306523e+00
9.998369425267765731e-01
1.000353880180163690e+00
9.999934226196467435e-01
9.998510386107626324e-01
1.000296729722042643e+00
9.999694129428406963e-01
1.000076249804514150e+00
9.997719450107308559e-01
1.000664664848089247e+00
1.000736409086498524e+00
9.999208041270353231e-01
9.999766849379057021e-01
1.000038590249353376e+00
9.993733242237683445e-01
1.000547241055671055e+00
1.000100807834113148e+00
9.991190139583433494e-01
1.000137151336079944e+00
9.998356813641257057e-01
1.000276588456006532e+00
1.000669844146174992e+00
1.000228691608270992e+00
1.000116653316281079e+00
1.000110346811580841e+00
9.994810173247671292e-01
1.000505121659889030e+00
9.995755224070522749e-01
1.000758868047231465e+00
1.000207110410166411e+00
1.000080440577653995e+00
