0.000000000000000000e+00
0.000000000000000000e+00
0.000000000000000000e+00
0.000000000000000000e+00
0.000000000000000000e+00
0.000000000000000000e+00
0.000000000000000000e+00
0.000000000000000000e+00
0.000000000000000000e+00
0.000000000000000000e+00
0.000000000000000000e+00
0.000000000000000000e+00
0.000000000000000000e+00
0.000000000000000000e+00
0.000000000000000000e+00
0.000000000000000000e+00
0.000000000000000000e+00
0.000000000000000000e+00
0.000000000000000000e+00
0.000000000000000000e+00
0.000000000000000000e+00
0.000000000000000000e+00
0.000000000000000000e+00
0.000000000000000000e+00
0.000000000000000000e+00
2.824788921429849733e-02
7.991245245796015917e-01
2.758052365547912554e+00
3.162916231267728140e+00
2.071444475829002929e+00
1.007055974457869985e+00
5.062203799552585926e-01
2.710575249388754715e-01
2.014978295728665492e-01
1.926477730788137832e-01
1.914977039239191825e-01
2.177592452145156732e-01
2.355794677710960627e-01
2.521332691988158459e-01
2.752557027978937976e-01
3.050836959624565470e-01
4.071499934318319469e-01
5.523402343919334712e-01
7.023148678344454110e-01
9.308478701725015902e-01
1.183199331505238261e+00
1.356090131810034238e+00
1.507350199136794799e+00
1.608487425458881681e+00
1.701855588567659838e+00
1.732243793109710328e+00
1.773102646150144013e+00
1.706660848665343622e+00
1.596983152081563606e+00
1.436124003752378808e+00
1.240268263735259557e+00
1.080472379810428984e+00
9.706050978027305209e-01
9.093864417095077757e-01
8.679828386143745300e-01
8.547564908107694315e-01
8.578350600707095319e-01
8.703347295639428660e-01
8.896396975218601177e-01
9.039885683772640457e-01
9.126236648244580030e-01
9.160371617576688053e-01
9.501310342592406144e-01
9.625530889004458857e-01
9.669213511415467588e-01
1.009145992762792821e+00
1.018660587529342632e+00
1.033536674545779688e+00
1.034098678833395901e+00
1.030606084898245234e+00
1.032602012014096404e+00
1.034033815239902898e+00
1.017646384351236666e+00
9.954824600028737702e-01
1.011188580927900871e+00
9.858312370032392691e-01
9.693218630683495540e-01
9.729562213592204412e-01
9.698705228621357088e-01
9.627539667216824526e-01
9.642817666470668847e-01
9.844462054438074539e-01
9.875565985433173433e-01
1.004591311432261547e+00
1.010262745353926350e+00
1.012345853995998413e+00
1.027110917403222468e+00
1.010353881783868202e+00
1.006393062773177860e+00
1.021383129319454408e+00
1.022331192906859476e+00
1.002409370648206899e+00
9.882832039047144690e-01
9.882320756933790085e-01
9.863197513112200721e-01
9.851655211234253695e-01
9.905672403392855596e-01
9.762776289617420833e-01
9.807434489517846687e-01
9.780154000505693057e-01
9.873935688728504578e-01
9.660898169750115061e-01
9.770875877910821794e-01
9.741190102929967454e-01
9.736313097949825801e-01
9.870091152126315714e-01
9.832436924726176697e-01
9.781041973001333156e-01
9.756477396886349407e-01
9.825978678272666578e-01
9.821817626196291950e-01
9.946102956866457179e-01
9.900952535062459425e-01
9.882067667811971212e-01
9.834479203146759829e-01
9.886570486139640845e-01
9.860527207285233464e-01
9.931948076588096308e-01
9.839041463372197871e-01
9.882690558143739645e-01
9.846081414759860762e-01
9.846205037494928369e-01
9.976823253587726592e-01
9.928029559443199981e-01
9.807023060740132081e-01
9.865600269335297323e-01
9.808439079531966476e-01
9.890788682649273023e-01
9.840912191583401913e-01
9.925884825904075504e-01
9.893084929282107698e-01
9.825498997664284806e-01
9.963209341773896499e-01
9.878968297607646498e-01
9.910692150795181732e-01
9.919014868926834261e-01
9.884983755169545194e-01
9.932347966282462082e-01
9.925448215964820520e-01
9.894427200579422044e-01
1.002938766831142470e+00
9.997419666871912858e-01
9.949379634672885775e-01
9.956013977904724088e-01
9.923601983937656579e-01
9.882499627278897858e-01
9.934347639491610815e-01
9.909356872562056218e-01
9.922348287959397162e-01
9.795646667214649161e-01
9.892218949302714615e-01
9.889834533967007957e-01
9.910461875661379372e-01
9.876326539049334885e-01
9.847245482002691119e-01
9.908860168073141406e-01
9.885379057597707408e-01
9.827179212170670253e-01
9.854019387368497807e-01
9.836643322924496502e-01
9.723681564809835143e-01
9.875267146195667589e-01
9.904691203400305399e-01
9.763827426823707967e-01
9.876282489590820779e-01
9.840308310533278924e-01
9.991875082297025923e-01
9.874447406577659958e-01
9.833129450714822584e-01
9.874696384656467263e-01
9.881567426707436042e-01
9.891106095234876161e-01
9.924131425626232517e-01
9.972100630796495446e-01
9.845768884328871540e-01
9.888439761058192001e-01
9.834004085760140734e-01
9.871457662247876685e-01
9.874778865076652146e-01
9.894382742750228443e-01
1.000301212720131616e+00
9.909688306582883355e-01
9.900486281211697825e-01
9.958310699284319556e-01
9.922460702182572811e-01
1.000516116918206633e+00
9.932552566061034760e-01
9.978178459880464590e-01
9.973946242762862235e-01
9.954537761130911599e-01
9.990029409592380283e-01
9.950950786947602156e-01
9.941543992602407398e-01
9.896452022437801643e-01
9.937231898068832336e-01
9.972295712296882497e-01
9.968575516093030053e-01
9.975564826324608836e-01
9.933445506316940232e-01
9.969225360800170188e-01
9.890587873807081820e-01
9.868264289291920344e-01
9.921532912682620164e-01
9.943310286216526794e-01
9.983849563613786948e-01
9.978138663843943990e-01
9.961468175386192225e-01
9.970060048642597206e-01
9.976803503023096154e-01
1.000529216122392873e+00
9.984945615722070622e-01
9.968466474670902855e-01
9.956420414341730085e-01
9.952535904468524652e-01
9.999322320018595445e-01
1.001631934869962492e+00
9.905811836615595611e-01
9.955164380718964923e-01
9.945792145496598069e-01
9.924879646608135708e-01
9.950038776607846858e-01
9.966835548115829946e-01
9.956271229946199730e-01
9.945873634800466156e-01
9.898836942600929278e-01
9.889439749847274141e-01
9.892128073921745424e-01
9.943388293111788956e-01
9.941474771562346380e-01
9.939232179076921136e-01
9.972305678511120819e-01
9.927564777195957424e-01
9.947123343080009894e-01
9.921571095201985324e-01
9.923817429760474207e-01
9.948354042750425785e-01
9.949227055706810763e-01
9.919046902707161495e-01
9.941269653600053324e-01
9.945949175433165257e-01
9.941288854304922706e-01
9.947740234889477229e-01
9.941043244550803459e-01
9.931361943255302416e-01
9.958659000729445099e-01
9.958250759016240572e-01
9.971154401260901023e-01
9.914587539960465490e-01
9.934306893504487590e-01
9.943630576121881282e-01
9.948525662273350889e-01
9.963729678701666037e-01
9.972952320967640727e-01
9.963532963366157347e-01
9.946718972550655513e-01
9.988958711736063423e-01
9.873151890123581520e-01
9.930820498676439234e-01
9.944906596928039244e-01
9.944461454215598462e-01
9.926846070897226149e-01
9.889146202714353961e-01
9.943002938544069913e-01
9.960197604026649332e-01
9.968665248059875861e-01
9.952581432635589920e-01
9.938869924349980067e-01
9.940361414869927081e-01
9.982299103330343204e-01
9.963000994668419485e-01
9.963416179124370275e-01
9.961410432968900164e-01
9.933920441926274991e-01
9.928210786952516020e-01
9.979171499927066424e-01
