0.000000000000000000e+00
0.000000000000000000e+00
0.000000000000000000e+00
0.000000000000000000e+00
0.000000000000000000e+00
0.000000000000000000e+00
0.000000000000000000e+00
0.000000000000000000e+00
0.000000000000000000e+00
0.000000000000000000e+00
0.000000000000000000e+00
0.000000000000000000e+00
0.000000000000000000e+00
0.000000000000000000e+00
0.000000000000000000e+00
0.000000000000000000e+00
0.000000000000000000e+00
0.000000000000000000e+00
0.000000000000000000e+00
0.000000000000000000e+00
0.000000000000000000e+00
0.000000000000000000e+00
0.000000000000000000e+00
0.000000000000000000e+00
0.000000000000000000e+00
0.000000000000000000e+00
2.216931697210846458e-02
4.297430252125841177e-01
1.527395551569471044e+00
1.942852372049502785e+00
1.374670117800913749e+00
8.078669079328916203e-01
4.543574929841179277e-01
3.017400746094617836e-01
2.423177428411669443e-01
2.404411501235862725e-01
2.575401981692206910e-01
2.582432481192041829e-01
2.413266249187864254e-01
2.303854861110054830e-01
2.352860672521877583e-01
2.648780724220669569e-01
3.224886448714612275e-01
4.163403194517821260e-01
5.452601535359568041e-01
7.239564731417068577e-01
8.924331254416629777e-01
1.043125111081391276e+00
1.198878383103247014e+00
1.318207763019348722e+00
1.393431577501281327e+00
1.471488448850453157e+00
1.557331010736530130e+00
1.565615230227165089e+00
1.513538932387650693e+00
1.414186811159134916e+00
1.275437125399479177e+00
1.175009196896249275e+00
1.052834482657401427e+00
9.859130565947314961e-01
9.307800903929168701e-01
8.897971973595903972e-01
8.904498457356363472e-01
8.729064326974707022e-01
8.885278534256066951e-01
8.905019417550731342e-01
8.936727471997063521e-01
9.222801794418779009e-01
9.250815838209155428e-01
9.544178762907412628e-01
9.716265350202559770e-01
9.842317940190298264e-01
9.952212898894450266e-01
1.013754718991856985e+00
1.020561597678973031e+00
1.032561346935230606e+00
1.041826402715801514e+00
1.032126391864231607e+00
1.034075765345155995e+00
1.025100327900873465e+00
1.023036563546183109e+00
1.005733309408478604e+00
1.000658709781926392e+00
9.956209966366684760e-01
9.854156348321307934e-01
9.820950810110439244e-01
9.702620159918560194e-01
9.896216264252102324e-01
9.811504058844823239e-01
9.797089676804418001e-01
9.875965598425300307e-01
9.982779463067699144e-01
9.912773246611041866e-01
1.001599821368181154e+00
1.008388885984141448e+00
1.008870955771163480e+00
1.014404286319325443e+00
1.012988942048542063e+00
1.015794740981743383e+00
1.012956154496147176e+00
1.014614977968827159e+00
1.005886178516631091e+00
1.004212972089199685e+00
1.005250620136369566e+00
1.003640957690651092e+00
1.002243642113553657e+00
1.006298407679003359e+00
9.951246560610907954e-01
9.885711370188587921e-01
9.944100870143837145e-01
1.003144329474313645e+00
9.913056566116696944e-01
9.950900660455824775e-01
9.935869958609998553e-01
1.000876796609823760e+00
1.006555346989465027e+00
9.955015827136687312e-01
9.896952409804318229e-01
1.000879320824522356e+00
9.984680586414431680e-01
1.000395104122220324e+00
9.996846376976136206e-01
9.950378745632534327e-01
1.007241080163033375e+00
9.989481963257542674e-01
1.001714330843230805e+00
1.004146869667874142e+00
9.960958192756883545e-01
9.979794306743028365e-01
9.932452400126617897e-01
9.973610661181411263e-01
1.000607006230213036e+00
1.002621802803895346e+00
1.004158397492871835e+00
1.004398197946125837e+00
9.952249515515648737e-01
9.946518613839250289e-01
9.995181605862687446e-01
9.894794353727386360e-01
1.003367827140248636e+00
1.003126408869471131e+00
1.003831665179171884e+00
9.975270659666013451e-01
1.000099428493742337e+00
9.972668129771770085e-01
1.000089671637335975e+00
9.986710943173308097e-01
9.971810292097471606e-01
1.003115792975858733e+00
9.919616714779899702e-01
9.944276917013480377e-01
1.000236003460145850e+00
9.998399767041428188e-01
9.969325941869073837e-01
1.000751305505299227e+00
9.989646009262835857e-01
1.006566236707394424e+00
1.001851423711340061e+00
9.970046488690369468e-01
9.978692099329752319e-01
9.976300248181434460e-01
1.000185662437887091e+00
9.952841100560396725e-01
9.998265651120289421e-01
9.999634155234793376e-01
9.960660747230923873e-01
1.002025837663636398e+00
9.969786518983966284e-01
9.928029349307068152e-01
1.002719530001674464e+00
9.954107016886720727e-01
9.960583107478266918e-01
9.985012316106735009e-01
9.978993874393933261e-01
9.985815738738247349e-01
9.973319834566898301e-01
9.992578022629728940e-01
9.985813535580931877e-01
9.967638923993171751e-01
9.989840754369980758e-01
9.988000700292479772e-01
9.993038846291671939e-01
9.970603520760806804e-01
9.951183601647624055e-01
9.947549789177732027e-01
9.988947307096908146e-01
9.953234783959621357e-01
9.975621189351774332e-01
9.982786869034997457e-01
9.991251448144466973e-01
9.994376345122509830e-01
1.001716482664686714e+00
9.922657378369524883e-01
9.988988467330061072e-01
9.963915453485429063e-01
9.973764373060606259e-01
9.971203096182941206e-01
1.000605364781309792e+00
9.967086806227963836e-01
9.998080593052883769e-01
1.001130711512681959e+00
9.973686947881951204e-01
1.000191356571692003e+00
9.976890687118863399e-01
9.984315491020286926e-01
9.945128518776495952e-01
9.979440259470808705e-01
9.958431645279105515e-01
9.995209570599058457e-01
9.984005717545473280e-01
1.001380762563555571e+00
9.976727471786960288e-01
9.968605375315562345e-01
9.987310672229168240e-01
9.978669642758184466e-01
1.001384708810465707e+00
9.997956597422331670e-01
9.986953646151304209e-01
9.980461728892924267e-01
9.987003881618479184e-01
1.001435317074531817e+00
1.000145036257514386e+00
1.003602273076196205e+00
1.001709444809086635e+00
1.001764433077213967e+00
9.992376096420682030e-01
1.001063893373234537e+00
1.002180244225765904e+00
9.994067486956721424e-01
9.963071683052500127e-01
1.003916579786461094e+00
1.000342846454491674e+00
9.993388523133358570e-01
1.000546385262917726e+00
9.988478697786495886e-01
9.981667828229121575e-01
1.000962059825385664e+00
9.980541567306473461e-01
1.001917370975963895e+00
1.001110922149857752e+00
1.002345910365069592e+00
1.000345888143692630e+00
1.002372537009424303e+00
1.001020159195853410e+00
9.967229204494194583e-01
9.962631677132802732e-01
1.001690984736013812e+00
9.969299491933218960e-01
1.000022998536737040e+00
9.943490028055008700e-01
9.955416270439413351e-01
9.967638824202234016e-01
1.001717863292610255e+00
1.000475220509987384e+00
9.959007283815143330e-01
9.971301466306355943e-01
1.000854224310779195e+00
1.002714639445634326e+00
9.998707363343269927e-01
9.986968987907224315e-01
9.977381599803201162e-01
9.988937884728340544e-01
9.984493892122663361e-01
1.001542930158350053e+00
9.993811894910165083e-01
1.003071467335655775e+00
9.995094855289912150e-01
9.984015279054248015e-01
9.982245143279225852e-01
9.979100827131394125e-01
1.000879302955691053e+00
9.997221681276091676e-01
9.890433097939016482e-01
9.767191215720553155e-01
9.694685115511268991e-01
9.557968483966278184e-01
9.484121266997760369e-01
9.346739985198080358e-01
9.232864596280507818e-01
9.128498628553527450e-01
