0.000000000000000000e+00
0.000000000000000000e+00
0.000000000000000000e+00
0.000000000000000000e+00
0.000000000000000000e+00
0.000000000000000000e+00
0.000000000000000000e+00
0.000000000000000000e+00
0.000000000000000000e+00
0.000000000000000000e+00
0.000000000000000000e+00
0.000000000000000000e+00
0.000000000000000000e+00
0.000000000000000000e+00
0.000000000000000000e+00
0.000000000000000000e+00
0.000000000000000000e+00
0.000000000000000000e+00
0.000000000000000000e+00
0.000000000000000000e+00
1.667901208284175370e-05
3.639319550649755541e-02
1.081699299048866525e+00
3.509539894514759339e+00
3.442431377857835706e+00
1.881118286806842566e+00
8.521299040483781839e-01
3.899908290130996158e-01
1.972300570397621244e-01
1.190967381026851735e-01
1.870896737329545978e-01
7.194832725586800537e-01
1.508865359647525883e+00
1.764727510061629534e+00
1.465624557921727522e+00
1.067009020568619571e+00
8.052341107674555465e-01
6.816208626181253782e-01
6.699809466388955137e-01
7.227432322880896765e-01
8.045075349047865476e-01
8.985327040951536226e-01
9.901063019790578013e-01
1.069861630063229097e+00
1.132115500164721400e+00
1.178837935055849107e+00
1.205649240507363995e+00
1.216367838339421414e+00
1.202440578230840051e+00
1.174414667293613546e+00
1.135658180199278666e+00
1.096824275178041708e+00
1.056953070136940953e+00
1.028323662082828882e+00
1.005034435375812718e+00
9.803784181176365964e-01
9.620298107331016757e-01
9.484161501919461390e-01
9.398071652021777744e-01
9.310620186324213288e-01
9.277128712541540256e-01
9.294979704172966484e-01
9.318649132289769099e-01
9.435087748866888280e-01
9.539561548776320787e-01
9.645822841796435343e-01
9.752777168944007924e-01
9.853760993294228276e-01
9.940565702974821782e-01
1.001473106364705545e+00
1.008740427041269871e+00
1.013070214580172435e+00
1.015582556935125780e+00
1.018729947703743699e+00
1.019558743473850004e+00
1.020496894330138904e+00
1.017701621572468573e+00
1.015037871567586514e+00
1.012955723567282584e+00
1.011010326360518352e+00
1.006630577360765333e+00
1.005128014929100644e+00
1.001537710394524439e+00
1.002918927239590863e+00
1.001909422981190456e+00
9.990594172771045667e-01
9.993407958277324976e-01
9.982212080299922574e-01
1.000205948866188299e+00
9.972128720342550157e-01
9.978348970453494449e-01
9.947810523829403451e-01
9.959826854093528636e-01
9.962071275717104823e-01
9.959863156431477682e-01
9.949874118867548800e-01
9.938805363143798921e-01
9.959171106962831921e-01
9.994093986277470254e-01
9.974622593604963727e-01
9.980534719657428999e-01
9.988000962542296080e-01
9.990981886242480403e-01
1.002225850426093023e+00
1.000489406506364309e+00
1.000231357502042728e+00
1.001862352873210460e+00
1.000986689042048461e+00
1.001414723862936951e+00
1.003064092667356633e+00
1.002126736258656114e+00
1.000277090291997961e+00
1.000379119121323379e+00
9.994667694515732004e-01
1.001586961668007536e+00
1.000278471574732597e+00
1.001644594540562316e+00
9.998463861867794567e-01
1.000109273497034046e+00
9.997280113770532495e-01
1.000666204885889643e+00
9.999921018225347291e-01
9.996471106128470563e-01
1.000225068763846092e+00
1.001071661376581989e+00
1.000989419485554199e+00
1.000641829028899643e+00
1.000117260496081961e+00
1.000935138474041919e+00
1.001187608518370631e+00
1.000257262139965686e+00
1.000154356275227974e+00
1.000949700144346588e+00
9.996701533799193795e-01
1.000407865413619701e+00
1.000850030169584182e+00
1.000607875924617085e+00
9.996008828903467647e-01
1.000164660117085491e+00
9.993746324299980222e-01
1.000276098406017722e+00
1.000261715194743051e+00
9.998947670327851256e-01
1.000657645795352213e+00
1.000139632183887795e+00
1.000245982733984462e+00
1.001382214276438365e+00
1.001115208643638788e+00
1.001005848830674561e+00
1.001133534100196787e+00
1.001654158549961426e+00
1.000696276106964877e+00
1.001471256089499162e+00
1.001380058471034173e+00
1.000601986921198616e+00
1.000770016305672083e+00
1.000978004046283454e+00
1.000942903446060406e+00
1.000857462121195196e+00
1.000408041607365295e+00
1.000009651331285720e+00
9.996763634715902791e-01
9.990397548136965566e-01
9.997144371576447419e-01
9.989001621590463120e-01
9.995544301092510464e-01
9.992608782346812379e-01
9.994325600651412511e-01
9.996411516459192681e-01
9.996937595936110643e-01
1.000946096315540990e+00
9.999596603896525604e-01
9.998414900722747412e-01
1.000787286466100490e+00
1.000252409923562569e+00
1.000418350954193958e+00
1.000202384276704271e+00
1.000505200605411593e+00
1.001878015062797500e+00
1.000075002704935212e+00
1.000123289243102676e+00
1.001457365887295836e+00
9.996050349645430044e-01
9.999708590416034326e-01
1.000124433342634012e+00
1.000466776749270315e+00
9.995843090437963596e-01
9.993357345794575686e-01
1.000543970458465770e+00
9.996010978080024367e-01
9.991662590759151641e-01
9.997383692086460050e-01
1.000337588406894573e+00
9.993774286990922961e-01
9.999400317206662558e-01
1.000315592792052843e+00
9.999187189447453772e-01
1.000492089972858656e+00
1.000288270487408759e+00
9.998603424250772642e-01
1.000450441480898345e+00
1.000226424051539054e+00
9.997219198690068254e-01
9.994605334307002931e-01
1.000359251113387415e+00
9.997375905648407945e-01
1.000439034944683669e+00
1.000074930376736893e+00
1.000482951444337854e+00
1.000428871868359604e+00
1.000104722499353116e+00
9.998286293349876175e-01
9.997230199632417547e-01
1.000093527293729911e+00
1.000147488963103681e+00
9.997864666616640417e-01
1.000308687470934155e+00
9.998412553088112942e-01
9.998729178129474038e-01
9.999691597173304691e-01
1.000366431797928835e+00
9.999411507839928159e-01
1.000202478890515279e+00
9.995754686416653545e-01
1.001047884375678043e+00
1.000245969346577946e+00
9.999486994209112467e-01
9.999154556294467255e-01
1.000032875394244680e+00
1.000485244254886608e+00
1.000128255377078723e+00
1.000470954603778884e+00
1.000208806324878408e+00
9.994649071425848463e-01
1.000270525066513594e+00
1.000287705555551021e+00
9.999665008095415253e-01
9.998850608689322517e-01
1.000012996959550149e+00
9.997728357378088404e-01
9.996706833112363189e-01
9.997501435843600959e-01
1.000171024472275461e+00
1.000212760916906696e+00
1.000185875533090796e+00
9.998255449550035312e-01
1.000182558761805840e+00
1.000235876835724458e+00
1.000317137736614015e+00
1.000303471045644210e+00
1.000094686870782734e+00
9.998494965766535625e-01
1.000432531107995793e+00
1.000383094792008709e+00
9.996576738174551835e-01
1.000623732058225857e+00
1.000124684771554140e+00
9.999604634135483838e-01
9.998313744855512608e-01
1.000836847353638870e+00
1.000015322102241866e+00
9.998613041859955031e-01
9.996705308153486236e-01
1.000540006303770824e+00
9.998036974025803492e-01
1.000234305172239324e+00
1.000171395977148991e+00
1.000034441078096359e+00
1.000220988778679265e+00
9.997339832274246829e-01
1.000345742674213501e+00
9.986773663671089096e-01
9.899828441611974172e-01
9.795050772762687874e-01
9.684749746282697025e-01
9.581504893192668293e-01
9.469205992512400583e-01
9.364497619228779879e-01
9.260499414026875931e-01
9.151822319849921561e-01
