0.000000000000000000e+00
0.000000000000000000e+00
0.000000000000000000e+00
0.000000000000000000e+00
0.000000000000000000e+00
0.000000000000000000e+00
0.000000000000000000e+00
0.000000000000000000e+00
0.000000000000000000e+00
0.000000000000000000e+00
0.000000000000000000e+00
0.000000000000000000e+00
0.000000000000000000e+00
0.000000000000000000e+00
0.000000000000000000e+00
0.000000000000000000e+00
0.000000000000000000e+00
0.000000000000000000e+00
0.000000000000000000e+00
0.000000000000000000e+00
0.000000000000000000e+00
0.000000000000000000e+00
0.000000000000000000e+00
0.000000000000000000e+00
0.000000000000000000e+00
4.002167822833171268e-02
8.963362043593077200e-01
3.059011916716895652e+00
3.568578651132976010e+00
2.287097004490279417e+00
1.143311291784360195e+00
5.311746368177181488e-01
2.978000783113353700e-01
2.485884332122783313e-01
2.440617352971713727e-01
2.623003134786884294e-01
3.153744233309485612e-01
3.373254810205529863e-01
3.479472531616376041e-01
3.482543357373440451e-01
3.615201124614174089e-01
4.220955445287732921e-01
5.353612038074629931e-01
6.867673333620955001e-01
8.609108135330026945e-01
1.046926023316532062e+00
1.223720202795229417e+00
1.348092211014080055e+00
1.422188397808715310e+00
1.500719948157316130e+00
1.559239148147220089e+00
1.594229385966222434e+00
1.564715125531090045e+00
1.465850593805860580e+00
1.342327147230982121e+00
1.202237272278749325e+00
1.071253580821587059e+00
9.681701355783530749e-01
9.053163143834648263e-01
8.715189902821990353e-01
8.544572806362752404e-01
8.590506352028229875e-01
8.764323984613419105e-01
8.874259708588907447e-01
9.005398040822962802e-01
9.275897353755656605e-01
9.541630585143157095e-01
9.774716659738703628e-01
9.963089134516058820e-01
1.007094437072466153e+00
1.005079793628342433e+00
1.021554245874082056e+00
1.042122731109141665e+00
1.042449941057193685e+00
1.050261609633104776e+00
1.035961275382038416e+00
1.043161812405093647e+00
1.044862786001664379e+00
1.023638359835368883e+00
1.014269116534840087e+00
1.003009525678836278e+00
9.892029452280871604e-01
9.830160783362674737e-01
9.802238921044804654e-01
9.793069987064585424e-01
9.812894965368632594e-01
9.796282557586648565e-01
9.911272514942893741e-01
9.916032013436827386e-01
1.001219283914384972e+00
1.009313232443692865e+00
1.011806338226922231e+00
1.008003819019578362e+00
1.025582262636879349e+00
1.022149809543625887e+00
1.019867317723194944e+00
1.019118288316103849e+00
1.019987554156457810e+00
1.014580608343934820e+00
1.009751280120648520e+00
1.011790187572361610e+00
1.000194291918445222e+00
1.001973362930752121e+00
1.000438336665548489e+00
9.962405678180974444e-01
1.000517143443778290e+00
9.930341314082314907e-01
1.001242427740227647e+00
9.966936178611905950e-01
9.946340470085581753e-01
9.945250182459260957e-01
9.936950750634357954e-01
9.933513346561126944e-01
9.969861208400042640e-01
9.963652828211853052e-01
1.002816958290476457e+00
1.004686482611441667e+00
1.004652059362833194e+00
1.000135314505558926e+00
1.001535501480442347e+00
1.004324903119492296e+00
1.004692804439606402e+00
1.000366689330730585e+00
1.002076220416178165e+00
9.997725355993760665e-01
1.007567508963814307e+00
1.000283520058264930e+00
9.948712727007991141e-01
9.988157206529157950e-01
1.001783239519065560e+00
9.948398047807449629e-01
9.977093668171167495e-01
9.967370161171639209e-01
9.996478764593996758e-01
9.954376733345327022e-01
9.938634177169445305e-01
9.970621374241173118e-01
9.988250108329924659e-01
9.946788140429958514e-01
9.987896853369578887e-01
9.976510832364852144e-01
1.000821495380614934e+00
1.001757871143632572e+00
9.997749118728443962e-01
9.970377728801849138e-01
1.000030302809727045e+00
9.992452837115162190e-01
9.970426206013220938e-01
9.996016675358360137e-01
1.000771711012426346e+00
9.989290868074367502e-01
1.000490470954284783e+00
9.968647792854968825e-01
1.001469414109028122e+00
1.000157075009581398e+00
9.989852749263744558e-01
9.977693033395512723e-01
9.998701515445000965e-01
1.000195233394960637e+00
1.001703229669957285e+00
9.988910835887390149e-01
9.986811647161434324e-01
9.972697248387563107e-01
1.000440989441503614e+00
9.970437045743688609e-01
9.978834631926530863e-01
9.993876700714707795e-01
9.986659366015844252e-01
9.983393476082882412e-01
1.003207223887398358e+00
9.993193170471675879e-01
9.980988060780277005e-01
1.001049164824406867e+00
9.972655716948164439e-01
9.998210980853529106e-01
9.959950404571602522e-01
1.001531903976409454e+00
9.979425820015642712e-01
9.977409307547043804e-01
9.980542461344200644e-01
1.001684526689223365e+00
1.000871559552185541e+00
9.961567194831036920e-01
1.000262771744284906e+00
9.980469141113281761e-01
9.980489119341621196e-01
1.000461774292503714e+00
9.997279565003506230e-01
1.001198284163288932e+00
9.972294867130265805e-01
1.000669597119169918e+00
9.968940186997843345e-01
9.993301483133750773e-01
9.975720119387987417e-01
9.955941708520492650e-01
9.963210792291848916e-01
9.958347698750882326e-01
9.948991620592422258e-01
9.958255643648872280e-01
9.963235364843682218e-01
9.954368931758847960e-01
9.980397990521989726e-01
9.996204711577868496e-01
9.961324254637796694e-01
9.985927534403495898e-01
9.978366227843757930e-01
9.983568219836914670e-01
9.984075216023883259e-01
9.962296806210813038e-01
9.982074329431890325e-01
9.984462032483233385e-01
9.989874587907465742e-01
9.946165226068574006e-01
9.973593126404494136e-01
9.970166191231766284e-01
9.979799774836020099e-01
9.983896730551893306e-01
9.966696274451206650e-01
9.954353129225129715e-01
9.983133035694109481e-01
9.915953661380720874e-01
9.970103675908787988e-01
9.961722043481270328e-01
9.966604339918849753e-01
9.956663834898241694e-01
9.959708422316233545e-01
9.969428483804203545e-01
9.972551306209749278e-01
9.997867087488246929e-01
9.944827433971713537e-01
9.974939658953726473e-01
9.988334092189351532e-01
9.964238598189687490e-01
9.956226919296251587e-01
9.955803918606768166e-01
1.000330936030226825e+00
9.966180779761368846e-01
9.972908155371768002e-01
9.953166966352011702e-01
9.934794441559877676e-01
9.975641848376262111e-01
9.965870162841407032e-01
9.966618772852428032e-01
9.967840041186687428e-01
9.976334988826119909e-01
9.965005689887095341e-01
9.967953568696611422e-01
9.974777484245035408e-01
9.977712192608257924e-01
9.953267819595640331e-01
9.966120525039301459e-01
9.969218278085189011e-01
9.970089474751443470e-01
9.955499484764142037e-01
9.973079028667285462e-01
9.954869727297144255e-01
9.973525366550874960e-01
9.984206797815173839e-01
9.989506944151789192e-01
9.956557010331283930e-01
9.981059529625173621e-01
9.979499524451791448e-01
9.965621771730762690e-01
9.971353739720139053e-01
9.978694892469733846e-01
9.940444771514130862e-01
9.836021465894490001e-01
9.740676900622208256e-01
9.611088573553849823e-01
9.512310063272774174e-01
9.394279890350681894e-01
9.300703910157995802e-01
9.191363600572699522e-01
9.098640543062589403e-01
8.957570152720002454e-01
8.868582385246619459e-01
8.768705411584296616e-01
8.673925718077100111e-01
8.548701576726031037e-01
8.457558414491317400e-01
