0.000000000000000000e+00
0.000000000000000000e+00
0.000000000000000000e+00
0.000000000000000000e+00
0.000000000000000000e+00
0.000000000000000000e+00
0.000000000000000000e+00
0.000000000000000000e+00
0.000000000000000000e+00
0.000000000000000000e+00
0.000000000000000000e+00
0.000000000000000000e+00
0.000000000000000000e+00
0.000000000000000000e+00
0.000000000000000000e+00
0.000000000000000000e+00
0.000000000000000000e+00
0.000000000000000000e+00
0.000000000000000000e+00
0.000000000000000000e+00
2.403418589482024561e-05
3.289643238379657414e-02
1.008564303318997268e+00
3.280602735541805259e+00
3.258603132113077283e+00
1.813960439364449284e+00
8.326471688299222906e-01
3.835605664161662598e-01
2.021012797807344163e-01
2.304663491181256074e-01
8.459006061795694142e-01
1.728833724287529794e+00
1.895734018484475758e+00
1.451127213931378446e+00
9.979152248407878734e-01
7.287773455142143586e-01
6.283853262685196173e-01
6.235405604401956792e-01
6.773914745204701049e-01
7.574478657820412630e-01
8.486667816000273978e-01
9.393150678408435095e-01
1.023646495664734424e+00
1.090447304967019360e+00
1.146415731277461880e+00
1.184661000400762498e+00
1.202391427321639616e+00
1.198245639765623594e+00
1.180929341703213398e+00
1.143119318068850587e+00
1.106439206439392198e+00
1.070644215814871014e+00
1.031081254372108180e+00
9.990192816986067648e-01
9.709192189529171069e-01
9.503480762593604636e-01
9.351833145493509969e-01
9.290874924126257817e-01
9.230591170170869830e-01
9.232624990137227039e-01
9.278112352845245825e-01
9.363379408201857323e-01
9.464111612553564035e-01
9.588941617039380416e-01
9.732355316152685454e-01
9.824191297235079778e-01
9.891363434166710045e-01
9.983242217980397015e-01
1.004113233345339085e+00
1.008867400164100259e+00
1.011201723058022139e+00
1.015582567471070563e+00
1.017405151311172151e+00
1.016070727323307610e+00
1.015259919717607540e+00
1.014567715523055913e+00
1.012546043694129594e+00
1.008795793844861066e+00
1.006759288253928020e+00
1.003260232960084597e+00
1.003593837636488573e+00
9.997938945335781424e-01
9.995007985485135915e-01
9.986407387171225558e-01
9.976366923928523534e-01
9.970183253283445568e-01
9.990422957902852508e-01
9.958106456340717338e-01
9.963676324940548001e-01
9.957665251260787720e-01
9.974851263012829428e-01
9.941593098598507927e-01
9.959820940894019703e-01
9.966054698859978522e-01
9.949365199665767268e-01
9.968043513539392997e-01
9.966685214654419367e-01
9.962955780569010544e-01
9.974612172518495523e-01
9.977279477232062765e-01
9.973180099604754822e-01
9.988264700078181013e-01
9.999451522038829143e-01
9.996309837807162424e-01
9.997821156190667136e-01
1.001720683836007320e+00
1.000235669621193813e+00
1.001038921684924921e+00
9.998316524416741569e-01
1.001092127576143964e+00
1.000994620752064357e+00
1.000497804642268340e+00
1.000936376224235369e+00
1.000298868251360496e+00
1.000966017726021784e+00
1.000910789782890387e+00
1.000754981277530709e+00
9.991621218338786470e-01
9.998802618146239718e-01
9.997886432321969608e-01
9.983722694845155177e-01
9.993989183834840473e-01
9.999874818996152825e-01
9.985263939921429355e-01
9.999498060182769876e-01
9.997561476827586668e-01
9.990389460321880133e-01
9.988556498568059716e-01
9.981605807237835526e-01
1.000010183017965737e+00
1.000320841993812992e+00
9.991574849252754520e-01
1.000640664748354558e+00
9.999472377991831529e-01
9.990366841963906896e-01
9.997197057299010980e-01
1.000013125822898807e+00
9.993293305038765117e-01
1.000163543372862174e+00
9.999487304509397934e-01
1.000684210954282172e+00
9.996209405964444628e-01
9.997880699668619808e-01
9.999044914627026603e-01
9.998150130571382688e-01
9.995664774291295185e-01
9.995363150292302379e-01
9.998492397606908444e-01
9.994668839653126913e-01
9.989433294237708427e-01
9.993627501314875650e-01
9.991715389782879209e-01
1.000069418813277489e+00
9.993671136936105315e-01
9.990386530312913571e-01
9.989877363707747593e-01
1.000054558328548060e+00
9.995723695603542236e-01
9.999437683619907258e-01
1.000088116880883504e+00
1.000057712781106334e+00
9.999291011243197635e-01
1.000081399892510658e+00
9.995866106698257925e-01
9.990190747532844417e-01
9.995195540527928024e-01
9.995832212735158429e-01
1.000033216676681436e+00
9.997156074947806115e-01
9.998814059868367243e-01
9.989045492017458727e-01
9.993341116670403368e-01
9.995355242990601186e-01
9.996162420863822229e-01
9.991543765288740664e-01
9.995379539011096659e-01
9.988408253377832891e-01
9.995880370906741197e-01
9.989563712442134369e-01
1.000078140406750249e+00
9.996311697518407424e-01
9.995342744373800770e-01
1.000202368939408837e+00
9.997379513572377530e-01
1.000162771404422113e+00
1.000111237606482906e+00
9.995258040373583563e-01
9.998110152287577046e-01
9.992995449722140711e-01
9.994949919046598463e-01
9.997114456336565480e-01
9.997947772627990837e-01
9.998093396670995059e-01
9.999156256663110920e-01
1.000085975604593891e+00
9.991152304908912374e-01
9.996152305396169835e-01
1.000046778995180130e+00
1.000118937843059275e+00
9.998007961186903270e-01
9.999841742084456531e-01
9.999947449966654078e-01
9.999032444747060211e-01
9.992424674367448301e-01
9.999422911274697956e-01
9.998304085340302683e-01
9.999553556824364309e-01
9.992848598828526496e-01
1.000273544576700369e+00
1.000116393974534557e+00
1.000010208399688683e+00
9.994793016285474785e-01
9.997025745530290219e-01
1.000258135839422913e+00
9.998226821430450384e-01
1.000036034563556164e+00
9.999360749932088011e-01
9.991041884889050317e-01
1.000146744751654992e+00
9.992731144236556284e-01
9.997155877527512668e-01
1.000221883000761869e+00
1.000102948005869186e+00
1.000280595059570121e+00
1.000004590671470073e+00
1.000064944262785360e+00
9.998375263501888544e-01
9.999212338990134397e-01
9.997412200602435739e-01
1.000119521043737025e+00
1.000051485080252878e+00
9.998469205295330564e-01
9.997550122668108497e-01
1.000038320188134877e+00
1.000515228353273445e+00
1.000133940099142249e+00
9.996853814181695386e-01
1.000333915845890376e+00
1.000303209960712536e+00
1.000266756585180827e+00
1.000185403584662014e+00
1.000296101691964479e+00
9.999065257509275328e-01
1.000052027373139696e+00
1.000333142678601961e+00
9.999787770689236854e-01
1.000094093235227577e+00
1.000344025522397873e+00
9.999363823672993146e-01
1.000192757240567998e+00
1.000096422281028685e+00
9.999229547832635401e-01
1.000079832199084917e+00
1.000047879003333362e+00
9.998355789903756730e-01
1.000130554046416043e+00
1.000014732380007265e+00
9.999619548457451268e-01
1.000082117302963702e+00
1.000171632480877149e+00
1.000252854875462560e+00
9.997173779055327225e-01
9.997217966982587800e-01
1.000537320244659911e+00
1.000369735306950281e+00
9.973423584090859162e-01
9.869420448509501620e-01
9.759989694612765110e-01
9.644763574802479589e-01
9.539849179467342344e-01
9.428417567970719393e-01
9.319120961799947089e-01
9.216384471606260398e-01
9.107163381473952768e-01
9.001926875076858847e-01
8.895077289268190635e-01
8.790841358302600161e-01
8.686490810410838481e-01
8.588886588221088525e-01
8.482584118205521717e-01
