0.000000000000000000e+00
0.000000000000000000e+00
0.000000000000000000e+00
0.000000000000000000e+00
0.000000000000000000e+00
0.000000000000000000e+00
0.000000000000000000e+00
0.000000000000000000e+00
0.000000000000000000e+00
0.000000000000000000e+00
0.000000000000000000e+00
0.000000000000000000e+00
0.000000000000000000e+00
0.000000000000000000e+00
0.000000000000000000e+00
0.000000000000000000e+00
0.000000000000000000e+00
0.000000000000000000e+00
0.000000000000000000e+00
0.000000000000000000e+00
1.201167315817934054e-05
3.520766027710470897e-02
1.018429944313079538e+00
3.324846693890899818e+00
3.271287799874098123e+00
1.825719310151060482e+00
8.315311969883124599e-01
3.864716611452426731e-01
2.003755032103376188e-01
2.292833992526966125e-01
8.477387369092480585e-01
1.745067992998885931e+00
1.910991239499052474e+00
1.470019077240600769e+00
9.974778831768605913e-01
7.236574753527329484e-01
6.222546876792633963e-01
6.184162664579757607e-01
6.716192505932724321e-01
7.532394860363161859e-01
8.450090607552093180e-01
9.412365777256833654e-01
1.021767701728641731e+00
1.089768739978783429e+00
1.145253660644069305e+00
1.186004503688483425e+00
1.205720462089558298e+00
1.200327760375045738e+00
1.183186976396435997e+00
1.151175434761726901e+00
1.110410367937202825e+00
1.071499559008882496e+00
1.035129655608505450e+00
1.001271031849588766e+00
9.715895830129893662e-01
9.510700956858282318e-01
9.367701377022078502e-01
9.285997508985709414e-01
9.239543368461790029e-01
9.234536245387108266e-01
9.275555503495794829e-01
9.333673877394607077e-01
9.465155379227557786e-01
9.607117275555160374e-01
9.727031500543186215e-01
9.814453108784719770e-01
9.909987210926812784e-01
9.974961062836456005e-01
1.002156136690200761e+00
1.008950698048979078e+00
1.012505044564687262e+00
1.014229773332781415e+00
1.018357324750028825e+00
1.017304994980233523e+00
1.018124102710479484e+00
1.016753131044845659e+00
1.015797335711416949e+00
1.012646358747277153e+00
1.009536620715689947e+00
1.004661054242412810e+00
1.003000969916551188e+00
1.000904247557910187e+00
1.001601051318439017e+00
9.986081706355022236e-01
9.984411412424729626e-01
9.983063473705673374e-01
9.986099400178203300e-01
9.987682049748413116e-01
9.974176584397805856e-01
9.977207585826927128e-01
9.970340209489725325e-01
9.959500491563464397e-01
9.968894895177062843e-01
9.964984658432790576e-01
9.950418556029000383e-01
9.963398390551267969e-01
9.970127602897155272e-01
9.978039127466651337e-01
9.976467403618287655e-01
9.984095967179209552e-01
9.981958815282305775e-01
9.981907445891387010e-01
1.000364942057768491e+00
1.001516462731938839e+00
1.000717302442053702e+00
1.001176363277949566e+00
1.001051420160846916e+00
1.001987258677121684e+00
1.000932405927900781e+00
1.001830604436479755e+00
1.001180774126186890e+00
1.001147946324186577e+00
1.001299149742268080e+00
1.000581018179474979e+00
1.001679915025163625e+00
9.999753100928964189e-01
9.996872302616095496e-01
9.997917559729628811e-01
9.999891268950655832e-01
9.995951211035771777e-01
9.994338524298389537e-01
9.994502575487567153e-01
9.993393201560317740e-01
1.000258832051724056e+00
9.993398662669218391e-01
9.996607505938475136e-01
9.992638810959695306e-01
9.987651225449454273e-01
1.000663795379756582e+00
9.998469868160709817e-01
9.997116744869755101e-01
1.000581621376728014e+00
9.995037707591641896e-01
9.996158037138312968e-01
9.999065065067053171e-01
9.997492328538112316e-01
1.000159885264872983e+00
9.999548314666352189e-01
1.000567356253986961e+00
9.991884871989921146e-01
1.000252589671500214e+00
1.000446053436656824e+00
1.000522660273332143e+00
9.991186067784820768e-01
1.001032281887235698e+00
9.999527651431049380e-01
9.999479256432785013e-01
9.997884041230165053e-01
9.996869445295680778e-01
1.000065278715755790e+00
9.999117665227160723e-01
9.990326084800403850e-01
1.000674346155458361e+00
9.995975844960715007e-01
9.995796569517167995e-01
9.997056432950486293e-01
9.998638847998451151e-01
1.000478102964814431e+00
1.000635317621566100e+00
9.997263777760027059e-01
1.000609196496802689e+00
1.000471169892781509e+00
1.000268392879535284e+00
1.000877728370877628e+00
9.998980768216717552e-01
1.000791712423408475e+00
9.998882178163048806e-01
1.000666970016145463e+00
1.000234238644498674e+00
1.000809967482698459e+00
1.000193258147267672e+00
9.998764555476455929e-01
9.999896040086573290e-01
9.995531881245297567e-01
1.000537918505554735e+00
1.000334451535283886e+00
1.000595810957589427e+00
1.000272591211198270e+00
9.998207366573513832e-01
9.995780515723544646e-01
9.990814598781770917e-01
1.000089049444530920e+00
1.000629280187866899e+00
9.995885967959243779e-01
1.000210644175883790e+00
9.999618503693823435e-01
1.000356459108648455e+00
1.000122678826943501e+00
1.000023681630737737e+00
1.000040768759673293e+00
1.000311522253099383e+00
9.999986510294662789e-01
9.998881570006433739e-01
1.000707926749483168e+00
9.999176023635150123e-01
1.000335820138103626e+00
1.000360187621648578e+00
1.001247122802619183e+00
1.000342648274094914e+00
9.999086794633768038e-01
1.000201960852166394e+00
9.999467595498557904e-01
9.999717459918414653e-01
1.000237749244995644e+00
1.000164734111762321e+00
9.999734345322276452e-01
9.998940277288405065e-01
9.997427279814544709e-01
1.000377683143163221e+00
9.996832801934263379e-01
1.000246736569762041e+00
1.000105415661458164e+00
1.000383773100898654e+00
1.000330042938136099e+00
9.999154883383537529e-01
1.000216446580302287e+00
1.000279934505972745e+00
1.000585467924888450e+00
1.000306185362252798e+00
9.998517011936427501e-01
1.000025466978118338e+00
1.000259383432761329e+00
9.998348560989382960e-01
1.000492914778775999e+00
1.000149328923335190e+00
1.000177674343504908e+00
1.000152259745504368e+00
1.000888466072324512e+00
9.998890934033318745e-01
1.000406380280564944e+00
1.000286657434716897e+00
1.000248201971020379e+00
1.000409141342120778e+00
9.998493614138953545e-01
1.000417107631975222e+00
1.000261682155968002e+00
9.998647686490145237e-01
1.000608144116273301e+00
1.000253707970939931e+00
1.000697774782613569e+00
1.000366295877521905e+00
1.000184138843505322e+00
1.000440249552485561e+00
1.000093691171530574e+00
1.000330709253519856e+00
1.000489303595259560e+00
9.999412638324316482e-01
1.000511115647882310e+00
1.000518858113061960e+00
1.000444045906675239e+00
1.000153961261418312e+00
1.000415075830442424e+00
1.000036542259977068e+00
1.000745894893575239e+00
1.000520858969871307e+00
1.000323824056272848e+00
1.000156996340022753e+00
1.000565499695736271e+00
1.000401454522992672e+00
1.000193571766901934e+00
1.000366887502396107e+00
1.000194364209583409e+00
1.000075808687516998e+00
1.000094651825114145e+00
9.999119224025450059e-01
9.972114987703947220e-01
9.867508572990313365e-01
9.758470893813542268e-01
9.647685340879957883e-01
9.534541455040602687e-01
9.430392728111857137e-01
9.317942018443636787e-01
9.211845020348091717e-01
9.105822677446786528e-01
8.997822052033804807e-01
8.892019449870817160e-01
8.790623075236638773e-01
8.682914737730615951e-01
8.579703157986252604e-01
8.475828744285918148e-01
