0.000000000000000000e+00
0.000000000000000000e+00
0.000000000000000000e+00
0.000000000000000000e+00
0.000000000000000000e+00
0.000000000000000000e+00
0.000000000000000000e+00
0.000000000000000000e+00
0.000000000000000000e+00
0.000000000000000000e+00
0.000000000000000000e+00
0.000000000000000000e+00
0.000000000000000000e+00
0.000000000000000000e+00
0.000000000000000000e+00
0.000000000000000000e+00
0.000000000000000000e+00
0.000000000000000000e+00
0.000000000000000000e+00
0.000000000000000000e+00
0.000000000000000000e+00
3.359133201442662808e-02
1.017130750014127338e+00
3.324928629963286308e+00
3.284230106366247792e+00
1.823353990012995585e+00
8.358923931515737094e-01
3.821982491462889153e-01
1.977334313800855892e-01
2.304371651584820602e-01
8.504932226563264308e-01
1.747077828605058780e+00
1.911511554434357940e+00
1.464855031518932371e+00
9.978398166065108876e-01
7.250094404550663230e-01
6.217223829785423206e-01
6.184001438352887403e-01
6.719954076705184631e-01
7.533764781295033686e-01
8.479922811015290218e-01
9.354238098916595190e-01
1.024476042529233411e+00
1.096747993828745438e+00
1.151239211166553700e+00
1.188498338288092704e+00
1.206366136313798298e+00
1.205423952412242761e+00
1.184630233791195142e+00
1.150706483289618554e+00
1.113570762744745535e+00
1.072889916264302856e+00
1.038634492416315780e+00
1.003368992969925877e+00
9.742061645682498217e-01
9.519033130078905502e-01
9.375139684648737814e-01
9.288719714488843371e-01
9.232111146016188652e-01
9.240528100783562682e-01
9.268066772335206149e-01
9.368100063755037121e-01
9.469768443148534054e-01
9.608016455433265879e-01
9.719151928643866567e-01
9.836760930161505545e-01
9.909513716930030691e-01
9.980617213824775069e-01
1.004596848759373939e+00
1.009593785787942677e+00
1.012449337537464800e+00
1.016813383003283056e+00
1.019263089062384386e+00
1.019761900758471507e+00
1.016544768271089527e+00
1.016555375672275385e+00
1.013999132528903724e+00
1.011907112210724380e+00
1.008633316834029126e+00
1.005254919871384045e+00
1.004007059255808798e+00
1.000306990840719834e+00
1.000939484831353532e+00
9.986690487447394959e-01
9.984736509171078245e-01
9.990749603481785535e-01
9.988331441326705473e-01
9.983809054768447711e-01
9.982425105891779005e-01
9.964522784039010483e-01
9.959443868872525085e-01
9.956143304522443449e-01
9.971250398295846695e-01
9.970731485903983060e-01
9.972869089398161968e-01
9.963724295075429005e-01
9.973623315047204230e-01
9.963144974576539914e-01
9.977203933014437975e-01
9.989126439127028467e-01
9.994492200797429060e-01
9.998100408501962022e-01
1.001012285160035820e+00
9.999464837852222177e-01
9.994166662872335793e-01
1.001471989450110067e+00
1.001904120973451162e+00
1.002063481316176841e+00
1.001562148497203930e+00
1.001206656386674387e+00
1.001375984594632396e+00
1.002737043909619485e+00
1.001686442438729507e+00
1.000087870423005620e+00
1.001061273287488618e+00
9.997574907084877394e-01
1.000555230927929307e+00
9.993306925729973367e-01
1.000819709580309524e+00
9.999104728182049984e-01
9.992522806378483224e-01
9.990927433712243344e-01
9.998862330728833792e-01
9.981930386717012826e-01
9.985200928748996230e-01
1.000724077304291360e+00
9.998343149090080928e-01
9.999558355517110808e-01
1.000302281735703236e+00
9.999278326870005840e-01
1.000689827411967325e+00
9.997530709318128705e-01
1.000183355670348329e+00
9.998990783974851526e-01
1.000369743208624262e+00
1.000848265538040849e+00
1.000450500979705781e+00
1.000565657631870664e+00
1.000655047763267413e+00
1.000703395074819202e+00
1.000755643205523127e+00
1.000710999797971068e+00
1.001542947784057835e+00
1.000873232283344461e+00
1.000788837124113595e+00
1.000609099447631989e+00
9.999834211125327998e-01
1.000029223892593633e+00
9.993388385976863519e-01
9.999160472184501769e-01
9.996383095444344447e-01
9.999494685915113479e-01
9.994937406970222371e-01
9.996405916531229119e-01
9.991262853819864453e-01
9.999262123382934853e-01
1.000709515088047175e+00
9.997335800800671857e-01
9.997887847380403370e-01
1.000252425335940165e+00
9.999523104980924115e-01
9.999477954005506763e-01
1.000698801921108050e+00
1.000199105335941141e+00
1.000562061256596413e+00
9.999173428836924948e-01
1.001180267703762894e+00
9.998525191871069362e-01
1.000883476047695231e+00
1.000253378292788708e+00
9.999759151295530835e-01
1.000948191841766421e+00
9.999360218452532090e-01
9.999449951271914827e-01
9.996009082743319007e-01
1.000466346028552334e+00
9.998902195627324963e-01
9.992656139692883688e-01
1.000046069470728938e+00
9.998061775141957597e-01
9.990789229255638837e-01
9.998754609155334760e-01
9.994957224030709408e-01
1.000731154318199811e+00
1.000311915329173740e+00
9.999287754071779499e-01
1.000200758476724294e+00
1.000579820111451301e+00
1.000558369492979383e+00
9.999120846467114410e-01
9.995628227937150001e-01
1.000035452154043991e+00
1.000634814137918216e+00
9.999262134703389426e-01
9.998560300426677649e-01
9.996842283497575643e-01
9.997215890817002792e-01
1.000581030685625983e+00
9.992021985332359968e-01
1.000288933907959033e+00
9.995040774899640601e-01
1.000225438155013746e+00
1.000099654992076870e+00
9.994185388226338729e-01
1.000627774137896830e+00
1.000116682607264273e+00
1.000030299627043595e+00
9.999127240984079235e-01
1.000008525881987742e+00
1.000245709968608399e+00
1.000048244683860554e+00
1.000052677772938381e+00
9.999791921481684387e-01
1.000812672129856251e+00
1.000195313539784747e+00
9.995624853790724407e-01
1.000032892419551400e+00
1.000021869851366541e+00
9.997304712954284689e-01
1.000190053426515124e+00
9.996462895519430125e-01
1.000458129386984973e+00
9.999415387121344256e-01
1.000152880331318217e+00
9.999503348340071929e-01
1.000090031299798454e+00
1.000111421819106283e+00
1.000249482684873792e+00
9.999812995537371574e-01
1.000236065047554357e+00
9.993396046196210136e-01
9.997467023267980757e-01
9.997760236392836397e-01
1.000963944018407492e+00
1.000380469321107801e+00
1.000589201897795544e+00
9.996845431776155699e-01
1.000663294914202472e+00
1.000120823922613367e+00
9.998422675219172939e-01
1.000019434789194417e+00
1.000390352375599479e+00
1.000285433201202778e+00
9.997082510794502719e-01
1.000240698757209445e+00
9.998588420872940308e-01
9.998916334354235325e-01
1.000614095010825988e+00
9.998357610386349181e-01
1.000146373851510173e+00
1.000475445604119162e+00
1.000010723307425575e+00
1.000145430364850707e+00
9.995458408614126267e-01
9.998594805443283828e-01
1.000185702987929970e+00
1.000058375084499795e+00
1.000549094778832027e+00
9.997791879327091458e-01
1.000141162737311795e+00
1.000162558422646564e+00
1.000150610511499449e+00
9.999462719953338130e-01
1.000142122027544156e+00
9.997658198134163898e-01
9.970878253072409381e-01
9.866960085482265885e-01
9.755169182533096617e-01
9.647265661080423049e-01
9.535510435203751189e-01
9.428524885393511079e-01
9.318379174945162768e-01
9.207037521043521799e-01
9.099011311866570528e-01
8.995828459027951363e-01
8.892465739009440817e-01
8.789543371661653337e-01
8.677065233441386694e-01
8.583756889327796014e-01
8.480348705247851004e-01
