0.000000000000000000e+00
0.000000000000000000e+00
0.000000000000000000e+00
0.000000000000000000e+00
0.000000000000000000e+00
0.000000000000000000e+00
0.000000000000000000e+00
0.000000000000000000e+00
0.000000000000000000e+00
0.000000000000000000e+00
0.000000000000000000e+00
0.000000000000000000e+00
0.000000000000000000e+00
0.000000000000000000e+00
0.000000000000000000e+00
0.000000000000000000e+00
0.000000000000000000e+00
0.000000000000000000e+00
0.000000000000000000e+00
0.000000000000000000e+00
2.701888797717102579e-05
3.434102609907651454e-02
1.044060845375158086e+00
3.399412241623902098e+00
3.347131512169134293e+00
1.841553020529564266e+00
8.261081806648744585e-01
3.720761537064551927e-01
1.882213455982852113e-01
2.202793850079076410e-01
8.465578891361201785e-01
1.742761811512952175e+00
1.917749461475009687e+00
1.451414811881856837e+00
9.597933497932125135e-01
6.740272856104494448e-01
5.466929936713529337e-01
5.360238441000164666e-01
5.873787525960132427e-01
6.810160354132483995e-01
7.869521147514980663e-01
9.014358971694508282e-01
1.007707779071371990e+00
1.095511525185904889e+00
1.169694012409569828e+00
1.224229046419786249e+00
1.256119147856566531e+00
1.259583384072206380e+00
1.235345956951008350e+00
1.199009131305651232e+00
1.146727270532263088e+00
1.097541060119164413e+00
1.054011587259672034e+00
1.016990301577267442e+00
9.825708783202236063e-01
9.592404430777935476e-01
9.443703510645221622e-01
9.267750181504964546e-01
9.172108375406284875e-01
9.144779423190425582e-01
9.134801688254723384e-01
9.190773484280705397e-01
9.286165783453054212e-01
9.434183238832200002e-01
9.590603521097753603e-01
9.728090683832333330e-01
9.879021972707633381e-01
1.000912837175961023e+00
1.008607055649164863e+00
1.018851702261743153e+00
1.023785687330060146e+00
1.028375773039524876e+00
1.026229710291953534e+00
1.025404008678699741e+00
1.022009946518252832e+00
1.020237796640497852e+00
1.013549095393921684e+00
1.007396878068450130e+00
1.005139804730895481e+00
1.000640923880923960e+00
1.000875179515100077e+00
9.985261266744629438e-01
9.945661979885660475e-01
9.976493154938149699e-01
9.976112301364736812e-01
9.972367249545347478e-01
9.987483721549217375e-01
1.001230216417111407e+00
9.996131713472762303e-01
1.001144133486980392e+00
9.980568432951950619e-01
1.000522518699572094e+00
1.004035899812434351e+00
9.981799974385431318e-01
9.985861511702478488e-01
9.968587563667113960e-01
9.982711791262514067e-01
9.959731874479038627e-01
9.963551621784771939e-01
9.967122287058960417e-01
9.970816209626256477e-01
9.966036630696849530e-01
9.960420180982236804e-01
9.973980896916478933e-01
9.980656115824090291e-01
1.000886773486193260e+00
9.998288581939782649e-01
1.001163544793997051e+00
1.001885789209789213e+00
1.001736598790128552e+00
1.000363705231262612e+00
1.001785449757852442e+00
1.001441915355516299e+00
1.001765087332812110e+00
1.001806436270520573e+00
1.001720861884407787e+00
1.000533321868028791e+00
1.001493997665656055e+00
9.995195672889884975e-01
1.000858603128351731e+00
9.998640343991010981e-01
9.985056784402573937e-01
1.000233053602344269e+00
9.996687828619721383e-01
9.999958287644110655e-01
9.993137912570281278e-01
9.997517853183963688e-01
9.990492361906841978e-01
9.993313291185120795e-01
9.994144911737281589e-01
1.000175325954763661e+00
9.997302776267337210e-01
1.000151768954213205e+00
9.980040729573332881e-01
9.983877737101687355e-01
9.995947779141943768e-01
9.992196680691003419e-01
1.000972260361798538e+00
1.001281340724016422e+00
9.997174297441325796e-01
1.000867738575669241e+00
9.989583953940411876e-01
9.993517427887405047e-01
1.000553204752999026e+00
1.000476528203921633e+00
1.000228569322015648e+00
1.001839306928529849e+00
1.000271267780810991e+00
1.001687294527104255e+00
1.001440475161677890e+00
1.000110946180258198e+00
1.001065118118270814e+00
1.000789555951858478e+00
1.000454977323016914e+00
1.000695091143683824e+00
1.000001350417511148e+00
1.000010054998232256e+00
1.000359112778909321e+00
9.987409940445830525e-01
9.985734772812631110e-01
9.993734737088076914e-01
9.990743592795250372e-01
9.994806140005643158e-01
9.983365189380787319e-01
9.993165033267896735e-01
9.999184410391018796e-01
9.998021592665723434e-01
9.993878504812875319e-01
1.000506120920589437e+00
1.000626842720067078e+00
1.001066968945119040e+00
1.001288267719927516e+00
1.000689484557724551e+00
1.001118464096560245e+00
1.000913582371260713e+00
1.000599677939474574e+00
1.000659884190135518e+00
9.999526733086228081e-01
1.000056043684158347e+00
1.000508150807543739e+00
1.000819160017091258e+00
1.000453758680579508e+00
1.000373138911990534e+00
9.993447720359439623e-01
9.995376562062527892e-01
9.998422417982198995e-01
9.996080861712524079e-01
9.991068874051979298e-01
9.999791558723553075e-01
9.997739289956223407e-01
9.995801664672820941e-01
1.000451098257290283e+00
1.000541454181172796e+00
1.000835237924056820e+00
1.000016071579621579e+00
1.000295152052416592e+00
9.993814370438471872e-01
1.000695429333189779e+00
9.993422470685339176e-01
1.000570212199435538e+00
9.996108581000779925e-01
1.000346754811050731e+00
1.000303189703462658e+00
9.999510903073399737e-01
9.991050525255041892e-01
9.998174528271337458e-01
9.999200544933894985e-01
1.000170748905970353e+00
1.000296710385029320e+00
1.000799058503512473e+00
9.999846904003548698e-01
9.996121550013593593e-01
1.000203306324217278e+00
9.999445038263459207e-01
1.000025189398251468e+00
9.997468271064531287e-01
1.000281381703782113e+00
1.000564120959228864e+00
1.000766965313442558e+00
9.996469995871487546e-01
9.995570330844144591e-01
1.000393902726042006e+00
1.000176326982444408e+00
1.000520300242910166e+00
9.995771008457779994e-01
9.999238157226318924e-01
1.000396574176298126e+00
9.995420196541372482e-01
9.990997529673588673e-01
9.997670067525320503e-01
1.000138849874700142e+00
1.000289388354755005e+00
1.000149486068584004e+00
9.995174415598766515e-01
1.000355235236670692e+00
9.994754993828155465e-01
1.000038003814209597e+00
1.000398972296407951e+00
9.998356562562777938e-01
9.991450791952499744e-01
1.000045976262739833e+00
9.997135841531199496e-01
1.000081117308510015e+00
1.000033674159343633e+00
1.000766082323007566e+00
9.999734412111682680e-01
1.000201397252288515e+00
9.999762480329243974e-01
1.000274422793381079e+00
9.998588474937775139e-01
9.997655071326484455e-01
9.998596477034461527e-01
1.000541187765147999e+00
9.999501446742444788e-01
9.991968537249150684e-01
1.000073776320221430e+00
9.998186650334416337e-01
1.000691598635660373e+00
9.993424441785185852e-01
9.996610425411699419e-01
1.000615572270209030e+00
1.000500083250787320e+00
9.995462431846015017e-01
9.999487393661153911e-01
9.995954979737614599e-01
1.000127232506944575e+00
9.997844619924094456e-01
1.000337010102987811e+00
9.998238108754853304e-01
1.000142083290296746e+00
1.000028657516183639e+00
9.995407923941780348e-01
1.000180667511263000e+00
9.999051003649594982e-01
9.998139350286465721e-01
1.000346986068871624e+00
9.997746984580747620e-01
9.988612393365894349e-01
9.997037444887260094e-01
1.000061751074866390e+00
