0.000000000000000000e+00
0.000000000000000000e+00
0.000000000000000000e+00
0.000000000000000000e+00
0.000000000000000000e+00
0.000000000000000000e+00
0.000000000000000000e+00
0.000000000000000000e+00
0.000000000000000000e+00
0.000000000000000000e+00
0.000000000000000000e+00
0.000000000000000000e+00
0.000000000000000000e+00
0.000000000000000000e+00
0.000000000000000000e+00
0.000000000000000000e+00
0.000000000000000000e+00
0.000000000000000000e+00
0.000000000000000000e+00
0.000000000000000000e+00
2.702827651985500703e-05
3.548331381584678146e-02
1.043413946100425926e+00
3.394011425890444578e+00
3.344036609291916484e+00
1.830767984939206006e+00
8.186793250191654048e-01
3.700273975052106312e-01
1.916712392111275531e-01
2.230057858744614319e-01
8.445929003069785335e-01
1.747569045355381823e+00
1.909478421263985259e+00
1.454976163413949752e+00
9.645076882161762732e-01
6.720620344602610263e-01
5.478379896075010747e-01
5.384235763192560809e-01
5.886328495345449774e-01
6.764835789811367572e-01
7.840396231359632040e-01
8.980288620003775701e-01
1.003498069837260642e+00
1.098984068232505384e+00
1.165528184941274192e+00
1.221197338287673517e+00
1.250371674539145994e+00
1.256884191751852065e+00
1.240488928896313681e+00
1.197274443947164313e+00
1.148359678891378355e+00
1.096551760839961531e+00
1.054369592489058594e+00
1.015013824743224768e+00
9.812179231242591504e-01
9.605363808527709324e-01
9.392499741046814732e-01
9.250113430777938683e-01
9.206234471894297888e-01
9.164354984084295275e-01
9.113300769613336128e-01
9.191203723410288351e-01
9.316672632349526362e-01
9.429967026536117958e-01
9.556579229044425139e-01
9.747173762378940065e-01
9.865936201458173072e-01
9.984355820485864008e-01
1.009652399818938173e+00
1.014452366035726749e+00
1.019976816360284699e+00
1.025613074022177829e+00
1.026359361394303615e+00
1.025152561649111727e+00
1.024217504813800916e+00
1.021525043559089019e+00
1.012882124014156338e+00
1.009496552095758615e+00
1.006001592588542382e+00
9.997285702284788300e-01
9.993330870792074272e-01
9.967607812564411862e-01
9.992599624026059502e-01
9.974778226433876904e-01
9.959467478966608223e-01
9.969429621224574767e-01
9.988312230889335730e-01
1.002090054457704715e+00
9.992294601150207844e-01
1.002125982374830304e+00
1.000145857785286196e+00
9.998768894027637577e-01
1.001202106235927092e+00
9.975106167612416419e-01
9.976469786148395302e-01
9.975514406053760386e-01
9.958316186287283767e-01
9.959141347867117577e-01
9.935714440243347267e-01
9.959236642101190196e-01
9.966440998897689862e-01
9.966588379502289152e-01
9.982101761170085741e-01
9.987564239146382583e-01
1.000019749117235346e+00
1.000725226125205758e+00
9.996944926931212727e-01
1.001308913822569036e+00
1.000640628318399505e+00
1.003124094538474953e+00
1.003301635180721352e+00
1.002687324381199563e+00
1.003160599971390399e+00
1.002893659851289199e+00
1.002223002904171212e+00
1.002135366878809331e+00
1.001209953305679967e+00
1.001359792813880878e+00
9.998879162503134799e-01
1.000006675227976372e+00
9.979690745856480971e-01
9.991666310155657982e-01
9.999090918044492016e-01
1.000334949485333524e+00
1.000191588504803830e+00
9.988401818417099731e-01
9.994289852783477812e-01
9.989085829275751172e-01
9.980424558509838340e-01
1.000438530462960829e+00
9.993047483383690199e-01
1.000073722686309896e+00
1.000512891730349185e+00
1.000147200427574656e+00
9.995146809400262677e-01
1.000515720754413751e+00
1.000262591386578581e+00
1.001036452380702046e+00
9.993159079182891702e-01
1.000091083145861148e+00
9.981750676811623757e-01
9.996573087930155088e-01
1.000314980213129035e+00
1.001196039677327398e+00
9.998932279155496872e-01
1.000604571481625849e+00
1.001739604580247356e+00
1.000092999938336780e+00
1.000019983692372216e+00
1.000879599130172437e+00
1.000480534839934155e+00
9.997290559385614284e-01
1.000183256527116482e+00
1.000326239086269275e+00
1.000663963851356808e+00
9.989458896458770498e-01
1.001928615308239401e+00
1.000001882038243473e+00
9.993259063452852864e-01
1.000026169235118001e+00
9.992669246135240657e-01
9.994973088970333652e-01
9.996394720327923533e-01
9.999787810292460888e-01
9.999538527998121928e-01
9.998133715031650715e-01
9.995069893803628647e-01
9.995488501267010273e-01
1.000592886750380384e+00
9.999808213065203288e-01
9.998379147548859258e-01
1.001148732635979144e+00
9.998101085728321458e-01
1.001217621062020280e+00
1.000653234707294503e+00
1.000733799454466944e+00
9.999157180073168227e-01
1.000388482265696988e+00
1.000192459393613120e+00
9.999305860247601485e-01
1.000607604508913395e+00
1.000785188094328371e+00
9.996964174026268246e-01
9.993299999672715650e-01
9.991774309856956693e-01
9.995518002710235272e-01
9.993626008070225497e-01
1.000696582272792901e+00
1.000458999116045078e+00
9.998619092822658150e-01
9.996720480813834353e-01
1.000151575107499635e+00
1.000657038823238754e+00
1.000409582254806695e+00
1.001009828314014749e+00
1.000272365371184025e+00
1.000942693533329431e+00
1.000790631485141136e+00
1.000050488736378140e+00
1.000539102895690702e+00
9.996603360873009825e-01
1.000355507703496905e+00
9.998736449925388348e-01
1.000110359675213667e+00
1.000115342801198182e+00
9.995722148162209386e-01
9.993347615639081027e-01
9.997261783492205067e-01
1.000195318965041880e+00
1.000379594073653511e+00
1.000721114882257234e+00
9.997238123364817763e-01
1.000580042139983972e+00
1.000731871726572519e+00
9.996617953128184020e-01
9.994980467415072178e-01
9.999015797783259440e-01
9.997724990641564391e-01
1.000146205117015574e+00
1.000378474595435829e+00
1.000524974963209912e+00
9.999194814775028695e-01
9.995481052249076681e-01
1.000216134389270817e+00
1.000502167894047778e+00
1.000401969568023297e+00
9.994409613024387573e-01
9.999742905057192877e-01
9.999404151619529779e-01
1.000191410699236227e+00
9.994262072412992692e-01
9.994642567647208375e-01
1.000530015034222231e+00
1.000246282320386815e+00
1.000640653437481431e+00
1.000586877339298741e+00
9.996426937844461458e-01
1.000029768038760869e+00
1.000031288049115119e+00
1.000203700501494763e+00
9.996708509489546923e-01
1.000332898850738061e+00
9.994381332375725790e-01
9.996285303472989270e-01
1.000188885754978552e+00
9.995307257304171245e-01
9.993951406380148228e-01
9.990953880004979082e-01
1.000441151445727872e+00
1.000214674314929386e+00
1.000393894431713449e+00
1.000777168517867244e+00
9.999825706695086858e-01
9.995390056771340515e-01
1.000086575643359010e+00
1.000196781029986992e+00
9.998404121215523910e-01
9.997566731296509968e-01
1.000245989730457419e+00
1.000343460530992878e+00
1.000080316461525509e+00
1.001019856428657206e+00
1.000058935187512432e+00
9.999332813857647606e-01
9.998613181644594450e-01
9.999594988294657760e-01
1.000928479355300826e+00
9.999834866120662635e-01
1.000556217822525795e+00
1.000065556940437306e+00
9.996740340710625894e-01
9.998522025126324042e-01
1.000133635591661241e+00
9.996946974283564824e-01
9.995870522017681337e-01
9.996782490976838798e-01
9.999877656775908452e-01
1.000176575785177713e+00
1.000125970615061144e+00
1.000038266369087436e+00
