0.000000000000000000e+00
0.000000000000000000e+00
0.000000000000000000e+00
0.000000000000000000e+00
0.000000000000000000e+00
0.000000000000000000e+00
0.000000000000000000e+00
0.000000000000000000e+00
0.000000000000000000e+00
0.000000000000000000e+00
0.000000000000000000e+00
0.000000000000000000e+00
0.000000000000000000e+00
0.000000000000000000e+00
0.000000000000000000e+00
0.000000000000000000e+00
0.000000000000000000e+00
0.000000000000000000e+00
0.000000000000000000e+00
0.000000000000000000e+00
0.000000000000000000e+00
0.000000000000000000e+00
0.000000000000000000e+00
0.000000000000000000e+00
3.134856911654105606e-04
4.659078651769023999e-02
9.693384492222890669e-01
3.434430207321001571e+00
3.937171183380220540e+00
2.520967463708902567e+00
1.231634680336706422e+00
5.620274562409862673e-01
3.197964578640218325e-01
2.382771499940700144e-01
2.325703025817637548e-01
2.660923920877631965e-01
2.834945143073135942e-01
3.377623678566471499e-01
3.606277145188633848e-01
3.632249408800007906e-01
3.948442739419872893e-01
4.537899829327139978e-01
5.505225252268999281e-01
7.127708753561885491e-01
8.899788065095242118e-01
1.049136899590831451e+00
1.193101725575951733e+00
1.300828812791816391e+00
1.389668253710255375e+00
1.462313709878362733e+00
1.506108425694879793e+00
1.535321012589209833e+00
1.513100578044737077e+00
1.444278137464535705e+00
1.326378838431802931e+00
1.207989242872657965e+00
1.087731878702629995e+00
9.975483676192717919e-01
9.351688840742278241e-01
8.975940223472899104e-01
8.780133559425478129e-01
8.737501391520289262e-01
8.848210807494668595e-01
9.047311847530713491e-01
9.172684633278228583e-01
9.494382035130088937e-01
9.631014703186537851e-01
9.789725713359974657e-01
9.979450090649624183e-01
1.015661806224698038e+00
1.034080423472607979e+00
1.030316468357353354e+00
1.047596846962933315e+00
1.048425514637308487e+00
1.043102193583625992e+00
1.046687742901732054e+00
1.042414754732423621e+00
1.040832315999375091e+00
1.028027920168447906e+00
1.011231680362900232e+00
1.004821534421901585e+00
9.840831845615503060e-01
9.819800641357557813e-01
9.768741608574563751e-01
9.738551901391265808e-01
9.790117539620738496e-01
9.717111444201753656e-01
9.841632556555818256e-01
9.838896908341954184e-01
9.954115612983731598e-01
9.996610426246878012e-01
1.013086223980615319e+00
1.005541986160712220e+00
1.010206683557740126e+00
1.017558166052855650e+00
1.007512901380557935e+00
1.010940841933464451e+00
1.012155996385476042e+00
1.014636326571880742e+00
1.005255476732322073e+00
1.004625554301612489e+00
9.992674892023672983e-01
1.002604918041332116e+00
9.973352561300422581e-01
9.954001702860788559e-01
9.916088766793500486e-01
9.942299161454420942e-01
9.922667213870524083e-01
9.916054590483638354e-01
9.971830069448561762e-01
9.918239388982303950e-01
9.938224503302132140e-01
9.967607598551327941e-01
1.000931782553674321e+00
1.001669153868574469e+00
1.000580485666864528e+00
1.001717876449885081e+00
1.005534304478692631e+00
1.002995255054284662e+00
1.006587399950436890e+00
1.000564912466965994e+00
9.989124608878335865e-01
1.003501107854881225e+00
1.003004779005296943e+00
1.000695053637587151e+00
1.002758279387617968e+00
1.004237476629228354e+00
9.980511199060084770e-01
1.001058482963218532e+00
9.995113916036958424e-01
1.001899830252807488e+00
9.991157864116194665e-01
9.986917947872172574e-01
9.989550267172288001e-01
9.987827525118986305e-01
9.983683516149728376e-01
9.952529107957398535e-01
1.001319765801936601e+00
9.997010426659956872e-01
1.004301972297718670e+00
9.992519260075855003e-01
1.000527245789534225e+00
1.000551700030288371e+00
9.991394184411150903e-01
9.999505657247650392e-01
1.006414453539178799e+00
1.000100780178349025e+00
1.002355365713419211e+00
9.998972694436257802e-01
9.997348117697220093e-01
1.003621969786048451e+00
9.969720487226787498e-01
1.000172961413442252e+00
1.000190961036905080e+00
9.979053236910667701e-01
1.001946504657710291e+00
1.001607846719971606e+00
9.998541512831288225e-01
1.003537141611657635e+00
1.002159679904121914e+00
1.004219667982080511e+00
1.001718049672569055e+00
1.006061424583192920e+00
9.989634235892363989e-01
9.996445783701484178e-01
1.001122721749676314e+00
1.002737732266303139e+00
1.001341807515267135e+00
1.001545503872795173e+00
9.975872356348941539e-01
9.974527808100540627e-01
9.988308576134401484e-01
1.003617002491542287e+00
9.990927761344682301e-01
9.999335650010557908e-01
9.994530561700216698e-01
9.970102064832581101e-01
1.001923851948043120e+00
9.993144342591064877e-01
1.001318046504500181e+00
9.984678634854496915e-01
1.001832296364724817e+00
9.981046995216827922e-01
9.976235060461666748e-01
9.973594477145076853e-01
1.002769303435313120e+00
9.981451371698968345e-01
9.972934316364840956e-01
9.997191588235571080e-01
1.001802442724214925e+00
9.997705683277329225e-01
9.992736334587202229e-01
9.990047455998153358e-01
9.985950387880504486e-01
9.978076138408319418e-01
9.965285364497787901e-01
9.964178727619382725e-01
9.973656296872041027e-01
9.995046932438459431e-01
9.992504417688338192e-01
9.996654451438705680e-01
9.993346968900307381e-01
1.000428033702368102e+00
9.990362996016185493e-01
1.000614197046263643e+00
1.000692545735890171e+00
9.985400440537264277e-01
9.972544524737326777e-01
9.962808666255296153e-01
1.000247875984647372e+00
9.995608020199013843e-01
9.958590964582701988e-01
9.981277912885260228e-01
9.980045054123812820e-01
9.984700317724441998e-01
9.985739468436259925e-01
9.985691014397444221e-01
9.967259525933322983e-01
9.975630183328653144e-01
9.983649733980797247e-01
9.961734989216167735e-01
9.974676029733938742e-01
9.979170520473612527e-01
9.984146100235619103e-01
9.968492185591923960e-01
9.961790035478039762e-01
9.976460746143069880e-01
9.986307508399507871e-01
9.972027127907334698e-01
9.975266970852560977e-01
9.989215412658595250e-01
9.962009447907920201e-01
9.991805700330024242e-01
9.964274284585532548e-01
9.968248101893448787e-01
9.979362390932088323e-01
9.974841947982749923e-01
9.963320729056781566e-01
9.983816898198752954e-01
1.000593713630907988e+00
9.995426080129325985e-01
9.962545084308713772e-01
9.988142236616736058e-01
1.001574512748790058e+00
9.978734983194250674e-01
1.000717707473232965e+00
9.977531060890431069e-01
9.961861683514954269e-01
1.000503082612714811e+00
9.986090108084924033e-01
9.997978319343803211e-01
9.979296470777184735e-01
9.981937865006785815e-01
9.985252077703404838e-01
9.980070430716526664e-01
9.980516090671838203e-01
9.973400183752728632e-01
9.959224921287402887e-01
9.996875635525260817e-01
9.964580356468956124e-01
9.979256808958564262e-01
9.981005727568481589e-01
9.986958510128924882e-01
9.959289389723144925e-01
9.981692954439423948e-01
9.964350964198305238e-01
9.888811044985682530e-01
9.783190825836195481e-01
9.675186039949122963e-01
9.560323894545404988e-01
9.431614839966754316e-01
9.344469847466793100e-01
9.228809134987386864e-01
9.150941942185585321e-01
9.037297454003644370e-01
8.913058003774779747e-01
8.805293563757873310e-01
8.707059705305438824e-01
8.595934140646227517e-01
8.501783817265189391e-01
