0.000000000000000000e+00
0.000000000000000000e+00
0.000000000000000000e+00
0.000000000000000000e+00
0.000000000000000000e+00
0.000000000000000000e+00
0.000000000000000000e+00
0.000000000000000000e+00
0.000000000000000000e+00
0.000000000000000000e+00
0.000000000000000000e+00
0.000000000000000000e+00
0.000000000000000000e+00
0.000000000000000000e+00
0.000000000000000000e+00
0.000000000000000000e+00
0.000000000000000000e+00
0.000000000000000000e+00
0.000000000000000000e+00
0.000000000000000000e+00
0.000000000000000000e+00
0.000000000000000000e+00
0.000000000000000000e+00
0.000000000000000000e+00
0.000000000000000000e+00
4.355808697241297933e-02
9.899697463498781103e-01
3.430161608714537014e+00
3.972222158900139188e+00
2.540336091187035183e+00
1.270340703620614908e+00
5.816392443740080465e-01
3.249174944992966330e-01
2.411600342357661242e-01
2.367126772267871826e-01
2.614983999789907143e-01
2.954699290237883247e-01
3.329894068452333711e-01
3.608664533641198768e-01
3.709334904101206365e-01
3.944955190005617340e-01
4.469659231812912470e-01
5.497105140000255741e-01
6.959572235571930277e-01
8.688078249541599796e-01
1.033503859674926639e+00
1.183120651596831774e+00
1.306049795232888444e+00
1.356848239501586617e+00
1.445955936393164887e+00
1.505313702584146540e+00
1.532120245722594865e+00
1.504596562076344179e+00
1.438849169385392202e+00
1.321613764967925153e+00
1.199718576667762715e+00
1.070041978139175454e+00
9.812298708315485563e-01
9.199496575367982487e-01
8.862837451362837182e-01
8.776166704548223896e-01
8.706822550949966377e-01
8.765073995375556315e-01
8.979206168891417095e-01
9.092703422299635019e-01
9.312711014277136323e-01
9.593360169395015458e-01
9.824703655841366956e-01
9.996830953817352761e-01
1.013245460520999508e+00
1.024959899645054406e+00
1.027306530054976630e+00
1.044979830844503299e+00
1.046841244506587110e+00
1.044428734399177827e+00
1.048363253199387168e+00
1.047491118809512400e+00
1.030129005767172146e+00
1.017857000574545312e+00
1.011590398145805869e+00
1.004113738060228744e+00
9.880120198956608979e-01
9.831623594356592166e-01
9.785031736833568194e-01
9.686080580156506414e-01
9.693588454771407958e-01
9.831234177795123985e-01
9.827093486272907574e-01
9.881667948371031240e-01
9.885073719987659269e-01
9.933717025169968018e-01
1.005353376253056652e+00
1.008118353929164934e+00
1.009523778062490829e+00
1.006544855148996387e+00
1.013911258163914031e+00
1.015856312525798222e+00
1.014063545567856828e+00
1.013229882361760925e+00
1.013840695493136268e+00
1.008757272935359994e+00
1.005640374771906709e+00
9.993800641457214473e-01
1.000385465600720281e+00
1.000876526906848474e+00
9.964258641671288608e-01
9.942219523480589904e-01
9.971961491378775744e-01
9.960230964157057443e-01
9.925993222230548030e-01
9.983153542763261168e-01
9.974300341281532312e-01
9.970205980454492911e-01
9.972669635863583570e-01
9.989677917743826630e-01
1.004672049472392859e+00
1.000139270971366567e+00
9.992341536087597786e-01
1.003591950686120837e+00
1.003598379464050838e+00
1.002986747327430761e+00
1.007537738728827792e+00
1.008182195831822670e+00
1.002225848184648216e+00
1.004757281167747207e+00
1.001446525546360711e+00
1.004019043173850045e+00
9.973105579388725772e-01
1.002292473120764749e+00
1.000341042897606059e+00
1.002188676509660592e+00
1.001867290265030741e+00
1.005376000991521135e+00
9.987719201906575250e-01
9.999673077607804661e-01
9.981534443432044101e-01
9.993157587761392069e-01
9.982133051135686497e-01
1.000605123624317416e+00
1.002177989484948961e+00
1.001593005881106224e+00
1.001934954366555441e+00
1.006404660907501913e+00
1.002188936813957820e+00
1.003225896951242424e+00
1.002655006220084299e+00
1.001655369203237278e+00
1.002100233813651986e+00
9.999628364954962212e-01
1.001152902219519802e+00
1.002368570400437253e+00
1.002804868228876378e+00
1.001468239353742407e+00
1.002657409251635379e+00
9.997894084796541403e-01
9.995975133286290060e-01
1.001734239464805665e+00
9.984021809915873957e-01
9.973518217065473479e-01
1.003843823723472806e+00
9.999372402795621007e-01
1.001696989013167061e+00
1.001684152102239711e+00
1.005180530626539559e+00
1.000366142179564877e+00
1.002689506349464299e+00
1.000702712219708967e+00
9.998590564637973577e-01
1.002624247451981754e+00
1.001943089479355509e+00
1.003691925371728244e+00
1.000148451367474989e+00
1.002476778335008589e+00
1.001205499205960470e+00
1.002651180738096670e+00
9.977290987497597907e-01
1.002315585072236725e+00
1.000337439170589704e+00
1.004088407308657782e+00
1.001954470436531741e+00
1.000265336728848098e+00
1.003609079645629398e+00
1.001747709976597456e+00
1.002033235827384461e+00
9.984827112808862815e-01
1.001990063157307986e+00
1.000278263413560520e+00
9.997665563246507237e-01
9.983273963150817165e-01
1.001656130502109443e+00
1.000181879678285091e+00
1.001031837922129908e+00
9.992019663289489761e-01
1.000113640538650595e+00
1.000943837662319646e+00
9.986761089277159664e-01
1.000882370489535322e+00
1.000913108894898595e+00
9.984538175488356648e-01
9.995379006935682931e-01
1.000227672923557742e+00
9.972919990844185678e-01
1.001470783226303229e+00
9.967588842855590325e-01
1.000298070893084423e+00
1.000523424039324150e+00
1.000807855576210992e+00
9.978513272012801139e-01
9.998801365299314625e-01
9.975578332210250920e-01
1.000234075290616920e+00
1.000677700000531356e+00
9.986031963436875492e-01
1.002690604933134777e+00
1.000507977325633790e+00
1.000950935165349609e+00
1.001668301741430289e+00
9.973427975014691471e-01
1.000162548357058645e+00
1.000502700742044615e+00
9.996438601723308670e-01
1.000748865279087241e+00
9.999535166447180989e-01
1.000907037114090237e+00
9.990814599927302364e-01
9.997732311108026293e-01
9.986894993196918646e-01
9.989789939454991607e-01
1.001222300746734684e+00
9.981587413762256222e-01
9.992571892128796485e-01
9.990948014566902735e-01
9.985831146057108088e-01
9.943790326347167197e-01
9.974374400462141521e-01
1.001998145052879652e+00
9.974494625726758601e-01
9.999941937350056431e-01
1.000762116297925663e+00
9.988884415250678384e-01
9.997740336891399737e-01
9.983694046698454727e-01
9.989303235249050728e-01
9.981833488154034928e-01
9.995923687568302185e-01
9.979691851810699177e-01
9.990250580971958838e-01
9.983367345702132134e-01
9.975082405313644429e-01
9.969285174359474588e-01
9.980854605431046522e-01
9.977120976331358415e-01
9.962874406688648765e-01
9.956625578525418740e-01
9.964333771852001975e-01
9.986004021521668328e-01
9.981787208906008901e-01
9.983082850214691772e-01
9.995242181306561724e-01
9.963650230657562501e-01
9.983685280852763189e-01
9.971386933012016396e-01
9.982668395273857076e-01
9.976941921247246547e-01
9.991248292152555832e-01
1.000715254070860150e+00
9.886888329518159768e-01
9.778831935756475691e-01
9.689248161099511814e-01
9.587363116935740948e-01
9.466768341184784719e-01
9.359241263265847266e-01
9.225456631529712626e-01
9.142152248669107584e-01
9.036346484718674743e-01
8.941616222645309975e-01
8.827361827472506306e-01
8.724528259822929011e-01
8.629626961794568674e-01
8.524076190541505227e-01
