0.000000000000000000e+00
0.000000000000000000e+00
0.000000000000000000e+00
0.000000000000000000e+00
0.000000000000000000e+00
0.000000000000000000e+00
0.000000000000000000e+00
0.000000000000000000e+00
0.000000000000000000e+00
0.000000000000000000e+00
0.000000000000000000e+00
0.000000000000000000e+00
0.000000000000000000e+00
0.000000000000000000e+00
0.000000000000000000e+00
0.000000000000000000e+00
0.000000000000000000e+00
0.000000000000000000e+00
0.000000000000000000e+00
0.000000000000000000e+00
0.000000000000000000e+00
0.000000000000000000e+00
0.000000000000000000e+00
0.000000000000000000e+00
0.000000000000000000e+00
4.064919140067431436e-02
9.787627493050329308e-01
3.421834139781119610e+00
3.834943551455130883e+00
2.489588908736763972e+00
1.218411609152066255e+00
5.718542573177511912e-01
3.051181060296353498e-01
2.247276746835261407e-01
2.231915265635777690e-01
2.285606010558093037e-01
2.688138178485095509e-01
3.039706539294104171e-01
3.180876395399920842e-01
3.209979553738761537e-01
3.660212461531136552e-01
4.158888445676398038e-01
5.258150971241533078e-01
6.717437011401651281e-01
8.450742004729093759e-01
1.022543403494529990e+00
1.175776200484126344e+00
1.264467867625388875e+00
1.350119831760622668e+00
1.427696525715919318e+00
1.488060375673610380e+00
1.516741296720839793e+00
1.500674764892570234e+00
1.425380430166235612e+00
1.302070374402404918e+00
1.189268284941103593e+00
1.060255149635437766e+00
9.825830743160767211e-01
9.099141372903283287e-01
8.870800536463276931e-01
8.713115639412362112e-01
8.645976828609813758e-01
8.885217220214101097e-01
8.960335215803956199e-01
9.092362656134072019e-01
9.285011610330559106e-01
9.570966089758448092e-01
9.674975300849895099e-01
9.838045070320253771e-01
1.003706610338005234e+00
1.021826686217887525e+00
1.028739288334999502e+00
1.033345136014627075e+00
1.044408709880942698e+00
1.037577136926475463e+00
1.044486244792830698e+00
1.031198902191841960e+00
1.031903177794998516e+00
1.015642549268230166e+00
1.009320192808559113e+00
9.914844049097965017e-01
9.782937038614840652e-01
9.730493826900696863e-01
9.660065951279688257e-01
9.572966926042852931e-01
9.668857414228946290e-01
9.662224481551963118e-01
9.804011111117048038e-01
9.821049153610911242e-01
9.883034200551361614e-01
9.901532305110651855e-01
9.986082780670700876e-01
1.002213186443977833e+00
1.009815990088673621e+00
1.012281194080760338e+00
1.014215941423130873e+00
1.011701429292781063e+00
1.011233541931998881e+00
1.009470633796797800e+00
1.006823269912649366e+00
1.008281567572588244e+00
1.005241038070268988e+00
9.968257149516254190e-01
9.921031123781715033e-01
9.977070071047237088e-01
9.888481383660036039e-01
9.909519657805259119e-01
9.933928707576171746e-01
9.897661543149488539e-01
9.909858508280962042e-01
9.867680046262007343e-01
9.851898528855186354e-01
9.949735692992276448e-01
9.943877216705172550e-01
9.975023217477525517e-01
9.961221670390020266e-01
9.989189395350609457e-01
1.000652113035665813e+00
1.002459436945391635e+00
9.970634966126601384e-01
1.000707123389248387e+00
1.000189714388876272e+00
1.003574269952227205e+00
9.977563726760931839e-01
9.941254873697413785e-01
9.927887437880424937e-01
9.964727652097179478e-01
9.937505010261018512e-01
9.937152869919088083e-01
9.905614521380354809e-01
9.999268344755184446e-01
9.893629473072206304e-01
9.953142993222756640e-01
9.945951750103699807e-01
9.941201437312721101e-01
9.949290723385899593e-01
9.931588581838138863e-01
9.940764430864307277e-01
9.991259413501768494e-01
9.976202777570500890e-01
9.984198899538924143e-01
9.993134623130479621e-01
1.002613251147919771e+00
9.978436174637447253e-01
1.000430981026335875e+00
9.964363525178590031e-01
9.977960951353787022e-01
9.990404611620857800e-01
9.964195929590580203e-01
9.974159476542019398e-01
9.966074800124608002e-01
9.957989560859796807e-01
1.000880402793274948e+00
9.962148401382839857e-01
9.962048471195897870e-01
9.987661174999685754e-01
9.979312457693594318e-01
9.949549336018506107e-01
9.950035448707240660e-01
9.973393980384326341e-01
9.971734750053217189e-01
9.983562946228113910e-01
9.964704358713463161e-01
9.972375155816218806e-01
9.972274712712484446e-01
9.989171389871831508e-01
9.980171144773691827e-01
9.980229536214241248e-01
9.995421821506140780e-01
1.000330765669989797e+00
9.976406275976218430e-01
9.997876223437982546e-01
9.957413931589306211e-01
9.952688854296518617e-01
9.991412384681837011e-01
9.983465511949406457e-01
9.954430928508964938e-01
9.980685145938720249e-01
1.000522590171389448e+00
9.987228365408213904e-01
9.970544761990599580e-01
1.000762459206531396e+00
9.982227678102487678e-01
9.965645065949979564e-01
9.990510797934754050e-01
9.976096432516911028e-01
9.966690144947583097e-01
1.001913230447429193e+00
9.977501183310829580e-01
1.000760325689519670e+00
9.986907817707022517e-01
9.987851734159637340e-01
9.988414787738530976e-01
9.992126208640755847e-01
9.966287044108673721e-01
9.999969664082479781e-01
9.980507274465690859e-01
9.991049067176931420e-01
9.973462843858298399e-01
1.000567155674043196e+00
9.997895889006785941e-01
9.998215300664757832e-01
1.000971825330241316e+00
9.992071053256358359e-01
9.994647840599146793e-01
1.000358497511412814e+00
9.979207142899184646e-01
9.982713595696376396e-01
9.996838726241231710e-01
9.995621607455172919e-01
9.972320416459288239e-01
9.988928809111562446e-01
9.992762680721790636e-01
9.998728381103207941e-01
9.988752250651744546e-01
9.970812141524220129e-01
9.969334935594863500e-01
9.992281870295773860e-01
9.994962856744274982e-01
9.989174678847521083e-01
9.997920979262633345e-01
9.999544666022027739e-01
9.966378004592383322e-01
1.001107165978310176e+00
9.993948537585541914e-01
1.000622482236475763e+00
9.980834716828138609e-01
1.000727098914430790e+00
1.000178199083671782e+00
9.998902003353318246e-01
9.992437342021719404e-01
1.002206556515518709e+00
9.984839018699263047e-01
1.000530479778292348e+00
9.993631969002938487e-01
9.981372102638820243e-01
9.983056727728906177e-01
1.000610773142805776e+00
1.002987735433893191e+00
9.986855165408855539e-01
1.000319293468606707e+00
9.997464678744797384e-01
9.988194980666393885e-01
9.998906428814561265e-01
9.990035531560452764e-01
9.994073113217474269e-01
9.983936868266979348e-01
9.999239353873964342e-01
1.002008169848655150e+00
1.001255275296550007e+00
1.000497434861393087e+00
9.997958179294840209e-01
1.002089963019446417e+00
1.000980530573462479e+00
9.992431656222904302e-01
9.982473372116849042e-01
1.001376199026866809e+00
1.001103570416283617e+00
1.003005668672213080e+00
9.996406361895242565e-01
1.002023143610377032e+00
9.997326729186670757e-01
1.001065952622516519e+00
9.997148769191036566e-01
1.001508929558121208e+00
9.984604191426644793e-01
9.909230673241063991e-01
9.808711028124330600e-01
9.683325318612479027e-01
9.579409610884559445e-01
9.479643042299221722e-01
9.372111554065450933e-01
9.244755447681279881e-01
9.154423930391978326e-01
9.039790959271287729e-01
8.941327863656514108e-01
8.826453605344465325e-01
8.730555432214897049e-01
8.612589327941628792e-01
8.535090665980320512e-01
