0.000000000000000000e+00
0.000000000000000000e+00
0.000000000000000000e+00
0.000000000000000000e+00
0.000000000000000000e+00
0.000000000000000000e+00
0.000000000000000000e+00
0.000000000000000000e+00
0.000000000000000000e+00
0.000000000000000000e+00
0.000000000000000000e+00
0.000000000000000000e+00
0.000000000000000000e+00
0.000000000000000000e+00
0.000000000000000000e+00
0.000000000000000000e+00
0.000000000000000000e+00
0.000000000000000000e+00
0.000000000000000000e+00
0.000000000000000000e+00
0.000000000000000000e+00
0.000000000000000000e+00
0.000000000000000000e+00
0.000000000000000000e+00
0.000000000000000000e+00
1.550296904353957821e-04
2.483431242821824286e-02
4.614928786664498905e-01
1.582562425192092226e+00
2.011933922025793464e+00
1.461162708054709825e+00
8.305797462280684051e-01
4.796058369431187574e-01
3.280646360473179479e-01
2.661267191431251344e-01
2.729438830070340383e-01
2.726478118792611260e-01
2.834648913630783973e-01
2.682513848928372302e-01
2.603977117960505905e-01
2.551357580887754772e-01
2.758870422289557700e-01
3.420345674458422081e-01
4.386971272288426316e-01
5.715271974886456663e-01
7.451257860747332318e-01
9.283233150351563046e-01
1.098634157991260185e+00
1.236635940378453036e+00
1.354643047301198111e+00
1.438231794829924137e+00
1.538351932551329515e+00
1.567912084611442713e+00
1.557953740155952005e+00
1.509566428441798003e+00
1.399886008923603598e+00
1.271782268924308346e+00
1.157740568243984747e+00
1.058279915537061022e+00
9.798884755747856445e-01
9.317925244861038347e-01
9.054689546728271754e-01
8.874378513463545559e-01
8.762359944133005785e-01
8.837594880532854136e-01
8.902292104416713592e-01
8.960356659602272122e-01
9.139808695328620614e-01
9.367180695712673533e-01
9.505525059465514959e-01
9.559714149830246255e-01
9.762686152051152089e-01
9.911310477353950654e-01
9.967448976178964193e-01
1.011946121683898525e+00
1.019841369113817953e+00
1.018438081955124641e+00
1.022202990287799151e+00
1.023658861874388259e+00
1.016419502238288697e+00
1.010819887989803378e+00
9.967730001390879835e-01
9.826840496991710028e-01
9.769121745271825974e-01
9.857612624885963015e-01
9.694501427368202862e-01
9.686459353515104453e-01
9.774190619559778304e-01
9.796000242608365882e-01
9.824786461821330974e-01
9.860076354538366283e-01
1.001558228590394117e+00
9.987177664334084826e-01
1.014146454095184113e+00
1.011163667317976245e+00
1.020111567815378040e+00
1.015725408591563683e+00
1.008863514880150802e+00
1.014368191863469715e+00
1.006270582480325082e+00
1.002915765853634511e+00
1.000300915778767452e+00
1.000315616882271330e+00
9.969705311172895046e-01
9.954656179939137539e-01
9.914570904020412190e-01
9.923736918075558577e-01
9.935738887261447161e-01
9.926633594267865179e-01
9.902305023162031317e-01
9.975414145675449706e-01
9.893914477261877005e-01
9.916607676579723973e-01
9.901885491633194425e-01
9.964027149900193114e-01
9.937453483174549795e-01
9.932378014801621635e-01
9.947689003075530501e-01
9.982032156469239359e-01
9.965650916734039022e-01
9.969306620907183447e-01
9.992398299080417212e-01
1.001829798115292824e+00
1.000454117086634342e+00
9.975083330886068689e-01
9.995075473783202602e-01
9.985415321392588917e-01
1.005557116130248119e+00
9.977973775962696301e-01
9.986099269034154347e-01
9.995583574401658566e-01
9.991308601235927567e-01
9.996721254194201878e-01
1.002943932768873836e+00
1.003581459566489587e+00
9.990285876169180401e-01
9.985957505653009214e-01
9.978337927017933984e-01
9.994531129915427137e-01
9.951447041070914379e-01
9.960958701627655731e-01
9.968280083022056370e-01
9.971889568121230507e-01
9.992719425283682622e-01
9.975906257847818592e-01
1.003742654009837310e+00
9.962447849214248752e-01
9.983041647606081259e-01
9.970172149766866054e-01
9.992359276579528826e-01
1.000734107032073439e+00
9.948542537450633105e-01
1.000106034755877671e+00
9.947484418665373251e-01
1.000022832406951112e+00
9.971121539769562947e-01
9.969561034472461669e-01
1.000040898132054101e+00
9.980213229968499800e-01
9.966020088196491100e-01
9.997966042994823610e-01
9.993992495256330821e-01
9.946451961157024568e-01
9.995008200711458235e-01
9.991569005737350739e-01
1.001039603397943178e+00
1.000612824810158230e+00
1.002566722935157584e+00
9.984849794263295220e-01
9.974812522846822072e-01
9.960797833042285276e-01
9.997546944081631137e-01
1.002051328438835043e+00
9.981690889440659742e-01
1.002624872748685503e+00
1.000323605780799596e+00
9.983924957790972776e-01
1.003444575034091457e+00
9.996220954213530518e-01
9.992699901117727546e-01
1.001059741323624408e+00
1.003081916222610781e+00
1.001390497200125962e+00
9.968405212533559823e-01
9.990776795461183690e-01
1.000163734199536192e+00
1.002531717325766403e+00
1.000223334691351607e+00
1.000978416146325323e+00
1.000288862141469171e+00
1.000395631413506292e+00
1.002400293402954778e+00
1.002022062924501578e+00
9.970372069791589853e-01
1.000579774370220276e+00
1.002000473688179349e+00
1.003206693919115322e+00
9.984374978473220530e-01
9.999380813018016179e-01
9.983894097953091018e-01
9.994875771759951233e-01
1.002781398655279599e+00
1.000648127875502835e+00
9.998962401020839996e-01
1.000698373785186668e+00
9.990341342122398549e-01
1.002116402578960841e+00
9.964639065255415096e-01
9.974849859515091399e-01
1.001158503568047697e+00
9.972926837665200273e-01
9.989562792608562836e-01
9.988377864025689279e-01
9.973540233515096887e-01
9.949113254588733968e-01
9.969035363217904067e-01
1.001494635805610933e+00
9.981049555471390722e-01
9.999134113606510388e-01
9.989351430814641386e-01
9.971493862114343409e-01
9.979258022967973929e-01
9.955231240244227786e-01
9.994956953418064893e-01
9.990585534624197850e-01
9.975609768871527283e-01
9.966024831169542075e-01
9.974745235348525529e-01
9.974862704295005544e-01
9.953993548887221099e-01
9.972072533578419939e-01
9.972382192247124522e-01
1.000183374334559172e+00
9.987613422465342339e-01
9.988777226398120046e-01
9.963212794262239491e-01
9.981710094140693323e-01
9.979743060103332120e-01
9.982290936821850424e-01
9.990473694429362617e-01
9.976935498532857327e-01
9.959476203486976598e-01
9.985800155650810250e-01
9.969135299092877212e-01
1.000473672854549578e+00
9.987587835282323301e-01
9.980956550121372617e-01
9.996169932577163575e-01
9.994249077864282294e-01
1.000846714926076242e+00
1.000986677514458689e+00
9.991800231779427444e-01
1.000557991418665083e+00
9.992221925249316072e-01
1.000913752890323583e+00
1.001222008554430776e+00
9.990384790516663172e-01
9.993151181110961900e-01
9.983112660817909934e-01
9.998467129592415459e-01
1.000859038802860423e+00
9.986626437454048100e-01
9.970866813176545440e-01
9.874302707167509352e-01
9.764467628310541381e-01
9.643676288884891479e-01
9.549969602082611919e-01
9.446850864218808708e-01
9.361684001068304450e-01
9.248279342117494695e-01
9.101585913914659320e-01
9.004067680671757889e-01
8.893424489378979336e-01
8.778681679525757175e-01
8.689275785842968114e-01
8.601901341000223189e-01
8.482049103810909152e-01
8.388190073183481310e-01
8.288965484008878892e-01
8.170537178528528566e-01
