0.000000000000000000e+00
0.000000000000000000e+00
0.000000000000000000e+00
0.000000000000000000e+00
0.000000000000000000e+00
0.000000000000000000e+00
0.000000000000000000e+00
0.000000000000000000e+00
0.000000000000000000e+00
0.000000000000000000e+00
0.000000000000000000e+00
0.000000000000000000e+00
0.000000000000000000e+00
0.000000000000000000e+00
0.000000000000000000e+00
0.000000000000000000e+00
0.000000000000000000e+00
0.000000000000000000e+00
0.000000000000000000e+00
0.000000000000000000e+00
0.000000000000000000e+00
0.000000000000000000e+00
0.000000000000000000e+00
0.000000000000000000e+00
0.000000000000000000e+00
0.000000000000000000e+00
2.598296632085344074e-02
4.670960272212859588e-01
1.631726655105110391e+00
2.064313905004571570e+00
1.526958322584285543e+00
8.683832233683083102e-01
4.909683441900521417e-01
3.360628597173842547e-01
2.807824581081387882e-01
2.777462305086292882e-01
2.855148335399422810e-01
2.942212778217288549e-01
2.756676682915371046e-01
2.627263537487990464e-01
2.632514663812733358e-01
2.789921805714838388e-01
3.517497659555114398e-01
4.443489363410660364e-01
5.785074845493518580e-01
7.456198712445506471e-01
9.349064515629260663e-01
1.108430419173414672e+00
1.252163084142306371e+00
1.370291581667473668e+00
1.467657940700745955e+00
1.552165126201602963e+00
1.593348902850884929e+00
1.609852708782553821e+00
1.523327682457835675e+00
1.426149438590753826e+00
1.300092266132909957e+00
1.175773358701266424e+00
1.071075666310858265e+00
9.908049254671214001e-01
9.441137369227294851e-01
9.060639842440355585e-01
8.962733424775337632e-01
8.929965942927170497e-01
8.938734766225938655e-01
8.889216641551966891e-01
9.046392065858771536e-01
9.127504200415044178e-01
9.324081788026065132e-01
9.474306944226559279e-01
9.734862782522949454e-01
9.830816963647710516e-01
1.000443290130741847e+00
1.010602136198808010e+00
1.022909277954047180e+00
1.023123140474480275e+00
1.032057619775092583e+00
1.024545973572465130e+00
1.015455459648580527e+00
1.014227837603123294e+00
9.995032086933327564e-01
9.962815802943435495e-01
9.978026387288186916e-01
9.790471242936321650e-01
9.778916982057415108e-01
9.801341231675172461e-01
9.742607062710035848e-01
9.837228523953199799e-01
9.792361005596985635e-01
9.877365990288041742e-01
9.954956086253096137e-01
1.000411707386404503e+00
1.002874970586766334e+00
1.012264717726607310e+00
1.016095684043740954e+00
1.019148471804644407e+00
1.022166083699612926e+00
1.016233547209190347e+00
1.006438731771170936e+00
1.011310868170207655e+00
1.015023558071279197e+00
1.012044236885241810e+00
9.935885770575588749e-01
9.977894937590389146e-01
9.960936927455961154e-01
9.904158201345181212e-01
9.903475265596097810e-01
9.938799501929033164e-01
9.934521633442312538e-01
9.967061098730202184e-01
9.902846925081917329e-01
9.941206827888757758e-01
9.957249843751816432e-01
9.945415787497186022e-01
9.926670345203397750e-01
9.925681967317753207e-01
9.969689434238249159e-01
9.936245345770159387e-01
9.958362451293397699e-01
9.968853247624052116e-01
9.975234537044754823e-01
9.993245733563742572e-01
9.987421076941563891e-01
9.984673434864579367e-01
9.930688013124916447e-01
9.971486012934305254e-01
9.968562678458173787e-01
9.977955379353660170e-01
1.002935836705952655e+00
9.985773377826897557e-01
1.000420400757978001e+00
1.000644675167367881e+00
9.988144975888830768e-01
9.987049780649643882e-01
1.001227949447476284e+00
9.981814837840666810e-01
9.984266588004360177e-01
9.974380060119654168e-01
1.000823954761631773e+00
9.996511546336849241e-01
9.976426831327193101e-01
1.000745045932852628e+00
1.001935062383611408e+00
9.979839913875089286e-01
1.000019238325392079e+00
9.985993164909182651e-01
9.993358820195502590e-01
1.001446330816305963e+00
9.998613129035227587e-01
9.991958348797469469e-01
9.981263383344475271e-01
1.003354784757173546e+00
9.978396019030525421e-01
9.986132414128938706e-01
9.966702637675052268e-01
9.983308363944962682e-01
9.995342532153227433e-01
1.000204890422111026e+00
9.985645549372696994e-01
1.001430556208504186e+00
9.994108644695191002e-01
9.971783287959340436e-01
9.983810929446000904e-01
9.987711605595985809e-01
1.000123994135101668e+00
9.983252775406201707e-01
9.991858449872801362e-01
9.974195633903415459e-01
9.953199471258620257e-01
9.979961194322416462e-01
9.983297717003349891e-01
9.983382539671954436e-01
1.001722071505580791e+00
9.988149852625062275e-01
9.984426802107039256e-01
9.950858556649513353e-01
9.978323999470107841e-01
9.980652520054913435e-01
9.999132275478378462e-01
9.979370898492087028e-01
1.000892857785097512e+00
1.000321750972299251e+00
9.994657696965111304e-01
9.974607820759661125e-01
1.003278225033116033e+00
1.001198677470293452e+00
9.979584045430744954e-01
1.000740460698436252e+00
1.001442017061681122e+00
1.001252945379839998e+00
9.981743098193901487e-01
9.999821848875966035e-01
9.994006351553035294e-01
1.001398106703090596e+00
9.998670510517139176e-01
9.985939730400901215e-01
1.000568607691148859e+00
1.001478960039027255e+00
1.002560128985181764e+00
9.998326998706555946e-01
1.000395014842293984e+00
1.000235749070401692e+00
9.976654619991539574e-01
9.989927171921217930e-01
9.990661989285977151e-01
9.999436808206219052e-01
9.995132785413527454e-01
9.987423767249145046e-01
9.983943338435089521e-01
9.998127025163182635e-01
9.972907580998648935e-01
1.000983027219208843e+00
1.001631448125980484e+00
1.000570748159022250e+00
9.976402019583221481e-01
9.997548534124662822e-01
9.997403976007124271e-01
9.989648511378824702e-01
1.000852123966849305e+00
9.974945312706740008e-01
9.983761433819493547e-01
9.971420828325919805e-01
9.960519009140100799e-01
9.976967781847395633e-01
9.981538760075072680e-01
9.989563755545154411e-01
9.992395299022294175e-01
9.956801663345160591e-01
9.968740168762323384e-01
9.988792866118809677e-01
1.001137256472756532e+00
9.999831231705633705e-01
9.989228081838352757e-01
9.983529108088659010e-01
9.962434035699579971e-01
9.974833566034728705e-01
9.991124025115767360e-01
9.994977214167288793e-01
9.968702873039769763e-01
1.000492980703309831e+00
9.991672345550681733e-01
9.982026934895696924e-01
9.981042565721669479e-01
9.981660954618520876e-01
9.989956597447847697e-01
1.001277546984800315e+00
1.000187500889894165e+00
9.979049665997700158e-01
9.990752205786632700e-01
9.972056438207250739e-01
9.983016940614208856e-01
9.995624877482566228e-01
9.996091991941634669e-01
9.987437859351541158e-01
9.999566553325989204e-01
9.999727767219889207e-01
9.960475008281660658e-01
9.967488091508768244e-01
9.992833118883074350e-01
9.996091442606176436e-01
9.994586769187032704e-01
9.976223797284958783e-01
9.967567364134598540e-01
9.901376941329383952e-01
9.759156813794221952e-01
9.650375796831410780e-01
9.543616386431041931e-01
9.427553193914743890e-01
9.312434201653736476e-01
9.223908442043464717e-01
9.080549806756368358e-01
8.996562956873987993e-01
8.887983081546542152e-01
8.792634715783366195e-01
8.678212934438447324e-01
8.566237903246407548e-01
8.460976832220398203e-01
8.361207210983921945e-01
8.250359969797990134e-01
8.158535159432844797e-01
