0.000000000000000000e+00
0.000000000000000000e+00
0.000000000000000000e+00
0.000000000000000000e+00
0.000000000000000000e+00
0.000000000000000000e+00
0.000000000000000000e+00
0.000000000000000000e+00
0.000000000000000000e+00
0.000000000000000000e+00
0.000000000000000000e+00
0.000000000000000000e+00
0.000000000000000000e+00
0.000000000000000000e+00
0.000000000000000000e+00
0.000000000000000000e+00
0.000000000000000000e+00
0.000000000000000000e+00
0.000000000000000000e+00
0.000000000000000000e+00
2.604182296422881084e-05
3.685179716603035477e-02
1.073980515376030898e+00
3.511910688742986064e+00
3.459895833518814801e+00
1.913365808525845813e+00
8.719222469303592460e-01
4.008239087771024445e-01
2.052926484560257392e-01
1.238271793812119326e-01
1.925436155334219190e-01
7.273007430551707841e-01
1.533488181901272895e+00
1.784009064903345543e+00
1.490144024392259015e+00
1.095348449974127725e+00
8.285389081415591717e-01
7.157934269011650974e-01
7.046963851629360898e-01
7.555235920807312766e-01
8.340308893223675746e-01
9.246361538875561559e-01
1.004119691774450152e+00
1.073186991887554509e+00
1.127210857327435090e+00
1.171625917790460880e+00
1.192824660933052172e+00
1.194109318624468674e+00
1.183508343919085881e+00
1.154322806781445943e+00
1.116990034108012564e+00
1.079876715519435981e+00
1.054025937955439529e+00
1.025390208710638351e+00
1.001969275615208543e+00
9.768171328518732155e-01
9.608512615393582923e-01
9.459685084517416298e-01
9.379945572032896139e-01
9.306696240247858132e-01
9.320174368802764953e-01
9.328010221763355370e-01
9.400988678846105007e-01
9.518414212945454089e-01
9.596944246609875329e-01
9.702746595149911446e-01
9.796267676556720261e-01
9.879877530667258156e-01
9.934347856197762727e-01
9.981784434267245709e-01
1.000101719612022988e+00
1.006335073181202411e+00
1.010547326959066128e+00
1.012670128610986708e+00
1.013323426419781015e+00
1.012973178235439420e+00
1.014465859717692098e+00
1.012611467014056021e+00
1.011758799671428122e+00
1.009013073535361960e+00
1.009366766706657259e+00
1.006356651216808951e+00
1.006766699635732065e+00
1.004284009204634343e+00
1.001992714777343529e+00
1.001489504031468636e+00
9.999977141429723382e-01
9.994303539070439335e-01
9.965913331255616958e-01
9.970341493877925565e-01
9.940389697217351106e-01
9.954279154720020450e-01
9.964809329765332846e-01
9.946555751630662412e-01
9.934724882455605588e-01
9.941791688989178866e-01
9.946494214320972249e-01
9.969161512825308602e-01
9.966860318760889514e-01
9.964709249686999337e-01
9.977124051743413435e-01
9.980637201939547287e-01
9.983098292195599077e-01
1.000538252867467337e+00
1.000521171079371774e+00
1.001499899133903915e+00
1.001449954843849799e+00
1.001747830722085508e+00
1.002036789599308975e+00
1.001237924304032800e+00
1.002732907895580228e+00
1.001495689574526393e+00
1.001776143630980664e+00
1.001291024823045772e+00
1.000812076382562310e+00
1.000775410700995849e+00
1.001824327430480777e+00
1.000637444134443665e+00
1.000442177023203483e+00
9.987713548124746987e-01
9.988244558785545069e-01
9.994572233414724671e-01
9.993301912684149357e-01
1.000157260985505170e+00
1.000010151548495152e+00
1.000907649763948415e+00
1.000750477096340241e+00
1.000725877045316903e+00
1.001002905135184307e+00
1.000924649584894910e+00
1.000556139297387626e+00
1.001690518419054765e+00
1.000753723276862406e+00
1.000461562840107010e+00
1.002361733101393204e+00
1.000587841284045654e+00
1.000653066943510749e+00
1.001362246865648897e+00
1.001684894546971849e+00
1.000455545629971743e+00
1.001162606048032977e+00
1.000069362795095174e+00
1.000288731240807749e+00
9.995426561967294399e-01
1.000223914882725218e+00
9.992470396377723940e-01
9.988277145917274780e-01
9.991947425062752686e-01
9.994508836182265377e-01
9.978216193823042923e-01
9.995282674936554201e-01
9.995707196333023514e-01
9.982143645108623176e-01
9.988191888604458502e-01
9.995564470687960945e-01
9.993854710415394083e-01
9.990444872096255757e-01
1.000130946582729941e+00
1.000175703601422716e+00
1.000727156632550630e+00
1.001093971957434325e+00
1.000263245669063217e+00
1.000469764834666764e+00
1.000341810275949150e+00
1.001019774565503617e+00
1.000534020396282031e+00
9.994936020118511122e-01
1.000652822562671407e+00
1.000110069042782879e+00
1.000094582859585524e+00
9.999134888732476023e-01
9.999429659262812908e-01
9.999885962267857087e-01
1.000332635184293384e+00
9.990280607794979062e-01
9.993735272759969313e-01
9.995499740903489583e-01
9.996147010484891515e-01
9.993028539871178229e-01
9.996451516573234830e-01
9.991766020247879743e-01
9.993039524684018682e-01
9.999384598749757602e-01
9.996276992717095800e-01
1.000339494369643090e+00
1.000016143961510284e+00
1.000380796046266951e+00
9.998012747527941224e-01
1.000303905345422351e+00
9.995928344037020574e-01
1.000151945876200266e+00
1.000553247579709648e+00
9.997379109486538296e-01
9.996330321361088789e-01
9.997201256562742167e-01
9.994088727512677739e-01
1.000428708364561547e+00
1.000537472481808798e+00
1.000125082517304698e+00
9.996388184681543887e-01
9.998126625417935731e-01
9.999487767621197953e-01
9.994972859245865315e-01
1.000109628783985460e+00
1.000288898970361551e+00
9.995194368857851508e-01
1.000166212694234558e+00
9.999935806544059114e-01
1.000297499331161521e+00
9.998469308895148178e-01
1.000155818063049873e+00
1.000419118124323159e+00
9.999400051777349585e-01
1.000010866399657417e+00
9.999232746156146989e-01
9.999697119333803563e-01
9.998455173045139865e-01
9.994923297598191647e-01
9.998299904230613100e-01
1.000303643897160866e+00
1.000119548000492076e+00
9.997068336866835603e-01
9.999945828783135537e-01
9.997506252447455610e-01
1.000032143439665067e+00
1.000350234874783029e+00
9.998680322466458881e-01
1.000650769243296212e+00
1.000329149673266471e+00
1.000355588327226153e+00
1.000317384316455449e+00
9.999671155697769098e-01
9.997056717270812465e-01
9.996152308359007588e-01
9.998055201619059362e-01
9.995672673311900569e-01
9.998878611121712057e-01
1.000059866614853465e+00
9.998399896700487233e-01
9.996611744032958269e-01
9.999507952248658516e-01
1.000263604042516796e+00
9.999550471572073995e-01
1.000203169049479923e+00
1.000023071520707019e+00
9.997536337881134383e-01
1.000426863293404800e+00
9.997703764744712007e-01
1.000004608791589034e+00
1.000126957812112360e+00
9.999849108870130232e-01
1.000083240495376113e+00
1.000504249594793338e+00
9.997987473448787243e-01
9.999592704475239735e-01
1.000598284292354423e+00
9.998283846469894209e-01
9.999535279661353471e-01
1.000354894708972875e+00
9.997891710480319993e-01
1.000687080625955572e+00
1.000462694431107247e+00
9.981527011919913983e-01
9.889400870802802501e-01
9.775125859297941755e-01
9.666427240566706214e-01
9.556093689819198378e-01
9.442629363196750614e-01
9.332533868442373093e-01
9.221683935928215448e-01
9.116030967960833120e-01
9.004681569797504670e-01
8.900235094052362239e-01
8.794890379460722496e-01
8.692568196748079457e-01
8.583180209425337326e-01
8.487948579268557170e-01
8.386734343222198573e-01
8.281964186029872055e-01
8.182923026382945553e-01
