0.000000000000000000e+00
0.000000000000000000e+00
0.000000000000000000e+00
0.000000000000000000e+00
0.000000000000000000e+00
0.000000000000000000e+00
0.000000000000000000e+00
0.000000000000000000e+00
0.000000000000000000e+00
0.000000000000000000e+00
0.000000000000000000e+00
0.000000000000000000e+00
0.000000000000000000e+00
0.000000000000000000e+00
0.000000000000000000e+00
0.000000000000000000e+00
0.000000000000000000e+00
0.000000000000000000e+00
0.000000000000000000e+00
0.000000000000000000e+00
0.000000000000000000e+00
0.000000000000000000e+00
0.000000000000000000e+00
0.000000000000000000e+00
3.042608602912615589e-04
3.482765369742989170e-02
8.192299475848938695e-01
2.768125078521748605e+00
3.185083713554521356e+00
2.058836870954636300e+00
1.028800702678289714e+00
4.789478844536877999e-01
2.690587716637362070e-01
2.105964090714653181e-01
2.111486871221386896e-01
2.337693082616511264e-01
2.661038689055381656e-01
2.935342046004051353e-01
2.933945671564298641e-01
2.948827228882098250e-01
3.154663283857889744e-01
3.930309536634793433e-01
4.936719205416924550e-01
6.352326298326240739e-01
8.352888095920866229e-01
1.008250634945546231e+00
1.203058885964996660e+00
1.319702916322526232e+00
1.419746794783524502e+00
1.495205913295543976e+00
1.588056891319288733e+00
1.628082044446456988e+00
1.580171179680118554e+00
1.487512460318404228e+00
1.367382518850307926e+00
1.226225560465682429e+00
1.072202277754758182e+00
9.791047306908661207e-01
9.125068879953095458e-01
8.674919151673141648e-01
8.663485388148052246e-01
8.612948700426260595e-01
8.776745799256089331e-01
8.911086036383478737e-01
9.218218173093751799e-01
9.330583487275313503e-01
9.557221659266877944e-01
9.797702759059715438e-01
1.006610409666501837e+00
1.006818209568974165e+00
1.033546738322822511e+00
1.043461896268899070e+00
1.047610275319705408e+00
1.058654158427840608e+00
1.059780228431388194e+00
1.047882551575576304e+00
1.052439303551145677e+00
1.042029112523560341e+00
1.034323907528224229e+00
1.006906571001924044e+00
1.002481174043075240e+00
9.990959222441863075e-01
9.789674613124730307e-01
9.826432861407378150e-01
9.763813247089287994e-01
9.812856420573570215e-01
9.844096700419875390e-01
9.929565031300824351e-01
9.932185627049853194e-01
1.003938367349428429e+00
1.001923867991162398e+00
1.008440235345889002e+00
1.011538859475556551e+00
1.021566760820864062e+00
1.019144152894795985e+00
1.024389180812520284e+00
1.019332889218486304e+00
1.013998451651585420e+00
1.014110186213561304e+00
1.013053227147132418e+00
1.017190286012123579e+00
1.014337516054621746e+00
1.010132753985279130e+00
1.008065830999012258e+00
1.004119646072281880e+00
9.978273047231174253e-01
9.953292756582198253e-01
9.978563712269218344e-01
9.915879097926945107e-01
9.965015920347386480e-01
9.964084926834398948e-01
9.964228691975468566e-01
1.006757012169090082e+00
9.984389923003822442e-01
1.001040355045150543e+00
1.004319705113777328e+00
1.002777132673159599e+00
1.010547900292642520e+00
1.005323232271575717e+00
9.971381213835447399e-01
1.003086053128368293e+00
1.002319289561616200e+00
1.004365066028963138e+00
1.001267440064350200e+00
1.003713236582654211e+00
9.988684297919961930e-01
1.002531707422792406e+00
1.004721648205994411e+00
9.946537137580349075e-01
1.002572820656314478e+00
1.000233730316211211e+00
9.955468427373493912e-01
9.980345860531364410e-01
1.006506142073237964e+00
1.000480566978463770e+00
9.974474338284653463e-01
9.975227114177233068e-01
9.970748606943744541e-01
9.980784889647124070e-01
1.004113361887291056e+00
9.998826403150361530e-01
1.001244768365063376e+00
1.001058081593565685e+00
9.999898890327768575e-01
9.979979892344894576e-01
1.009210192091185343e+00
1.002824326454119008e+00
9.998765237502442726e-01
1.000114117029635707e+00
1.001784157646560036e+00
1.005628025751995613e+00
1.002129078332641088e+00
9.980225022358986120e-01
1.001480335659639564e+00
9.998373697030540352e-01
9.913399994592566600e-01
1.001599500820323563e+00
1.000805657830948547e+00
9.976981185075517455e-01
1.001798163672102948e+00
9.967775550011532815e-01
9.980578861585879258e-01
9.961323967968789272e-01
9.962358864057078156e-01
9.968369962934922057e-01
9.980577604498183097e-01
1.000910233429258556e+00
9.968267874906248105e-01
1.000952710878812546e+00
1.002451745176652365e+00
9.993731333230156944e-01
1.002626195402259057e+00
9.956820819927832966e-01
9.968891577616384447e-01
9.994129063475187813e-01
1.001873869153135699e+00
1.001910746679175679e+00
9.954827583407974689e-01
9.998155839780991094e-01
1.000679621679216202e+00
9.992879115060594453e-01
1.003516163777668835e+00
9.993437831391758230e-01
1.002113403194183849e+00
9.989531261727376821e-01
9.964660951795430988e-01
1.000933002793624960e+00
1.003689505643552415e+00
9.965898714799376057e-01
9.983580158985267961e-01
1.004770486594339873e+00
1.001476589359176383e+00
9.973390493231604204e-01
1.000477718837173180e+00
1.001601739048494366e+00
1.001584732815766099e+00
9.991698345344734999e-01
9.973377137278842675e-01
9.988062381769990949e-01
9.955875609503340717e-01
1.000761813238494335e+00
9.961708315702050287e-01
9.977596422755206085e-01
9.987487260285983215e-01
1.000941789852338060e+00
1.000345996642614699e+00
1.000138835677968574e+00
9.979080370205634098e-01
9.988125939997309910e-01
9.996794187958112365e-01
9.997592137456403627e-01
1.000674811474157933e+00
1.000942408270679485e+00
9.998467324852428062e-01
1.000863755661796750e+00
9.968591527099687211e-01
9.970553698891950756e-01
1.000819899846284056e+00
1.000108538671929503e+00
9.971317994402675300e-01
9.976203173450390871e-01
9.945300034807692535e-01
9.951480949884319305e-01
9.963150197960792820e-01
1.000342767666542843e+00
9.976398579859052651e-01
9.981641995553511837e-01
9.952351224021133147e-01
9.990323405055162587e-01
9.988450963955475270e-01
9.974477184442968047e-01
9.970460097036669689e-01
9.940090615755959869e-01
9.974800415351601224e-01
9.979261052004283483e-01
9.968630354613422506e-01
9.985123453327612308e-01
9.991789264483139643e-01
1.000088247331300861e+00
1.000775616973033744e+00
1.001650686707717730e+00
9.979858729328435762e-01
9.995531306445850639e-01
9.975398686554094452e-01
9.955902003916189402e-01
1.001336967971540037e+00
1.000852502353388740e+00
9.965979385669629931e-01
9.997119683573617577e-01
9.975798778424168622e-01
9.956856818314916424e-01
9.981101073100191456e-01
9.987230858062486893e-01
1.000051420472479080e+00
9.998841954792533349e-01
9.956289674761751307e-01
1.000277011396511373e+00
1.000536557542990534e+00
9.990591948707679970e-01
1.000401227871281939e+00
9.986731899307517146e-01
9.988788425596815124e-01
9.983022003872357164e-01
1.001285950175290651e+00
9.980240063660340555e-01
1.001258233735067282e+00
9.973510649603645195e-01
9.963791370188098684e-01
9.999748619541501959e-01
1.000756185166910228e+00
1.000742252558294965e+00
1.000297460531261562e+00
9.977905731762573005e-01
9.962580780322890517e-01
9.901907170875798858e-01
9.806281560882168513e-01
9.645884362991504757e-01
9.569255254865991489e-01
9.479840692643084488e-01
9.349909362826318571e-01
