0.000000000000000000e+00
0.000000000000000000e+00
0.000000000000000000e+00
0.000000000000000000e+00
0.000000000000000000e+00
0.000000000000000000e+00
0.000000000000000000e+00
0.000000000000000000e+00
0.000000000000000000e+00
0.000000000000000000e+00
0.000000000000000000e+00
0.000000000000000000e+00
0.000000000000000000e+00
0.000000000000000000e+00
0.000000000000000000e+00
0.000000000000000000e+00
0.000000000000000000e+00
0.000000000000000000e+00
0.000000000000000000e+00
0.000000000000000000e+00
0.000000000000000000e+00
0.000000000000000000e+00
0.000000000000000000e+00
0.000000000000000000e+00
0.000000000000000000e+00
0.000000000000000000e+00
1.887083188380785093e-02
4.617980092755281096e-01
1.570851296772426853e+00
2.012363343963390783e+00
1.487254649805931139e+00
8.663767019169000827e-01
4.813916924468247815e-01
3.143282151034068050e-01
2.577289208897021178e-01
2.483624837161365062e-01
2.470833667589327209e-01
2.496045096876832736e-01
2.548208632749565661e-01
2.308395348195824426e-01
2.224336778558264616e-01
2.610703428425706907e-01
3.200357810339619080e-01
4.223960205566129056e-01
5.597204710324019672e-01
7.031506205906987717e-01
8.903753326533156986e-01
1.044704947058717970e+00
1.214263138080385662e+00
1.329241916703026938e+00
1.403681566938965730e+00
1.506368761413757751e+00
1.561539760846283320e+00
1.554159850675651988e+00
1.502255602162983372e+00
1.417224881451059515e+00
1.282572901252305275e+00
1.162958340437426630e+00
1.078316943079557833e+00
9.953025433823804446e-01
9.471284757634013118e-01
9.022528141900769683e-01
8.871843329278006340e-01
8.930568601581527766e-01
8.967324806611534083e-01
9.034927887171673166e-01
9.139923764727639899e-01
9.343358694067366299e-01
9.465106963966041231e-01
9.576401035565690334e-01
9.790971509429275965e-01
9.908961545141150573e-01
1.020635905007187594e+00
1.021880930296643619e+00
1.028133629560999296e+00
1.031098828097954945e+00
1.029497907879601160e+00
1.042170572930114947e+00
1.042286798098165157e+00
1.033136559888519823e+00
1.025826423929894426e+00
1.013890671252162923e+00
9.966524296843189967e-01
9.974928703346253034e-01
9.829160229688821415e-01
9.877398224161771934e-01
9.825678170622841323e-01
9.918799704687453200e-01
9.840702903552781544e-01
9.803327822814266179e-01
9.804402603340868216e-01
9.884628803600384872e-01
9.935370189522815254e-01
9.940504826252867243e-01
9.975667381753319241e-01
1.004865863014728689e+00
1.011519007199676023e+00
1.009108469510953565e+00
1.014537034601504795e+00
1.011295152317800872e+00
1.012594111918341255e+00
1.013514630437606590e+00
1.005443915085995732e+00
9.982492197740486795e-01
1.003257175137552748e+00
1.005428821824639884e+00
9.943763950917484662e-01
9.978965196390512382e-01
9.984971454198806606e-01
9.891702194117107938e-01
9.925794530640101865e-01
9.965333112955983008e-01
9.875667137738843859e-01
9.912701875517617722e-01
9.924384269656083557e-01
9.890356620266168575e-01
9.973853259604810173e-01
1.001006745314652724e+00
9.988741934956660851e-01
1.002436305855064047e+00
1.006524933585041914e+00
1.005842403077790381e+00
1.000643136900459584e+00
1.003789311455201005e+00
1.009332148773638860e+00
1.006352936268254394e+00
1.005485919358055424e+00
1.002273873128798343e+00
1.002229524586759624e+00
1.002672165104196766e+00
9.972324726002758100e-01
9.974980386227654261e-01
9.964840362233012838e-01
9.964891277403054026e-01
9.939087155814529950e-01
9.943854531225724269e-01
1.000200810411561170e+00
9.950091224070501950e-01
1.002216818217673611e+00
9.928234412419132404e-01
9.959357252680702821e-01
1.003653040969790577e+00
9.915820656607362560e-01
9.947817188475308603e-01
9.983404223125997845e-01
9.975781403090981936e-01
9.993486293572888535e-01
9.967534538894496920e-01
1.004915501465491356e+00
9.974544241594645033e-01
9.964447638431206400e-01
9.985258023230008106e-01
9.983134552738947010e-01
9.975923593972584325e-01
9.951294720416081763e-01
1.000466509146528349e+00
9.960403621232484239e-01
9.933956052520954705e-01
9.976199697158830704e-01
9.932275913607175877e-01
9.937460261571241515e-01
9.958678313827049600e-01
9.931018895820266090e-01
9.945876117580453313e-01
9.962652094913626577e-01
9.990842651491049775e-01
9.990714739303603320e-01
9.965304966748587123e-01
9.990456638138583978e-01
9.973274568849220811e-01
9.986491143406935889e-01
9.973411108593780439e-01
9.991932890321379990e-01
9.975881197402954870e-01
9.986594471011731589e-01
9.983461728623905795e-01
9.923702659421966832e-01
9.968413585214589423e-01
9.939164281771002418e-01
9.954158224227609431e-01
9.963501233177689542e-01
9.947139757874449151e-01
9.975357426432333030e-01
9.971141142392355716e-01
9.965802695145060675e-01
9.934887772323912625e-01
9.980444031526967130e-01
9.933868209082460377e-01
9.970910078068820903e-01
9.984880367194847173e-01
9.990524659924062689e-01
9.917776690569312104e-01
9.982627261765462112e-01
9.920576427310359158e-01
9.945501739260184104e-01
9.948434032992511389e-01
9.993133883306629661e-01
9.964382361164926261e-01
9.949543376913183579e-01
9.955091185879317850e-01
9.918312303260268248e-01
1.000340636752041545e+00
9.971337440371956795e-01
9.933206406141530387e-01
9.954466075613496168e-01
1.000602935845186447e+00
9.949442020382002205e-01
9.963392824958329230e-01
9.956750805294778406e-01
9.991678450203764772e-01
9.955971364943188018e-01
9.954079672313370653e-01
9.976954896318830368e-01
9.973695210616653206e-01
9.952872860839198088e-01
9.963728733556793671e-01
9.957705474238608412e-01
9.964564898391480297e-01
9.960882872563537882e-01
9.987918098183196092e-01
9.968572383795843983e-01
9.963370806449431960e-01
9.953418470332167090e-01
9.947643975025629581e-01
9.996306176719417236e-01
9.976642846512765450e-01
9.944278378009598907e-01
9.947002198059289313e-01
9.984449544479038208e-01
9.969786503918478537e-01
9.972161314121792408e-01
9.995428818251280711e-01
9.951014705219207723e-01
9.998462880398542030e-01
9.980654061694365087e-01
9.950951487521849659e-01
9.978531602428039049e-01
9.942752593880918033e-01
9.970665665371857278e-01
9.951787284203080786e-01
9.935762475134900518e-01
9.973769885263403800e-01
9.959137863817465464e-01
9.995987202425912210e-01
9.977723723462401662e-01
9.963922141327584692e-01
9.985028066445664763e-01
9.940088214126123756e-01
9.968700596886131970e-01
9.971536189437856246e-01
9.952458101692804870e-01
9.955524156714780082e-01
9.959154878573106551e-01
9.939866874750787895e-01
9.983999754460747278e-01
9.938432142119972834e-01
9.947883765618751317e-01
9.995688766744051934e-01
9.976821034507135089e-01
9.993721571113568514e-01
9.966905992784000912e-01
9.983317091015754263e-01
9.993325170227814747e-01
9.951777272585317080e-01
9.969365982247448965e-01
9.962255774279067388e-01
9.971457203726525886e-01
9.987711703319015477e-01
9.960790954918524731e-01
9.955328389954809509e-01
9.971702264407995564e-01
9.936202202718594778e-01
9.867773896060323402e-01
9.779463754834266664e-01
9.645841155661185606e-01
9.570917359152589787e-01
9.459103053182139620e-01
9.351089880337182247e-01
9.268289364378923256e-01
9.163913969014098049e-01
