0.000000000000000000e+00
0.000000000000000000e+00
0.000000000000000000e+00
0.000000000000000000e+00
0.000000000000000000e+00
0.000000000000000000e+00
0.000000000000000000e+00
0.000000000000000000e+00
0.000000000000000000e+00
0.000000000000000000e+00
0.000000000000000000e+00
0.000000000000000000e+00
0.000000000000000000e+00
0.000000000000000000e+00
0.000000000000000000e+00
0.000000000000000000e+00
0.000000000000000000e+00
0.000000000000000000e+00
0.000000000000000000e+00
0.000000000000000000e+00
3.340018153520542542e-05
3.486012028003581537e-02
1.043941372223561093e+00
3.436614180499117932e+00
3.397958980465852985e+00
1.898887701470924450e+00
8.615392111375431705e-01
3.946789973883115255e-01
2.011777802831506423e-01
1.240699748649518874e-01
1.844361703406941222e-01
6.981387063291102368e-01
1.477288309115441622e+00
1.742332485038381451e+00
1.457740517456883600e+00
1.075901572505884030e+00
8.110878778199636097e-01
6.960389549364197626e-01
6.860429470890259118e-01
7.348382800719831520e-01
8.099487986121985950e-01
9.069232484721769794e-01
9.908484364158601787e-01
1.070662666740702207e+00
1.130510106468059828e+00
1.175517690994012820e+00
1.203435689771014561e+00
1.210043184522909598e+00
1.196019329102694817e+00
1.169750424475879846e+00
1.130920548830789851e+00
1.089581863415701735e+00
1.058369633331683213e+00
1.028282344307320129e+00
1.000709193512640649e+00
9.825955898040960035e-01
9.609571112510307822e-01
9.481535423489831915e-01
9.393977327887370610e-01
9.334336849046167561e-01
9.295062328949498243e-01
9.288755130669835713e-01
9.351629288353119351e-01
9.444482102019484682e-01
9.551047645481476334e-01
9.633875855366452745e-01
9.765265817158905737e-01
9.851295259157749618e-01
9.935616083702737411e-01
9.997852847774173490e-01
1.006574708719263356e+00
1.011644784888056758e+00
1.014332600669496820e+00
1.017577329709619338e+00
1.018466230323058941e+00
1.017455158374349189e+00
1.017975184772317077e+00
1.014139370097029813e+00
1.011323655142860822e+00
1.011268397550209475e+00
1.008296505036491597e+00
1.004037223512540322e+00
1.002430859226745463e+00
1.000696942689363045e+00
9.986529894166613630e-01
9.985765194180359350e-01
9.983561106643128458e-01
9.968031023945845837e-01
9.963755277263223187e-01
9.978839101589619398e-01
9.952279085074872134e-01
9.948197693063890457e-01
9.965210055888493734e-01
9.963047461785081715e-01
9.959620118430753122e-01
9.969566473535204087e-01
9.962108727430269983e-01
9.973830630125050112e-01
9.988316437431352668e-01
9.963729748873445535e-01
9.979892280446133190e-01
9.993731471216892315e-01
9.988961675039296217e-01
1.000606137254375083e+00
9.998700738232982888e-01
1.001476799086659764e+00
1.000100490422659361e+00
1.001920217652001233e+00
1.000157417963774886e+00
9.999922429303457205e-01
1.001431912166855565e+00
9.984784791397499637e-01
1.000436772167712762e+00
1.001514209807728539e+00
9.998355575012316532e-01
1.000350446450887665e+00
1.000531227988739280e+00
9.994934102981913870e-01
1.000277560501878327e+00
1.001021333469986230e+00
9.993471849215488367e-01
9.992189786523208994e-01
9.998720634527852313e-01
9.999444270259542078e-01
1.000628241475236324e+00
1.000647460780489384e+00
9.991463661782032935e-01
9.993396559539510227e-01
9.996630980567453584e-01
9.998100731547978626e-01
9.998683077295943411e-01
9.980721223328040681e-01
9.986981457373069748e-01
1.000045688538084843e+00
1.000359510189194001e+00
9.993323681584821427e-01
1.000607971328241641e+00
9.998239192965608924e-01
9.995272033713473725e-01
1.000739460878912412e+00
9.999798198167443308e-01
1.001311640186551832e+00
1.000876916055531751e+00
1.000286254606044478e+00
1.000261298030111989e+00
1.000385208874476461e+00
1.000010302600458090e+00
9.996850166578193919e-01
1.000242636414545139e+00
9.998946289833110512e-01
9.995178550523374783e-01
1.001141830938985011e+00
9.999316340650701296e-01
9.999176259961035651e-01
9.993854623129745374e-01
9.995302188724279890e-01
9.991332498801832607e-01
9.998510834439949813e-01
9.992635250862160756e-01
1.000826459906140498e+00
1.000818987874864785e+00
1.000054634131637643e+00
1.000612469821772432e+00
9.997790972133097087e-01
9.999043443055062319e-01
9.999211933808077601e-01
9.999801229616381848e-01
1.000054668003218072e+00
1.000340810773625577e+00
1.000404299340813097e+00
1.000393536392638616e+00
9.996451708540822212e-01
1.000269873569894274e+00
1.000041041751587256e+00
1.000924524733082466e+00
1.000689990353809566e+00
1.000067937239510485e+00
1.000292646811614672e+00
9.995018774878586809e-01
9.997818110597065377e-01
9.997449003226019926e-01
9.996011036983355469e-01
1.000033932033504547e+00
9.994627759162673097e-01
1.000668031462127017e+00
1.001018857690090913e+00
1.000176386739834111e+00
9.999101491524070573e-01
1.000028151631999540e+00
1.000731080030001552e+00
1.000319351069342444e+00
9.994374333638957886e-01
9.993015690921875915e-01
1.000861920035380326e+00
9.995317528965309561e-01
1.000490285073358576e+00
1.000312781074608859e+00
1.000150987211617215e+00
9.999340838158130573e-01
1.000630083048384966e+00
1.000243327165029061e+00
1.000499209520094190e+00
1.000844531051601649e+00
1.000097211817600806e+00
1.000510853089410679e+00
1.000109872647461984e+00
1.000302317141958053e+00
1.000231018458815013e+00
1.000638786860432061e+00
9.996295105965327110e-01
9.996885477453454349e-01
1.000874224637599230e+00
1.000172469901903671e+00
1.000767525065837882e+00
9.996763319307208073e-01
9.998308601479451996e-01
1.000411242464423589e+00
1.000227401333974031e+00
1.000591580298663130e+00
1.000062065839617542e+00
9.997978013112379658e-01
9.995069608514611792e-01
1.000220343864040240e+00
1.000328339753864038e+00
9.993742303227957091e-01
1.000452510050333865e+00
1.000169188056732494e+00
1.000551256962848745e+00
1.000105269597051372e+00
1.000215503799104066e+00
9.995507892830478580e-01
1.000068110683003386e+00
1.000346847260984440e+00
1.001586426921621031e+00
9.999692997071728540e-01
1.000448370869600812e+00
1.000000941261575349e+00
1.000204151791617146e+00
1.000620666127345126e+00
9.998729105580976828e-01
9.999362851551207854e-01
1.000213095215527925e+00
1.000543004487157939e+00
1.000564483409479788e+00
9.999317772438945928e-01
9.995962034035382748e-01
1.000512357579611322e+00
9.999954162524105072e-01
9.999647610583777269e-01
1.000122235948081251e+00
9.997861137244066221e-01
9.997581788593056240e-01
9.994192201894256389e-01
1.000307164256741599e+00
1.000161157682225133e+00
1.000189468090380007e+00
9.992094077279594089e-01
1.000571893660386236e+00
1.000081622379785040e+00
1.000328150029192731e+00
1.000267086999400590e+00
1.000623612782347793e+00
1.000277491271096553e+00
9.999131547502481121e-01
1.001199929001608702e+00
9.997448705232843125e-01
9.998316807639380244e-01
1.000471955392318479e+00
1.000161632637641240e+00
1.000240945527077763e+00
9.995595623982369560e-01
9.993192065275419145e-01
9.913480680458949257e-01
9.807656070292816164e-01
9.694781130054441753e-01
9.585336312808654391e-01
9.479883822430446028e-01
9.375860744996330487e-01
9.277124484327156084e-01
9.166805119741617824e-01
