0.000000000000000000e+00
0.000000000000000000e+00
0.000000000000000000e+00
0.000000000000000000e+00
0.000000000000000000e+00
0.000000000000000000e+00
0.000000000000000000e+00
0.000000000000000000e+00
0.000000000000000000e+00
0.000000000000000000e+00
0.000000000000000000e+00
0.000000000000000000e+00
0.000000000000000000e+00
0.000000000000000000e+00
0.000000000000000000e+00
0.000000000000000000e+00
0.000000000000000000e+00
0.000000000000000000e+00
0.000000000000000000e+00
0.000000000000000000e+00
0.000000000000000000e+00
0.000000000000000000e+00
0.000000000000000000e+00
0.000000000000000000e+00
0.000000000000000000e+00
0.000000000000000000e+00
1.965412299119839029e-02
4.293319799019275629e-01
1.470279448025312741e+00
1.868494853334710770e+00
1.432875184888823705e+00
8.134301944399034978e-01
4.610998028008448935e-01
2.957660895553672065e-01
2.357971226699145106e-01
2.227001628448605497e-01
2.417475922990158232e-01
2.313642003982606110e-01
2.203889435795279850e-01
2.118987752398757973e-01
1.911460482201474131e-01
2.526505157568080251e-01
3.154995228646328975e-01
4.074555945876742746e-01
5.652685740500846823e-01
7.146832808796853564e-01
8.949404852920282982e-01
1.083433034698450426e+00
1.233980443513167158e+00
1.307492920887602050e+00
1.436387508500700516e+00
1.543722314630396220e+00
1.559642066837444441e+00
1.589829145970801161e+00
1.533805393914494886e+00
1.429524916961181447e+00
1.292475681499648310e+00
1.152289749337531033e+00
1.049654719128535696e+00
9.741908077520314846e-01
9.359718859424048798e-01
8.571211674065963848e-01
8.586881742249605765e-01
8.514190885391614838e-01
8.817845943182692769e-01
8.997996202420335266e-01
9.066877714934273857e-01
9.447954968787074526e-01
9.630820707230989264e-01
9.567952155703145500e-01
9.715053000200862821e-01
9.869435903912542329e-01
1.000177593285324296e+00
1.027658958277513968e+00
1.022876737842894235e+00
1.031706593882215639e+00
1.032766840020468369e+00
1.026531864506581071e+00
1.028272818089403184e+00
1.023685849431021255e+00
1.003281453010628654e+00
1.000480746961516232e+00
9.778265495522988626e-01
9.730215441704681556e-01
9.772788290729277350e-01
9.695748360805176436e-01
9.735566068616018365e-01
9.717778123073289587e-01
9.722608630573971178e-01
9.658394738072941799e-01
9.705327114942857714e-01
9.921483049619516104e-01
9.909379422837261142e-01
9.951221120153708188e-01
1.002436072088319197e+00
9.930843334463201888e-01
9.950505842758902153e-01
1.007524104474799787e+00
1.023077773007868840e+00
1.004674464477119278e+00
9.880352277149211382e-01
1.011859409472100069e+00
1.003531876463120032e+00
1.010316713222896512e+00
9.974517643318598914e-01
9.971756735341262834e-01
9.984053880691744487e-01
9.968755946447798166e-01
9.929375884027930033e-01
9.878228208302110014e-01
1.001572737012396352e+00
9.828909902593111481e-01
9.712606315334160190e-01
9.921315009775996119e-01
1.008371896212163499e+00
1.006757545554433309e+00
1.002136019975658821e+00
1.001337930267746978e+00
1.000369622613721754e+00
1.001750591814358105e+00
1.006650178142732610e+00
1.019135520697739494e+00
9.991902726811585644e-01
1.006133374485041143e+00
1.000128757751969966e+00
9.948530566129502040e-01
1.005516113541085499e+00
9.956329868898290414e-01
1.004635521330042858e+00
1.006227067906217076e+00
9.943801076561696872e-01
1.000248426717346595e+00
9.863016653305135550e-01
1.001386414668549163e+00
9.965765379738551477e-01
9.940552010972196761e-01
1.001281960297913054e+00
9.842275024744543410e-01
9.866208261659271672e-01
9.939714346308128334e-01
9.932635910219126396e-01
1.000742292125048838e+00
9.907906401367363447e-01
9.951520330586407503e-01
9.980270921001123119e-01
9.913693769853856308e-01
9.897385083804003392e-01
9.895344611690465308e-01
9.794139087855366910e-01
9.885881515833947475e-01
9.943863095595367740e-01
9.973115661317104585e-01
9.853497100093995265e-01
9.953744027283663032e-01
9.846223021881815862e-01
9.813766830655828999e-01
9.703919013887525313e-01
9.796408283495011693e-01
9.971471173475811023e-01
9.971834319142568459e-01
9.911515726335666798e-01
9.852963979727815680e-01
9.967212527285193024e-01
9.938423083838765493e-01
9.892508814727810629e-01
9.909461663953711419e-01
9.929900623924649006e-01
9.957200026863787246e-01
1.001195878614846935e+00
9.997211897059964381e-01
9.946145647416231306e-01
1.002485505256726528e+00
9.973532703823546619e-01
9.965885537445677844e-01
9.960326718078077457e-01
9.917619910693971086e-01
9.953611095254796259e-01
9.969047989729429293e-01
9.958581132229669119e-01
9.992746301428965250e-01
9.974979915852481005e-01
9.956435235130211003e-01
9.960168090914954808e-01
9.974968064455916883e-01
1.000246134368096396e+00
9.962668926595138474e-01
9.993571521521951162e-01
1.004711950383903041e+00
9.925983591837201914e-01
9.963734539154480707e-01
9.981292146286288025e-01
1.000011689726601150e+00
9.994402625135072604e-01
9.963416406342201492e-01
1.000831214027854577e+00
9.945772000462694828e-01
9.985385165568866350e-01
9.974039669831665789e-01
9.926658457868350327e-01
9.883875283086257513e-01
9.980130848172311664e-01
1.000934378347852372e+00
1.000962458466787774e+00
1.001697593634820027e+00
9.901843136444415938e-01
9.903358437199794029e-01
9.931459303140643957e-01
9.929115555717423769e-01
9.976659275272820038e-01
9.913389032255839339e-01
9.882632951327690041e-01
9.943364646548966679e-01
9.863238502802558205e-01
9.981022118969177237e-01
9.904203087869790645e-01
9.950336268985447985e-01
9.919836091555239710e-01
9.973843552557920544e-01
9.972974394686249244e-01
9.948742554436035279e-01
9.985394491993866417e-01
9.981074752232782510e-01
9.953614921594449161e-01
9.923891234132243833e-01
9.923147094784969813e-01
9.902844241280329696e-01
9.983433416772201641e-01
9.945721764903672213e-01
9.952486652814646062e-01
9.978937210287167625e-01
9.897302904083821184e-01
9.955627583130459701e-01
9.925783035369616369e-01
9.946491256418372728e-01
9.987721851819448826e-01
9.948861910295804245e-01
1.001149981691627611e+00
9.890032986522249159e-01
9.988019586205855171e-01
9.937652291260238302e-01
9.916834491690346143e-01
9.980843433530822706e-01
9.964732068886096306e-01
9.942963200540023694e-01
9.954333522689043923e-01
9.950315257410734526e-01
9.943776632859206988e-01
9.936824674250954725e-01
9.914343620437552351e-01
9.980886980654716245e-01
9.996885341217960352e-01
9.976526389625488545e-01
9.979597176947677672e-01
9.961559663307875123e-01
9.986131824893464959e-01
9.991607688486127126e-01
1.000769992629240157e+00
9.936306981624261070e-01
9.981915394311429157e-01
9.978411072934277870e-01
9.971002288263560720e-01
9.974386232927583418e-01
1.003554621965059956e+00
1.004768038593793156e+00
1.001004109988035129e+00
9.939126722857540841e-01
9.959147191952302247e-01
9.984853884266265966e-01
9.953114794926763986e-01
1.001325585282475394e+00
9.916572458321507577e-01
9.996100967405632254e-01
9.919114746019459528e-01
9.974819210391192570e-01
9.982002264971231442e-01
9.967007623297472474e-01
1.000021328414659294e+00
9.955102734602513381e-01
9.961498904935360832e-01
9.954602477741718580e-01
