0.000000000000000000e+00
0.000000000000000000e+00
0.000000000000000000e+00
0.000000000000000000e+00
0.000000000000000000e+00
0.000000000000000000e+00
0.000000000000000000e+00
0.000000000000000000e+00
0.000000000000000000e+00
0.000000000000000000e+00
0.000000000000000000e+00
0.000000000000000000e+00
0.000000000000000000e+00
0.000000000000000000e+00
0.000000000000000000e+00
0.000000000000000000e+00
0.000000000000000000e+00
0.000000000000000000e+00
0.000000000000000000e+00
0.000000000000000000e+00
0.000000000000000000e+00
3.520477624219706114e-02
1.060148762037609549e+00
3.471179853549089867e+00
3.399825975030225766e+00
1.866306156423671592e+00
8.377453298846058161e-01
3.745433420082590059e-01
1.898681108471432510e-01
1.170859869273461751e-01
1.846882690169478758e-01
7.004536953982324343e-01
1.486666767271906053e+00
1.726859388377256499e+00
1.433369218241836718e+00
1.037036701268801764e+00
7.722993671443733055e-01
6.537498305465433424e-01
6.414285042052034758e-01
6.987385116308074684e-01
7.849271023400659075e-01
8.813939877057731520e-01
9.757523694869257858e-01
1.065099747728543989e+00
1.134887129925773230e+00
1.186238580536840059e+00
1.222529047581263795e+00
1.233578083888853261e+00
1.219457710682355867e+00
1.187068565285887667e+00
1.146615107279179258e+00
1.102972082500509377e+00
1.067667105802964089e+00
1.032737377437803916e+00
1.005268698668654759e+00
9.872396352772997430e-01
9.652920928078081442e-01
9.504339825969974065e-01
9.388112833288495551e-01
9.312172308701990309e-01
9.267698534043729008e-01
9.250347666248587286e-01
9.276039258681954003e-01
9.369576225793536661e-01
9.449203070421167139e-01
9.594203874667449616e-01
9.743518152805963339e-01
9.826409741348961502e-01
9.943173079626969058e-01
1.003360761288278669e+00
1.010443761225285897e+00
1.018392566869559479e+00
1.019991201285392002e+00
1.025983146929817069e+00
1.024667488644022351e+00
1.023949497840201506e+00
1.019877795733248549e+00
1.019995071187951741e+00
1.014270281365999393e+00
1.012753139824307702e+00
1.010260148927261126e+00
1.003817418249784987e+00
1.003754044354084884e+00
1.002236939678750938e+00
1.000972185501293854e+00
9.994303707672207437e-01
1.000242160855101758e+00
9.993444266978255275e-01
9.976514169708982083e-01
9.970114767574794756e-01
9.954706186932359424e-01
9.990448726708205385e-01
9.964516243810028762e-01
9.978839012577195300e-01
9.955514055628520431e-01
9.973792390959170806e-01
9.961771994283173948e-01
9.969369564834731356e-01
9.982388539513036285e-01
9.997249542719723880e-01
9.979233382363394966e-01
1.000274259811549937e+00
9.993817971355828389e-01
1.001108037892115776e+00
1.000195825798607885e+00
1.001784215140052225e+00
1.000400992485647844e+00
1.002286917723267834e+00
1.002624801424172984e+00
1.002599888907298453e+00
1.000891445204977526e+00
1.002883428722270542e+00
1.001064231297905449e+00
1.002694123432533724e+00
1.002636143983256067e+00
1.001382216672382253e+00
1.000188574472578029e+00
1.001199726161302372e+00
1.001177873861562651e+00
1.000193369341533467e+00
1.001176880188195284e+00
9.998498960807497005e-01
9.998936000791466272e-01
9.999389101414578596e-01
1.000797155919646020e+00
9.999059271775261326e-01
9.999850748276281065e-01
1.000096042461106727e+00
9.995777700059919058e-01
9.995549045031479896e-01
9.996867914825982027e-01
9.997575291297546851e-01
1.000220184225840914e+00
1.001034943980585901e+00
1.000236830133790278e+00
9.995496070242996245e-01
1.000575171077590753e+00
9.998626002795717449e-01
9.995283242552853720e-01
9.992461175736879753e-01
1.000902347103250767e+00
9.999903540540769908e-01
9.985597698419711454e-01
9.991484582254109847e-01
1.000868401912418770e+00
1.001360070475746156e+00
1.000653887726261626e+00
1.000987057391227619e+00
1.002435060865156213e+00
1.000551851261111347e+00
1.001407568324017339e+00
1.000972815444802100e+00
1.001321000948245166e+00
1.001074713351373768e+00
1.001630486509282214e+00
1.001365391394924753e+00
1.001171732557009753e+00
1.001794158417983471e+00
9.994424897024913879e-01
9.997082724408555832e-01
1.000566822306243386e+00
9.998902276989544147e-01
1.000313436954004764e+00
1.000467347705258803e+00
9.989321496611863749e-01
9.999977393026222572e-01
9.989794541084603408e-01
9.990030568299645974e-01
9.997340367253637616e-01
1.000223939617176150e+00
1.000179025204213090e+00
9.999188972837607103e-01
1.000340679309390080e+00
9.996945818347305890e-01
1.000991671643100434e+00
1.000521556720442184e+00
1.000306480597544345e+00
1.000644164851921092e+00
9.995447834861996839e-01
9.997841185764637650e-01
9.997986304517637590e-01
1.001769295882535937e+00
1.000026381883967419e+00
1.000959572723055135e+00
1.000598552905233696e+00
1.000462722715298014e+00
1.000693701440157346e+00
1.000475468421105241e+00
1.000584290187003456e+00
9.994986331060130569e-01
9.998919366368438366e-01
9.991014002589665433e-01
9.998699011081322308e-01
9.997846973864278342e-01
9.992307021997551830e-01
1.000703357655246206e+00
1.000720956969002540e+00
1.000100992752711582e+00
1.000250243133953942e+00
9.995484510537611111e-01
9.999251115386982303e-01
1.000555338134257122e+00
1.000328179675640028e+00
9.996788797274279714e-01
9.999591768214030063e-01
1.000073243515417820e+00
1.000567287299070740e+00
9.997996189335590644e-01
1.000183540973385687e+00
9.996404451385925150e-01
1.000908801076640042e+00
1.000371045088800592e+00
1.000116619994726674e+00
9.996907939660577558e-01
1.000496216978387976e+00
1.000354731757838511e+00
1.000038247807545133e+00
1.000110947639944348e+00
9.996226395051105440e-01
9.998090572470853532e-01
1.000207044786807442e+00
9.995210060771527738e-01
9.993737850482931062e-01
1.000486632596875536e+00
1.000471540153106575e+00
9.996824674482746032e-01
9.990121148696368136e-01
9.996344751881803825e-01
9.990132903108632778e-01
9.999070694404013082e-01
9.996166203406995354e-01
1.001134834216599545e+00
1.000789075176183651e+00
9.995318752096988835e-01
1.000541140745281332e+00
9.994319756253531306e-01
1.000096894719300966e+00
1.000066701125429836e+00
9.990076349489986907e-01
1.000789175262501551e+00
1.000164558536550619e+00
9.995196051358468115e-01
9.998655218339492778e-01
9.995048857965083133e-01
9.999674461312390017e-01
9.998547961118234850e-01
9.992948030107039470e-01
1.000094730828704037e+00
1.000306836787754117e+00
9.995287937878840623e-01
9.992546529681699541e-01
1.000075146302205287e+00
9.997417502047406535e-01
9.996659647644215996e-01
1.000369568227948980e+00
1.000289620458080897e+00
1.000180969842393131e+00
9.998612538842241992e-01
1.000333415466382769e+00
1.000031263779160406e+00
9.995112605601698119e-01
1.000154799202150224e+00
1.000073770888843416e+00
1.000335154856662356e+00
1.000097359467930103e+00
9.996258731787043272e-01
9.991560449896772500e-01
1.000359902049282379e+00
9.999194264076390892e-01
1.000110182333493025e+00
9.997337113385776908e-01
9.996039857434867448e-01
9.995233337727790213e-01
9.999084697923116272e-01
1.000219295671141095e+00
9.998259589390519064e-01
1.000817565115370567e+00
1.000166794200156639e+00
9.998216287258953061e-01
9.994089227749679560e-01
