0.000000000000000000e+00
0.000000000000000000e+00
0.000000000000000000e+00
0.000000000000000000e+00
0.000000000000000000e+00
0.000000000000000000e+00
0.000000000000000000e+00
0.000000000000000000e+00
0.000000000000000000e+00
0.000000000000000000e+00
0.000000000000000000e+00
0.000000000000000000e+00
0.000000000000000000e+00
0.000000000000000000e+00
0.000000000000000000e+00
0.000000000000000000e+00
0.000000000000000000e+00
0.000000000000000000e+00
0.000000000000000000e+00
0.000000000000000000e+00
0.000000000000000000e+00
3.648471086504483790e-02
1.069012832261475587e+00
3.472944040748116468e+00
3.408350905378976226e+00
1.862069214722251065e+00
8.376448062881304280e-01
3.800159616919393524e-01
1.914592745743676216e-01
1.129934720967634559e-01
1.809321329172047521e-01
7.117001133260915102e-01
1.480670778194796977e+00
1.731839284575003246e+00
1.434632070962360562e+00
1.044471365471267843e+00
7.683730177559322527e-01
6.536190057679773791e-01
6.421424376788683608e-01
6.976888075472580386e-01
7.861291732538711052e-01
8.814044033193921823e-01
9.753998717210661251e-01
1.063513958125914538e+00
1.130068206640479689e+00
1.189623590208160664e+00
1.221481712378794215e+00
1.233125606007510200e+00
1.217749380195820574e+00
1.188545171696207658e+00
1.148436912247199126e+00
1.105399976359507264e+00
1.061928629336291952e+00
1.031662706276874841e+00
1.003733892681936357e+00
9.841343504434648670e-01
9.643665643635159768e-01
9.514261759931500473e-01
9.382110637113516560e-01
9.308997981008296785e-01
9.273650591341572325e-01
9.283055961064868855e-01
9.293705793505456780e-01
9.331740613648067395e-01
9.464745963016285568e-01
9.601272420027830989e-01
9.685665001742943536e-01
9.816695028532030909e-01
9.903295543396654077e-01
1.002399917458956846e+00
1.007131427876402086e+00
1.014053049432412479e+00
1.017647940797733241e+00
1.022255189739990522e+00
1.023347953781478470e+00
1.022649289194227373e+00
1.018027488220616172e+00
1.016909054721873540e+00
1.014122696270089774e+00
1.011809610549855076e+00
1.009062288572292188e+00
1.005868775441978391e+00
1.001225177854425663e+00
1.001329129463554013e+00
9.995201984872881251e-01
9.986118087924692466e-01
9.972570842563257543e-01
9.981183577165581022e-01
9.964463915102709235e-01
9.934885135294955205e-01
9.965037870014975541e-01
9.995415751534085791e-01
9.939964935027784110e-01
9.970826766108989991e-01
9.945328845869348955e-01
9.968231011095501914e-01
9.958704374080957766e-01
9.961166214094413496e-01
9.982425168672105498e-01
9.979248447840939340e-01
9.966130287954595435e-01
9.994697338235540851e-01
9.970704275559026941e-01
9.973692110564985613e-01
9.992114040120841922e-01
9.987012209371027849e-01
1.001828863201331465e+00
1.001811662390034163e+00
1.001139525918139928e+00
1.001779296193604729e+00
9.997369297656815146e-01
1.000646611126740027e+00
1.001781427646904366e+00
1.000674270243530506e+00
1.000890067347754542e+00
9.999829785691343176e-01
1.000797627151567282e+00
1.001339348600903456e+00
1.001202901411645030e+00
1.000930205280166962e+00
1.000802925911983943e+00
9.987999226916490780e-01
1.000183250042177008e+00
9.991763474839155945e-01
9.980907234998348532e-01
9.987443274503424728e-01
9.984006946755028533e-01
9.987501183668745508e-01
9.977424177400495697e-01
9.997795794953540094e-01
9.998439829271261736e-01
9.998855713290523139e-01
1.000494004505334544e+00
9.976888620025996524e-01
9.984110254538317575e-01
9.989595302563397672e-01
1.000438809776950988e+00
9.986992245025893000e-01
9.999348168044738250e-01
9.989798516147803120e-01
9.995184461563868528e-01
9.993037880440361898e-01
9.987289998890488407e-01
9.998566510682216357e-01
9.998433736386111992e-01
9.996426337454177302e-01
9.986645863948298008e-01
1.001064911626160736e+00
9.991834009954444484e-01
1.000963844039610917e+00
9.996154678152681106e-01
9.999438532042668193e-01
1.000180821049294622e+00
1.000701313747695664e+00
1.001413250456901993e+00
1.000627592355227469e+00
1.000433748642390874e+00
1.000121733118208178e+00
1.000028759260922273e+00
9.997468375559530607e-01
9.991987747286291688e-01
9.988503610598928883e-01
9.991158604714583946e-01
1.000224380422113146e+00
9.991210967404948740e-01
9.994908510926244771e-01
9.993250500468210396e-01
9.994359853932198723e-01
9.991370990491471593e-01
9.989732639071008391e-01
9.984427495133528785e-01
9.989478435605599893e-01
9.995978350084921971e-01
9.997214853890529218e-01
9.999530300962805596e-01
1.001358336477763622e+00
9.996224854768610557e-01
1.000824327151269788e+00
1.000201026531059467e+00
9.994989922183624698e-01
1.000364138140777515e+00
9.989094874591057938e-01
1.000545055243952097e+00
9.995892554839647115e-01
1.001492317760244610e+00
9.992495275159960499e-01
1.000808327931197672e+00
1.000700748275684449e+00
1.000636563863124273e+00
1.000466690432320505e+00
1.000365184449025779e+00
1.001190128878091334e+00
9.990785340614126708e-01
1.000183430962343190e+00
9.993851891145655308e-01
9.999262376868632840e-01
1.001489897747862345e+00
9.995030648116738359e-01
9.999798673686194350e-01
9.982306335132238306e-01
1.000159258038001209e+00
1.000877884309708143e+00
9.988632423848134989e-01
9.997140189396939158e-01
9.994211435549176237e-01
1.000068992678954993e+00
9.990920511076540889e-01
1.000130064778286920e+00
1.000413797108087310e+00
1.000070280216495355e+00
9.997492958554485831e-01
9.994257963400482447e-01
1.000220990838283974e+00
1.000204178226630658e+00
9.998589940636500861e-01
1.000529717050323120e+00
1.000120608372032871e+00
1.000571386894257175e+00
9.999601592665746663e-01
9.995888115110252992e-01
1.000645470503841894e+00
1.001331487171152279e+00
9.998684754156248466e-01
9.993798877233118771e-01
9.996496373735114238e-01
1.000127353103762218e+00
1.000093466077389692e+00
1.001101720680760421e+00
9.999840724776819512e-01
9.998715611966106920e-01
9.993279501257734676e-01
1.000693880807675074e+00
9.998162639566836596e-01
1.000520213411900006e+00
1.000439528758244379e+00
1.000578940025046215e+00
1.001063017952360301e+00
9.999368458606121557e-01
9.998313024827359952e-01
9.996632542064690652e-01
9.998951756104236255e-01
9.997357560315227598e-01
9.995189894847651413e-01
1.000716798530672413e+00
1.000425619155506096e+00
1.000777971754243101e+00
1.000467081889394816e+00
9.995424642651303815e-01
9.996939857892501724e-01
1.000556154766786499e+00
9.996719739218328238e-01
1.000018555728400482e+00
1.000712492786727470e+00
1.000640617342190675e+00
9.995784829812844885e-01
1.000178075725098426e+00
1.000084624135269440e+00
9.998382879083652641e-01
1.000394533304171496e+00
1.000076023061963637e+00
1.000006344644385647e+00
9.995005290976084478e-01
1.000135320000989481e+00
1.000581877266879083e+00
9.995491417760272723e-01
1.000123580487335406e+00
9.994399528842924374e-01
1.000415251928020055e+00
9.994854939818176298e-01
1.000041252302982908e+00
1.000191035178523480e+00
1.000560967825122605e+00
1.000328512032706341e+00
1.000305295168073094e+00
9.998600471362497633e-01
1.000251457497699503e+00
9.994556623230227421e-01
1.000033087135430598e+00
1.000377848970975592e+00
1.001045268309314507e+00
